1.117788362479275718e-13 1.457009332166445820e-03
1.507209818281691568e-13 1.481484303661035479e-03
2.032258639335154551e-13 1.490669048037691685e-03
2.740213811985111545e-13 1.403301718101913247e-03
3.694831264502339045e-13 1.316653853687446999e-03
4.982000130728954218e-13 1.277090493253361589e-03
6.717427890901801248e-13 1.251720675452548930e-03
9.058014380071044876e-13 1.202976663338916480e-03
1.221322579651878338e-12 1.123098314263217988e-03
1.646771975634310396e-12 1.040608927162386520e-03
2.220452367818135651e-12 9.586559497922552504e-04
2.994007902536480769e-12 8.559625962207503304e-04
4.037035215085897048e-12 7.585737423320419899e-04
5.443415985764812515e-12 7.420038864001277535e-04
7.339616891962815102e-12 7.852337975976057816e-04
9.896616946718496707e-12 8.236721359769439083e-04
1.334447852572063149e-11 8.474451846730695357e-04
1.799306650696797903e-11 8.564744032372574676e-04
2.426168217378426555e-11 8.475378848465738198e-04
3.271349264570693353e-11 8.226612045822901580e-04
4.410963426988373259e-11 8.021052405095343858e-04
5.947622704905264800e-11 7.898832723073374992e-04
8.019598152015660974e-11 7.663340714351798456e-04
1.081330054413151146e-10 7.461153473390757900e-04
1.458024917012047018e-10 7.429204173101250364e-04
1.965981984874308117e-10 7.311452133965923826e-04
2.650881735054118111e-10 7.148847994441502509e-04
3.574328256391708306e-10 7.101000283877940359e-04
4.819566994285951524e-10 6.934078852300353760e-04
6.498555080251877890e-10 6.717002085878664985e-04
8.762290161187301791e-10 6.689470254654600670e-04
1.181482809623465777e-09 6.576814483186723542e-04
1.593098952123810093e-09 6.339561122744785324e-04
2.148089081825169688e-09 6.200837072196723702e-04
2.896375873516235480e-09 5.888905504100644308e-04
3.905404123063007133e-09 5.521278990792050957e-04
5.265919973307983385e-09 5.668343459068823486e-04
7.100455309539162893e-09 6.088195405898116572e-04
9.573841032136449050e-09 6.071373713155369094e-04
1.290919214948426863e-08 5.118686096109484850e-04
1.740653655932745266e-08 2.529831040206011877e-04
2.347042007460884834e-08 1.666665489853062093e-04
3.164679509942148770e-08 5.180311173333851556e-04
4.267159071901246855e-08 6.906381505807201310e-04
5.753711231649689512e-08 4.459171356399115136e-04
7.758303364020668009e-08 3.522728232905573010e-04
1.046101368878767423e-07 3.879407858962927343e-04
1.410500006160251546e-07 4.129517594894922903e-04
1.901857169844008152e-07 3.857881639331157530e-04
2.564439271072716834e-07 3.636803789770575411e-04
3.457821521509236302e-07 4.173899070928201258e-04
4.662359753602849698e-07 4.721751816238791560e-04
6.286445193526535162e-07 2.623908396625121951e-04
8.476402922557489846e-07 2.180851088830529881e-05
1.142995624379968934e-06 3.402129820504892158e-04
1.541147400157746914e-06 5.563811176415105718e-04
2.078000597515925433e-06 4.249946784114994394e-04
2.801940863078516052e-06 1.612933095966803936e-04
3.778076709901212972e-06 -1.188386328936897295e-04
5.094203186750331204e-06 4.160619702650808580e-04
6.868671462305962712e-06 5.533642425196879083e-04
9.261516909074203900e-06 2.239466851208819428e-04
1.248804643236293201e-05 3.225195398369909254e-04
1.683906576092892467e-05 2.214414437632756475e-04
2.270498004859999148e-05 4.106588629839240650e-04
3.061452698402482672e-05 3.607449466085904232e-04
4.128027282434738074e-05 1.072438539666382105e-04
5.566070833305990998e-05 1.079660786642352033e-04
7.505001122481996410e-05 3.379553893734120115e-04
1.011979343622951364e-04 4.263603531155658443e-04
1.364512123473133427e-04 9.660642770811171502e-05
1.839884194244255030e-04 2.725680894365444841e-04
2.480824938914319303e-04 4.043872566958683131e-04
3.345065135348573642e-04 5.784446936841700082e-06
4.510316927553056606e-04 1.956744799152412926e-04
6.081590079738460192e-04 4.068910842458799571e-04
8.200352664181602023e-04 1.188384140728756134e-04
1.105676580541625287e-03 -6.596132691879987974e-04
1.490917319736121717e-03 -3.340561326693786311e-03
2.010248396016988803e-03 -2.287991822275785292e-04
2.710579908970150304e-03 2.225373711749451151e-03
3.654868532220752197e-03 -3.846874367934816855e-04
4.928081182712106684e-03 -8.364207225889993148e-04
6.644880161529074548e-03 -1.737152556884774025e-05
8.959644577531752571e-03 2.187409288603957540e-04
1.208104137435661411e-02 3.158243668400278949e-04
1.629003930050650778e-02 4.983188250555008973e-04
2.196474728449183261e-02 6.642839826872244495e-04
2.961668829951688911e-02 7.165263951993466537e-04
3.993383615209084719e-02 6.123020031716778794e-04
5.384578547621003686e-02 4.962803879600401636e-04
7.260306238665512057e-02 5.939646812142714005e-04
9.789639786457016157e-02 8.480570581571535062e-04
1.319999787824104598e-01 8.833904955720853864e-04
1.779878614695287742e-01 2.808520147097471470e-04
2.399915776325753369e-01 -1.381015269432287439e-03
3.235936135656548585e-01 -2.911431540328879210e-03
4.363254072756819202e-01 -4.324598873444913429e-04
5.883313446495203047e-01 6.180808057889720236e-03
6.064867213306781579e-01 5.932735604237203419e-03
6.252015762637783691e-01 5.332719546605800207e-03
6.445066500121139352e-01 5.136948973432545196e-03
6.643650538997333266e-01 5.132693725912393368e-03
6.848997501798099741e-01 5.034145096802536759e-03
7.060492577257577729e-01 4.854642537851949768e-03
7.278135765375759458e-01 4.612350494068703788e-03
7.503156688684384790e-01 4.443550459171734593e-03
7.734325724651719414e-01 4.222192328298303085e-03
7.973487307075366459e-01 4.071080473237870256e-03
8.219411813423594948e-01 3.904931148944797842e-03
8.473328866228135858e-01 3.769916594818211938e-03
8.734623654223125921e-01 3.638421720786374353e-03
9.003910988674432847e-01 3.460805349257800589e-03
9.281805680847931006e-01 3.335545849366225446e-03
9.568307730743612627e-01 3.240315259272336795e-03
9.864031949627356521e-01 3.205606326716251009e-03
1.016836352623328832e+00 3.089582474984226002e-03
1.048191727182727684e+00 2.976088852623645295e-03
1.080592280894105972e+00 2.984112745090500285e-03
1.113915051504290377e+00 2.899635942806498903e-03
1.148283001266455328e+00 2.832897732387925499e-03
1.183757611307187485e+00 2.831013074740585528e-03
1.220277400499899079e+00 2.797367044583847287e-03
1.257965331097764539e+00 2.787231456548400904e-03
1.296759921974196983e+00 2.760154040142697232e-03
1.336784135382371064e+00 2.733264612371577931e-03
1.378037971322285893e+00 2.734966271076621352e-03
1.420582910920528796e+00 2.732457977570497409e-03
1.464418954177100662e+00 2.688238292648546801e-03
1.509607582218587263e+00 2.664701220552805408e-03
1.556210276171576146e+00 2.633852009859875831e-03
1.604227036036067311e+00 2.574733790928266514e-03
1.653780824065234301e+00 2.522565047614210368e-03
1.704810159132491121e+00 2.423261548247004557e-03
1.757438003491011758e+00 2.339799552288933382e-03
1.811664357140796433e+00 2.214504534264574373e-03
1.867550701208430253e+00 2.059141336686534998e-03
1.925219997947089423e+00 1.935092015995780457e-03
1.984610766230185952e+00 1.776812691824055518e-03
2.045907449437481596e+00 1.624159233697587343e-03
2.109048566442389028e+00 1.477370115580222895e-03
2.174157079498081124e+00 1.328332011393977552e-03
2.241232988604560106e+00 1.179954129018161157e-03
2.310399256014998848e+00 1.032905018334287842e-03
2.381717362855984454e+00 9.232703761740210929e-04
2.455248790254104474e+00 8.199811643886684848e-04
2.530993538209358018e+00 6.982622438779940294e-04
2.609136050101506843e+00 6.256137004538430552e-04
2.689676325930550949e+00 5.568611079334873093e-04
2.772675846823077439e+00 4.583185086116502854e-04
2.858257575032259634e+00 4.058114355912877114e-04
2.946482991684686858e+00 3.589057481959943841e-04
3.037413577906943107e+00 3.091840411051927084e-04
3.131172295952203921e+00 2.741783866040681250e-04
3.227820626947056848e+00 2.296450547581343343e-04
3.327420052018088548e+00 1.998542986870067290e-04
3.430093533418474117e+00 1.703770353825417166e-04
3.535964033401384654e+00 1.413280802791266888e-04
3.645093033093409929e+00 1.272753121366494711e-04
3.757603494747725037e+00 1.062236583104416571e-04
3.873618380617499302e+00 8.804131192095311642e-05
3.993137690702735387e+00 7.679722468528771273e-05
4.116407349509784375e+00 5.798104157258426872e-05
4.243427357038645376e+00 4.135733794782131545e-05
4.374443637795661921e+00 4.117689083559493424e-05
4.509456191780840228e+00 2.856527253108920306e-05
4.648587981247347400e+00 8.884463819478286006e-06
4.792084930701538958e+00 6.743124438580994084e-06
4.940008521269994901e+00 6.729605058451715305e-06
5.092481715205894766e+00 -4.768123808951418852e-06
5.249627474762412760e+00 -1.697830489339434423e-05
5.411691724445892859e+00 -1.802367295588268303e-05
5.578674464256336840e+00 -2.350632692651229844e-05
5.750883099826683775e+00 -2.927337799677170310e-05
5.928379112283517216e+00 -3.513940446912573040e-05
6.111346945006599363e+00 -3.464705214857154852e-05
6.299971041375687086e+00 -3.576938895508141592e-05
6.494251401390788381e+00 -4.762033138216732048e-05
6.694679874064592084e+00 -5.155659340204746255e-05
6.901256459397100862e+00 -5.550852201288963145e-05
7.114595968654185754e+00 -4.907423780708269900e-05
7.334083590569980160e+00 -5.948513779818059843e-05
7.560334136410346240e+00 -6.488557272294869643e-05
7.793962417441160362e+00 -3.534508890721752006e-05
8.034353622396553263e+00 -5.551270524828660208e-05
8.282122562542392430e+00 -8.814809181958895706e-05
8.537884049144546239e+00 -6.957532671351702308e-05
8.801638082203018243e+00 -5.195247142372825394e-05
9.073384661717810218e+00 -6.334934882556465807e-05
9.353123787688915058e+00 -7.331834877813761531e-05
9.642085082648083727e+00 -6.442275200789493450e-05
9.939653735329438078e+00 -6.324539150522577591e-05
1.024644455699884737e+01 -6.494172778157697445e-05
1.056245754765631695e+01 -6.822012248161937742e-05
1.088830751856771961e+01 -7.375098037530961048e-05
1.122460928099891930e+01 -6.743410433332226034e-05
1.157074802368404676e+01 -6.799850324090781634e-05
1.192795336915484405e+01 -6.927428699913737442e-05
1.229622531741131652e+01 -6.524048855683006124e-05
