6.182502910141623079e-13 -6.346851149920698441e-06
7.035607918546075500e-13 -6.390717977406042138e-06
8.006430324894802084e-13 -6.440044227187802228e-06
9.111213599384622019e-13 -6.437448021456501634e-06
1.036844259988010898e-12 -6.391250966313391513e-06
1.179915285426625135e-12 -6.292026144435330925e-06
1.342728251974402245e-12 -6.131443377889456148e-06
1.528007290793209500e-12 -5.893984267924846920e-06
1.738852427722444856e-12 -5.567739830748472118e-06
1.978791451856651638e-12 -5.145370291586258416e-06
2.251838941312367621e-12 -4.605034622331451166e-06
2.562563433783291214e-12 -3.919160180280295558e-06
2.916163865758592573e-12 -3.091956615936843067e-06
3.318556559359404415e-12 -2.082450029337185038e-06
3.776474212227621269e-12 -8.341284412254415526e-07
4.297578546732146574e-12 6.293651970742247803e-07
4.890588503300810120e-12 2.345038892267829744e-06
5.565426122765124623e-12 4.425318945937110893e-06
6.333382558571661599e-12 6.857470684179002574e-06
7.207306996519914442e-12 9.651754951990089426e-06
8.201821642967321364e-12 1.291484418426257913e-05
9.333566378611158453e-12 1.672466844170744649e-05
1.062147717131083756e-11 2.113603367643983322e-05
1.208710290625954885e-11 2.618381067295751791e-05
1.375496593459962243e-11 3.195586922261073326e-05
1.565297237305848417e-11 3.856344544693902227e-05
1.781287901959930685e-11 4.608343868316763098e-05
2.027082469735954835e-11 5.460250736242806130e-05
2.306793491714430152e-11 6.420985732924489042e-05
2.625100997548069415e-11 7.501679944763549324e-05
2.987330800125624756e-11 8.709919414249568670e-05
3.399543605261157654e-11 1.005358402333973028e-04
3.868636417361622695e-11 1.154445170711611984e-04
4.402457937758035584e-11 1.318549890822187307e-04
5.009939886505763449e-11 1.497952189281484894e-04
5.701246444885592332e-11 1.693150263794677979e-04
6.487944319026762706e-11 1.903907549978744659e-04
7.383196270098500804e-11 2.129337933814727177e-04
8.401981349151502364e-11 2.368765535450999618e-04
9.561345521503780513e-11 2.621061422500990841e-04
1.088068687403273705e-10 2.883665092476149668e-04
1.238208017736485422e-10 3.154242572507627053e-04
1.409064623342734511e-10 3.430631233348807249e-04
1.603497218815896141e-10 3.708994424987564417e-04
1.824758984190965859e-10 3.985603124011939495e-04
2.076551996045558957e-10 4.257256503795076898e-04
2.363089169385630190e-10 4.520164886811497626e-04
2.689164746705987418e-10 4.770734295267628489e-04
3.060234513624544681e-10 5.005906212734376193e-04
3.482507083231055694e-10 5.220482592418460889e-04
3.963047776488950945e-10 5.413540317815005755e-04
4.509896836781821871e-10 5.587584079736647447e-04
5.132203956530170250e-10 5.737297213720756080e-04
5.840381366731941078e-10 5.860972717216948909e-04
6.646278050869026155e-10 5.962328156839560682e-04
7.563377998067452949e-10 6.040151427185239119e-04
8.607025812615694974e-10 6.094760913638282498e-04
9.794683454662919472e-10 6.131152140975461295e-04
1.114622240779504067e-09 6.149787918835682328e-04
1.268425616193717929e-09 6.151503912506985777e-04
1.443451857457320445e-09 6.139664372641416394e-04
1.642629444089358365e-09 6.116348434993023123e-04
1.869290947702490708e-09 6.083837087898081968e-04
2.127228791457352127e-09 6.041822182735489578e-04
2.420758703596582361e-09 5.992402064355717775e-04
2.754791926741417797e-09 5.937163954384092231e-04
3.134917391132253013e-09 5.876603747825767665e-04
3.567495226707893938e-09 5.812538247255936985e-04
4.059763178635754745e-09 5.744714355794080553e-04
4.619957706801496650e-09 5.673644194019457875e-04
5.257451795453510570e-09 5.600425428734143694e-04
5.982911778786320942e-09 5.525224808574490803e-04
6.808475806415341464e-09 5.449088366159060906e-04
7.747956934766361892e-09 5.372068911152867374e-04
8.817074242436151440e-09 5.293918875927854442e-04
1.003371583646718816e-08 5.216734652326894539e-04
1.141823815006869144e-08 5.139573692915645579e-04
1.299380653953109873e-08 5.061664013771213777e-04
1.478678287908583235e-08 4.985129299474267903e-04
1.682716663881599873e-08 4.909974124273743315e-04
1.914909682558263107e-08 4.837892628705552783e-04
2.179142318527249483e-08 4.765414984798013037e-04
2.479835622352821532e-08 4.699913848820289237e-04
2.822020692088672275e-08 4.613817936756996717e-04
3.211422851898852053e-08 4.620184427118175299e-04
3.654557446233671326e-08 4.288119901836497799e-04
4.158838852356345868e-08 4.710533078910337720e-04
4.732704535180746038e-08 2.270126331980946120e-04
5.385756220063588450e-08 1.219931008801766227e-03
6.128920545606374400e-08 1.873713953598657445e-03
6.974631884454744498e-08 -5.518017689471882425e-04
7.937040390991050060e-08 -3.640022332608312122e-04
9.032248756903141301e-08 6.188318808162214177e-04
1.027858163594294436e-07 3.703141036118279446e-04
1.169689224579855546e-07 3.452803559061941654e-04
1.331091127703738321e-07 6.789435151077147235e-04
1.514764394694693645e-07 -6.853448131441523296e-04
1.723782184164232147e-07 -1.559490098672088911e-03
1.961641710650917229e-07 6.231354615640585966e-04
2.232322758824181341e-07 1.661057015655914137e-03
2.540354271887318034e-07 3.429931979776618123e-05
2.890890128314288725e-07 4.832993701606108986e-04
3.289795374790822979e-07 3.255652775716682233e-04
3.743744358180058470e-07 4.869015019122774519e-04
4.260332398423487036e-07 -3.240924347602076525e-05
4.848202870849937262e-07 -2.848500036420151954e-04
5.517191824190876200e-07 7.954682476688287179e-04
6.278492554001218451e-07 6.492758999836851716e-04
7.144842885072178009e-07 -4.775710632269440648e-05
8.130738296381969017e-07 5.500402533279487999e-04
9.252674454518045376e-07 2.789308250831807473e-04
1.052942321355817795e-06 1.197684600342934728e-03
1.198234669934601013e-06 2.281142030094069056e-03
1.363575473331272284e-06 -2.260989725978580344e-03
1.551731157613796020e-06 2.474131164129420198e-03
1.765849879674737431e-06 5.870381256196420018e-03
2.009514201121280869e-06 -6.785586543521714316e-03
2.286801030477115865e-06 -3.751839422202977309e-03
2.602349836628800831e-06 2.036337720087890400e-03
2.961440274840611923e-06 1.404341587115101250e-03
3.370080524150148667e-06 8.539162181478579874e-04
3.835107814175792053e-06 1.720541403873315778e-04
4.364302823316417258e-06 3.637473879193977612e-04
4.966519862415179190e-06 2.901036661894758686e-04
5.651835022075906036e-06 3.255899584170725281e-04
6.431714762382931474e-06 3.752312175568494473e-04
7.319207765809937408e-06 4.513786586648679822e-04
8.329163263335460679e-06 5.050413105800017309e-04
9.478479486723561257e-06 3.486085578321817396e-04
1.078638640398816864e-05 5.588389345404683184e-04
1.227476746867533167e-05 -6.124258322316440510e-04
1.396852576636243930e-05 -1.312911983791333059e-03
1.589600068461317168e-05 6.963797283740086851e-04
1.808944207796846955e-05 1.393531109191785758e-03
2.058554986153985901e-05 4.698287892177747255e-05
2.342608806150281130e-05 4.139320174527181921e-04
2.665858359657311374e-05 3.118730819514940397e-04
3.033712148224049408e-05 3.391137114641812333e-04
3.452324976284668393e-05 3.254804613139097684e-04
3.928700931252199761e-05 3.339507137417492555e-04
4.470810573526146119e-05 2.789150597788028069e-04
5.087724297197230894e-05 4.205427914487007250e-04
5.789764092795230408e-05 -3.664101133525883396e-04
6.588676251322748490e-05 -2.861217307243823366e-05
7.497827899199645610e-05 3.719043274462464910e-04
8.532430652474433288e-05 -1.207363865769251789e-03
9.709795132408447231e-05 3.159157136945023141e-04
1.104962060090129564e-04 1.119841082669514355e-03
1.257432456183838322e-04 1.370275114314814351e-03
1.430941784313888819e-04 2.133270050362045742e-03
1.628393143524882848e-04 -4.352001944989566939e-03
1.853090222779584331e-04 -2.191652165929646422e-03
2.108792577158643535e-04 2.075602480532591325e-03
2.399778531457043339e-04 -1.073337020952475594e-03
2.730916763658960077e-04 -1.523372164346871449e-03
3.107747766001308178e-04 5.300039987824077189e-04
3.536576546604772555e-04 1.588162844563882105e-03
4.024578122724560016e-04 -8.051925039379622534e-05
4.579917570697855916e-04 4.852608818911056596e-04
5.211886641223115180e-04 -6.355784095891489800e-04
5.931059225771381869e-04 -9.974672357313061483e-04
6.749468275340754974e-04 7.469069324798297688e-04
7.680807131698577823e-04 1.025354896000920182e-03
8.740658639716817821e-04 -6.383092697571663560e-05
9.946755874230745788e-04 1.309919510142777514e-04
1.131927884381364168e-03 -1.110490374014944451e-04
1.288119213581447563e-03 4.968223628501410548e-04
1.465862915201989781e-03 -6.550767684966839199e-04
1.668132936384161087e-03 -7.593246608555393254e-03
1.898313590303362178e-03 -3.355073247070711195e-03
2.160256181345814389e-03 7.170525574362379348e-04
2.458343443823235962e-03 -3.351265310057058126e-04
2.797562872392146335e-03 -3.536038474795267367e-04
3.183590171117580640e-03 8.860574706210746533e-04
3.622884217422430581e-03 7.731168746081804911e-04
4.122795129826941143e-03 1.185839780812724537e-04
4.691687247631105666e-03 3.737227097500594487e-04
5.339079080193907118e-03 3.291676949112708889e-04
6.075802567393455075e-03 3.634712558858686771e-04
6.914184315959636361e-03 3.902033477577561763e-04
7.868251844063946926e-03 2.361990966749578404e-04
8.953968284981047090e-03 1.996393523781767043e-04
1.018949947680333236e-02 5.103221198924264013e-04
1.159551790706338931e-02 4.821545236776401434e-04
1.319554859776188825e-02 3.154642469977262005e-04
1.501636271803164814e-02 3.502422923688107599e-04
1.708842551023134412e-02 3.236877391795760749e-04
1.944640602401503243e-02 3.013365873358645440e-04
2.212975718707560144e-02 2.982568129134589852e-04
2.518337591810768106e-02 3.201925477414801699e-04
2.865835432677567990e-02 3.097863555330433727e-04
3.261283456950991172e-02 2.713777709477710638e-04
3.711298166428543543e-02 2.586533585192079925e-04
4.223409054119166284e-02 2.572771957065345116e-04
4.806184585158467665e-02 2.648413384354923392e-04
5.469375561452066714e-02 3.335128511600849062e-04
6.224078268775635331e-02 4.368994185671025605e-04
7.082920136053012794e-02 4.937861891706760500e-04
8.060271013200792645e-02 5.470435624104520722e-04
9.172483602567997607e-02 6.479166278414000800e-04
1.043816706678799416e-01 7.697552415956549453e-04
1.187849839095640320e-01 9.244612869949912597e-04
1.351757670874034478e-01 1.004616813898349600e-03
1.538282652088377722e-01 1.364229724166822651e-03
1.750545655262318034e-01 1.012654144227667554e-03
1.992098192745990481e-01 -1.579443830414036833e-03
2.266981839412345046e-01 7.345632583676230121e-04
2.579795854912796949e-01 3.850955207043207755e-03
2.935774136924920730e-01 2.144019341551465108e-03
3.340872792947641723e-01 1.206700752109552376e-03
3.801869795865419066e-01 1.480310904921131824e-03
4.326478390684524444e-01 1.455715205201749476e-03
4.923476149924090883e-01 1.580398657674468056e-03
5.602851836973132826e-01 1.697737937432339164e-03
6.375972534681046966e-01 1.880132943715122178e-03
7.255773835520369364e-01 2.116689036363387719e-03
8.256976275519005704e-01 2.357227182463566325e-03
9.396331633260470717e-01 2.546162020164606347e-03
1.069290321494374307e+00 2.628100690428111785e-03
1.216838481513658587e+00 2.600377901117229083e-03
1.384746368996523369e+00 2.416724436684622793e-03
1.575823361588471139e+00 2.266311877895893587e-03
1.793266494518768628e+00 1.504499599912920843e-03
2.040713952306188350e+00 -6.487340798177728199e-05
2.322305941624529524e+00 1.595411350403326718e-04
2.642753963832082054e+00 8.063676427609738941e-04
3.007419646209292363e+00 6.602354538784225950e-04
3.422404450882252203e+00 6.012090847665797246e-04
3.894651762411051266e+00 5.181331140846107304e-04
4.432063062137865828e+00 4.460686535533121486e-04
5.043630133084475275e+00 3.768852394347831786e-04
5.739585507406401277e+00 3.146420304463264095e-04
6.531573673639534228e+00 2.548222235177911160e-04
7.432845908320451223e+00 2.215649429581211134e-04
