3.728473966537522420e-13 3.520620119005916145e-04
4.348727415981261512e-13 3.533307053397495047e-04
5.072163654147610773e-13 3.543182747641304524e-04
5.915947741380970236e-13 3.540473347869951305e-04
6.900100246199993855e-13 3.541203876053253090e-04
8.047972275782064320e-13 3.541021542590328669e-04
9.386799530546848699e-13 3.540974180158964688e-04
1.094834852896063392e-12 3.541330657842807657e-04
1.276967033561559517e-12 3.539881226801858474e-04
1.489397967638342497e-12 3.545438265155054745e-04
1.737168029951550230e-12 3.524055359559147109e-04
2.026156091155969564e-12 3.606182091562717788e-04
2.363219006421023361e-12 3.290611612349683690e-04
2.756354308874231630e-12 4.503031795758502716e-04
3.214889968050637400e-12 -1.965381032440890671e-04
3.749705715769900833e-12 -1.647790653604320511e-03
4.373491190867377609e-12 -7.363310325090030931e-04
5.101047027811153782e-12 2.151994251581891560e-04
5.949636033171160104e-12 -5.617880513109378346e-05
6.939392782347603009e-12 2.593151820021134465e-05
8.093801355111002064e-12 6.854060048819797524e-06
9.440252545242833149e-12 1.785169794505042998e-05
1.101069376525886096e-11 2.121563500092011126e-05
1.284238706658360539e-11 2.796590411885098784e-05
1.497879326081469432e-11 3.509620565127604189e-05
1.747060311972949966e-11 4.365478360162863836e-05
2.037694012144333529e-11 5.353735178942331530e-05
2.376676328042623603e-11 6.497367245208909153e-05
2.772050334649610209e-11 7.810696334543693747e-05
3.233197119508296086e-11 9.308628540586564443e-05
3.771058368937619220e-11 1.100477434273381891e-04
4.398395982765588976e-11 1.291280359513365811e-04
5.130094877491497077e-11 1.503801755265345846e-04
5.983516162525358720e-11 1.738591476317242861e-04
6.978909069359954203e-11 1.995262548550830010e-04
8.139891407569647848e-11 2.272210990208098878e-04
9.494009947474892224e-11 2.567801143236714788e-04
1.107339402573977347e-10 2.878926169990322567e-04
1.291551788208345264e-10 3.201507003425664404e-04
1.506408981516145784e-10 3.531130825147389164e-04
1.757008925472871946e-10 3.861825075403254107e-04
2.049297635682127571e-10 4.187304487899444136e-04
2.390210282217015337e-10 4.501706702586950708e-04
2.787835741251066224e-10 4.798880757922461063e-04
3.251608520815195207e-10 5.073107771992879655e-04
3.792532614526708656e-10 5.320051745506212439e-04
4.423442594695505778e-10 5.534913564274445558e-04
5.159308139795223818e-10 5.716011256918980023e-04
6.017589221860301631e-10 5.865119316786531270e-04
7.018650381383553864e-10 5.980572229088145994e-04
8.186243919266166865e-10 6.063305649937613881e-04
9.548073470574047673e-10 6.116403351808063875e-04
1.113645133208437342e-09 6.142725803058779119e-04
1.298906514011433452e-09 6.146723848227961598e-04
1.514987208968986303e-09 6.131154164895624703e-04
1.767014191230255110e-09 6.098890780620461541e-04
2.060967335911699018e-09 6.053699670499537028e-04
2.403821305327312060e-09 5.997597809096698838e-04
2.803711037656654927e-09 5.931603410174123535e-04
3.270124765620797709e-09 5.859095768568130941e-04
3.814129144943687361e-09 5.781700606313278958e-04
4.448631834249619155e-09 5.698379595183017399e-04
5.188687756662555923e-09 5.611398585713659078e-04
6.051856309813352204e-09 5.522866409322572771e-04
7.058617999820665956e-09 5.431085287090592177e-04
8.232860384771581933e-09 5.338016413833066888e-04
9.602444857741748042e-09 5.245602244955288075e-04
1.119986771748587375e-08 5.151351428553368333e-04
1.306303121210330599e-08 5.063718835032209216e-04
1.523614285032741624e-08 4.960426467926692604e-04
1.777076431850657480e-08 4.901787708000765117e-04
2.072703489105987540e-08 4.758416540558991353e-04
2.417509836241607745e-08 4.598235423535238994e-04
2.819676735742723032e-08 4.677393449046426087e-04
3.288746450955167898e-08 4.614941765841546438e-04
3.835848656537986890e-08 4.448473015277922687e-04
4.473964513619124949e-08 4.435051443797718811e-04
5.218234675397484523e-08 4.236516824499361213e-04
6.086318531278052441e-08 4.000080399679142688e-04
7.098813213370281649e-08 4.250609208006610878e-04
8.279742307167563289e-08 4.392834905161918484e-04
9.657125862106286855e-08 4.131218114948207940e-04
1.126364522671547627e-07 4.046910044975550978e-04
1.313741848298122924e-07 4.023804414704157048e-04
1.532290487875247970e-07 3.965498904372989283e-04
1.787195971776763265e-07 3.918054964073091999e-04
2.084506473680569466e-07 3.905401685737105305e-04
2.431276316327173226e-07 3.764386296855977074e-04
2.835733350300571413e-07 3.734977244313950583e-04
3.307474177248078078e-07 3.931026087723482783e-04
3.857691849624460541e-07 3.724530843464378405e-04
4.499441449620353137e-07 3.701311341636056781e-04
5.247949848698432832e-07 3.837228380495763189e-04
6.120976997439874183e-07 3.590198521550547715e-04
7.139237318070073164e-07 -1.561155590195889391e-04
8.326891198095057952e-07 -4.253606446452413287e-05
9.712118246778859983e-07 8.179253396781360416e-04
1.132778591618854269e-06 6.153409499412452674e-04
1.321222935125990884e-06 2.011492351607626836e-04
1.541016097248322949e-06 2.974018505494573431e-04
1.797373137298752972e-06 2.261440075681173112e-04
2.096376670205905477e-06 2.865960208538044333e-04
2.445121189464574482e-06 3.655021559051310071e-04
2.851881399052909632e-06 3.988620638196715973e-04
3.326308548348440885e-06 3.617483624467816329e-04
3.879659428505793962e-06 3.261549486173924775e-04
4.525063463720892176e-06 3.161486317212196424e-04
5.277834234688929998e-06 2.746348357517691685e-04
6.155832825811750170e-06 4.678908609886851810e-04
7.179891617337843374e-06 -2.514837183072876105e-04
8.374308577803207148e-06 -7.633703416640245237e-05
9.767423784910944710e-06 1.594361540439240537e-03
1.139229185403043353e-05 1.133724846531720606e-03
1.328746622910972850e-05 -3.076369539602649694e-04
1.549791394496869744e-05 -5.885686327994281257e-04
1.807608256564874317e-05 -7.389493348164332884e-04
2.108314461419654473e-05 7.003506869007135836e-04
2.459044902062116781e-05 9.639524860229346966e-04
2.868121402670638714e-05 2.046503661962432649e-05
3.345250171543828267e-05 4.875903676447570709e-04
3.901752101495424590e-05 2.267101967946532487e-04
4.550831382066190616e-05 -5.098583965838432083e-04
5.307888796948592757e-05 5.352614496159646684e-05
6.190887140270448800e-05 1.112945263351220989e-03
7.220777422013702467e-05 7.363464962077325912e-04
8.421995975197983609e-05 -6.925443251361369963e-04
9.823044259750997906e-05 -9.388559285919764741e-05
1.145716512014342456e-04 1.917616789976259780e-03
1.336313154243682331e-04 8.036774458153310863e-04
1.558616662567874290e-04 -2.222578310835749728e-03
1.817901659591999747e-04 -1.632380113651375753e-04
2.120320232238914976e-04 1.296369965020404205e-03
2.473047903070111882e-04 4.101138748162673139e-04
2.884453884789588206e-04 4.709968049990522279e-05
3.364299657580012534e-04 -1.513290736095645843e-03
3.923970580940178273e-04 1.793739959924690874e-04
4.576746035506157177e-04 1.320281193609990859e-03
5.338114504544156595e-04 -1.071387622195291416e-03
6.226141071092489458e-04 -3.134596393053858468e-04
7.261896050402382027e-04 9.543153943988719190e-04
8.469954927891824165e-04 2.014662863952967724e-04
9.878981464702205756e-04 4.538229879477327297e-05
1.152240780627400082e-03 3.608849625270468993e-04
1.343922773096180604e-03 2.456493587280313487e-04
1.567492186019566478e-03 -9.898088032841501419e-04
1.828253678276308769e-03 -1.018010699754242493e-02
2.132394369772725590e-03 -4.746429280150767094e-03
2.487130643995458246e-03 1.403936697145199801e-03
2.900879372027479874e-03 -1.845526726623803772e-04
3.383457620680557602e-03 3.455805357533698989e-04
3.946315583243389935e-03 1.231409869043341779e-04
4.602808259622026034e-03 2.369979009506657103e-04
5.368512332060537684e-03 2.605597651461092831e-04
6.261595754990826809e-03 2.648221783829469295e-04
7.303248828315657415e-03 1.844339240718658075e-04
8.518186982253076259e-03 1.947022058125446806e-04
9.935237203380331214e-03 2.925950874002503262e-04
1.158802201607980059e-02 2.356387489990145398e-04
1.351575724829825152e-02 2.389676538096735872e-04
1.576418251030599696e-02 1.414908602182722401e-04
1.838664646403943143e-02 3.340372461978864324e-05
2.144537263334502647e-02 1.169037867363139152e-04
2.501293578916117047e-02 2.780905636663852029e-05
2.917398394000822112e-02 -1.167464114370329181e-04
3.402724678566799305e-02 -1.743480272575499007e-04
3.968787828887901381e-02 -1.283754768763140618e-04
4.629018894753188229e-02 7.134609692121662156e-05
5.399083259632558862e-02 1.246270247873318936e-04
6.297252335151411196e-02 8.389480602590763253e-05
7.344837089115116568e-02 3.156254787560100299e-04
8.566693693455772196e-02 7.549772984024615864e-04
9.991813289671813703e-02 1.183450654205827485e-03
1.165400986519787574e-01 1.619846255156815254e-03
1.359272256203165608e-01 1.945857450092420421e-03
1.585395145409263240e-01 2.284982527756632305e-03
1.849134899661770692e-01 2.222533484343437379e-03
2.156749304454611549e-01 1.241818987809769747e-03
2.515537164495819655e-01 2.376658206527515384e-03
2.934011483341996684e-01 3.527233790576290041e-03
3.422101452477656069e-01 5.266531037944380787e-04
3.991388042459371177e-01 -2.743690634759441208e-04
4.655378786024366722e-01 -3.335912567209659355e-04
5.429828272976351400e-01 1.268129740826995019e-03
6.333111961269981549e-01 3.346965933309835155e-03
7.386662173755194072e-01 2.497572400928225068e-03
8.615476625529947530e-01 1.842308587893240566e-03
1.004871154779212850e+00 1.969401729335133050e-03
1.172037348131269141e+00 1.856995086721384370e-03
1.367012615379930240e+00 1.792392508706435990e-03
1.594423158602773505e+00 1.693800143671562357e-03
1.859664775648244062e+00 1.585945565533306879e-03
2.169030886892957533e+00 1.463036452579676017e-03
2.529861859998755236e+00 1.331342287050970782e-03
2.950719175716484788e+00 1.193485458462949884e-03
3.441588567189694192e+00 1.053390004341642899e-03
4.014116952669584570e+00 9.138125360298014494e-04
4.681888783372780694e+00 7.758900731191786804e-04
5.460748363421227936e+00 6.427111216019106357e-04
6.369175789589275105e+00 5.049141388227677048e-04
7.428725430826293774e+00 4.187666481158169233e-04
