3.728473966537522420e-13 3.524730570817750279e-04
4.178058183159994498e-13 3.531644007824128947e-04
4.681853846516430520e-13 3.536748275661596996e-04
5.246397843019572365e-13 3.534957870958265608e-04
5.879015285306301295e-13 3.535031459679979088e-04
6.587914557576269962e-13 3.534580838200516648e-04
7.382293821619846210e-13 3.534257119801259908e-04
8.272460365481175366e-13 3.533879311197691067e-04
9.269964343337605730e-13 3.533507053751919549e-04
1.038774864190627527e-12 3.533081612186479009e-04
1.164031681793655168e-12 3.532777547669268409e-04
1.304392128582274142e-12 3.531939624143616563e-04
1.461677419712183529e-12 3.533058504173345812e-04
1.637928374819783416e-12 3.526640795638892600e-04
1.835431898214617356e-12 3.548860559080936963e-04
2.056750652087793029e-12 3.461862562348962113e-04
2.304756307754303124e-12 3.790983054421156323e-04
2.582666806373020815e-12 2.534261031055008717e-04
2.894088112612786926e-12 7.320801546269991092e-04
3.243061003029330372e-12 -1.092257546814595030e-03
3.634113496245407159e-12 -2.198585475577295723e-02
4.072319605229969714e-12 -2.819734372554534053e-03
4.563365174002913555e-12 -2.489738505371914476e-04
5.113621653015324474e-12 8.208201326883918410e-04
5.730228770460106055e-12 5.814335395451096684e-04
6.421187172196545975e-12 7.046390568291342402e-04
7.195462232316964433e-12 7.238432905069527509e-04
8.063100381325415872e-12 7.660033501733325145e-04
9.035359461319137956e-12 7.948714533868991503e-04
1.012485479956658559e-11 8.186764754538910539e-04
1.134572289582591042e-11 8.340062842751854062e-04
1.271380484729317563e-11 8.410988610166088980e-04
1.424685189116711451e-11 8.396925716406102372e-04
1.596475573180316662e-11 8.301880997520104041e-04
1.788980664101397084e-11 8.132489334587655015e-04
2.004698268043698890e-11 7.896658144092437610e-04
2.246427379871140218e-11 7.603287652139510168e-04
2.517304500871008139e-11 7.260482703799822635e-04
2.820844335715353874e-11 6.875505837585010535e-04
3.160985396714703012e-11 6.455042380009434755e-04
3.542141107091514306e-11 6.004756626204485817e-04
3.969257066352662923e-11 5.530129811331940815e-04
4.447875220794700337e-11 5.037217510880211482e-04
4.984205771771404178e-11 4.533123464277449832e-04
5.585207754753737209e-11 4.026618095509665318e-04
6.258679334716678932e-11 3.528544093396512524e-04
7.013358989460980899e-11 3.050275887808307634e-04
7.859038893750926591e-11 2.602227564997994930e-04
8.806691975457580158e-11 2.193151456317951262e-04
9.868614292297140363e-11 1.829225151602741073e-04
1.105858457653972923e-10 1.513670161392994401e-04
1.239204301782629276e-10 1.246907236112614059e-04
1.388629160384906549e-10 1.026910272209401523e-04
1.556071861836968942e-10 8.496657605192199647e-05
1.743705020950031475e-10 7.099114049890359324e-05
1.953963229241212447e-10 6.019892292445042786e-05
2.189574644423834252e-10 5.204769265554267527e-05
2.453596388999374329e-10 4.606452309789677013e-05
2.749454217257301458e-10 4.184823784416334680e-05
3.080986965373233665e-10 3.909024652428826768e-05
3.452496361357489140e-10 3.753784465158980371e-05
3.868802841151471038e-10 3.711628423999548815e-05
4.335308095101557810e-10 3.757147649895587610e-05
4.858065156367385990e-10 3.844634043364755782e-05
5.443856940681361361e-10 4.057962266487170899e-05
6.100284256534101553e-10 4.423400689851971629e-05
6.835864427741579890e-10 4.589406107413304681e-05
7.660141808049386910e-10 5.989262473725821129e-05
8.583811621731127447e-10 3.304854222475114151e-05
9.618858737045826377e-10 1.310469823363989705e-04
1.077871317317936976e-09 -6.322427489476728502e-05
1.207842435841325844e-09 2.116939731065308958e-04
1.353485640056951036e-09 1.324234026409611131e-03
1.516690690341870681e-09 5.001368523686734562e-04
1.699575216825271342e-09 -1.104262408174915694e-03
1.904512196218195949e-09 -2.094240599957632870e-04
2.134160741834797843e-09 3.348127855049426449e-04
2.391500606314314275e-09 6.472195358990431163e-05
2.679870844725946493e-09 1.747729447950001694e-04
3.003013139720783408e-09 1.431986619723699117e-04
3.365120350886897433e-09 1.842340434322492504e-04
3.770890918248211743e-09 2.011636056761184968e-04
4.225589825807889552e-09 2.181504697106335239e-04
4.735116916154709074e-09 2.174025386711738589e-04
5.306083442532807973e-09 2.274962113769860017e-04
5.945897851659534050e-09 2.716291817203564385e-04
6.662861910346005839e-09 2.746488168525488757e-04
7.466278423190332619e-09 2.694578719922083310e-04
8.366571939009763836e-09 2.941736173117685468e-04
9.375424012210141139e-09 3.066589807521188579e-04
1.050592477414716389e-08 3.129534974867570138e-04
1.177274278115766408e-08 3.302906636561487100e-04
1.319231534308703362e-08 3.486222365194678943e-04
1.478306180187643004e-08 3.588802599348650882e-04
1.656562252755860209e-08 3.230363559595583398e-04
1.856312673269909933e-08 3.884908569858789781e-04
2.080149258025104995e-08 3.876480517059979758e-04
2.330976347880185965e-08 7.142321653216127109e-05
2.612048492873694503e-08 2.742764445777716789e-04
2.927012680900219744e-08 6.557701682445831598e-04
3.279955658374873008e-08 4.420880055984142964e-04
3.675456956885032599e-08 3.442819154088868142e-04
4.118648313864068599e-08 4.030195123691342196e-04
4.615280258287031674e-08 3.878307778254538180e-04
5.171796725355745295e-08 3.870096470218794410e-04
5.795418668318874747e-08 3.039008746181341702e-04
6.494237752313992733e-08 2.995109087521059116e-04
7.277321345933818944e-08 4.288924603471824110e-04
8.154830172811799515e-08 4.689347674247520623e-04
9.138150149788234703e-08 3.958014645638920082e-04
1.024004012229247276e-07 3.755421170320589336e-04
1.147479741384971408e-07 3.845294363097224999e-04
1.285844333776052142e-07 3.793524087113394130e-04
1.440893107801948217e-07 3.785768765667526028e-04
1.614637863678424410e-07 3.760143053708336902e-04
1.809332987095076906e-07 3.764796774285003242e-04
2.027504700485837948e-07 3.750958625068885957e-04
2.271983841455356498e-07 3.700725280278236579e-04
2.545942593670577537e-07 3.699663007974392584e-04
2.852935646810795459e-07 3.700674566147780717e-04
3.196946319637567243e-07 3.671926135203973721e-04
3.582438244644384469e-07 3.621217340582941549e-04
4.014413284907983387e-07 3.682147774007266464e-04
4.498476434628795716e-07 3.594044912025662689e-04
5.040908545462405730e-07 3.221235807262046516e-04
5.648747822286399053e-07 5.203594496875109388e-04
6.329881145831840833e-07 -1.672876538790545389e-04
7.093146407116461525e-07 -7.214317098255089433e-04
7.948447181495589175e-07 6.640471719220400471e-04
8.906881230259007960e-07 1.124471662627747094e-03
9.980884497116763918e-07 2.488145430055805837e-04
1.118439246796695069e-06 3.466230264494172056e-04
1.253302098763415674e-06 3.582140435290162572e-04
1.404426887972315123e-06 3.357436127263456818e-04
1.573774499863753382e-06 3.425361833408859316e-04
1.763542265982484353e-06 3.222521981685842751e-04
1.976192474954869814e-06 3.139352551939887659e-04
2.214484321356814659e-06 3.024809812708110709e-04
2.481509707017351933e-06 2.978958631517569441e-04
2.780733359289875746e-06 3.054078935422798249e-04
3.116037786836489463e-06 3.169243971014321440e-04
3.491773656238788659e-06 3.267828441605499096e-04
3.912816243085908402e-06 3.356463515814299761e-04
4.384628690007486091e-06 3.374654549183411789e-04
4.913332892442367536e-06 3.081688297243007080e-04
5.505788931904900177e-06 3.006327527044286296e-04
6.169684087417467775e-06 2.537603690379360705e-04
6.913632580056567604e-06 3.206919584827312361e-04
7.747287344825339763e-06 3.899978573093359352e-04
8.681465280123372956e-06 -6.340612038945037110e-04
9.728287599959444497e-06 -4.249955331220413648e-04
1.090133711001603546e-05 1.071035589307271513e-03
1.221583444826497776e-05 9.295732832536708970e-04
1.368883557690454776e-05 2.511191081905651823e-04
1.533945308813038243e-05 3.921399299716358394e-04
1.718910419524222131e-05 3.378902895403053386e-04
1.926178862683988483e-05 3.412047152980338116e-04
2.158440002986047914e-05 3.383418500798622205e-04
2.418707492199674182e-05 3.375153333503499650e-04
2.710358372125042754e-05 3.261629506750548038e-04
3.037176892633452850e-05 3.575321343070479371e-04
3.403403613343654750e-05 2.627083278162007859e-04
3.813790426041758656e-05 4.686758848636823210e-04
4.273662211775740728e-05 2.685017694326894203e-04
4.788985932642312470e-05 -1.427782734609368831e-03
5.366448054750772419e-05 2.856708223952092451e-05
6.013541306948229137e-05 1.995816937461320894e-03
6.738661901023831240e-05 4.525913081976796343e-04
7.551218474851507511e-05 5.586996149566821057e-04
8.461754172037517520e-05 -4.047739041989325062e-04
9.482083442090138297e-05 -9.126532451499518028e-04
1.062544533613059240e-04 1.736791492086215208e-03
1.190667528719962332e-04 2.101320067491442393e-03
1.334239760405537992e-04 -1.191821373381305935e-03
1.495124117612279526e-04 -1.719890159113051254e-03
1.675408118842496746e-04 -3.814496931198712443e-04
1.877430998281349160e-04 1.752544147811352544e-03
2.103814057999715511e-04 1.278360820664651773e-03
2.357494680064908701e-04 -1.120181226640483765e-04
2.641764439875758977e-04 6.497326474048754560e-04
2.960311815252922871e-04 3.408168480130719519e-04
3.317270045446668657e-04 -2.417038173378138928e-03
3.717270761045677707e-04 -2.899170482812069363e-04
4.165504080649700129e-04 2.763971130266651248e-03
4.667785954076791020e-04 -3.664925514224128857e-04
5.230633625901565109e-04 -1.706465040829518477e-03
5.861350198484716056e-04 9.004465232574430759e-04
6.568119391721918224e-04 1.438961384221928031e-03
7.360111729046035691e-04 -3.736268425456740205e-04
8.247603527474719771e-04 -3.729819599231597171e-05
9.242110235632266515e-04 3.688571515688271463e-04
1.035653584984241697e-03 2.231791528166252384e-04
1.160534034700722505e-03 -1.680050195271660593e-04
1.300472730675890885e-03 -3.279529485405033654e-04
1.457285415733404954e-03 -5.517611258935928645e-04
1.633006777316698202e-03 -1.762410778850663495e-03
1.829916848114614353e-03 -3.800245869359865185e-03
2.050570590108656208e-03 -2.181775286410444353e-03
2.297831045902903619e-03 -2.157929532780244672e-04
2.574906487484272203e-03 -3.720188834361107255e-04
2.885392044428297491e-03 -2.555136683187126181e-04
3.233316351687894920e-03 7.326954195185832880e-05
3.623193822232801189e-03 5.115300545620055789e-05
4.060083222791654838e-03 1.272193154420704977e-04
4.549653312732738868e-03 2.007353264876924129e-04
5.098256397766007426e-03 2.209794691788022000e-04
5.713010752845687837e-03 2.214537848107839962e-04
6.401892983733043115e-03 2.060197111000989373e-04
7.173841525636177191e-03 1.860836724825350175e-04
8.038872621849501438e-03 1.796352401793321896e-04
9.008210287247865253e-03 2.379227266783474903e-04
1.009443194294678409e-02 2.531283728212747539e-04
1.131163161177884541e-02 2.051848096577078145e-04
1.267560279209156010e-02 2.924158318137652993e-04
1.420404338270459671e-02 1.847717514047962639e-04
1.591678531798359705e-02 9.435658885244019994e-05
1.783605189260820817e-02 9.874895368359309922e-05
1.998674611489414249e-02 9.812622473745827301e-06
2.239677383013155901e-02 1.321920079518394339e-04
2.509740580655415304e-02 6.881136670639723812e-05
2.812368348210246560e-02 -1.255594243030613497e-04
3.151487363665808616e-02 -1.326635337565466519e-04
3.531497788924334996e-02 -1.962241154377089222e-04
3.957330363105342197e-02 -1.804989129298214395e-04
4.434510380233155219e-02 3.774645693136249869e-05
4.969229381436945925e-02 1.570200625723907478e-04
5.568425491888892576e-02 1.026279590821202459e-04
6.239873444874405317e-02 8.116128623590190133e-05
6.992285461081251818e-02 1.772487179789467709e-04
7.835424292043821626e-02 4.560674257446514432e-04
8.780229894512452116e-02 8.101397838454656164e-04
9.838961379381933048e-02 1.140956433231205078e-03
1.102535607700564774e-01 1.473587098545699539e-03
1.235480778281102532e-01 1.759674140522806199e-03
1.384456649600230849e-01 2.046735325921051479e-03
1.551396224301431481e-01 2.157374898518289383e-03
1.738465588988808153e-01 2.377297690824423711e-03
1.948092019792745377e-01 2.222148293668911416e-03
2.182995476941014534e-01 8.281468194425143682e-04
2.446223896986097213e-01 1.724526136765380368e-03
2.741192740614889489e-01 3.958332968219313054e-03
3.071729309184531020e-01 3.027973276760602059e-03
3.442122405003422148e-01 3.813764505796943260e-05
3.857177979713304894e-01 -3.451144138217178761e-04
4.322281492825190141e-01 -6.530471081729431748e-05
4.843467789528294598e-01 -4.909296721379947590e-04
5.427499404455563559e-01 8.219061010726006616e-04
6.081954307418730998e-01 3.215324079457103530e-03
6.815324229637528264e-01 3.579375055227270331e-03
7.637124846272945744e-01 1.932590788424544924e-03
8.558019244912994372e-01 1.866491588695649156e-03
9.589956282048106573e-01 1.999587745131384264e-03
1.074632562274974390e+00 1.883528065940266467e-03
1.204213147523380822e+00 1.861057071704807185e-03
1.349418727456275446e+00 1.792131067899341290e-03
1.512133384156024052e+00 1.727110036966690576e-03
1.694468384761052882e+00 1.652725787034307371e-03
1.898789575733931256e+00 1.566961280743834825e-03
2.127748080365785111e+00 1.483772614761577971e-03
2.384314697825522966e+00 1.363278776249440046e-03
2.671818450090897024e+00 1.342400707930933596e-03
2.993989776918493106e+00 1.070878648955599262e-03
3.355008939319020556e+00 2.302241183303856478e-04
3.759560259586355091e+00 1.707780331389133904e-04
4.212892901659406775e+00 6.998695744888003799e-04
4.720888980458847861e+00 7.771612768191489377e-04
5.290139883935641052e+00 5.732659731881493102e-04
5.928031798131065067e+00 4.432405739750533771e-04
6.642841544959170008e+00 3.572240760383034279e-04
7.443843976232961346e+00 3.068309946311183678e-04
