3.728473966537522420e-13 3.520660542043273331e-04
4.348739871639793569e-13 3.533348673170019251e-04
5.072192709649492765e-13 3.543227287279063741e-04
5.915998575035633814e-13 3.540518424487056059e-04
6.900179299820402032e-13 3.541258075339241175e-04
8.048087531762720390e-13 3.541052791768647436e-04
9.386960846162359269e-13 3.541106255050803855e-04
1.094856803925522328e-12 3.541088685449448464e-04
1.276996293845280859e-12 3.541090422312094359e-04
1.489436361584232992e-12 3.541086706376913272e-04
1.737217786693180711e-12 3.541084314951500542e-04
2.026219928720637979e-12 3.541081379960808219e-04
2.363300232701223528e-12 3.541078404664024099e-04
2.756456942663752117e-12 3.541075241468706440e-04
3.215018884026707312e-12 3.541071922156359755e-04
3.749866818039136851e-12 3.541068425463008221e-04
4.373691620566556118e-12 3.541064745131296092e-04
5.101295411290687653e-12 3.541060870446348201e-04
5.949942778518169162e-12 3.541056790616996242e-04
6.939770433463919496e-12 3.541052497777578967e-04
8.094265014288870921e-12 3.541047978570521781e-04
9.440820377229411259e-12 3.541043221488532171e-04
1.101138759822792934e-11 3.541038214355395237e-04
1.284323310830645539e-11 3.541032943688033480e-04
1.497982295172731707e-11 3.541027394541101589e-04
1.747185414862300084e-11 3.541021553724885487e-04
2.037845763427748875e-11 3.541015406066006128e-04
2.376860131841100102e-11 3.541008935012560435e-04
2.772272655626791685e-11 3.541002123115320581e-04
3.233465686171001271e-11 3.540994952837407499e-04
3.771382415226889555e-11 3.540987404225402931e-04
4.398786535052313862e-11 3.540979458694164771e-04
5.130565095397118440e-11 3.540971095794282625e-04
5.984081743533390883e-11 3.540962292542231687e-04
6.979588729010787129e-11 3.540953025775342260e-04
8.140707449188310380e-11 3.540943270722747560e-04
9.494988937931746020e-11 3.540933003022567888e-04
1.107456759675533401e-10 3.540922194814563086e-04
1.291692368014696451e-10 3.540910817262164605e-04
1.506577262733263163e-10 3.540898841484520741e-04
1.757210234255258934e-10 3.540886235385526208e-04
2.049538303644326182e-10 3.540872965647691613e-04
2.390497833564897719e-10 3.540858997356818687e-04
2.788179114348530509e-10 3.540844295294165445e-04
3.252018330464788557e-10 3.540828815441713490e-04
3.793021462378307204e-10 3.540812535749128173e-04
4.424025436537541512e-10 3.540795340893415286e-04
5.160002720063430572e-10 3.540777466777686108e-04
6.018416587563911421e-10 3.540757784924269090e-04
7.019635489847023014e-10 3.540740399068276374e-04
8.187416356677424301e-10 3.540709297757326998e-04
9.549468301387589671e-10 3.540725739198074921e-04
1.113811010293031477e-09 3.540554093993358679e-04
1.299103706611319764e-09 3.541099390080197987e-04
1.515221545607859693e-09 3.538884111766679198e-04
1.767292573017958618e-09 3.547268930601732081e-04
2.061297932106329390e-09 3.514920380337824106e-04
2.404213784280200790e-09 3.639066819611466198e-04
2.804176839500559218e-09 3.161935181115360823e-04
3.270677424198163505e-09 4.994971582266282024e-04
3.814784667811775015e-09 9.424550596353518071e-04
4.449409151175887265e-09 9.252645673493552908e-04
5.189609248881643540e-09 5.964716030813568826e-04
6.052948434504007643e-09 5.545636000558536345e-04
7.059912026837041270e-09 5.173801841775078902e-04
8.234393265694957966e-09 6.127266266317669442e-04
9.604260250888754861e-09 9.211151684532670886e-05
1.120201719671160519e-08 -1.191385491329938207e-04
1.306557569218414054e-08 8.916093721699435391e-04
1.523915426752841250e-08 8.522573563713156317e-04
1.777432761179065172e-08 3.230960867894633499e-04
2.073125033745724370e-08 5.369232653471655951e-04
2.418008432955996841e-08 4.510568715512430944e-04
2.820266354741940058e-08 4.663781521283250596e-04
3.289443578145733695e-08 4.521433323072102974e-04
3.836672743909812549e-08 4.456827445527681598e-04
4.474938509861317005e-08 4.394710565882005773e-04
5.219385650972450697e-08 4.304114344335242121e-04
6.087678414696508058e-08 4.052332091235514439e-04
7.100419658366740305e-08 4.031312075123256143e-04
8.281639713952309771e-08 4.311459552559168684e-04
9.659366579959001017e-08 4.253175758176740671e-04
1.126629096999218087e-07 3.992060459661406560e-04
1.314054199825856570e-07 3.937862168231233938e-04
1.532659190748011236e-07 3.966097568895931257e-04
1.787631130660848590e-07 3.880687915454863676e-04
2.085019995703146084e-07 3.769614583573731997e-04
2.431882231137270989e-07 3.726810901588709611e-04
2.836448186736316161e-07 3.625290987073650877e-04
3.308317406586478076e-07 3.570277209304639765e-04
3.858686407142378649e-07 3.506228914272346321e-04
4.500614348255118073e-07 3.112519612142616333e-04
5.249332901017071628e-07 3.225718852750926111e-04
6.122607664969943887e-07 4.160017636148012100e-04
7.141159710386367603e-07 4.071912309311317459e-04
8.329157247983735216e-07 3.278983652741881451e-04
9.714789092412967911e-07 3.398408270122430831e-04
1.133093352666767634e-06 3.627383414729970501e-04
1.321593843823438403e-06 3.448387791013581699e-04
1.541453123806008470e-06 3.387754519586965232e-04
1.797888015290085081e-06 3.433439151690129143e-04
2.096983207340478195e-06 3.340940137937582939e-04
2.445835632959835316e-06 3.296083689661635091e-04
2.852722865169224961e-06 3.336036884064763793e-04
3.327299527323941372e-06 3.254625431160004106e-04
3.880826378090291959e-06 3.570014857523125251e-04
4.526437506813350554e-06 2.944879478132271695e-04
5.279451979289305369e-06 5.040324162875722998e-04
6.157737328675488682e-06 -8.940231494973960996e-05
7.182133516454076840e-06 -5.630704780114322364e-04
8.376947423197207880e-06 6.851833831683531821e-04
9.770529602414834710e-06 8.574257413954192164e-04
1.139594698270514983e-05 1.421221700358692337e-04
1.329176748008932485e-05 4.206270396410745176e-04
1.550297513781713477e-05 3.091255264900285953e-04
1.808203750808912052e-05 3.372561143765487844e-04
2.109015060253646351e-05 3.245918499791573125e-04
2.459869095165246477e-05 3.454441207801015046e-04
2.869090922765319088e-05 2.867656925248525911e-04
3.346390561706419689e-05 -2.989501038788765046e-04
3.903093381468923428e-05 -1.278357447128224134e-04
4.552408830814476599e-05 1.124561114919846259e-03
5.309743871687196397e-05 1.053274818325210423e-04
6.193068555724519386e-05 -1.237364644753905125e-03
7.223342417779718698e-05 6.979400943020689502e-04
8.425011803924987118e-05 2.538455294311361965e-03
9.826589934537939975e-05 -4.194258888573889135e-05
1.146133346621268769e-04 -2.144604090144783606e-03
1.336803160596155258e-04 -4.130231517347330607e-04
1.559192650181555014e-04 1.600749171891288365e-03
1.818578674885856891e-04 -3.010195210988875908e-04
2.121115948285478702e-04 -1.546230644054067890e-03
2.473983077115655027e-04 3.458924428425842051e-05
2.885552895305872403e-04 1.378908223057875426e-03
3.365591134647382570e-04 4.450000225229532036e-04
3.925488146151748996e-04 -2.342975814474028765e-05
4.578529170386693597e-04 -1.337244619912241785e-03
5.340209569765819219e-04 1.721567537140704547e-04
6.228602502626406174e-04 1.126519627328075208e-03
7.264787763268443005e-04 3.611456303649531602e-05
8.473351963475030937e-04 -3.364011375560664249e-05
9.882971923824538946e-04 5.339548489434638168e-05
1.152709511750851139e-03 3.892181111970864638e-04
1.344473331223110680e-03 -2.731186792797659149e-03
1.568138824173140496e-03 -1.419527839624475964e-02
1.829013127126906434e-03 -9.414422063555459921e-03
2.133286267538509438e-03 9.622629705326813179e-04
2.488178040808899406e-03 -6.665885956816082827e-04
2.902109321646328868e-03 1.242165503601478163e-03
3.384901874645784240e-03 5.701450310379315399e-04
3.948011405194361972e-03 2.146390643312538413e-04
4.604799380536196869e-03 4.124038465578719684e-04
5.370850070769396349e-03 3.772905350311332902e-04
6.264340332525999110e-03 3.955554217518870118e-04
7.306470909565042880e-03 2.781934105081508395e-04
8.521969484182500415e-03 3.091523933351357674e-04
9.939677415845806635e-03 4.813454390747351139e-04
1.159323408919156646e-02 4.310023316767951779e-04
1.352187510960147984e-02 3.398679993521650303e-04
1.577136328594656856e-02 3.327619918106526978e-04
1.839507449086579330e-02 3.226520718861403646e-04
2.145526416387995641e-02 3.413442370233279836e-04
2.502454450893648250e-02 3.146973137338566692e-04
2.918760743733924551e-02 2.721081204064028022e-04
3.404323413806770865e-02 2.521065532001690382e-04
3.970663895858357606e-02 2.518769596238316227e-04
4.631220321174797649e-02 3.139953185821876130e-04
5.401666377663992546e-02 3.945973686360019356e-04
6.300283215242100110e-02 4.269264933133305046e-04
7.348393221098395434e-02 4.806705235130491992e-04
8.570865957461538953e-02 5.936011949604514532e-04
9.996708266762129036e-02 7.283748398149397611e-04
1.165975254621157836e-01 9.023230146520044501e-04
1.359945952318169227e-01 1.059522653223592646e-03
1.586185457964536250e-01 1.232706475646432910e-03
1.850061984279154914e-01 2.475448345251205981e-05
2.157836795494974258e-01 2.665098916800369422e-04
2.516812774684548115e-01 2.832052986999378328e-03
2.935507706625390401e-01 4.449229441259914750e-03
3.423856387862271866e-01 1.000583049528185140e-03
3.993446359635569598e-01 -3.149624503062365376e-04
4.657792857148318477e-01 -3.169876826237040014e-04
5.432659499170464645e-01 1.228380308489881046e-03
6.336432327305462353e-01 2.912217981289031733e-03
7.390556070125962052e-01 2.608350415989939709e-03
8.620042983857243435e-01 1.920981186312922979e-03
1.005406634338413374e+00 1.745150997203852045e-03
1.172665266594026923e+00 1.894057532486532504e-03
1.367748909256924161e+00 1.957401725748872997e-03
1.595286508491045252e+00 1.791161891513739449e-03
1.860677078189866496e+00 1.589098169348387686e-03
2.170217807819322609e+00 1.389934750294154935e-03
2.531253482177590275e+00 1.254163855670873112e-03
2.952350758504869610e+00 1.164894498530959438e-03
3.443501436191900300e+00 1.055199135214177466e-03
4.016359542272225802e+00 8.723036314127255442e-04
4.684517858264720225e+00 6.336115586174381840e-04
5.463830449797333344e+00 4.095951820908677859e-04
6.372788851997487569e+00 2.296629234715410420e-04
7.432960836778892855e+00 1.386055122339310852e-04
