3.728473966537522420e-13 3.516928792315748820e-04
4.395284296223974410e-13 3.531367389962652113e-04
5.181348781837820507e-13 3.542656396114791072e-04
6.107995157927787295e-13 3.539553829999576851e-04
7.200365468552053775e-13 3.540398934928656351e-04
8.488098228667615778e-13 3.540160750437797502e-04
1.000613258510031287e-12 3.540219381783847423e-04
1.179565629583003766e-12 3.540196210366319644e-04
1.390522324844438695e-12 3.540195081357579848e-04
1.639207083860460209e-12 3.540187483354242243e-04
1.932367295202494852e-12 3.540181213250817062e-04
2.277957068593320202e-12 3.540174108044580326e-04
2.685353048169086006e-12 3.540166735098732725e-04
3.165608822366460500e-12 3.540158909851667812e-04
3.731754833159394871e-12 3.540150653074487438e-04
4.399151921872039729e-12 3.540141928712616480e-04
5.185908104077208961e-12 3.540132713024113364e-04
6.113369881640506356e-12 3.540122977518014163e-04
7.206701422334556680e-12 3.540112693268477120e-04
8.495567321495281778e-12 3.540101829156349841e-04
1.001493747061302086e-11 3.540090353064237645e-04
1.180603587079056439e-11 3.540078230109340758e-04
1.391745913455622360e-11 3.540065423582737687e-04
1.640649502355544212e-11 3.540051894666633968e-04
1.934067679707502565e-11 3.540037603387436588e-04
2.279961554444495954e-11 3.540022506833802665e-04
2.687716021670510701e-11 3.540006559159571131e-04
3.168394396415365911e-11 3.539989712565481776e-04
3.735038586776289624e-11 3.539971915998614028e-04
4.403022950833126822e-11 3.539953116563788332e-04
5.190471438287251838e-11 3.539933257619195389e-04
6.118749334835524156e-11 3.539912278990677875e-04
7.213042951432661933e-11 3.539890117970237275e-04
8.503042986743076702e-11 3.539866707831123595e-04
1.002375010397525485e-10 3.539841978205410938e-04
1.181642457924681819e-10 3.539815854585763241e-04
1.392970578762276671e-10 3.539788258592334487e-04
1.642093190105229995e-10 3.539759107118677604e-04
1.935769560464010770e-10 3.539728312850027800e-04
2.281967804140822980e-10 3.539695782610002665e-04
2.690081074467923114e-10 3.539661419400814794e-04
3.171182421627132434e-10 3.539625117360842635e-04
3.738325229928618246e-10 3.539586778604254802e-04
4.406897386101918505e-10 3.539546242948216417e-04
5.195038787998283786e-10 3.539503561852041721e-04
6.124133521674585575e-10 3.539457940244365199e-04
7.219390060752419496e-10 3.539411808518794569e-04
8.510525230194395328e-10 3.539355140670759001e-04
1.003257049200458385e-09 3.539325841074671998e-04
1.182682242923580896e-09 3.539177203266451535e-04
1.394196321711839058e-09 3.539473381113781604e-04
1.643538148226372899e-09 3.538041090477067260e-04
1.937472938788644241e-09 3.543248380569307548e-04
2.283975819234393262e-09 3.522870467258885224e-04
2.692448208390960240e-09 3.600998278356941015e-04
3.173972900158660732e-09 3.299778558950501074e-04
3.741614765159051835e-09 -4.217732364701545084e-05
4.410775230675821855e-09 -3.361074313959623409e-04
5.199610156743737227e-09 3.951923783616657221e-05
6.129522446322975486e-09 3.129776888554703686e-04
7.225742755204136883e-09 2.628695032952316560e-04
8.518014057637783026e-09 3.016781521668139739e-04
1.004139864152479106e-08 3.152485660216442290e-04
1.183722942880161570e-08 3.341610364191098352e-04
1.395423143252580351e-08 3.458461660305368890e-04
1.644984377836847084e-08 3.568403702927016447e-04
1.939177815999187242e-08 3.680696128951473425e-04
2.285985601278682391e-08 3.765860965407393131e-04
2.694817425270924907e-08 3.822498507134891067e-04
3.176765834168744011e-08 3.860202995913360538e-04
3.744907195012414886e-08 3.885412063306704911e-04
4.414656487554848828e-08 3.896603651889658793e-04
5.204185548060197506e-08 3.897704164294497377e-04
6.134916112949759056e-08 3.890674148406478294e-04
7.232101039702447207e-08 3.877480403286235125e-04
8.525509474866636418e-08 3.860122969277300468e-04
1.005023455936558952e-07 3.838136664527421610e-04
1.184764558599540554e-07 3.822158945692168651e-04
1.396651044333614651e-07 3.799793349441617230e-04
1.646431880055497807e-07 3.776026010223671771e-04
1.940884193414582462e-07 3.755720128502050732e-04
2.287997151828485350e-07 3.715874805905695563e-04
2.697188726940711785e-07 3.691489954185645482e-04
3.179561225818103458e-07 3.671383029949073021e-04
3.748202522035851413e-07 3.676814203401128876e-04
4.418541159741657642e-07 3.513446095739086728e-04
5.208764965487207919e-07 4.116616380976747570e-04
6.140314525727643402e-07 2.591128591207425731e-04
7.238464919166298756e-07 -1.837010072968615557e-04
8.533011487679870713e-07 1.948981882679357361e-04
1.005907825236270613e-06 7.418439085820913506e-04
1.185807090887541061e-06 4.747886490589648539e-04
1.397880025904864180e-06 2.816930102517599052e-04
1.647880656002155970e-06 3.271370413500036302e-04
1.942592072354945641e-06 3.153350474263353492e-04
2.290010472440012408e-06 3.119227454277781648e-04
2.699562115234830419e-06 3.105469416631047828e-04
3.182359077269265749e-06 3.162959543946100745e-04
3.751500748778733037e-06 3.321603484524593419e-04
4.422429250241572329e-06 3.178268263437627333e-04
5.213348412567693747e-06 3.508785563580288716e-04
6.145717688832994310e-06 1.814322922530889511e-04
7.244834398518980603e-06 -1.759526347110363861e-04
8.540520101881075813e-06 1.910340134056993759e-04
1.006792972735787961e-05 6.201862965296619373e-04
1.186850540550706100e-05 4.367838936947926985e-04
1.399110088917113275e-05 3.596304541071165990e-04
1.649330706797636178e-05 3.673874434725553882e-04
1.944301454141502512e-05 3.372448701899721617e-04
2.292025564670827455e-05 3.387371279224725071e-04
2.701937591989423938e-05 3.308549908250311804e-04
3.185159390686822807e-05 3.398631508981929568e-04
3.754801877792654746e-05 3.020724847245096802e-04
4.426320762062444127e-05 3.463541342877975680e-04
5.217935892847422557e-05 8.002893052975112650e-05
6.151125606445853784e-05 -5.198056778186617953e-04
7.251209482688139997e-05 -1.635335949120688206e-04
8.548035323279201691e-05 3.664600721061412464e-04
1.007678899119891032e-04 1.626362098611533556e-03
1.187894908396257705e-04 1.718522367629735353e-03
1.400341234321975494e-04 -2.316907140490066623e-03
1.650782033563746615e-04 -8.556911175560308856e-04
1.946012340096735390e-04 1.599149184954167880e-03
2.294042430079864560e-04 1.141732933493573576e-05
2.704315159042180680e-04 -9.380427664823945237e-04
3.187962168237111005e-04 2.543421025250746509e-04
3.758105911631486203e-04 1.080328779504214406e-03
4.430215698214967765e-04 4.530454027985549373e-04
5.222527409875450449e-04 -2.263862712253944358e-04
6.156538282749976021e-04 -7.551900539143193911e-04
7.257590176605666684e-04 5.444083702501570539e-04
8.555557157688244499e-04 6.618667408275313684e-04
1.008565605073951342e-03 -2.197240638316185109e-04
1.188940195232169716e-03 -1.503409286214558820e-04
1.401573463071901712e-03 -1.271222456179207060e-03
1.652234637423264166e-03 -2.674047199297673559e-03
1.947724731544194215e-03 -1.774386974551562472e-03
2.296061070227438296e-03 -8.269965195139773913e-04
2.706694818232496455e-03 -4.766623527385073326e-04
3.190767412088463349e-03 3.400673668086514820e-04
3.761412852851294796e-03 5.110217297808533274e-04
4.434114061712331710e-03 2.437979731759729908e-04
5.227122967203901016e-03 3.173236552906398902e-04
6.161955721932718677e-03 3.305469550357788971e-04
7.263976485207912157e-03 2.849783082054125477e-04
8.563085610927318944e-03 2.892324908291242502e-04
1.009453091283953746e-02 4.158918395402349047e-04
1.189986401867095499e-02 4.094978832937632048e-04
1.402806776120183591e-02 3.371541219801582785e-04
1.653688519499972240e-02 3.258938675732587359e-04
1.949438629808650236e-02 3.011064326414619220e-04
2.298081486675211671e-02 3.031439618519202357e-04
2.709076571401344141e-02 3.126262512994494418e-04
3.193575124411100058e-02 2.825275831233706354e-04
3.764722704010445287e-02 2.532548345731112059e-04
4.438015855570408980e-02 2.513258642578668212e-04
5.231722568388058603e-02 3.087912106111080808e-04
6.167377928185190789e-02 4.259128358069211480e-04
7.270368413435455979e-02 5.061252293830438738e-04
8.570620688820680677e-02 5.950789173672648043e-04
1.010341358436487452e-01 7.284891053624567396e-04
1.191033529110414324e-01 9.224506025581171234e-04
1.404041174420939952e-01 1.139137126689964211e-03
1.655143680918642890e-01 8.726720131691689981e-04
1.951154036216024290e-01 2.331081626948030422e-05
2.300103680986246568e-01 8.623447147734428220e-04
2.711460420391298975e-01 2.323925726574007245e-03
3.196385307377160312e-01 1.940790895373782458e-03
3.768035467669528238e-01 1.337221283553391253e-03
4.441921082807760990e-01 1.493773291293110398e-03
5.236326216986270099e-01 1.616912535809411893e-03
6.172804905702192757e-01 1.857249853303235632e-03
7.276765966233311733e-01 2.118476340595197224e-03
8.578162397197629518e-01 1.943656329993108780e-03
1.011230407218734362e+00 1.763468894433946202e-03
1.192081577772219569e+00 1.917629800276760780e-03
1.405276658929141886e+00 1.915237302469685772e-03
1.656600122805018671e+00 1.799929803554985164e-03
1.952870952093412438e+00 1.383694954556113389e-03
2.302127654724972050e+00 1.689048522949421465e-03
2.713846367046587105e+00 7.134878407436611673e-04
3.199197963160660851e+00 4.567241897659743075e-03
3.771351146391414666e+00 5.800752375354449077e-03
4.445829746445582487e+00 2.800200253675129598e-03
5.240933916560071459e+00 -2.947971211275050157e-04
6.178236658682151550e+00 -2.459307616446766882e-04
7.283169148550834748e+00 1.110338672172504499e-04
8.585710741892683018e+00 1.115582650098739543e-04
1.012120238318493293e+01 6.449310804669495731e-05
1.193130548663302903e+01 7.557218159110401165e-07
1.406513230600601361e+01 -3.395714406656774424e-05
1.658057846285852222e+01 -4.564328604843867574e-05
1.954589378769057362e+01 -4.137141951180995508e-05
2.304153409457200397e+01 -2.979855578997837309e-05
2.716234413213045684e+01 -1.722022812053572742e-05
3.202013093937578248e+01 -7.141308773731685784e-06
3.774669742741181011e+01 -5.274542550869456073e-07
4.449741849507730507e+01 3.031898962261908494e-06
5.245545670674130889e+01 4.645093752919524565e-06
6.183673191327254415e+01 5.186154133422640594e-06
