3.691737094893214011e-12 -1.442542931068436176e-06
4.197829129008909428e-12 -8.463772752705794877e-07
4.773300195382800990e-12 5.194086357528798770e-07
5.427661311364711036e-12 2.182033016409797022e-06
6.171727338536427091e-12 4.129846300500450429e-06
7.017795723819891350e-12 6.417824611109311517e-06
7.979849743806703296e-12 9.087972364321510177e-06
9.073789611401087760e-12 1.219245596265072784e-05
1.031769526435893983e-11 1.578739608808742145e-05
1.173212517892368686e-11 1.993493904549597379e-05
1.334045614715944813e-11 2.470283996012113265e-05
1.516926963360369804e-11 3.016457222901943597e-05
1.724879109669478528e-11 3.639903854022342317e-05
1.961338953579772009e-11 4.349006896116596604e-05
2.230214552002162972e-11 5.152556399090537503e-05
2.535949708684505013e-11 6.059622473414752464e-05
2.883597418554915789e-11 7.079378356155026364e-05
3.278903380386802767e-11 8.220865938464438916e-05
3.728400958029668115e-11 9.492697249358084122e-05
4.239519159663880341e-11 1.090268788173096373e-04
4.820705419691656780e-11 1.245742233475484809e-04
5.481565212524455567e-11 1.416175699738122032e-04
6.233020805714419266e-11 1.601827398742391648e-04
7.087491776199576697e-11 1.802670809846074890e-04
8.059100273120159214e-11 2.018337915031895996e-04
9.163904419658034857e-11 2.248067176640602613e-04
1.042016371141583120e-10 2.490661281716296041e-04
1.184864079766988555e-10 2.744460145136487679e-04
1.347294463314451836e-10 3.007334568872698476e-04
1.531992067170055498e-10 3.276705191995786873e-04
1.742009455080942691e-10 3.549589848616282843e-04
1.980817659974580232e-10 3.822680190178396643e-04
2.252363550968705125e-10 4.092445702172315194e-04
2.561135064697195799e-10 4.355260351582186662e-04
2.912235379053444467e-10 4.607544409031237576e-04
3.311467255247353385e-10 4.845911939517083544e-04
3.765428942127482197e-10 5.067313367198081342e-04
4.281623227813616122e-10 5.269162493406706095e-04
4.868581440975291187e-10 5.449438389180565404e-04
5.536004451170013355e-10 5.606754556738997169e-04
6.294922998604457113e-10 5.740390383046252432e-04
7.157880003146391872e-10 5.850282949790442527e-04
8.139137865673892238e-10 5.936980513084394104e-04
9.254914187905795302e-10 6.001562186328524007e-04
1.052364980653981947e-09 6.045531346165434680e-04
1.196631357159511916e-09 6.070692723458221210e-04
1.360674890614051825e-09 6.079024637861605261e-04
1.547206787512561239e-09 6.072558060236299057e-04
1.759309927623216964e-09 6.053272828621487564e-04
2.000489815850479074e-09 6.023018514449214773e-04
2.274732518975789638e-09 5.983463531208628797e-04
2.586570544817355150e-09 5.936071878462770637e-04
2.941157752617492189e-09 5.882103309345727490e-04
3.344354532728512380e-09 5.822630397465311178e-04
3.802824663392453376e-09 5.758565272272241423e-04
4.324145445401523064e-09 5.690689606390820013e-04
4.916932934874333731e-09 5.619682899787254229e-04
5.590984343915156226e-09 5.546146938745226580e-04
6.357439962663074634e-09 5.470622863074882034e-04
7.228967278875071165e-09 5.393610381721671704e-04
8.219970338053519903e-09 5.315554840952165655e-04
9.346827804288280272e-09 5.236934583237001610e-04
1.062816365633064087e-08 5.157957037604460684e-04
1.208515499279048582e-08 5.079711788721591285e-04
1.374188203366385079e-08 4.999844740534100003e-04
1.562572610279200337e-08 4.919264525764040392e-04
1.776782216885149851e-08 4.844430858888916849e-04
2.020357342418299558e-08 4.771336856894659549e-04
2.297323640608785994e-08 4.697603323264637129e-04
2.612258633110308344e-08 4.626175847470296795e-04
2.970367363847354772e-08 4.556588746999620451e-04
3.377568424648749690e-08 4.489154721504799890e-04
3.840591773944127045e-08 4.423940453321391179e-04
4.367089965208101407e-08 4.361043463765122002e-04
4.965764623464707877e-08 4.300519374488697040e-04
5.646510260174707096e-08 4.242403064645258390e-04
6.420577803386276394e-08 4.186707168105305299e-04
7.300760545870497262e-08 4.133417929328246643e-04
8.301605584473697977e-08 4.082525959830853729e-04
9.439654245220493799e-08 4.033918262670811369e-04
1.073371546776015884e-07 3.987799548850028131e-04
1.220517666747892324e-07 3.943099815824297263e-04
1.387835721300869128e-07 3.903544841980140234e-04
1.578091036118159578e-07 3.854551734746827947e-04
1.794428029235459600e-07 3.851249950306803900e-04
2.040422179969061774e-07 3.683046721978272021e-04
2.320139122148880771e-07 4.152475784502079707e-04
2.638201838311417800e-07 2.197716902418763579e-04
2.999867065395370021e-07 9.502018234725313935e-04
3.411112174724190037e-07 1.423245583494361834e-03
3.878733962172448685e-07 -3.620254501781597009e-04
4.410460981256470433e-07 -2.409814063036872303e-04
5.015081275718838539e-07 5.220748815832200289e-04
5.702587622688949317e-07 3.108435052454412879e-04
6.484342686905729528e-07 3.653411799450605180e-04
7.373266815565616621e-07 3.463412517176922729e-04
8.384051577549133061e-07 3.476199332565856927e-04
9.533402576265257780e-07 3.452721250732900329e-04
1.084031554916898579e-06 3.440500094490069397e-04
1.232639031714853546e-06 3.417637676739674994e-04
1.401618777253589684e-06 3.398197754143879659e-04
1.593763580581069805e-06 3.378237976608636922e-04
1.812249087989369279e-06 3.358775294542721418e-04
2.060686288063447261e-06 3.339344912033077699e-04
2.343181191788577431e-06 3.320387403001217631e-04
2.664402694071165261e-06 3.300195613346115775e-04
3.029659738244516642e-06 3.284951207115078924e-04
3.444989058885356487e-06 3.250693446095794664e-04
3.917254953097962883e-06 3.200530253289505730e-04
4.454262729221975648e-06 3.191828160843557943e-04
5.064887707971411238e-06 3.191015001660357786e-04
5.759221908053189556e-06 3.168729004819166237e-04
6.548740840590992250e-06 3.148749640117286600e-04
7.446493169026290928e-06 3.126030397348580382e-04
8.467316369073296935e-06 3.109949227320975285e-04
9.628081953018366484e-06 3.066951088005185656e-04
1.094797431127325932e-05 2.997323069434958305e-04
1.244880777969739662e-05 2.984963542914391595e-04
1.415538717297474231e-05 2.992002241788364186e-04
1.609591774271008520e-05 2.965471667884817669e-04
1.830247133576941380e-05 2.947537057580431816e-04
2.081151645723193161e-05 2.891092102175430931e-04
2.366452099849312597e-05 2.796132614185978769e-04
2.690863759202519770e-05 2.785424678896017414e-04
3.059748291989758482e-05 2.796559221413326586e-04
3.479202385597123654e-05 2.780965645960125493e-04
3.956158508735667265e-05 2.692184999724543844e-04
4.498499486845899872e-05 2.561321003202972693e-04
5.115188784389740584e-05 2.582369554870599278e-04
5.816418647252572161e-05 2.621146345555863851e-04
6.613778553657757885e-05 2.493645204573410358e-04
7.520446757642695185e-05 2.337840928462366769e-04
8.551408090804547618e-05 2.386545279113119235e-04
9.723701622002994859e-05 2.368222363905623205e-04
1.105670226818143400e-04 2.165083730778327546e-04
1.257244101058974746e-04 2.153449150266353168e-04
1.429596900873750047e-04 2.134338421180305423e-04
1.625577162991960326e-04 1.929725871580630775e-04
1.848423923712997881e-04 1.923133028767752550e-04
2.101820251624338511e-04 1.846085135299817270e-04
2.389954119001177850e-04 1.639708642490736099e-04
2.717587617930893127e-04 1.616222959658977776e-04
3.090135665122226757e-04 1.475831717133255921e-04
3.513755496181835553e-04 1.346457773176530301e-04
3.995448428462367008e-04 1.243187280911741549e-04
4.543175574353119743e-04 1.072798617888877024e-04
5.165989417448737641e-04 9.606585103505860951e-05
5.874183426202356012e-04 7.896969270453687434e-05
6.679462177781887028e-04 6.345956221276861237e-05
7.595134803827931864e-04 5.055453544464301452e-05
8.636334955260537190e-04 2.328630623477708633e-05
9.820270921572585038e-04 1.597072143468165895e-05
1.116651003842108027e-03 3.006785755732890864e-07
1.269730208402347843e-03 -3.291049449767255441e-05
1.443794700924688279e-03 -3.521294043609419361e-05
1.641721307899824192e-03 -5.932034070362662836e-05
1.866781233568808474e-03 -9.116350703859688043e-05
2.122694124292456158e-03 -1.050669552660832631e-04
2.413689544484932080e-03 -4.814370749076871819e-05
2.744576880146501995e-03 -2.812933512046141699e-04
3.120824825316180322e-03 -1.721475070857132316e-03
3.548651765145627301e-03 -3.042678876099981673e-03
4.035128549387694864e-03 -2.081866607715416109e-03
4.588295354874146609e-03 -1.087692262908598884e-03
5.217294568410804460e-03 -1.070634271543261830e-03
5.932521886293293592e-03 -2.003533267346492217e-04
6.745798127719931751e-03 7.897223226552689025e-04
7.670564601723244523e-03 2.793020217857810142e-04
8.722105256520158376e-03 -3.069822058256775968e-04
9.917799282822747572e-03 -2.365239950259268725e-04
1.127740834597574203e-02 -3.049072808132139226e-04
1.282340319410922233e-02 -3.455120684149786195e-04
1.458133504027725284e-02 -4.405251279385284657e-04
1.658025785654832981e-02 -5.427974346245145743e-04
1.885320855945476007e-02 -6.873139540811553858e-04
2.143775302299756949e-02 -8.055149553813749363e-04
2.437660694336127656e-02 -1.501774167426962476e-03
2.771834181659208959e-02 -1.074337947533643856e-03
4.075202746728949499e-02 1.701437472075489031e-03
4.633863234871205689e-02 5.610586298098667150e-04
5.269109247810193492e-02 -4.107434536380627499e-04
5.991439724942725781e-02 -1.613442859605806329e-05
6.812792881935519906e-02 7.413639420965258825e-05
7.746743517910421872e-02 3.741503670654142653e-04
8.808727371033432674e-02 7.268998881234272659e-04
1.001629623051253498e-01 1.136895486000650494e-03
1.138940802133258240e-01 1.532958215453314108e-03
1.295075665606155446e-01 1.862864135078801109e-03
1.472614710530835425e-01 2.099395786408908907e-03
1.674492188575572027e-01 2.235308949159252150e-03
1.904044601448992013e-01 2.317576518356543464e-03
2.165065844464194589e-01 2.306792147911593781e-03
2.461869909611469620e-01 2.466963147610715286e-03
2.799362184456010150e-01 2.221477398365888801e-03
3.183120525242970622e-01 2.395140389280032284e-03
3.619487444134382725e-01 3.496972816489606062e-03
4.115674934189431089e-01 2.804758665094149537e-03
4.679883664568471602e-01 2.111267322318373385e-03
5.321438515942515934e-01 2.137051086278611046e-03
6.050942696150919398e-01 2.030457964766907257e-03
6.880452983231941655e-01 1.936609399207011792e-03
7.823678992131140042e-01 1.925254549628998505e-03
8.896209758439783677e-01 1.645384708717431699e-03
1.011577138399455622e+00 1.275884679356319162e-03
1.150252000253972451e+00 1.601097945376366277e-03
1.307937490740130437e+00 1.664922782054944345e-03
1.487239734689328685e+00 1.428983576109946196e-03
1.691122124794468329e+00 1.398426168643775516e-03
1.922954298667088890e+00 1.313756248230550823e-03
2.186567830050502703e+00 1.235357751766576802e-03
2.486319554617499872e+00 1.148976993249233199e-03
2.827163576960980418e+00 1.058208375815114424e-03
3.214733148862840117e+00 9.621723911347841371e-04
3.655433772072902876e+00 8.625094363294430813e-04
4.156549064340778976e+00 7.619527261864399593e-04
4.726361138386869776e+00 6.620259695416695015e-04
5.374287483358830109e+00 5.645599683199605239e-04
6.111036611062971247e+00 4.725961887311160622e-04
6.948785039391339069e+00 3.892358054651302857e-04
7.901378538013725361e+00 3.104832323080430976e-04
8.984560962394114725e+00 2.663876539248500154e-04
