3.728473966537522420e-13 -1.162660513472751607e-04
4.352758150314897285e-13 3.533236889725318089e-04
5.081570552771679920e-13 -1.414787104575959686e-04
5.932413056518653672e-13 -2.839534705113465340e-03
6.925718005422042450e-13 -1.846037211833695141e-03
8.085338871999346909e-13 -9.934475485760731889e-05
9.439123080651610995e-13 2.025275376179615228e-05
1.101958074265088781e-12 -1.424317157730937283e-05
1.286466536205168396e-12 -4.106972012299023311e-06
1.501868526059364211e-12 -6.746599370210763780e-06
1.753336760877870171e-12 -5.545593046445747992e-06
2.046910061503056970e-12 -5.276454227846113371e-06
2.389638370317798038e-12 -4.524850405296203248e-06
2.789752050318176835e-12 -3.658178742237724185e-06
3.256859531101121879e-12 -2.521631351721023706e-06
3.802178048086579728e-12 -1.103254603014146989e-06
4.438803016003485267e-12 6.583212514769780366e-07
5.182022505441894018e-12 2.819988445407380084e-06
6.049684374388788478e-12 5.451588968173777527e-06
7.062624871136661872e-12 8.631846376150852096e-06
8.245169001141160605e-12 1.245059932600527802e-05
9.625714673762289468e-12 1.700911156961868245e-05
1.123741465673531181e-11 2.242095398749706370e-05
1.311897271499439559e-11 2.881216350406881274e-05
1.531557305252701787e-11 3.632015449027718376e-05
1.787996537710564071e-11 4.509271199187349366e-05
2.087373164491196873e-11 5.528640121237396454e-05
2.436876490497625400e-11 6.706288360460105694e-05
2.844899575676721267e-11 8.058369083940300145e-05
3.321240788051943597e-11 9.600326541496419924e-05
3.877339104174211705e-11 1.134600175380301793e-04
4.526548807554643329e-11 1.330654136182402719e-04
5.284460181756108545e-11 1.548904038214558507e-04
6.169273899346655932e-11 1.789506939397478812e-04
7.202238097385377574e-11 2.051928408345598392e-04
8.408158635479472829e-11 2.334811116833776165e-04
9.815994789876863744e-11 2.635862822356169373e-04
1.145955468874141580e-10 2.951811211508400569e-04
1.337830718896518494e-10 3.278387389424415252e-04
1.561832969113170430e-10 3.610535588668686499e-04
1.823341465369326883e-10 3.942315425872690467e-04
2.128636137846980773e-10 4.267308265037397449e-04
2.485048408872944873e-10 4.579586835499831719e-04
2.901137251521156118e-10 4.872556075696428401e-04
3.386894726924408535e-10 5.141899580309874061e-04
3.953985936119988899e-10 5.378166801068514670e-04
4.616029148692071291e-10 5.574977350707994821e-04
5.388922835290589741e-10 5.768043513208640991e-04
6.291227457466350597e-10 5.925889104937847630e-04
7.344611183218768645e-10 5.997518460235788142e-04
8.574370231780909339e-10 6.063975263734780637e-04
1.001003634333044600e-09 6.132521515215963795e-04
1.168608596155567601e-09 6.147553938307087455e-04
1.364276815956424012e-09 6.136563635182898727e-04
1.592707119115194435e-09 6.117531207041814953e-04
1.859385087843673292e-09 6.079861455421963802e-04
2.170714793323778254e-09 6.028170467588926142e-04
2.534172584668388239e-09 5.970216395108905207e-04
2.958486627831725385e-09 5.902383075928373593e-04
3.453846505961000302e-09 5.828485348903541911e-04
4.032147914584904117e-09 5.747657685561996695e-04
4.707278327809703605e-09 5.659069494848424468e-04
5.495450495582309833e-09 5.570986991309365317e-04
6.415591780706987381e-09 5.479763361915597659e-04
7.489798685251075124e-09 5.387255575198170859e-04
8.743867481451091373e-09 5.296597533544708525e-04
1.020791368982108276e-08 5.198174834617377664e-04
1.191709528076506699e-08 5.103886755137053768e-04
1.391245696683816797e-08 5.016510037180866959e-04
1.624191586069926484e-08 4.927262644088209811e-04
1.896141216859319214e-08 4.828494406102696625e-04
2.213625255240039287e-08 4.790837413657911791e-04
2.584267842008547581e-08 4.530922533107755584e-04
3.016969680586414885e-08 5.026801382853923923e-04
3.522121780729694546e-08 3.478627124010882053e-04
4.111854990826178029e-08 5.417943964027981292e-04
4.800331311110855453e-08 1.684605438565778789e-03
5.604083983467793640e-08 7.315386239650216883e-04
6.542414524820124766e-08 -3.462911570402507286e-03
7.637856238565951186e-08 -1.931156260839587621e-04
8.916715334940459083e-08 4.126341812292958974e-03
1.040970265490241221e-07 -1.939756655267574521e-03
1.215267116792006322e-07 6.286616482390535582e-04
1.418747695411297254e-07 3.494508251055419411e-03
1.656298434658749446e-07 -9.540307468532396515e-04
1.933623937170682393e-07 -1.985064509763903758e-03
2.257383966658028499e-07 1.082580076929646768e-03
2.635353377131348411e-07 2.100261003345052502e-03
3.076608820182035983e-07 -1.175871321460271804e-03
3.591746713955038329e-07 -2.105745122719612263e-04
4.193137708174258946e-07 1.322982690808458071e-03
4.895223756007028404e-07 1.725380394424266134e-04
5.714864926725618130e-07 3.471287184603896389e-04
6.671744287611172638e-07 -1.210855820766437718e-05
7.788840578035541603e-07 1.331409999019673822e-03
9.092980026633207931e-07 1.641520557396441548e-03
1.061548056303960912e-06 1.471890364722982722e-03
1.239290389445591115e-06 1.907683012871023119e-03
1.446793350759454905e-06 -9.334055708717193395e-03
1.689039968056401573e-06 -7.788291749330664496e-03
1.971847611958140728e-06 3.613678130882855277e-04
2.302007695684787394e-06 -5.961163498644232901e-04
2.687448765743930469e-06 8.138838014104684236e-04
3.137426900021745858e-06 2.057021469684789348e-04
3.662747985543568989e-06 4.395753972636861316e-04
4.276027213736960748e-06 2.643307417398246296e-04
4.991992024781794991e-06 3.073648056832042549e-04
5.827835776027911955e-06 3.318988615063581810e-04
6.803630627561990050e-06 4.381411642386113907e-04
7.942809560060977428e-06 4.010543262118852759e-04
9.272729100227863154e-06 6.098650008711545105e-04
1.082532626723994413e-05 2.607738775184213764e-05
1.263788551628411362e-05 -1.220423634309672489e-03
1.475393409675256793e-05 1.929777552836134218e-04
1.722428732645483760e-05 1.308231399470692179e-03
2.010826888331911471e-05 2.784530379164639260e-04
2.347513541897486321e-05 3.317185331389539346e-04
2.740573970523937190e-05 3.290893307024895555e-04
3.199447225272440606e-05 3.467684505400747685e-04
3.735152802807410033e-05 2.825165243030597524e-04
4.360555270334852250e-05 4.397482344059709843e-04
5.090673198524420413e-05 -3.976326755344419470e-05
5.943039821207176835e-05 -4.235446588138789756e-04
6.938124082821157208e-05 6.940352792792112667e-04
8.099822184742625235e-05 -4.125719300236739898e-05
9.456031434619696998e-05 -9.103750573286589071e-04
1.103932017926844892e-04 1.343311703368780998e-03
1.288770990906770492e-04 2.139614405446407536e-03
1.504558831550155851e-04 -1.267624790261590289e-03
1.756477522824166388e-04 -4.919923648723412320e-04
2.050576702944747359e-04 1.338892163561547933e-03
2.393918942895954870e-04 -2.880607330751111701e-04
2.794749348769191930e-04 -8.303076443046545144e-04
3.262693561795039303e-04 8.417277257945885056e-04
3.808988910889967100e-04 1.129597725901202842e-03
4.446754268672590497e-04 -2.672517855373882090e-04
5.191305091339292691e-04 -8.929072918510763679e-04
6.060521207844938880e-04 6.447489011545022575e-05
7.075276190570112776e-04 1.088403954540614026e-03
8.259938618488716928e-04 2.438503300010081733e-04
9.642957270294699344e-04 -2.230638347925544343e-05
1.125754430046153063e-03 1.628497947297347787e-04
1.314247280419410507e-03 1.828836701240088049e-04
1.534300792419714208e-03 -2.625813322529281339e-03
1.791199385908948940e-03 -6.271843711067284083e-03
2.091112287715574895e-03 -2.454258662382918874e-03
2.441241680984666471e-03 4.700054583649851923e-04
2.849995660198354017e-03 -4.458300957100582926e-04
3.327190145251525920e-03 7.915223662880955732e-04
3.884284603397733689e-03 5.108027239828613793e-04
4.534657239750919736e-03 1.135766598410288195e-04
5.293926264836024652e-03 2.902338611736761907e-04
6.180324954187737564e-03 2.442288427427718144e-04
7.215139506771871616e-03 2.841798786471366745e-04
8.423220217070597968e-03 1.853576788755756898e-04
9.833578236245520479e-03 1.215928380777844819e-04
1.148008225314941372e-02 2.951342610430702541e-04
1.340227182545859243e-02 2.902583387797952851e-04
1.564630689246184619e-02 1.380367852859558549e-04
1.826607627134313808e-02 1.277053389233664613e-04
2.132449175666317406e-02 1.486696020210165163e-04
2.489499889986818149e-02 1.206933496327292944e-04
2.906334074906070930e-02 3.229467156063304395e-05
3.392961690391887997e-02 -1.456200078987302318e-05
3.961068733242267825e-02 1.136325598812735170e-04
4.624297867523899375e-02 3.320921291623474617e-04
5.398576042906089167e-02 4.112865188183722348e-04
6.302496968398166310e-02 4.976723442466635117e-04
7.357767626310192377e-02 7.166661976975340423e-04
8.589729549134184072e-02 9.725894495504557209e-04
1.002796737741909472e-01 1.240969199411582485e-03
1.170701931269975127e-01 1.475738120775837992e-03
1.366720652647338552e-01 1.641658366849615405e-03
1.595560144285788351e-01 1.726350853961177573e-03
1.862715814751206289e-01 1.795148641791766532e-03
2.174603206874019257e-01 1.186794363263121970e-03
2.538712062193119179e-01 7.074634975663411825e-04
2.963786181475173143e-01 1.516800419279868209e-03
3.460033400524734071e-01 1.745011113871823734e-03
4.039370723696399379e-01 1.090604467906490689e-03
4.715710501806448240e-01 9.388578882456350035e-04
5.505294526791486565e-01 9.867999317350606425e-04
6.427084066146601105e-01 1.146294886213621109e-03
7.503215203526933941e-01 1.399928304977871019e-03
8.759530420175708487e-01 1.771527199460860326e-03
1.022619918270723405e+00 2.125598818183449187e-03
1.193844244019464762e+00 2.314387906857269181e-03
1.393737842881616729e+00 2.295270106581141344e-03
1.627101009542271326e+00 2.120005162513123511e-03
1.899537785226337094e+00 1.878741846639343446e-03
2.217590534540704539e+00 1.645471273898992158e-03
2.588897055447928697e+00 1.449236764461963797e-03
3.022373995249361567e+00 1.260955253477704339e-03
3.528430977174989991e+00 1.027559923632466671e-03
4.119220579669155669e+00 7.626297297330156787e-04
4.808930171437022061e+00 5.481075586752255906e-04
5.614122610451415696e+00 4.225004009467312437e-04
6.554133988550594481e+00 3.664473819950790114e-04
7.651537973165159379e+00 3.569877628054598726e-04
8.932687896991787113e+00 3.618175518664692525e-04
