3.728473966537522420e-13 3.540826052291173409e-04
4.012305572291006481e-13 3.543804480732109727e-04
4.317743975127625133e-13 3.546048327724773963e-04
4.646434001313053004e-13 3.545437992490910878e-04
5.000145690185322092e-13 3.545601185251188309e-04
5.380783826051066664e-13 3.545554671513899414e-04
5.790398195701268792e-13 3.545564938973629066e-04
6.231194626784899325e-13 3.545559757102707127e-04
6.705546866482969812e-13 3.545558703146808877e-04
7.216009364451428826e-13 3.545556471354306335e-04
7.765331028871265021e-13 3.545554497292177296e-04
8.356470029683092176e-13 3.545552385590304903e-04
8.992609728724269466e-13 3.545550247717240561e-04
9.677175822553944718e-13 3.545548051637169296e-04
1.041385479028320390e-12 3.545545802480110781e-04
1.120661374575337044e-12 3.545543487812876857e-04
1.205972180096935679e-12 3.545541153874235546e-04
1.297777305583386544e-12 3.545538621772511070e-04
1.396571133798384556e-12 3.545536554234261090e-04
1.502885682595696439e-12 3.545532442433031728e-04
1.617293469905847027e-12 3.545535766415570597e-04
1.740410596821001316e-12 3.545510677390754581e-04
1.872900065380929782e-12 3.545592702350356881e-04
2.015475348926904763e-12 3.545269421556442729e-04
2.168904234250138034e-12 3.546478238993840820e-04
2.334012956225320248e-12 3.541893999408230603e-04
2.511690647194978587e-12 3.559212404043061995e-04
2.702894125064898908e-12 3.493718713423778210e-04
2.908653045895252600e-12 3.741329085683248526e-04
3.130075448735007922e-12 2.805123263405042214e-04
3.368353722558936708e-12 6.344810259882906200e-04
3.624771027440259445e-12 -7.038415979449003795e-04
3.900708204537541273e-12 -3.761411297897664097e-03
4.197651212107432405e-12 -1.653223321617566452e-03
4.517199127586660497e-12 4.520798172525236636e-04
4.861072758835804744e-12 -1.275168238134187851e-04
5.231123910917785106e-12 3.474787536448566139e-05
5.629345358313385867e-12 -8.981367158792004368e-06
6.057881576275721453e-12 4.622841555398417290e-06
6.519040289113818291e-12 2.529200749271619253e-06
7.015304897593655875e-12 4.892610418311647835e-06
7.549347852380170922e-12 6.193439931203269244e-06
8.124045045538409790e-12 8.022983202334542374e-06
8.742491297593152192e-12 9.832409163589711509e-06
9.408017023547557715e-12 1.188266167252271382e-05
1.012420616760892994e-11 1.411202749459269240e-05
1.089491550320349564e-11 1.651700013811929768e-05
1.172429540221209967e-11 1.913570956926704397e-05
1.261681218527237301e-11 2.198482759918716362e-05
1.357727217350760584e-11 2.505351601748972978e-05
1.461084757120251791e-11 2.835094649787390370e-05
1.572310431880828775e-11 3.194230975742985701e-05
1.692003206626986931e-11 3.581699820456082234e-05
1.820807642808423789e-11 3.997777269766199931e-05
1.959417369378799883e-11 4.445833453656667517e-05
2.108578818079626228e-11 4.927016601474591695e-05
2.269095243074051162e-11 5.443316157710629405e-05
2.441831046576896754e-11 5.996458346660838573e-05
2.627716433775202550e-11 6.588254240636175901e-05
2.827752422106357315e-11 7.220471357625903724e-05
3.043016231869550179e-11 7.894846337818100385e-05
3.274667087199924880e-11 8.613055662651161043e-05
3.523952458644045747e-11 9.376691907125780240e-05
3.792214780954113645e-11 1.018723916644580577e-04
4.080898682276845892e-11 1.104604336633827066e-04
4.391558763667647842e-11 1.195427328785992130e-04
4.725867970823012777e-11 1.291291000192242022e-04
5.085626603114958851e-11 1.392266492339462244e-04
5.472772008441532942e-11 1.498403181083496002e-04
5.889389016102005037e-11 1.609710041923740828e-04
6.337721163878676835e-11 1.726150716527046977e-04
6.820182779785317828e-11 1.847583477789837073e-04
7.339371983543282427e-11 1.974010676411641976e-04
7.898084677800273995e-11 2.106132961443999210e-04
8.499329604436796297e-11 2.242208608564640396e-04
9.146344547039691378e-11 2.381504477945760659e-04
9.842613766795495155e-11 2.526150906915630712e-04
1.059188676569892287e-10 2.675477605169106557e-04
1.139819847811770000e-10 2.827247397441138774e-04
1.226589099944846671e-10 2.980796038397123121e-04
1.319963696887620966e-10 3.137893189642084260e-04
1.420446473215502124e-10 3.297211911898493761e-04
1.528578541991639383e-10 3.457031179920407732e-04
1.644942208732408711e-10 3.617773563207799317e-04
1.770164107199834418e-10 3.778454573791232077e-04
1.904918573907389107e-10 3.938408194763742473e-04
2.049931279511412110e-10 4.096997114842581417e-04
2.205983136643821572e-10 4.253395377228109953e-04
2.373914505230054576e-10 4.407091328592410359e-04
2.554629717938554752e-10 4.557661071804336092e-04
2.749101950132099451e-10 4.703413523223639800e-04
2.958378460546016689e-10 4.843980095915623868e-04
3.183586230915156567e-10 4.980046304496714427e-04
3.425938034919964376e-10 5.110198593337410278e-04
3.686738969133349939e-10 5.233489012395351261e-04
3.967393481138682128e-10 5.350022240613525049e-04
4.269412932665987261e-10 5.459363998950609795e-04
4.594423738475296808e-10 5.561164644943801874e-04
4.944176124815380512e-10 5.655232683316685841e-04
5.320553554624175464e-10 5.741411587755285498e-04
5.725582870226127767e-10 5.819632477889920275e-04
6.161445208146716541e-10 5.889893482793522386e-04
6.630487744821426706e-10 5.952263601459372930e-04
7.135236336452107058e-10 6.006875416316500432e-04
7.678409121077110306e-10 6.053919821933304024e-04
8.262931156104595689e-10 6.093641176175721916e-04
8.891950170134520268e-10 6.126323419111271221e-04
9.568853513894022030e-10 6.152303927137317899e-04
1.029728640156967097e-09 6.171906218078899997e-04
1.108117154076918485e-09 6.185566506874519768e-04
1.192473025682144264e-09 6.193656339327710536e-04
1.283250522517235435e-09 6.196367790753803950e-04
1.380938493429449341e-09 6.194367195512390234e-04
1.486063001084485750e-09 6.188111719365868568e-04
1.599190154883656534e-09 6.177640257605532259e-04
1.720929159537968707e-09 6.163437808420560438e-04
1.851935595716283030e-09 6.145921457986203151e-04
1.992914950433979298e-09 6.125326170135329817e-04
2.144626416194084557e-09 6.101956838627069224e-04
2.307886979339438552e-09 6.076072611262573614e-04
2.483575819632416457e-09 6.047931895220978391e-04
2.672639044754361450e-09 6.017679761024683979e-04
2.876094785220896780e-09 5.985774834482218698e-04
3.095038677149593934e-09 5.952385896286598033e-04
3.330649762405556652e-09 5.916241320098811207e-04
3.584196837898197007e-09 5.879262617966632409e-04
3.857045288220605402e-09 5.842641909724740831e-04
4.150664438426534707e-09 5.803833168365590128e-04
4.466635466540358941e-09 5.761984325482255240e-04
4.806659918410426125e-09 5.725564262679854258e-04
5.172568870758643516e-09 5.672142585964540587e-04
5.566332791771428343e-09 5.666171024565425443e-04
5.990072152331842866e-09 5.512886284746859600e-04
6.446068845036295834e-09 5.785446831942904836e-04
6.936778472488307053e-09 4.912283271747809946e-04
7.464843571044209253e-09 6.814905614945928822e-04
8.033107841221124220e-09 3.778479586270021631e-04
8.644631461401331275e-09 2.591660778478782276e-04
9.302707567298139180e-09 3.899606008967443013e-03
1.001087998592806222e-08 4.310764826362506984e-03
1.077296231958857937e-08 -4.605997213686152669e-03
1.159305848261212629e-08 -2.001460768398940875e-03
1.247558480148834311e-08 1.378849388081139840e-03
1.342529379736703990e-08 1.554243125823796118e-04
1.444729977901471559e-08 6.166097163624499958e-04
1.554710638404453734e-08 4.612175535204801960e-04
1.673063621673423361e-08 5.031731653191125544e-04
1.800426274203434384e-08 4.855287721584732735e-04
1.937484460752215868e-08 4.849059368317726326e-04
2.084976257812666638e-08 4.799352687179427729e-04
2.243695928252641135e-08 4.760897623974792020e-04
2.414498198525671958e-08 4.718903769692257832e-04
2.598302861486193188e-08 4.679312003510556137e-04
2.796099729595846717e-08 4.640637801571955920e-04
3.008953965194856929e-08 4.602544663305230266e-04
3.238011816542194199e-08 4.565233714963609288e-04
3.484506790514457916e-08 4.528336880844346241e-04
3.749766295203741890e-08 4.492033082795299573e-04
4.035218788186134692e-08 4.456515058070984955e-04
4.342401468954886610e-08 4.422699464622179694e-04
4.672968556943525409e-08 4.389709162673409784e-04
5.028700199716581408e-08 4.356681900125865606e-04
5.411512059299954457e-08 4.324736222347490278e-04
5.823465628274935972e-08 4.293658983242614607e-04
6.266779331188750293e-08 4.263911603240057302e-04
6.743840471064711123e-08 4.234412292701012631e-04
7.257218085345114163e-08 4.205206572904119505e-04
7.809676780498566559e-08 4.178343402300313883e-04
8.404191619791679741e-08 4.151811649199333223e-04
9.043964144399290211e-08 4.125309540632410982e-04
9.732439614127628018e-08 4.100015560022972697e-04
1.047332556059495174e-07 4.075803712399687223e-04
1.127061175278024069e-07 4.052193032686368310e-04
1.212859168245821583e-07 4.029102574851671156e-04
1.305188568522079077e-07 4.006924418945975383e-04
1.404546582159690224e-07 3.985622998339309955e-04
1.511468265225689044e-07 3.964503463625484656e-04
1.626529405149077699e-07 3.946045165462855678e-04
1.750349621412367616e-07 3.922036749118753413e-04
1.883595702284654877e-07 3.916448113057101332e-04
2.026985195564757214e-07 3.859430693427031572e-04
2.181290272671132686e-07 3.950045744152402144e-04
2.347341886887351782e-07 3.657542027971950882e-04
2.526034248155564667e-07 4.259328949746165119e-04
2.718329638515546947e-07 3.275722241901229959e-04
2.925263594120890598e-07 2.990421839274802485e-04
3.147950481738527940e-07 1.439185783838669262e-03
3.387589499761239942e-07 -9.172572456852212675e-03
3.645471136050036867e-07 5.502520894535676763e-03
4.221622887928857352e-07 1.248034176417623167e-02
4.542995657035051154e-07 -1.498355198236803534e-03
4.888833059639996134e-07 9.328948406468594995e-04
5.260997475975439071e-07 2.300841794414072369e-04
5.661493060730144463e-07 4.085322869227924619e-04
6.092476535688271883e-07 3.632450960272225193e-04
6.556268803962004153e-07 3.629474320972596313e-04
7.055367448362121521e-07 3.521460047213693587e-04
7.592460181212595762e-07 3.471054018168153940e-04
8.170439318037421339e-07 3.592759246554026384e-04
8.792417353062712029e-07 3.794991638545238549e-04
9.461743720410830423e-07 3.887156357039308827e-04
1.018202283124665431e-06 3.833304489349311991e-04
1.095713348400936353e-06 3.751134131635917163e-04
1.179124975225563319e-06 3.704788665855546573e-04
1.268886346259928003e-06 3.683609504906548010e-04
1.365480838379201660e-06 3.671973968773457539e-04
1.469428625720922273e-06 3.664448860852169768e-04
1.581289480891602511e-06 3.658508673533879263e-04
1.701665789416401438e-06 3.653248578658584156e-04
1.831205793664938317e-06 3.648718284431995765e-04
1.970607083722402844e-06 3.644425709178195083e-04
2.120620354004559585e-06 3.640180841070284404e-04
2.282053445846580347e-06 3.635319841991087667e-04
2.455775697835754802e-06 3.631701708040847507e-04
2.642722627314896505e-06 3.629911954014112055e-04
2.843900968267215720e-06 3.626301648807436773e-04
3.060394092712114274e-06 3.623114752281343318e-04
3.293367844807187164e-06 3.621213777994817737e-04
3.544076819073297107e-06 3.618948361918828543e-04
3.813871116552442369e-06 3.617203113392385150e-04
4.104203615280652199e-06 3.615904294485498133e-04
4.416637794228740268e-06 3.614818872448256545e-04
4.752856152843601645e-06 3.615053164820946838e-04
5.114669271530820667e-06 3.615649007013390162e-04
5.504025561869825781e-06 3.637821356833118025e-04
5.923021759068571264e-06 3.722679755565477810e-04
6.373914213160305929e-06 3.781311873923701508e-04
6.859131039747485977e-06 3.673664913966092141e-04
7.381285195726006904e-06 3.542385699836832907e-04
7.943188550404148006e-06 3.564880009836813093e-04
8.547867027791396295e-06 3.635252741884522840e-04
9.198576901600266276e-06 3.666679253673289784e-04
9.898822330711501213e-06 3.684044271310103758e-04
1.065237422953391480e-05 3.692083815593485627e-04
1.146329057487821044e-05 3.692325520613000400e-04
1.233593825869937011e-05 3.685459957565870651e-04
1.327501660438898510e-05 3.663745780330433452e-04
1.428558267325360612e-05 3.643878029316168984e-04
1.537307849746051197e-05 3.589787019535831819e-04
1.654336038610157360e-05 3.611794891441883620e-04
1.780273046219381087e-05 3.674728879352580704e-04
1.915797060044625367e-05 3.527886703833128107e-04
2.061637894855467863e-05 3.469655494275237367e-04
2.218580922869277836e-05 3.522583274245590784e-04
2.387471303084756353e-05 3.602805508710919466e-04
2.569218532575057905e-05 3.368607093859350005e-04
2.764801344250042249e-05 3.988449284945587772e-04
2.975272977462681918e-05 2.586487469272841233e-04
3.201766849842458708e-05 5.032898580055429963e-04
3.445502660899492955e-05 6.320367913969279078e-04
3.707792960268052233e-05 -4.861000025038605607e-03
3.990050215960160105e-05 8.585552415879531968e-04
4.293794420692992000e-05 7.354954365189387763e-03
4.620661277251076346e-05 3.001680656553871659e-03
4.972411006962356838e-05 -1.225013983508474805e-02
5.350937828723488244e-05 -7.947880316373103979e-03
5.758280159619273534e-05 2.960260874177483154e-03
6.196631592068983221e-05 -8.093917514768785709e-04
6.668352706612026598e-05 6.988940552956667343e-04
7.175983783946874466e-05 2.348227259237681275e-04
7.722258484679215727e-05 3.661930062604217689e-04
8.310118570446564244e-05 3.271952893675825896e-04
8.942729745694250987e-05 3.349776893744908432e-04
9.623498705413478414e-05 3.335347352694736922e-04
1.035609148064500518e-04 3.244555996172382092e-04
1.114445318054206629e-04 3.284790415693404284e-04
1.199282923730596084e-04 2.386890688764594856e-04
1.290578826840070169e-04 2.643663591053368664e-04
1.388824667916342930e-04 -7.176764665591667258e-05
1.494549513829866966e-04 -5.597370890139535815e-04
1.608322706882990539e-04 -1.983240028755398066e-04
1.730756930793728838e-04 2.054785345794263828e-03
1.862511510078716966e-04 1.742184939236974140e-03
2.004295960603099845e-04 -1.944334925570688488e-02
2.156873810417491214e-04 3.364991506195008641e-02
2.321066711457639268e-04 6.167505857888364029e-02
2.497758864248979336e-04 -2.840369212357712891e-02
2.687901779443633795e-04 -2.132169781193756289e-02
2.892519401831278292e-04 4.208637716105859822e-03
3.112713624417560868e-04 -3.441657434931044181e-03
3.349670222263859674e-04 -2.870733040957878027e-03
3.604665238043116529e-04 9.181303265891659418e-04
3.879071853698723362e-04 3.359990805314539645e-03
4.174367785211143076e-04 -3.791347387271694347e-04
4.492143240294283694e-04 3.271220816079296184e-04
4.834109481874747523e-04 6.441924300061487724e-05
5.202108043469332510e-04 4.470287563640689549e-05
5.598120646087091428e-04 -5.192160613844230138e-05
6.024279870059435528e-04 -1.473272008785152590e-04
6.482880639267770773e-04 -5.808384247047975596e-04
6.976392579612739845e-04 -1.144716120734440290e-03
7.507473318276752143e-04 -4.114903426779628615e-04
8.078982795398503966e-04 7.674629675295460696e-04
8.693998665229649018e-04 7.465651220251194251e-04
9.355832869710496019e-04 2.288176918642196439e-04
1.006804947371623240e-03 -2.507474119844456395e-05
1.083448385801858869e-03 -4.759626810310847375e-04
1.165926337331916161e-03 -9.890461674524359675e-04
1.254682956658007822e-03 -1.231576291760502762e-04
1.350196209934254347e-03 1.803424120030441835e-03
1.452980448683759834e-03 -2.394645318973028479e-03
1.563589179649723911e-03 -1.273779316359986875e-02
1.682618045502557759e-03 -7.505409690295018407e-03
1.810708032454589212e-03 -2.804094101356046850e-03
1.948548922055761854e-03 -2.939262815647322030e-03
2.096883005758620917e-03 9.191776891879143915e-04
2.256509082256184361e-03 -8.482252070050530501e-05
2.428286759118683698e-03 1.739739669573050346e-04
2.613141081894239468e-03 2.200760040486941446e-04
2.812067515601715095e-03 2.724601892977462914e-04
3.026137305441685323e-03 3.111084460818607303e-04
3.256503245593783159e-03 3.407963979942451802e-04
3.504405887166126519e-03 3.645855802910449861e-04
3.771180218727309547e-03 3.832682232982904252e-04
4.058262855396814993e-03 4.012746898164071957e-04
4.367199775207671053e-03 4.191133510201968879e-04
4.699654644403008542e-03 4.271910109680003217e-04
5.057417776499256203e-03 4.319825359835188783e-04
5.442415773361528389e-03 4.467733993560006611e-04
5.856721900209939206e-03 4.518604564026987291e-04
6.302567250427579086e-03 4.544485040932008668e-04
6.782352760293837608e-03 4.601766626670684285e-04
7.298662138344417551e-03 4.623339408973371409e-04
7.854275778984200901e-03 4.662307242138622604e-04
8.452185735279277648e-03 4.634928334357329982e-04
9.095611831559356070e-03 4.690548015447689248e-04
9.788019002598145890e-03 4.639229798234500990e-04
1.053313595274625245e-02 4.599825035616813412e-04
1.133497523549823437e-02 4.730734772590387827e-04
1.219785486162454878e-02 4.619129515332724006e-04
1.312642155223174914e-02 4.500260889844639664e-04
1.412567576197139296e-02 4.561922782058943152e-04
1.520099860715051071e-02 4.517864150661620240e-04
1.635818084375626619e-02 4.362645900461044335e-04
1.760345405144375305e-02 4.361623871156758078e-04
1.894352419141818317e-02 4.505441864121597847e-04
2.038560771892465248e-02 4.457316981421443475e-04
2.193747044481532404e-02 4.268992291858965046e-04
2.360746935546988168e-02 4.169420601159851136e-04
2.540459761627467811e-02 4.085562013205288473e-04
2.733853300100919093e-02 4.010434747849052003e-04
2.941969000794075403e-02 3.950781824357063945e-04
3.165927594327679062e-02 3.870587049846982430e-04
3.406935127399385310e-02 3.789836630785055685e-04
3.666289457505055721e-02 3.713753940593669117e-04
3.945387242073242900e-02 3.640826302663000349e-04
4.245731459650521622e-02 3.562652995716779347e-04
4.568939503640123689e-02 3.514659938676821874e-04
4.916751892179610506e-02 3.533435228663152350e-04
5.291041641061738909e-02 3.520196752103913612e-04
5.693824350172568827e-02 3.423515107848279157e-04
6.127269057763906623e-02 3.323402993423638097e-04
6.593709921011746411e-02 3.248046539567131519e-04
7.095658785761775611e-02 3.186227263785954694e-04
7.635818713152089932e-02 3.139367418015957464e-04
8.217098535955637273e-02 3.107249472592901740e-04
8.842628523029916199e-02 3.092594018804456849e-04
9.515777236229572278e-02 3.096934931556272197e-04
1.024016967055835919e-01 3.123233019651722522e-04
1.101970677524729270e-01 3.176341388900598417e-04
1.185858646088332885e-01 3.259067223770643548e-04
1.276132620571381882e-01 3.377345359974427350e-04
1.373278738286545231e-01 3.531730941371460236e-04
1.477820143948278542e-01 3.739621681443060230e-04
1.590319806876389352e-01 3.976206509623200769e-04
1.711383552660425966e-01 4.297928756535106601e-04
1.841663325610758684e-01 4.696310018209104778e-04
1.981860699565024253e-01 4.773100366062214134e-04
2.132730655956237842e-01 7.136828430723005448e-04
2.295085649487793589e-01 7.040806763532886370e-05
2.469799983309693692e-01 -2.397158454984837060e-03
2.657814517256875675e-01 -2.882578904771352681e-03
2.860141734504025313e-01 8.348293063953427309e-04
3.077871193921631887e-01 4.569662055282365000e-03
3.312175397494894202e-01 3.675364068337997562e-03
3.564316104402173724e-01 1.373276993424221888e-03
3.835651125755433766e-01 1.767921712608058055e-03
4.127641636592868091e-01 2.056077851276958551e-03
4.441860044500133275e-01 1.763288368268034999e-03
4.779998457233527454e-01 1.959560192829654969e-03
5.143877794944379245e-01 2.035251632654003044e-03
5.535457596075351594e-01 2.044236699790947902e-03
5.956846569734597363e-01 2.085191234732258064e-03
6.410313951373612928e-01 2.106879173325599403e-03
6.898301722920792134e-01 2.120046751869338920e-03
7.423437763177770377e-01 2.126798839083371417e-03
7.988549999294707327e-01 2.130314621799236571e-03
8.596681635532887888e-01 2.126008731955273713e-03
9.251107541322662886e-01 2.110552957999042856e-03
9.955351886869270306e-01 2.089305078828129422e-03
1.071320712127641350e+00 2.064630790356749256e-03
1.152875439538693536e+00 2.036086468522458996e-03
1.240638553932086552e+00 2.004224268350154360e-03
1.335082671306266233e+00 1.969112938183728047e-03
1.436716385745853364e+00 1.930850925867455201e-03
1.546087008268209884e+00 1.889430352988956743e-03
1.663783514165744659e+00 1.844795700724702857e-03
1.790439714715908126e+00 1.796838246526741983e-03
1.926737670338910302e+00 1.745432699068799262e-03
2.073411363583415934e+00 1.690450412047054922e-03
2.231250651719821398e+00 1.631764581713569633e-03
2.401105520226331169e+00 1.569275425173858110e-03
2.583890660073314471e+00 1.502934164716306607e-03
2.780590393455426579e+00 1.432763782724460859e-03
2.992263974496981671e+00 1.358880107210876272e-03
3.220051293475766574e+00 1.281509816758357248e-03
3.465179015283252006e+00 1.201004712273769787e-03
3.728967185177470167e+00 1.117851894132138556e-03
4.012836337401660458e+00 1.032666417562392441e-03
4.318315144949408158e+00 9.461824817237332250e-04
4.647048651671144448e+00 8.591933063116677198e-04
5.000807131053351284e+00 7.725793368655938138e-04
5.381495619375705530e+00 6.875308135701253300e-04
5.791164174583887991e+00 6.049428274440622928e-04
6.232018916123287511e+00 5.255177259987737701e-04
6.706433905184373323e+00 4.501991990533966807e-04
7.216963929336799310e+00 2.940173761090858658e-04
7.766358260399012892e+00 8.540768115586220080e-05
8.357575459631082282e+00 0.000000000000000000e+00
8.993799309979142009e+00 4.336808689942017736e-19
9.678455961168449306e+00 2.168404344971008868e-19
1.041523237997334839e+01 2.168404344971008868e-19
1.120809620502211246e+01 -2.168404344971008868e-19
1.206131711305634013e+01 0.000000000000000000e+00
1.297948981170599936e+01 2.168404344971008868e-19
1.396755878259889805e+01 0.000000000000000000e+00
1.503084490804904583e+01 0.000000000000000000e+00
1.617507412471299588e+01 1.084202172485504434e-19
1.740640825851750861e+01 0.000000000000000000e+00
1.873147820690815024e+01 -1.084202172485504434e-19
2.015741964711101630e+01 -1.084202172485504434e-19
2.169191146269952952e+01 -1.084202172485504434e-19
2.334321709539998224e+01 0.000000000000000000e+00
2.512022904482034136e+01 0.000000000000000000e+00
2.703251675573824286e+01 -1.084202172485504434e-19
2.909037815082919209e+01 1.084202172485504434e-19
3.130489508634466844e+01 0.000000000000000000e+00
3.368799302937627971e+01 -5.421010862427522170e-20
3.625250527807507694e+01 0.000000000000000000e+00
3.901224207066390193e+01 0.000000000000000000e+00
