1.025819194288007524e-01 9.556718794573840499e+07
1.074940246255400023e-01 7.243677315412490070e+07
1.128340502229265713e-01 5.505921238235911727e+07
1.186170521337953920e-01 4.208752267358501256e+07
1.248580338235699694e-01 3.238346710635783896e+07
1.315723474355119105e-01 2.509284462223744020e+07
1.387760822120124027e-01 1.955225856237921119e+07
1.464873443965477862e-01 1.529509330951583013e+07
1.547253860736688136e-01 1.199989929417316802e+07
1.635104424328225614e-01 9.437148398363944143e+06
1.728635808852022338e-01 7.437811043870127760e+06
1.828062877731769509e-01 5.867766342391149141e+06
1.933600807955039858e-01 4.637608383515997790e+06
2.045486082499203273e-01 3.668798378871108871e+06
2.163972505329816998e-01 2.908357858263350092e+06
2.289310492820744725e-01 2.305573351197381970e+06
2.421746964823512371e-01 1.830248675181126222e+06
2.561534614968897228e-01 1.454881197501236573e+06
2.708927637131467447e-01 1.158067688991530798e+06
2.864186000252575970e-01 9.220281868459854741e+05
3.027581692353943366e-01 7.350871949188435683e+05
3.379835043937490235e-01 4.688133626753415447e+05
3.569204390748587641e-01 3.749667824296383187e+05
3.767757472292967424e-01 3.000195235552688828e+05
3.975749770077986467e-01 2.405332763266044494e+05
4.193420501727623817e-01 1.929615130563274142e+05
4.421001848013155766e-01 1.550469694377784617e+05
4.658726326355203118e-01 1.245547477467172721e+05
4.906808372843387556e-01 1.002666427021567215e+05
5.165444968404694359e-01 8.080367868520443153e+04
5.434820676218814484e-01 6.517042199519285350e+04
5.715119522940184105e-01 5.264972833419373637e+04
6.006490601835655641e-01 4.258815854429514729e+04
6.309046706628580470e-01 3.450245411495876760e+04
6.622877701268433670e-01 2.795588653271747899e+04
6.948048485654467754e-01 2.269542103704409601e+04
7.284593988360643646e-01 1.842466714809834230e+04
7.632523033403940671e-01 1.498532778419222450e+04
7.991789097169518241e-01 1.220747612954704891e+04
8.362284318814113826e-01 9.970366762680394459e+03
8.743880074569724270e-01 8.132321366877722539e+03
9.136420510478211465e-01 6.665083848022326492e+03
9.539664182058803510e-01 5.450584497326989549e+03
9.953288642578477230e-01 4.470498549204058691e+03
1.037694405333618786e+00 3.676232190626782995e+03
1.081023278686055633e+00 3.024659778569121045e+03
1.125267720883142086e+00 2.488567114590570327e+03
1.170373192398514783e+00 2.055139272214581069e+03
1.216275941850526454e+00 1.699684637541771281e+03
1.262905325340495377e+00 1.406557831183629560e+03
1.310187223310510518e+00 1.167191473908449325e+03
1.358042048305356797e+00 9.736402363486340619e+02
1.406378958268094781e+00 8.118897574116869009e+02
1.455102537692679388e+00 6.773258662882894896e+02
1.504113347634655762e+00 5.642359349964959847e+02
1.553306980779273205e+00 4.739105730342854486e+02
1.602572201534807839e+00 3.990053956096593311e+02
1.651795154826538381e+00 3.353258881305670798e+02
1.700859878424896721e+00 2.823611420042125815e+02
1.749646200607265722e+00 2.405421396733432573e+02
1.798032432324136121e+00 2.027158557214188193e+02
1.845895099373757731e+00 1.723131786630148099e+02
1.893111798600594309e+00 1.472946624267196682e+02
1.939560619759306270e+00 1.259249951143005148e+02
1.985123963333238262e+00 1.076343591179894901e+02
2.029688772698149624e+00 9.278463872029745119e+01
2.073140587827452919e+00 8.027924100265100549e+01
2.115370941374749680e+00 6.904456649372730226e+01
2.156279538930617967e+00 6.003164442146636759e+01
2.195773597331462046e+00 5.203212239853247212e+01
2.233766444053746802e+00 4.580963179203158830e+01
2.270173643518061724e+00 3.990597314212771352e+01
2.304922393196607189e+00 3.499751285855459315e+01
2.337949105676786044e+00 3.085694412057750924e+01
2.369198018130996619e+00 2.742344414320527690e+01
2.398621403203610392e+00 2.424591735252873193e+01
2.426181729176100532e+00 2.152359861807565267e+01
2.451850702047426722e+00 1.917932754496869308e+01
2.475606441630699095e+00 1.711418029237075800e+01
2.497436560710702302e+00 1.555434693319910622e+01
2.517337315310079759e+00 1.403263813527619597e+01
2.535311895878305855e+00 1.263040505265689717e+01
2.551370590654893800e+00 1.144391444607802200e+01
2.565532531042196585e+00 1.039157976238734449e+01
2.577822307799174428e+00 9.598325532810026317e+00
2.588271003452316421e+00 8.758503302887044484e+00
2.596915693751717491e+00 8.050359225478402436e+00
2.603798278137117173e+00 7.416226628883269001e+00
2.608965312936364800e+00 6.900057285998776102e+00
2.612466728142432082e+00 6.422058054652263870e+00
2.614357073157066669e+00 5.975724109320454502e+00
2.614694359086523257e+00 5.573451641348137642e+00
2.613538003114618480e+00 5.259028035404119450e+00
5.626583879554116763e-01 6.013470016999068486e-154
5.899207112315330015e-01 1.398043286095131769e-76
6.171830345076543267e-01 1.398043286095288860e-76
6.444453577837760960e-01 6.013470017004516341e-154
6.717076810598974212e-01 1.725329343949472751e-47
6.989700043360188575e-01 9.162294273272385759e-72
