1.567664512068225602e-01 2.498949555866197869e+07
1.629199634779172068e-01 2.066581741562357545e+07
1.693818011304510651e-01 1.709453012025808543e+07
1.761717343011523496e-01 1.413935824312592484e+07
1.833113693454194726e-01 1.169052538230970688e+07
1.908153683928290600e-01 9.661782940416682512e+06
1.986985989013729526e-01 7.981780192530083470e+06
2.069790603689345698e-01 6.590617587435282767e+06
2.156784356062720343e-01 5.438717108001364395e+06
2.248226726162556866e-01 4.485025637815428898e+06
2.344393074286753309e-01 3.695561645833935589e+06
2.445474110028127701e-01 3.042896214724274818e+06
2.551658555877949208e-01 2.503903985885173082e+06
2.663165237040923117e-01 2.059203537207853515e+06
2.780246037236341894e-01 1.692459762969987933e+06
2.903188046586840931e-01 1.390175734639390372e+06
3.032309161946346587e-01 1.141100741522553144e+06
3.167864766875533311e-01 9.361316162305437028e+05
3.310054667246352111e-01 7.676252323942004004e+05
3.459102533908059440e-01 6.292203884185416391e+05
3.615259430501248650e-01 5.156123023352945456e+05
3.778803134707950928e-01 4.223928636101686279e+05
3.950035211849737271e-01 3.459502183974651271e+05
4.129264846789716392e-01 2.832719316007841844e+05
4.316712933613981451e-01 2.319037589232264145e+05
4.512559870247500049e-01 1.898443699134934286e+05
4.717003888329552308e-01 1.554267700695646636e+05
4.930258707885136205e-01 1.272662764042918134e+05
5.152547523301514998e-01 1.042267733924081840e+05
5.384092992943969591e-01 8.537499525115897995e+04
5.625098157468345628e-01 6.995349781378296029e+04
5.875678600999595380e-01 5.734167477827534458e+04
6.135897197203160625e-01 4.702073415917176317e+04
6.405821656186593271e-01 3.858118781186209526e+04
6.685520549076873209e-01 3.167672120047394856e+04
6.975054029472780304e-01 2.602413327242157175e+04
7.274459716670657050e-01 2.139607063301747985e+04
7.583732224818519052e-01 1.760579708366047271e+04
7.902794884106941753e-01 1.449832739706536813e+04
8.231519078101313669e-01 1.195170007492397599e+04
8.569753254281411436e-01 9.860613638900962542e+03
8.917310946066109301e-01 8.144613948946778692e+03
9.273950322719858308e-01 6.735050569275979797e+03
9.639346376190784937e-01 5.575779331588257264e+03
1.001305426154273759e+00 4.622570282889584632e+03
1.039467366292659456e+00 3.836921707379809959e+03
1.078421450850177488e+00 3.189388883791325497e+03
1.118152970002423974e+00 2.653953231843879166e+03
1.158608062777045200e+00 2.211403654974453275e+03
1.199678440479597041e+00 1.845406128565450672e+03
1.241183207366972407e+00 1.543304975888144099e+03
1.282848492921408567e+00 1.294236850889924881e+03
1.324325176179944386e+00 1.089267359286936880e+03
1.365308636227624328e+00 9.207276865442560165e+02
1.405562844137046241e+00 7.818892859692331285e+02
1.444931158740436761e+00 6.669634776847955209e+02
1.483352344095834718e+00 5.712427660871294393e+02
1.520834728474024455e+00 4.911038436116895696e+02
1.557324828407783190e+00 4.237214602005586244e+02
1.592761694516525717e+00 3.669004298914759374e+02
1.627104805697703327e+00 3.186859924610018879e+02
1.660336891649667024e+00 2.777111295787561858e+02
1.692452607695898337e+00 2.427482200435363779e+02
1.723434747593831640e+00 2.127699450376907464e+02
1.753265996560601891e+00 1.870030163185859635e+02
1.781930872107065689e+00 1.648230856296684692e+02
1.809414736373910593e+00 1.455368682317724449e+02
1.835704200148526199e+00 1.289366915558113647e+02
1.860788803246671952e+00 1.144213954243852669e+02
1.884660229826846445e+00 1.018262819310643152e+02
1.907311185319620073e+00 9.082163203219907643e+01
1.928734596370349497e+00 8.117187870088633872e+01
1.948926449210524714e+00 7.271143855056180882e+01
1.967886190215041520e+00 6.531484131952231564e+01
1.985615109651909904e+00 5.876643875855071286e+01
2.002115258828734312e+00 5.301214472006692091e+01
2.017389794237451017e+00 4.793170262635800327e+01
2.031445880431540729e+00 4.341859646522851079e+01
2.044293309486270527e+00 3.940954388465964797e+01
2.055943244429890182e+00 3.587407207277659893e+01
2.066407420451285226e+00 3.269588944059927371e+01
2.075699958247549048e+00 2.987793257300298677e+01
2.083838324549298626e+00 2.737981965512858906e+01
2.090841598181238936e+00 2.511273668957877447e+01
2.096729557479161343e+00 2.311033408227479669e+01
2.101522693147727328e+00 2.129192384564112572e+01
2.105244334077943869e+00 1.966951442641233783e+01
2.107919802607673976e+00 1.821181785278397314e+01
2.109575252491722619e+00 1.690152581980238722e+01
2.110237108783313609e+00 1.570911581798496748e+01
2.109933067788656746e+00 1.464243438023583543e+01
4.199557989650595626e-322 3.952525166729972353e-323
4.248964554234720280e-322 0.000000000000000000e+00
4.298371118818844934e-322 3.211426697968102537e-322
4.347777683402969589e-322 5.306706736527447011e-310
4.397184247987094243e-322 5.306706677379488901e-310
4.446590812571218898e-322 1.581010066691988941e-322
4.594810506323592861e-322 1.581010066691988941e-322
4.495997377155343552e-322 5.307970759713105682e-310
4.545403941739468206e-322 3.952525166729972353e-323
