1.645349885396985845e-01 2.195568020060713962e+07
1.705015542609425450e-01 1.841366732633001357e+07
1.767811735702102816e-01 1.541953800634098984e+07
1.833849155021777810e-01 1.289373287640254200e+07
1.903263758391237626e-01 1.076743730115484446e+07
1.976221114181131999e-01 8.980081154904395342e+06
2.052902072329713112e-01 7.480013246533962898e+06
2.133433797340693328e-01 6.223176514005765319e+06
2.217936028617994715e-01 5.172587501074051484e+06
2.306541930211341851e-01 4.295791086643832736e+06
2.399397005621593526e-01 3.565000159372078720e+06
2.496656198010889782e-01 2.956417275453121867e+06
2.598478643704190127e-01 2.450348235338302329e+06
2.705008288465881594e-01 2.029912818608413450e+06
2.816344983507368949e-01 1.681048983890087577e+06
2.932592292894309338e-01 1.391827909762862371e+06
3.053870815982578923e-01 1.152249626601871336e+06
3.180318328658256477e-01 9.539150586838102899e+05
3.312088490343661484e-01 7.895944664350274252e+05
3.449347707241751659e-01 6.536238182785009267e+05
3.592252359699034114e-01 5.411122174931609770e+05
3.740891703674512070e-01 4.479862005125702126e+05
3.895349232616901469e-01 3.710044658581903204e+05
4.055723451950155045e-01 3.073109393964546034e+05
4.222126149309967102e-01 2.546546781133359473e+05
4.394678493681544174e-01 2.110937141810999601e+05
4.573504409972720119e-01 1.750566892243849579e+05
4.758708506822086903e-01 1.452127208799948276e+05
4.950318086982714583e-01 1.205236452401721908e+05
5.148345350608166671e-01 1.000968060237020400e+05
5.352815912412873800e-01 8.317464280435581168e+04
5.563766583719825798e-01 6.915815687193613849e+04
5.781240688043217668e-01 5.754750352654376911e+04
6.005280232506282623e-01 4.791284098394913599e+04
6.235905134089746449e-01 3.992158746094918752e+04
6.473045152268654956e-01 3.328908625015024882e+04
6.716598775477548022e-01 2.777761440865736949e+04
6.966474100486896859e-01 2.320204360478705712e+04
7.222585602459210552e-01 1.939580894488836566e+04
7.484847570641034453e-01 1.623129179627811936e+04
7.753163901233101063e-01 1.359278879265211071e+04
8.027407450596145688e-01 1.139649795272352276e+04
8.307357046432470860e-01 9.563061500254520070e+03
8.592751817671040460e-01 8.034037482452763470e+03
8.883339091436398549e-01 6.755550298395430218e+03
9.178871084856585760e-01 5.688231419216117501e+03
9.479097430786478373e-01 4.794565028488397729e+03
9.783753808729294121e-01 4.046067340441461511e+03
1.009254147311931638e+00 3.418256406661550045e+03
1.040507111065818391e+00 2.891740945928834662e+03
1.072091556105404520e+00 2.449393310326715891e+03
1.103965881087298539e+00 2.077344721304182258e+03
1.136089245173801610e+00 1.764191304864967151e+03
1.168420747650047220e+00 1.500402592462796747e+03
1.200918201183350353e+00 1.277586397124813629e+03
1.233536095974824054e+00 1.089544379834352867e+03
1.266221377200671405e+00 9.307195695391133086e+02
1.298919028952366439e+00 7.960231906791118490e+02
1.331576138018342625e+00 6.818776537981827914e+02
1.364141522004957752e+00 5.851387105762443070e+02
1.396564868232682333e+00 5.027259688986725337e+02
1.428795526202762067e+00 4.328009485124269986e+02
1.460780541908448749e+00 3.729990942093965032e+02
1.492462049229123622e+00 3.221005011429708134e+02
1.523782897511184453e+00 2.786359657720585119e+02
1.554689373337305280e+00 2.413966016541600936e+02
1.585130705499499859e+00 2.095075899295818829e+02
1.615058189995475901e+00 1.822351364281271060e+02
1.644423994063470840e+00 1.587328712388826943e+02
1.673179354357866799e+00 1.384604627181639955e+02
1.701273893089244593e+00 1.210513638340815277e+02
1.728660527230935662e+00 1.060310155410327297e+02
1.755296676771388675e+00 9.303712719846741663e+01
1.781143692583821547e+00 8.180999596452880951e+01
1.806165951115177082e+00 7.206430829417220707e+01
1.830329685492642966e+00 6.360849495586612079e+01
1.853601568046413739e+00 5.624574531782220532e+01
1.875949597213880216e+00 4.983492140482974975e+01
1.897346301847700145e+00 4.424923533509127793e+01
1.917768915021484277e+00 3.936974663877882818e+01
1.937198673231791402e+00 3.504446402210429312e+01
1.955619930625696501e+00 3.137041265810267987e+01
1.973019047622694311e+00 2.807965209488380864e+01
1.989383671645349683e+00 2.519525928397902348e+01
2.004704483084178257e+00 2.265267334361971407e+01
2.018976488878910125e+00 2.041643876836500127e+01
2.032198652229451952e+00 1.843266974057346985e+01
2.044373190147894981e+00 1.668059134560944656e+01
2.055504740312773304e+00 1.512887194146758141e+01
2.065599434607403140e+00 1.375534885272671382e+01
2.074664979710922452e+00 1.253134649869898887e+01
2.082712225878583734e+00 1.143729674813465458e+01
2.089755180861620598e+00 1.046506181301853289e+01
2.095810475963503894e+00 9.596915323961669131e+00
2.100896766198447452e+00 8.821706856680501474e+00
2.105034024178975116e+00 8.127723287874260905e+00
2.108242676187438214e+00 7.503592755002864934e+00
2.110541445422059681e+00 6.944510399332850525e+00
2.111949391585091540e+00 6.441937295235766747e+00
2.112489481512336731e+00 5.988968009027577644e+00
