1.627985732538255181e-01 2.253451565588359907e+07
1.687180031597577123e-01 1.888938978257898241e+07
1.749496146265691610e-01 1.580986150378242694e+07
1.814990311206598206e-01 1.321585440249986202e+07
1.883773127508102940e-01 1.103465391002209485e+07
1.956029456734530991e-01 9.202270524846231565e+06
2.031958131663720579e-01 7.664635869890186936e+06
2.111701293143170011e-01 6.376766535221779719e+06
2.195403447521917517e-01 5.299896506387352943e+06
2.283212580027534078e-01 4.400884457524583675e+06
2.375272506618141821e-01 3.651450802325782366e+06
2.471706557836876594e-01 3.027629319804523606e+06
2.572624019865897838e-01 2.509125842077197973e+06
2.678148198792971169e-01 2.078606353559015552e+06
2.788419255127143059e-01 1.721387195164463716e+06
2.903593371556444924e-01 1.425183926211032551e+06
3.023823199410919926e-01 1.179693162808427121e+06
3.149222009836126213e-01 9.764019134037230397e+05
3.279908287117260235e-01 8.081248959164493717e+05
3.416015195049453279e-01 6.688869046638680156e+05
3.557687994033987833e-01 5.536702427139864303e+05
3.705071001424047328e-01 4.583594567859225790e+05
3.858263769629149409e-01 3.795308525985560264e+05
4.017358986569259383e-01 3.143451555500684772e+05
4.182461586364579764e-01 2.604349134002096253e+05
4.353685045478752347e-01 2.158501178559479886e+05
4.531141903298145923e-01 1.789660087055448093e+05
4.714898518639232816e-01 1.484489270485611341e+05
4.904995782204844557e-01 1.231996923406445421e+05
5.101485324550140144e-01 1.023012666053839203e+05
5.304426865522953172e-01 8.499764181654744607e+04
5.513881107883544797e-01 7.066296647618718271e+04
5.729868580297146075e-01 5.878480242678197828e+04
5.952359528307157310e-01 4.893611990680925373e+04
6.181328631385757388e-01 4.076848722002928844e+04
6.416755646065005481e-01 3.399069830348868709e+04
6.658618156415040401e-01 2.836229270160884698e+04
6.906862259465558207e-01 2.368495319944718722e+04
7.161367066302632978e-01 1.979687883504134516e+04
7.422004725925930302e-01 1.656191237084456225e+04
7.688648651854246285e-01 1.386907108418838470e+04
7.961165179326114005e-01 1.162464666078788287e+04
8.239392713574595906e-01 9.753979782918873752e+03
8.523096284231460595e-01 8.192473334280037307e+03
8.812022470480338487e-01 6.888545294641163309e+03
9.105921880092330278e-01 5.798966489751514928e+03
9.404542082183678930e-01 4.886913649601872748e+03
9.707612835462979817e-01 4.123176897705339798e+03
1.001479794468299378e+00 3.483013480871569755e+03
1.032572722913473795e+00 2.945854003012719659e+03
1.064003031692927648e+00 2.494860745274225337e+03
1.095732848801048043e+00 2.115482467864349928e+03
1.127722021966955257e+00 1.796273035986439936e+03
1.159924543531441588e+00 1.527254371501150217e+03
1.192291211409597373e+00 1.300405452975560138e+03
1.224774140129986311e+00 1.108767799021567726e+03
1.257326462446570092e+00 9.468385136080780740e+02
1.289901344955475260e+00 8.096927341897172710e+02
1.322447527384114974e+00 6.935022296668837498e+02
1.354909286588183770e+00 5.948747398654172684e+02
1.387233677519250863e+00 5.110755942083267769e+02
1.419371054940709476e+00 4.398123774044893821e+02
1.451274648037216508e+00 3.790703526843548730e+02
1.482912695655284496e+00 3.272202731164813940e+02
1.514270462108555426e+00 2.828567292064979597e+02
1.545304608685252656e+00 2.448702805801964928e+02
1.575925835683220644e+00 2.123330201164021958e+02
1.605985979177513290e+00 1.845353426394948428e+02
1.635292607129636977e+00 1.607521267549618926e+02
1.663694594121536641e+00 1.404215657068565690e+02
1.691071794030149400e+00 1.230625276902363225e+02
1.717327284821462463e+00 1.081720842413984514e+02
1.742386020989768136e+00 9.539249256399433818e+01
1.766161989921735120e+00 8.440113641078801265e+01
1.788584595248020603e+00 7.493770085415890492e+01
1.809638227443337355e+00 6.675226760070329135e+01
1.829367550214660909e+00 5.963881190471507665e+01
1.847828528667665893e+00 5.342174813747691076e+01
1.865053555498445315e+00 4.797909600045978351e+01
1.881074576466381654e+00 4.319086437544700630e+01
1.895924704253132642e+00 3.897003073088258418e+01
1.909638290036700603e+00 3.523896203940075367e+01
1.922248289526432341e+00 3.193199148380479002e+01
1.933781596225505162e+00 2.899054128766104910e+01
1.944256658769400792e+00 2.637359784518027794e+01
1.953684415989854983e+00 2.404457483351926683e+01
1.962079598711284678e+00 2.196245336478647303e+01
1.969459363797926521e+00 2.010484913857377265e+01
1.975840376050058689e+00 1.843995449820182131e+01
1.981238034968047179e+00 1.694752853917212221e+01
1.985669335811758751e+00 1.561002013918729503e+01
1.989153895423348084e+00 1.440642381498822999e+01
1.991712013965275085e+00 1.332424053642187722e+01
1.993363824025799813e+00 1.234992523789712315e+01
1.994128897574111603e+00 1.147255880732893019e+01
1.994028212786272514e+00 1.067878058137135255e+01
4.743030200075966824e-322 5.307970825497995832e-310
4.792436764660091479e-322 3.952525166729972353e-323
4.841843329244216133e-322 3.952525166729972353e-321
4.891249893828340787e-322 2.371515100037983412e-322
