1.557198865408412070e-01 2.556802601846291497e+07
1.618394766381738570e-01 2.109700937309594080e+07
1.682705551478730910e-01 1.741393081422807276e+07
1.750293300198376423e-01 1.437853169989599474e+07
1.821328706620131410e-01 1.187304446755999513e+07
1.895992143695043042e-01 9.802628605020726100e+06
1.974472866620352041e-01 8.090639414645364508e+06
2.056967910403490474e-01 6.674671567713970318e+06
2.143682110240288097e-01 5.503714677573822439e+06
2.234827879209973500e-01 4.535557645354899578e+06
2.330625256604834106e-01 3.735462196287453640e+06
2.431301935052083418e-01 3.074567175008574501e+06
2.537092881737202932e-01 2.529031399431078229e+06
2.648238797052664406e-01 2.078991092653703177e+06
2.764985238142405599e-01 1.708011841236430453e+06
2.887582284114066922e-01 1.402436314281889470e+06
3.016284114398563032e-01 1.150911278492866782e+06
3.151348466927412217e-01 9.440172025276098866e+05
3.293036109238434150e-01 7.739631902126409113e+05
3.441609815958613372e-01 6.342945836874727393e+05
3.597331797519431329e-01 5.196407261929373490e+05
3.760461587705877795e-01 4.255877996083184844e+05
3.931254729600319187e-01 3.484772270828451146e+05
4.109961492166277486e-01 2.852877505310889683e+05
4.296825376270449470e-01 2.335333211411987431e+05
4.492081518608968538e-01 1.911619151867014880e+05
4.695954944589763036e-01 1.564834900660103885e+05
4.908658714980330684e-01 1.281136494471009937e+05
5.130391996578389513e-01 1.049048490771682118e+05
5.361337911157735281e-01 8.591982281716498255e+04
5.601661326765495774e-01 7.039260035829378467e+04
5.851506486256361494e-01 5.769369744385446393e+04
6.110994522858409495e-01 4.730914052484082640e+04
6.380220941653360622e-01 3.881295411232243350e+04
6.659253036947504478e-01 3.186282428800644993e+04
6.948127074663087432e-01 2.617377240741767673e+04
7.246845650647865122e-01 2.151675396966034532e+04
7.555374902489264688e-01 1.770279279088311159e+04
7.873641970024181092e-01 1.457738767816158361e+04
8.201532388223684578e-01 1.201507104388230800e+04
8.538887674160295926e-01 9.913359366127686371e+03
8.885502916059349054e-01 8.188102031504394290e+03
9.241125230029009208e-01 6.770760994279749866e+03
9.605454040078837963e-01 5.605611066726284662e+03
9.978141040121160099e-01 4.646910984490972623e+03
1.035878908290557954e+00 3.857498036566649262e+03
1.074695158911913806e+00 3.206424817985843220e+03
1.114213197106848074e+00 2.669237856645656848e+03
1.154378382872030873e+00 2.225528796469607641e+03
1.195131114456757349e+00 1.858524984562846612e+03
1.236407026793252317e+00 1.554538500919127955e+03
1.278137325055005880e+00 1.302518269972394137e+03
1.320249041233174214e+00 1.093258945571801405e+03
1.362665261693058572e+00 9.193294730186834158e+02
1.405305401919833885e+00 7.744879520070217040e+02
1.448085523922860940e+00 6.537417857700611421e+02
1.490918696515089570e+00 5.528971300195212280e+02
1.533715430377490252e+00 4.685927374573221300e+02
1.576384425478819074e+00 3.979312912745598965e+02
1.618833181170039826e+00 3.386793755569142377e+02
1.660968527609051781e+00 2.888566398205150563e+02
1.702697116256896459e+00 2.469288962036731618e+02
1.743925929448580270e+00 2.115630282700269333e+02
1.784562796865487355e+00 1.816803434633178824e+02
1.824516960626163309e+00 1.563959663233603976e+02
1.863699810567458925e+00 1.349526223649369285e+02
1.902025506896281470e+00 1.167353513073224178e+02
1.939411452607020525e+00 1.012267788362306646e+02
1.975778760390630717e+00 8.800253181131691349e+01
2.011052631188369411e+00 7.670371834660869581e+01
2.045162753080472573e+00 6.703239776541622064e+01
2.078043655149677260e+00 5.873083856815893000e+01
2.109635142907921423e+00 5.159538939262597523e+01
2.139882537048875211e+00 4.545519576977918064e+01
2.168736877145653441e+00 4.015039802441897621e+01
2.196155057199950189e+00 3.556315470236737042e+01
2.222099945266069021e+00 3.158795579589594027e+01
2.246540393805891878e+00 2.813728533873287319e+01
2.269451320479643375e+00 2.513204470079757868e+01
2.290813714003908430e+00 2.251692497404374294e+01
2.310614454437573517e+00 2.022762886940881444e+01
2.328846296712459907e+00 1.822682127971734545e+01
2.345507625844209354e+00 1.647072024973782689e+01
2.360602301447750850e+00 1.492599649545053886e+01
2.374139368092945901e+00 1.356485368124747382e+01
2.386132770923202973e+00 1.236871275657682112e+01
2.396601086243756562e+00 1.130680028057730269e+01
2.405567287619974959e+00 1.036732025233501808e+01
2.413058436326299017e+00 9.535711507029697387e+00
2.419105351559156958e+00 8.794266861284125270e+00
2.423742227622891932e+00 8.133751365739131600e+00
2.427006384753297219e+00 7.547314135520133860e+00
2.428937877712306737e+00 7.023039312887904728e+00
2.429579291157593968e+00 6.550222941848587332e+00
2.428975421167141935e+00 6.132061920876958894e+00
4.495997377155343552e-322 5.306706726073808450e-310
4.545403941739468206e-322 1.581010066691988941e-322
4.594810506323592861e-322 1.581010066691988941e-322
4.693623635491842170e-322 5.307970868191739893e-310
4.644217070907717515e-322 3.952525166729972353e-323
