1.566899945488931245e-01 2.505550507025854290e+07
1.628627220208402893e-01 2.070488237974002585e+07
1.693539882355707682e-01 1.711184796832926199e+07
1.761779045291187729e-01 1.414156926863604784e+07
1.833478990658764796e-01 1.168501756332240812e+07
1.908754521615126931e-01 9.653572245266992599e+06
1.987694991834643155e-01 7.974462513158336282e+06
2.070391485908835982e-01 6.587174651689968072e+06
2.156946422733014568e-01 5.441244596025863662e+06
2.247472240410967048e-01 4.494818408655222505e+06
2.342088966554885798e-01 3.713231972734057810e+06
2.440919900409795340e-01 3.067826454537491780e+06
2.544084778713400219e-01 2.534868168908264488e+06
2.651682378467278833e-01 2.094909308978212532e+06
2.763754483790712424e-01 1.731860755377392983e+06
2.880342279955139806e-01 1.432385651224799221e+06
3.001516245886663992e-01 1.185289312034063041e+06
3.127384197808072974e-01 9.813065368585980032e+05
3.258100491446234703e-01 8.127852747732292628e+05
3.393876787655273342e-01 6.734225634690738516e+05
3.534987076051527843e-01 5.580451151180146262e+05
3.681628548130361778e-01 4.624951781033283332e+05
3.833899676538995993e-01 3.833896822760875802e+05
3.991915048984432945e-01 3.178942754572986742e+05
4.155810293327735772e-01 2.636611823703233968e+05
4.325740693897252576e-01 2.187368837087809807e+05
4.501877715539325253e-01 1.815159447278738953e+05
4.684402688299361128e-01 1.506610143031137704e+05
4.873475061883075221e-01 1.250801412806439621e+05
5.069155825790075953e-01 1.038762679913350876e+05
5.271489842320515873e-01 8.630026261568893096e+04
5.480533059608887481e-01 7.172986770479730330e+04
5.696347813776467817e-01 5.964862271423557831e+04
5.918994799094892123e-01 4.962623384628625354e+04
6.148520893781063146e-01 4.130985845776031056e+04
6.384941575413016768e-01 3.440689407733585540e+04
6.628205977429670881e-01 2.867600603632676939e+04
6.878203769506511245e-01 2.391667672696359659e+04
7.134823434548894783e-01 1.996332454994621730e+04
7.397954015997734167e-01 1.667776394132215864e+04
7.667477185650017901e-01 1.394491466678074903e+04
7.943255250498055808e-01 1.167081725973312314e+04
8.225114199671298421e-01 9.776693204871926355e+03
8.512821939907563307e-01 8.198723501183310873e+03
8.806100876252790366e-01 6.882368139180083745e+03
9.104667833848408831e-01 5.784090734871670065e+03
9.408221986245340895e-01 4.866697569841939185e+03
9.716429310368378536e-01 4.099857667056273385e+03
1.002890240584427106e+00 3.458092278640876884e+03
1.034517400397492626e+00 2.920752982190064358e+03
1.066466328255280427e+00 2.470603838005865782e+03
1.098662882336969959e+00 2.093170911349549442e+03
1.131019734783661024e+00 1.776531238452430671e+03
1.163457113201004756e+00 1.510729558885801907e+03
1.195910680864870512e+00 1.287261252908572260e+03
1.228335526624031893e+00 1.098883719804980046e+03
1.260710453688022259e+00 9.397771147723916556e+02
1.293042830764667750e+00 8.048823510992260708e+02
1.325397831115067371e+00 6.901527410649123340e+02
1.358082861556595411e+00 5.916229608689875477e+02
1.391449580001082431e+00 5.064231067347490125e+02
1.425679846112256399e+00 4.326621125654316984e+02
1.460698950512535843e+00 3.691434147217983650e+02
1.496073061269258098e+00 3.150875673617651955e+02
1.530911362086995853e+00 2.699364517162985635e+02
1.563825049728581940e+00 2.331295856205883581e+02
1.589379112216571244e+00 2.070672912535508772e+02
1.605373186214643422e+00 1.898402394528041555e+02
1.619952239025874929e+00 1.738494680057289941e+02
1.634063958702890451e+00 1.586095151654714073e+02
1.648123217716698674e+00 1.444296633846604720e+02
1.662453965333207329e+00 1.308418054426259971e+02
1.677336272014075869e+00 1.179774587382995037e+02
1.693016197521744814e+00 1.058117140785056733e+02
1.709699722238142483e+00 9.438142636241956041e+01
1.727534617200440881e+00 8.372366321557048252e+01
1.746580404177322743e+00 7.388141693551780520e+01
1.766766557261585158e+00 6.491181220183224809e+01
1.787841601545740122e+00 5.687025985690398500e+01
1.809393826050490262e+00 4.976708705426506896e+01
1.831189230910743371e+00 4.354755877620583249e+01
1.853105383340750034e+00 3.810197327842427484e+01
1.875036436348911817e+00 3.335066598341850153e+01
1.896881913317861379e+00 2.920784503382543562e+01
1.918540548678796975e+00 2.560221323914502989e+01
1.939905082314899776e+00 2.247155849504965985e+01
1.960857942719975933e+00 1.975090161206462369e+01
1.981266341510114826e+00 1.739538115381838423e+01
2.000978090364645912e+00 2.827629100425004793e+01
2.019817270149290689e+00 1.359973988157700298e+01
2.037592753977746529e+00 1.208350270966149331e+01
2.054154360485280773e+00 1.078078267522096212e+01
2.069389406024273459e+00 9.655947773259518030e+00
2.083212791992561819e+00 8.689302405507252303e+00
2.095566567282724169e+00 7.851057510481497914e+00
2.106419714304227586e+00 7.126829961456222051e+00
2.115767536146706096e+00 6.496485025267241475e+00
2.123629763733693832e+00 5.949978855316671478e+00
2.130030454890507574e+00 5.469852412432552491e+00
2.134990248624655695e+00 5.051477449992194835e+00
