1.665988631483050209e-01 2.228693297952495143e+07
1.723316697734455505e-01 1.870911431854504719e+07
1.783934349311849243e-01 1.567484066635992564e+07
1.848001911076267156e-01 1.310856016902568191e+07
1.915672722820060125e-01 1.094285991916470416e+07
1.987080100464569954e-01 9.121327440915655345e+06
2.062328341786456298e-01 7.592231690198272467e+06
2.141525470471431492e-01 6.311332607927407138e+06
2.224789671319241935e-01 5.241943791516798548e+06
2.312242822146126642e-01 4.350151817061388865e+06
2.404004923285345818e-01 3.607393276418125723e+06
2.500185475803921031e-01 2.989962470650588628e+06
2.600870852626096519e-01 2.477077898132575210e+06
2.706104027127780864e-01 2.051958907634661999e+06
2.815892037959934480e-01 1.699894370268495288e+06
2.930261203562736783e-01 1.408709828928134404e+06
3.049275085574805755e-01 1.167640462553146761e+06
3.173046857510130603e-01 9.680888781529715052e+05
3.301753998017313285e-01 8.029303776790333213e+05
3.435655334860915344e-01 6.659583613876557210e+05
3.575006092087641418e-01 5.523251204877373530e+05
3.719925026789903111e-01 4.581522769675016752e+05
3.870530842690654283e-01 3.800619092530768830e+05
4.026962858170022863e-01 3.153506392283531022e+05
4.189379742244467297e-01 2.617396220454083523e+05
4.357955893154255578e-01 2.172007766027203470e+05
4.532874880104056925e-01 1.802970612867074960e+05
4.714282383218866279e-01 1.496833929866679537e+05
4.902241954336444274e-01 1.242976095007192635e+05
5.096818338122912628e-01 1.032594949623138527e+05
5.298087858181488308e-01 8.581226774362748256e+04
5.506133367745078555e-01 7.133422067555469403e+04
5.721035647950374337e-01 5.933431594239167316e+04
5.942860515003399735e-01 4.937483966796805180e+04
6.171630765443045785e-01 4.109905100581474835e+04
6.407296802886851550e-01 3.423812251328209095e+04
6.649797201368404798e-01 2.853736089839028864e+04
6.899070288413473584e-01 2.380885276650473315e+04
7.155045588912218868e-01 1.987060504801927527e+04
7.417631028229989543e-01 1.660272236775640704e+04
7.686694526469790567e-01 1.388235397849822948e+04
7.962040550050496490e-01 1.161835559018155982e+04
8.243413316110443922e-01 9.733461158844776946e+03
8.530546437475681198e-01 8.163749439451317812e+03
8.823171234591483669e-01 6.853737797303981097e+03
9.121009021396591088e-01 5.762175652361914217e+03
9.423759108555863628e-01 4.849953552965488598e+03
9.731082408248987736e-01 4.086457536553630234e+03
1.004257918221665546e+00 3.448117981849555235e+03
1.035778313124681382e+00 2.913554044185723342e+03
1.067621733138410800e+00 2.464720425259904914e+03
1.099741558386757800e+00 2.088358137668326890e+03
1.132091899997609730e+00 1.772847116266101011e+03
1.164626826996894682e+00 1.506455240607308042e+03
1.197299263491145904e+00 1.282321000640994043e+03
1.230059093527900549e+00 1.093172950621370774e+03
1.262848871590854127e+00 9.338210056070473684e+02
1.295609552635873740e+00 7.982777552418990581e+02
1.328285326540414868e+00 6.843920709278922914e+02
1.360823588079312918e+00 5.869862256826634166e+02
1.393174515065071395e+00 5.047099183686405581e+02
1.425290330230983171e+00 4.346863870413562836e+02
1.457123118788581362e+00 3.748269521709897845e+02
1.488617935687782667e+00 3.239378742690694821e+02
1.519719653223357447e+00 2.804934647643045196e+02
1.550377095857877752e+00 2.431710661475277391e+02
1.580542666800330842e+00 2.111198010453848042e+02
1.610171654292056775e+00 1.837199023904784667e+02
1.639221187417692960e+00 1.601773722582390462e+02
1.667648273900157907e+00 1.398731912172353020e+02
1.695408601259595471e+00 1.224174158807617800e+02
1.722460333756284712e+00 1.072690865867655816e+02
1.748764401855459338e+00 9.419389637840050966e+01
1.774283506969156488e+00 8.285801295950398071e+01
1.798980795140583844e+00 7.304422032655983799e+01
1.822818327286699125e+00 6.062717487621477375e+01
1.845759498369679230e+00 5.710507030868475198e+01
1.867775284518391921e+00 5.064044883295768784e+01
1.888840298546179408e+00 4.496937739382087784e+01
1.908930742230545041e+00 4.004415934831896351e+01
1.928022970456338969e+00 3.574385171270146344e+01
1.946091873881997891e+00 3.194410907171413427e+01
1.963109792508705764e+00 2.862615636435701916e+01
1.979055712082654850e+00 2.570109536626963376e+01
1.993919377120817904e+00 2.314918285723141267e+01
2.007693825882449268e+00 2.088294142405687026e+01
2.020373334713726265e+00 1.887571415022543420e+01
2.031952066587182859e+00 1.711069503782336554e+01
2.042422564100144555e+00 1.554135503395209206e+01
2.051777615719777792e+00 1.415758803868515336e+01
2.060020620735977026e+00 5.451550269719981401e+01
2.067161267636325128e+00 1.183550602102576299e+01
2.073211701501987303e+00 1.086672878143344789e+01
2.078185115449182607e+00 9.997255240372762586e+00
2.082094721757755451e+00 9.223140732894311355e+00
2.084953235396593829e+00 8.532447559152272376e+00
2.086776209975065743e+00 7.914039051988592810e+00
2.087584608797115049e+00 7.361836933950939077e+00
2.087404272196266675e+00 6.865679150944798081e+00
4.594810506323592861e-322 5.582941798006085949e-322
