1.589412611601528080e-01 2.465861154123539850e+07
1.652667762240832283e-01 2.017126781744859368e+07
1.718876381676548992e-01 1.655401396242340282e+07
1.788098076554249793e-01 1.362095949725650810e+07
1.860436535716539774e-01 1.122740129547598213e+07
1.935991703000668196e-01 9.271981750800224021e+06
2.014854625943819366e-01 7.662889973300739191e+06
2.097139942467453610e-01 6.336787460824400187e+06
2.182976826481076438e-01 5.245111597866294906e+06
2.272486184426691092e-01 4.346403852535598911e+06
2.365788354821155570e-01 3.599602392541369889e+06
2.463001450217841837e-01 2.983483494311183691e+06
2.564196271564789797e-01 2.473939817601159681e+06
2.669237209874542049e-01 2.053537025016651722e+06
2.777953557222009318e-01 1.705411721630159533e+06
2.890226945074966247e-01 1.419591276597901015e+06
3.006018217418259253e-01 1.181668738820850849e+06
3.125397977867734323e-01 9.851959455689617898e+05
3.248483067004818148e-01 8.226889394366289489e+05
3.375320625013414344e-01 6.870992006851080805e+05
3.505936154183345033e-01 5.747789078923055204e+05
3.640328083877514831e-01 4.810514452996992040e+05
3.778459369329127959e-01 4.034666409439776326e+05
3.920313376085702850e-01 3.382408629701104364e+05
4.065889694203627669e-01 2.840221125755039975e+05
4.215173370729322633e-01 2.387772917480714677e+05
4.368129861939152314e-01 2.010737240793673554e+05
4.524741334300511619e-01 1.692308797091208107e+05
4.684992335645601913e-01 1.426602085501087713e+05
4.848846198150849052e-01 1.205521362981041457e+05
5.016263521974092532e-01 1.016712323166784481e+05
5.187218008417705528e-01 8.600571024905587547e+04
5.361663755573368162e-01 7.280597576828415913e+04
5.539548487670172827e-01 6.167848169310113008e+04
5.720830064622415279e-01 5.233174180601857370e+04
5.905445279176885220e-01 4.433107439967020764e+04
6.093332630940393457e-01 3.765919397044024663e+04
6.284428247008637669e-01 3.207956642029625800e+04
6.478651550344126653e-01 2.730309468584223214e+04
6.675928883939278302e-01 2.321094517420365082e+04
6.876168145293048983e-01 1.982650039284942613e+04
7.079279985291113686e-01 1.691646645128225282e+04
7.285161166973285196e-01 1.443589210184438161e+04
7.493706599611628105e-01 1.233000812557627614e+04
7.704799614210631198e-01 1.055061913647928304e+04
7.918320557835573092e-01 9.039924137643321956e+03
8.134137649294332917e-01 7.746064772966195051e+03
8.352116096179442728e-01 6.646277458943162856e+03
8.572109846664734967e-01 5.703971624969095501e+03
8.793967156632443993e-01 4.894930321587167782e+03
9.017528705675591505e-01 4.211340927880437448e+03
9.242626304648761115e-01 3.627716500355901644e+03
9.469085547843421047e-01 3.123513152045341030e+03
9.696724377428335151e-01 2.694486592480919626e+03
9.925353329063897334e-01 2.326826382775233469e+03
1.015477603580037025e+00 2.005362091840585208e+03
1.038478952087792617e+00 1.737740921987000775e+03
1.061518469895127215e+00 1.501854146284327953e+03
1.084574599429107611e+00 1.301188024042593497e+03
1.107625269995166306e+00 1.127544747994988029e+03
1.130647855292137294e+00 9.776164921642783838e+02
1.153619280815818549e+00 8.491512751583170484e+02
1.176516053403568351e+00 7.387503143140598922e+02
1.199314319979923882e+00 6.430211631660365583e+02
1.221989939127171798e+00 5.596149234359967295e+02
1.244518569200506297e+00 4.873811428756824853e+02
1.266875655130051515e+00 4.254256823821025932e+02
1.289036594566210558e+00 3.719623710242767629e+02
1.310976790242848855e+00 3.252567138090072945e+02
1.332671701642609730e+00 2.847164832511955410e+02
1.354096915655160327e+00 2.494955532969787839e+02
1.375228310538214815e+00 2.186144691510760083e+02
1.396042044896485423e+00 1.919633615933556712e+02
1.416514665946501106e+00 1.688346464415669175e+02
1.436623256809864024e+00 1.485357581104656788e+02
1.456345445196565391e+00 1.306619981769403296e+02
1.475659528116387786e+00 1.154487523132900293e+02
1.494544551111430808e+00 1.017710897012033939e+02
1.512980331546760482e+00 9.007532547041931537e+01
1.530947651612349247e+00 7.976433813663892636e+01
1.548428212481222088e+00 7.067280582136157818e+01
1.565404788341923981e+00 6.257424867893143272e+01
1.581861220456604489e+00 5.561659913989720394e+01
1.597782569334610159e+00 4.949961184746131693e+01
1.613155067404258736e+00 4.402860997191693571e+01
1.627966232172035177e+00 3.930822594940944725e+01
1.642204929406023473e+00 3.506693921960091131e+01
1.655861320674930193e+00 3.138551728257715823e+01
1.668927025656147034e+00 2.810678517095024631e+01
1.681394968439450688e+00 2.512912691830636547e+01
1.693259569719371083e+00 2.256662083998083901e+01
1.704516689375488170e+00 2.029660987106668912e+01
1.715163604307712975e+00 1.827423976780877268e+01
1.725198938639894930e+00 1.641977618781346493e+01
1.734622872292538753e+00 1.486254253058979735e+01
1.743436936307871443e+00 1.344926540228252065e+01
1.751643133113576445e+00 1.215014055048499131e+01
1.759227710018636204e+00 1.104343454561341176e+01
1.766157575051822581e+00 1.000950614895455715e+01
1.772398112151871707e+00 9.128017544345771839e+00
