1.589412611601528080e-01 2.465861154123539850e+07
1.652667762240832283e-01 2.017126781744859368e+07
1.718876381676548992e-01 1.655401396242340282e+07
1.788098076554249793e-01 1.362095949725650810e+07
1.860436535716539774e-01 1.122740129547598213e+07
1.935991703000668196e-01 9.271981750800224021e+06
2.014854625943819366e-01 7.662889973300739191e+06
2.097139942467453610e-01 6.336787460824400187e+06
2.182976826481076438e-01 5.245111597866294906e+06
2.272486184426691092e-01 4.346403852535598911e+06
2.365788392618834168e-01 3.599630077810707502e+06
2.463001849946891697e-01 2.983636434989216272e+06
2.564194636866832799e-01 2.474083840166884009e+06
2.669241514376076152e-01 2.054547104819389991e+06
2.778044592153767756e-01 1.705186651131558465e+06
2.890653622534347655e-01 1.418734672020684462e+06
3.007301321081536916e-01 1.180407587107051862e+06
3.128217141168827542e-01 9.818077837067155633e+05
3.253558555512710559e-01 8.172065038387699751e+05
3.383436669240865169e-01 6.805987623210775200e+05
3.517931399672555304e-01 5.672886462316400139e+05
3.657158030087918066e-01 4.726669933700059773e+05
3.801222487847089049e-01 3.944816675974832033e+05
3.950214103149878309e-01 3.290346173745897249e+05
4.104240333963845022e-01 2.744970693929967238e+05
4.263394900285339406e-01 2.292208985932773503e+05
4.427760679638478303e-01 1.914071197624345950e+05
4.597431248390057013e-01 1.598672731086603017e+05
4.772478724222919966e-01 1.336359320541025081e+05
4.952979826205116121e-01 1.117153944385194627e+05
5.138999767818505093e-01 9.343103650617635867e+04
5.330595692077678693e-01 7.829710936678858707e+04
5.527819666803313048e-01 6.543243577171860670e+04
5.730710596921588795e-01 5.483148832961310836e+04
5.939301250568949087e-01 4.594836633690632880e+04
6.153611500021048952e-01 3.851812148361356958e+04
6.373650493996416699e-01 3.234350234395122970e+04
6.599416831884781232e-01 2.713784498820508088e+04
6.830893167273811573e-01 2.281641106418953859e+04
7.068052260347946758e-01 1.916735202263976316e+04
7.310850353990409056e-01 1.613449754374507393e+04
7.559228736139403937e-01 1.355634714313968107e+04
7.813114483786328668e-01 1.141007596036041105e+04
8.072417745009223822e-01 9.625400197923012456e+03
8.337031423499258187e-01 8.108966014565667138e+03
8.606831581608445081e-01 6.850082948585742088e+03
8.881676539199856446e-01 5.781026103410710675e+03
9.161406167517855970e-01 4.881994051822356596e+03
9.445842072700478820e-01 4.128161098206246606e+03
9.734786835651521031e-01 3.497880922978741182e+03
1.002802433817068684e+00 2.962627109450400894e+03
1.032531937729229243e+00 2.512097567064020950e+03
1.062641789125362335e+00 2.129560091349652339e+03
1.093104718059429992e+00 1.809222216232291203e+03
1.123891570359592418e+00 1.538880701525145241e+03
1.154971442070110488e+00 1.308404834375156952e+03
1.186311651810358470e+00 1.115471992597419103e+03
1.217877848556333298e+00 9.502475975706457803e+02
1.249634061163438448e+00 8.105413819929336796e+02
1.281542848020006398e+00 6.931683093081536526e+02
1.313565333061800233e+00 5.934072666175962922e+02
1.345661387851648350e+00 5.084522152611195907e+02
1.377789735197420429e+00 4.354410961206240245e+02
1.409908073694619679e+00 3.738767263398177647e+02
1.441973290180793343e+00 3.212168584537338347e+02
1.473941587493590610e+00 2.762824371717876488e+02
1.505768666773179332e+00 2.379530082496854959e+02
1.537409940153164900e+00 2.051922198300501918e+02
1.568820656997015783e+00 1.771535341202468601e+02
1.599956166967526405e+00 1.533067056416964533e+02
1.630772120703907424e+00 1.325081540039915353e+02
1.661224615517952419e+00 1.150483099980392581e+02
1.691270475572572041e+00 9.986722257189667573e+01
1.720867377626696060e+00 8.677275161238014789e+01
1.749974154002271520e+00 7.566604232487031823e+01
1.778550824777688000e+00 6.589591202180274365e+01
1.806559001227668881e+00 5.756362446844617864e+01
1.833961885533786917e+00 5.032716233924849547e+01
1.860724551980039720e+00 4.402354656800965671e+01
1.886814050585902347e+00 3.870165106406513900e+01
1.912199545923645605e+00 3.395421710839192286e+01
1.936852520615790052e+00 2.989508623099842310e+01
1.960746847491413591e+00 2.641569938224383307e+01
1.983858817870922886e+00 2.324962454470749407e+01
2.006166209640634968e+00 2.064677678978157616e+01
2.027620453257482414e+00 1.826655538486192398e+01
2.048138720077809616e+00 1.626549581558354873e+01
2.067639029214126456e+00 1.446651452973643082e+01
2.086046413706318603e+00 1.291415297962689124e+01
2.103294767042408697e+00 1.156552035090282970e+01
2.119327795314595697e+00 1.037140026081093325e+01
2.134099356268932990e+00 9.346169366583282567e+00
2.147573628400038626e+00 8.443931748125519832e+00
2.159724556294448039e+00 7.671969843253552135e+00
2.170535798025261087e+00 6.976236990451249120e+00
2.180000061790609678e+00 6.375054253969717699e+00
2.188118504515783602e+00 5.828882158572143979e+00
2.194900115050735234e+00 5.372414994433706958e+00
2.200360922157062138e+00 4.939952058714177419e+00
2.204523524190226347e+00 4.580453054780871724e+00
