1.589412611601528080e-01 2.465861154123539850e+07
1.652667762240832283e-01 2.017126781744859368e+07
1.718876381676548992e-01 1.655401396242340282e+07
1.788098076554249793e-01 1.362095949725650810e+07
1.860436535716539774e-01 1.122740129547598213e+07
1.935991703000668196e-01 9.271981750800224021e+06
2.014854625943819366e-01 7.662889973300739191e+06
2.097139942467453610e-01 6.336787460824400187e+06
2.182976826481076438e-01 5.245111597866294906e+06
2.272486184426691092e-01 4.346403852535598911e+06
2.365788441397772834e-01 3.599508905454113614e+06
2.463002365809406902e-01 2.983477079708085861e+06
2.564192118326478753e-01 2.474051826554168947e+06
2.669243206060610829e-01 2.054513640977864852e+06
2.778147877624613793e-01 1.705046911839054897e+06
2.891159822314235406e-01 1.417713224634657614e+06
3.008645894167895074e-01 1.177520677739010425e+06
3.130867846191344728e-01 9.789926716096891323e+05
3.258014781268714910e-01 8.134026695026902016e+05
3.390259473376233124e-01 6.755107027555779787e+05
3.527802102960486685e-01 5.613409598536533304e+05
3.670822154823499273e-01 4.661964720384685788e+05
3.819511039814619813e-01 3.873589980131883640e+05
3.974052237623509343e-01 3.217274150745686493e+05
4.134621863543994635e-01 2.674454846023478894e+05
4.301400072369371275e-01 2.220135037968360994e+05
4.474551813125420274e-01 1.845312251280372438e+05
4.654245973844184925e-01 1.532648997802442173e+05
4.840635907967686391e-01 1.271020075972907944e+05
5.033874408026532965e-01 1.057263222141395818e+05
5.234100489954759405e-01 8.773722709625022253e+04
5.441446119289428118e-01 7.294439333213036298e+04
5.656032520953456766e-01 6.058631205285414762e+04
5.877966880984282216e-01 5.036187013695805217e+04
6.107346079941763373e-01 4.184720165276453918e+04
6.344251393285034180e-01 3.478867444395998609e+04
6.588748311348325837e-01 2.896816170776187573e+04
6.840886465816591322e-01 2.408775217569011147e+04
7.100697589682236632e-01 2.005008266383219961e+04
7.368194055329129188e-01 1.670971922075079419e+04
7.643367745029296945e-01 1.393298318722656040e+04
7.926189072509538525e-01 1.161761340452916738e+04
8.216605869357092029e-01 9.684959770003135418e+03
8.514542075122762954e-01 8.086468343377871861e+03
8.819896610369840628e-01 6.748522762804759623e+03
9.132542747251002346e-01 5.640929856750160980e+03
9.452326726474752361e-01 4.722431633355377926e+03
9.779067708816513438e-01 3.953530837062702176e+03
1.011255616857782647e+00 3.311549507580031786e+03
1.045255422715554161e+00 2.776258366105981622e+03
1.079879464299162484e+00 2.329149541959858652e+03
1.115098155059629503e+00 1.957135246214930021e+03
1.150878929635929193e+00 1.647679168402683899e+03
1.187186343566634772e+00 1.386633816937664960e+03
1.223982116575488277e+00 1.166123630942299542e+03
1.261225140915879450e+00 9.835528396326516258e+02
1.298871617392767019e+00 8.304311633259366090e+02
1.336875158437215161e+00 7.024831205707063191e+02
1.375186894213459521e+00 5.946695905187464177e+02
1.413755640087923870e+00 5.036793775458202731e+02
1.452528097034528454e+00 4.273520612477956320e+02
1.491449043826598153e+00 3.629895128549872538e+02
1.530461543345742248e+00 3.084368146579715244e+02
1.569507193228165898e+00 2.630737114676236956e+02
1.608526373765596595e+00 2.241147953617380608e+02
1.647458619129871904e+00 1.913595300693107220e+02
1.686242782894022518e+00 1.637799604664660649e+02
1.724817368015927999e+00 1.401472546699023098e+02
1.763120944049207051e+00 1.202832002564135223e+02
1.801092352755366388e+00 1.033888604792586960e+02
1.838671079282871768e+00 8.898074993264850718e+01
1.875797594653681566e+00 7.669245155947457704e+01
1.912413646942960677e+00 6.623008421182591121e+01
1.948462564880152348e+00 5.718733510889717309e+01
1.983889614373976595e+00 4.957703204604649727e+01
2.018642236590979966e+00 4.300083414723983566e+01
2.052670298350492750e+00 3.741331863619891607e+01
2.085926153455833987e+00 3.256334362971441010e+01
2.118337556363671048e+00 2.841217445277832709e+01
2.149781320335509172e+00 2.484278829930501686e+01
2.180131710674501733e+00 2.178801178050138887e+01
2.209271968377063189e+00 1.916731788695587824e+01
2.237096439936048675e+00 1.690482541081608758e+01
2.263511579014875430e+00 1.497971814862192552e+01
2.288436815497684851e+00 1.327042968401238809e+01
2.311804664834871126e+00 1.180962929601249023e+01
2.333560562150371887e+00 1.056931343190448125e+01
2.353662693428528296e+00 9.473283668176859962e+00
2.372081270911388984e+00 8.515174113333214834e+00
2.388798278448851065e+00 7.706772850795077900e+00
2.403806416804844304e+00 6.988118540333914552e+00
2.417108556418531506e+00 6.348054777306925800e+00
2.428716804068485224e+00 5.806372837208305882e+00
2.438651832649723072e+00 5.321285010504283264e+00
2.446941848804805808e+00 4.896328180481254400e+00
2.453621795843934805e+00 4.515956634440891904e+00
2.458732694114053263e+00 4.187314020916443447e+00
2.462320673208242994e+00 3.894731148069786819e+00
2.464436365043117583e+00 3.650813627049311005e+00
2.465134058151561280e+00 3.405035307182328275e+00
