1.589412611601528080e-01 2.465861154123539850e+07
1.652667762240832283e-01 2.017126781744859368e+07
1.718876381676548992e-01 1.655401396242340282e+07
1.788098076554249793e-01 1.362095949725650810e+07
1.860436535716539774e-01 1.122740129547598213e+07
1.935991703000668196e-01 9.271981750800224021e+06
2.014854625943819366e-01 7.662889973300739191e+06
2.097139942467453610e-01 6.336787460824400187e+06
2.182976826481076438e-01 5.245111597866294906e+06
2.272486184426691092e-01 4.346403852535598911e+06
2.365788563271232769e-01 3.599626262104905210e+06
2.463003654689732425e-01 2.983626650457471609e+06
2.564186182845984430e-01 2.474047632132229861e+06
2.669248228957326607e-01 2.054333451349898707e+06
2.778397407893964388e-01 1.686439443618039833e+06
2.892169753517738751e-01 1.415670158156444551e+06
3.010989585044884786e-01 1.173621193204255076e+06
3.135155574501758968e-01 9.729142400744245388e+05
3.264971870533761034e-01 8.061688844392639585e+05
3.400742534586160826e-01 6.676519941341436934e+05
3.542774259428903005e-01 5.523477632726714946e+05
3.691367271855166554e-01 4.548333536277910462e+05
3.846822217075840933e-01 3.775974323856502888e+05
4.009431777444048550e-01 3.115311563455285504e+05
4.179489621837655933e-01 2.570463614887912699e+05
4.357279424429564840e-01 2.121039799959837401e+05
4.543082684423176421e-01 1.749720786551608762e+05
4.737172933210488934e-01 1.440548032920466503e+05
4.939814621970534114e-01 1.186002997248680476e+05
5.151264526637870933e-01 9.774311502674013900e+04
5.371768365825969616e-01 8.038367681214887125e+04
5.601559354028452509e-01 6.608989517189475009e+04
5.840856987632130348e-01 5.441229750104407140e+04
6.089865406512872115e-01 4.476197601744833810e+04
6.348771414036422645e-01 3.682235720547550591e+04
6.617742592218557318e-01 3.031894225308659952e+04
6.896925130348781074e-01 2.494807249867274732e+04
7.186442026724809695e-01 2.050637133237572198e+04
7.486390687971327118e-01 1.690076818338335215e+04
7.796841213168452800e-01 1.391990392044142209e+04
8.117833989435510045e-01 1.145683154169962836e+04
8.449377620108540210e-01 9.449096287985481467e+03
8.791446812683744172e-01 7.794431032705945654e+03
9.143980560308205829e-01 6.427901052737244754e+03
9.506880153659140742e-01 5.313004507996060966e+03
9.880007118761456875e-01 4.391746607046583449e+03
1.026318241034767320e+00 3.634552957304231313e+03
1.065618394433117677e+00 3.009029243906515148e+03
1.105874624079278501e+00 2.493815962031022536e+03
1.147055910890495856e+00 2.066745697378062687e+03
1.189126704458828732e+00 1.714896430671218695e+03
1.232046895589115287e+00 1.424599165288149607e+03
1.275771790845148468e+00 1.185728261627900338e+03
1.320252246080021674e+00 9.875534679701612504e+02
1.365434592694666271e+00 8.235941447736256578e+02
1.411260884394175186e+00 6.883348446301753256e+02
1.457668979671355114e+00 5.751637753364561831e+02
1.504592769985094058e+00 4.813690752630452607e+02
1.551962463607712062e+00 4.038548503137777175e+02
1.599704777602358519e+00 3.389688593297719308e+02
1.647743359814407782e+00 2.850447924656945702e+02
1.695999103351287118e+00 2.400641704618452650e+02
1.744390567189567642e+00 2.025595216118660176e+02
1.792834394450830038e+00 1.712045885450373817e+02
1.841245743794885037e+00 1.449195429915985187e+02
1.889538917422060926e+00 1.227564658120946035e+02
1.937627650319482919e+00 1.042670547894880713e+02
1.985425832038269389e+00 8.873021183388966904e+01
2.032847851894482805e+00 7.561625734795926235e+01
2.079809293934785419e+00 6.457671268292043010e+01
2.126210994173886704e+00 5.525115787773199116e+01
2.171884642979185376e+00 4.732197061749722167e+01
2.216643683178660673e+00 4.073886031070524893e+01
2.260310162993499628e+00 3.507120808343705676e+01
2.302717370445339640e+00 3.035197764028507450e+01
2.343711654242942810e+00 2.633627163826215423e+01
2.383153707002174659e+00 2.292602364417952643e+01
2.420919263011542810e+00 2.000935936280536964e+01
2.456899547614478596e+00 1.753993607091240392e+01
2.491001429213672402e+00 1.543023785152816885e+01
2.523147321608441462e+00 1.363032061863702715e+01
2.553274922637331912e+00 1.208489919135896073e+01
2.581336581371990402e+00 1.074765380978217344e+01
2.607299046099233131e+00 9.593500764557832738e+00
2.631142361714712496e+00 8.613122004028744172e+00
2.652859302541425990e+00 7.757102916310197216e+00
2.672454351609601098e+00 7.010814112085219207e+00
2.689942793047163327e+00 6.373272739546713694e+00
2.705349898255843044e+00 5.802029796232996972e+00
2.718709782667999786e+00 5.304893074484777316e+00
2.730064563250435672e+00 4.869796884926036462e+00
2.739463477243012868e+00 4.498811488708992279e+00
2.746961821899877698e+00 4.151606174785873904e+00
2.752620174123354246e+00 3.855287456376489619e+00
2.756503646309568456e+00 3.588986346534313476e+00
2.758680949154140638e+00 3.368915944900105597e+00
2.759223880529747763e+00 3.159305358123969842e+00
2.758206392082242164e+00 2.968567442090010555e+00
2.755704337235512558e+00 2.821020312283724074e+00
2.751794606570990620e+00 2.662955303242061866e+00
