1.557549701853458701e-01 2.055898152771239355e+07
1.638545955374131613e-01 1.670078591316795163e+07
1.723253320807831279e-01 1.357430475022223219e+07
1.811806900724067249e-01 1.104401637274069712e+07
1.904347791710430393e-01 8.991542776043768972e+06
2.001006717558199421e-01 7.326710890927222557e+06
2.101895577252151925e-01 5.974448668473893777e+06
2.207134635205312834e-01 4.875875114892620593e+06
2.316854891111840564e-01 3.982657270587626379e+06
2.431196381428848696e-01 3.255188703073138837e+06
2.550305148082049889e-01 2.662361922909144312e+06
2.674340246381137765e-01 2.179052773100699298e+06
2.803486686972228026e-01 1.784699582349953009e+06
2.937903798168909342e-01 1.462685804357036017e+06
3.077692408759408194e-01 1.199600249452613760e+06
3.222860420693278716e-01 9.848140640357038938e+05
3.373277194858744221e-01 8.094631658821873134e+05
3.528645185177281540e-01 6.661270226421611151e+05
3.688647571977879402e-01 5.494485257194126025e+05
3.853077365869158055e-01 4.539031926890565665e+05
4.021890452815544137e-01 3.758618019318526494e+05
4.195270194046631929e-01 3.116203931918649469e+05
4.373683880311743377e-01 2.587929940524656558e+05
4.557537262856409255e-01 2.150140159781994007e+05
4.747026261863330765e-01 1.787934618954096513e+05
4.942313370635053049e-01 1.487787282166224613e+05
5.143509170001184794e-01 1.238449010314258776e+05
5.350638320177930618e-01 1.032155070724867692e+05
5.563619303703494223e-01 8.609328558727024938e+04
5.782375001139841153e-01 7.183591005516484438e+04
6.006855223651144104e-01 6.000098523972855764e+04
6.237018743381255170e-01 5.017053020420757821e+04
6.472828035152597970e-01 4.201580636807593692e+04
6.714240644065220254e-01 3.520813935549282178e+04
6.961167220787064513e-01 2.950985847184508020e+04
7.213467176868855191e-01 2.477567869992857595e+04
7.471004359387971583e-01 2.082482735631535979e+04
7.733647531077363357e-01 1.751387206480722307e+04
8.001262672034377132e-01 1.474775952726552532e+04
8.273693669687111063e-01 1.243376034898235594e+04
8.550713835743184443e-01 1.048719668714969703e+04
8.832078426726112097e-01 8.864021481250612851e+03
9.117549781091663919e-01 7.499777464561195302e+03
9.406890950909948534e-01 6.350157455356943501e+03
9.699854559619954797e-01 5.386085362557400913e+03
9.996141083440636121e-01 4.574129329398402660e+03
1.029540070211321545e+00 3.883208786852756020e+03
1.059729009462801352e+00 3.305089879366262267e+03
1.090147151609520915e+00 2.817463992379235151e+03
1.120760344082749160e+00 2.403239826997424188e+03
1.151531802624973899e+00 2.053367991525890375e+03
1.182418633676080022e+00 1.758438209968763204e+03
1.213377637954230925e+00 1.504570113335957558e+03
1.244366847560096190e+00 1.290590264826167868e+03
1.275344637161313743e+00 1.108667098842094902e+03
1.306268482661098851e+00 9.540641169155940133e+02
1.337091335069570563e+00 8.215004853008319969e+02
1.367764643899014754e+00 7.089091544239217910e+02
1.398241694014852099e+00 6.128973690343686940e+02
1.428477117922130502e+00 5.300251365023782455e+02
1.458425888552708827e+00 4.593612336731465007e+02
1.488040907228570076e+00 3.989335486512999864e+02
1.517273237180823964e+00 3.466096276730717136e+02
1.546076283564616460e+00 3.017634516245514078e+02
1.574405656496539185e+00 2.631782838503527273e+02
1.602218208946242450e+00 2.299244805992106819e+02
1.629470627733157873e+00 2.012484406815751186e+02
1.656118817191378323e+00 1.765111039399626520e+02
1.682121351805623277e+00 1.550102489670211128e+02
1.707439671221456789e+00 1.361980251146922001e+02
1.732037504254679616e+00 1.201664024097060377e+02
1.755879382206543715e+00 1.059098220849945022e+02
1.778930631477656288e+00 9.373729215300933504e+01
1.801159342985509060e+00 8.296160113248915025e+01
1.822537157693544296e+00 7.359213924270515861e+01
1.843038504315659631e+00 6.563811672457877933e+01
1.862639475095191566e+00 5.853263467267080955e+01
1.881317536585925154e+00 5.197720624254421296e+01
1.899053565804873500e+00 4.672975477754363993e+01
1.915831906505349291e+00 4.181583029499708459e+01
1.931639943226456602e+00 3.754244686832230826e+01
1.946467051378303781e+00 3.365622489432749376e+01
1.960304336879728160e+00 3.047345151413707143e+01
1.973146034737086385e+00 2.747025089645442719e+01
1.984990064328947534e+00 2.496528699417909536e+01
1.995836819976707810e+00 2.259825762056193810e+01
2.005688779891579010e+00 2.053543020851671841e+01
2.014549642552527775e+00 1.874162649603982445e+01
2.022426102074310617e+00 1.711769381728000639e+01
2.029327789162361118e+00 1.566763024512777847e+01
2.035266897727267654e+00 1.432800247726050635e+01
2.040257026311438349e+00 1.312115208022986579e+01
2.044313093826026329e+00 1.210423470497353549e+01
2.047451675076403355e+00 1.123077076591495072e+01
2.049692056084623015e+00 1.030209294517763752e+01
2.051055235763629803e+00 9.654201261762551667e+00
2.051563340046501871e+00 8.950991485859900010e+00
2.051239116336978086e+00 8.273491278410981309e+00
4.841843329244216133e-322 2.042422564100144555e+00
4.891249893828340787e-322 1.120380152284061026e+01
