1.611499177774779468e-01 2.350472104616507888e+07
1.664331668417972088e-01 1.995648470336279273e+07
1.718841850650438263e-01 1.694933543198263273e+07
1.775168138678951957e-01 1.439551513876082562e+07
1.833512110643743809e-01 1.222197398644299991e+07
1.894036422182235613e-01 1.037090234980329499e+07
1.956830297964596843e-01 8.795239782355446368e+06
2.022013344302667492e-01 7.454432347330805846e+06
2.089751445246484374e-01 6.313186278103005141e+06
2.160268831065153550e-01 5.341423206647254527e+06
2.233851023982489081e-01 4.513542371341454796e+06
2.310707748681481710e-01 3.808932663769717794e+06
2.390981938276598717e-01 3.210375082403647713e+06
2.474843712431733234e-01 2.702489107447629329e+06
2.562498225512935268e-01 2.272178865507659037e+06
2.654190915106153792e-01 1.907897458105071913e+06
2.750212432092036252e-01 1.599750353145874571e+06
2.850845606303319957e-01 1.339412321190603776e+06
2.956265027934494305e-01 1.119972813064712798e+06
3.066645533539826274e-01 9.353633921833048807e+05
3.182186038061660116e-01 7.803342426236170577e+05
3.303109916741727159e-01 6.502935573132064892e+05
3.429663188860795908e-01 5.413861526149373967e+05
3.562109958869528747e-01 4.502523534956200747e+05
3.700697249925254395e-01 3.741127060975674540e+05
3.845579555449997189e-01 3.106075118978473474e+05
3.996903408555494974e-01 2.577208468550615944e+05
4.154831170153507336e-01 2.137268174280421226e+05
4.319537796916594341e-01 1.771671517542219080e+05
4.491204301059582016e-01 1.468125410806948494e+05
4.670007029792848652e-01 1.216228329073875793e+05
4.856100391260402271e-01 1.007382541191712226e+05
5.049571627605751178e-01 8.343120747433940414e+04
5.250461395996578462e-01 6.910230337169424456e+04
5.458815853849814381e-01 5.724568090991184727e+04
5.674685347655317180e-01 4.743728131674145698e+04
5.898117071375933440e-01 3.932432513291412761e+04
6.129143547983304519e-01 3.261004403306746462e+04
6.367765843507697809e-01 2.705551039132478036e+04
6.613929088892587238e-01 2.246020082503525555e+04
6.867504533964937652e-01 1.865841795197626561e+04
7.128341611267858813e-01 1.551261463111248850e+04
7.396289545382924713e-01 1.290820168659737465e+04
7.671191905931116217e-01 1.075108408012737164e+04
7.952877264674297342e-01 8.963097072227899844e+03
8.241145480886299390e-01 7.480066283784911320e+03
8.535748626520219817e-01 6.249411183264655847e+03
8.836365271204352778e-01 5.226853042323500631e+03
9.142609807529488153e-01 4.377484325391741550e+03
9.454090272725670374e-01 3.670547974819023693e+03
9.770416105426225073e-01 3.081999588969777506e+03
1.009119247780438045e+00 2.591624189306727658e+03
1.041601103653536420e+00 2.182115352172264920e+03
1.074443661736440347e+00 1.840131837332035730e+03
1.107598873235555947e+00 1.554011682654795322e+03
1.141011719773455058e+00 1.314463069515400548e+03
1.174624093729284446e+00 1.113613793220229809e+03
1.208379028149178414e+00 9.449420311131432300e+02
1.242220532665618604e+00 8.032091328121991864e+02
1.276092852601292904e+00 6.838809187222288983e+02
1.309939378472590121e+00 5.832418169795705580e+02
1.343701152970268708e+00 4.983171083423673622e+02
1.377315464879208973e+00 4.264893138721035939e+02
1.410718541014194027e+00 3.656973264635444139e+02
1.443848582325667040e+00 3.141441097429199658e+02
1.476645406996546006e+00 2.703849958308346118e+02
1.509049466870414635e+00 2.331519321128045874e+02
1.541000494842227786e+00 2.014016718255286094e+02
1.572435792325279857e+00 1.743442617009531546e+02
1.603289393442463906e+00 1.512250718126518336e+02
1.633501180155849442e+00 1.314462888029182182e+02
1.663017556876377645e+00 1.144911247929105116e+02
1.691787298945726770e+00 9.992629462731267154e+01
1.719760148192763793e+00 8.742095171086795347e+01
1.746885244556184658e+00 7.662985046342257078e+01
1.773109315572105826e+00 6.732120170061992326e+01
1.798376091779168018e+00 5.929017696521490421e+01
1.822639130733348711e+00 5.232651190905034611e+01
1.845862720141471902e+00 4.630197394454020809e+01
1.868015446565254978e+00 4.106858910437323829e+01
1.889068695640784057e+00 3.650318646807356515e+01
1.908995335180307285e+00 3.253222318478425024e+01
1.927768282080843720e+00 2.907393381544576627e+01
1.945361209504099076e+00 2.603730692222327292e+01
1.961757701383580521e+00 2.338509159295623618e+01
1.976949293888980996e+00 2.105159566520039505e+01
1.990932571324955269e+00 1.900611391546008022e+01
2.003708153873006381e+00 1.720152281617747292e+01
2.015279744701339748e+00 1.561485516238248827e+01
2.025653247222424902e+00 1.420441987473136969e+01
2.034837889710892522e+00 1.295959233812790501e+01
2.042848180511902534e+00 1.185381064401129336e+01
2.049703098095226661e+00 1.087335149689249114e+01
2.055425439126710163e+00 9.996344097686369778e+00
2.060041223477666605e+00 9.217445167426076225e+00
2.063579055708952392e+00 8.521069309687046456e+00
2.066068971387425179e+00 7.896624699165976757e+00
2.067541703504740536e+00 7.337390178118538664e+00
2.068030245713926352e+00 6.872735212350639777e+00
2.067570200673389813e+00 6.382319297030305094e+00
