1.291374749087819684e-01 4.983166446474675089e+07
1.340348583510014291e-01 4.024090662967391312e+07
1.392314830837251549e-01 3.239455840741106123e+07
1.447373944110565691e-01 2.634304134225731343e+07
1.505635850167237333e-01 2.138215028253900260e+07
1.567205390271826093e-01 1.734559953683311492e+07
1.632182942081926158e-01 1.415524857131804153e+07
1.700681652861560922e-01 1.150526023822845891e+07
1.772821404430099113e-01 9.384223576690537855e+06
1.848713547823003511e-01 7.692952893505823798e+06
1.928479579161029023e-01 6.284023725664352998e+06
2.012253231625704686e-01 5.143043557397603057e+06
2.100160495917983150e-01 4.216132229677005671e+06
2.192326448348199119e-01 3.452750466257406864e+06
2.288889830457517260e-01 2.830299554564716760e+06
2.389991791499623819e-01 2.321200232626475394e+06
2.495759318580722252e-01 1.904519156226358376e+06
2.606329044305748521e-01 1.563321035726555623e+06
2.721848261973952021e-01 1.283495781558499672e+06
2.842449958314608449e-01 1.054504066194613697e+06
2.968262237172358819e-01 8.664280516249705106e+05
3.099425575680926914e-01 7.117260412173020886e+05
3.236079112768031063e-01 5.858820682057070080e+05
3.378339750666775054e-01 4.820703166251191287e+05
3.526330972922511187e-01 3.968195330115098041e+05
3.680184328128725535e-01 3.268398468815083033e+05
3.840010045984018627e-01 2.694345365435655694e+05
4.005905564033597210e-01 2.219604709484878113e+05
4.177977568439803502e-01 1.833604590930827253e+05
4.356326893492098451e-01 1.513525015007095353e+05
4.541021662925526781e-01 1.249354782492074883e+05
4.732130675159189614e-01 1.033091592596235278e+05
4.929726525136469695e-01 8.546973481969162822e+04
5.133852422512402702e-01 7.070635461398911139e+04
5.344528605924876441e-01 5.857015479221341229e+04
5.561779347055690881e-01 4.855669932175529539e+04
5.785617214093625726e-01 4.029579974888369907e+04
6.016011198662836179e-01 3.345776756561560615e+04
6.252923643862806635e-01 2.780814285968046170e+04
6.496314805775368351e-01 2.313327766337668072e+04
6.746107805321697182e-01 1.926788303078370154e+04
7.002193362937535470e-01 1.605557173923999653e+04
7.264460643617191016e-01 1.339630761671419714e+04
7.532780798984275439e-01 1.118866926190569029e+04
7.806973830402875736e-01 9.353763210273013101e+03
8.086847509743815277e-01 7.828706876110166377e+03
8.372202559654782217e-01 6.560384832496578383e+03
8.662797265973737337e-01 5.502205532977017356e+03
8.958354242901721554e-01 4.621284367630705674e+03
9.258591543613199359e-01 3.886194246063877017e+03
9.563205366555280751e-01 3.272277941046685100e+03
9.871841283008130352e-01 2.758130486938947342e+03
1.018413329460768901e+00 2.328361505560158093e+03
1.049970702165870851e+00 1.968137232806088150e+03
1.081814748246121116e+00 1.665890001351079263e+03
1.113901152150389429e+00 1.411852038744218362e+03
1.146185389854133652e+00 1.198457206879562591e+03
1.178620987166925538e+00 1.018537155849502028e+03
1.211157677922525489e+00 8.671304069250813882e+02
1.243744969661369382e+00 7.392200108779074981e+02
1.276331994351831423e+00 6.314257585909023192e+02
1.308865065092900570e+00 5.399432611434325509e+02
1.341289551282233594e+00 4.626297754355687744e+02
1.373551486423229884e+00 3.968316759519651669e+02
1.405595950420436280e+00 3.410714608388417446e+02
1.437366734926228462e+00 2.936675342824167387e+02
1.468808851284143735e+00 2.532622904959305572e+02
1.499867961432583385e+00 2.188363912300133620e+02
1.530489156190237177e+00 1.893588991713450014e+02
1.560618911134934228e+00 1.642215937446558769e+02
1.590205459762464857e+00 1.427356185724206341e+02
1.619197745347919160e+00 1.241494836847214458e+02
1.647546242341786149e+00 1.082561585106909376e+02
1.675203987784702697e+00 9.464834786611254458e+01
1.702125796188877160e+00 8.284719617184563845e+01
1.728268468047829742e+00 7.261607994127207633e+01
1.753591873192190231e+00 6.382761753821053219e+01
1.778058426223123822e+00 5.624389369323691312e+01
1.801632980495237568e+00 4.968362112377090511e+01
1.824283859870519775e+00 4.387847525718820663e+01
1.845982429324699581e+00 3.886828070604725127e+01
1.866702697252145216e+00 3.453951406179361072e+01
1.886422347074939054e+00 3.075010129307446505e+01
1.905122557971750563e+00 2.743792912013438468e+01
1.922787058526316484e+00 2.453633191725414520e+01
1.939403179415999157e+00 2.198547125422067694e+01
1.954961962328011005e+00 1.974030987325498288e+01
1.969457047654197268e+00 1.778057607794378114e+01
1.982885056561599413e+00 1.604580682037415329e+01
1.995246426812762541e+00 1.449960495263160709e+01
2.006544197003877983e+00 1.316000989933822751e+01
2.016783691968358383e+00 1.194933249148741439e+01
2.025973708858252120e+00 1.089114487261550757e+01
2.034125676796611604e+00 9.924757872072515141e+00
2.041252660181120060e+00 9.095514942247234558e+00
2.047370455366529285e+00 8.346364537423726304e+00
2.052497419429073489e+00 7.677439575089647583e+00
2.056653274495461314e+00 7.067967364726488455e+00
2.059859433131683737e+00 6.531958630493406304e+00
2.062139647429733103e+00 6.052345717515208001e+00
