1.589412611601528080e-01 2.465861154123539850e+07
1.652667762240832283e-01 2.017126781744859368e+07
1.718876381676548992e-01 1.655401396242340282e+07
1.788098076554249793e-01 1.362095949725650810e+07
1.860436535716539774e-01 1.122740129547598213e+07
1.935991703000668196e-01 9.271981750800224021e+06
2.014854625943819366e-01 7.662889973300739191e+06
2.097139942467453610e-01 6.336787460824400187e+06
2.182976826481076438e-01 5.245111597866294906e+06
2.272486184426691092e-01 4.346403852535598911e+06
2.365788918669564089e-01 3.599469566010143608e+06
2.463007413272920165e-01 2.984731775948161725e+06
2.564171060325721729e-01 2.474120271244366653e+06
2.669299622450855836e-01 2.054100282926567597e+06
2.779100664463540205e-01 1.702254316043867730e+06
2.894286943662064404e-01 1.411227939266688190e+06
3.015344606588012399e-01 1.167221596605648519e+06
3.142761662991614413e-01 9.641256338300232310e+05
3.277020881332378122e-01 7.954544913052241318e+05
3.418595337311506333e-01 6.548606683045313694e+05
3.567954185241620779e-01 5.383163637761689024e+05
3.725561827242129809e-01 4.414317715915878653e+05
3.891877566986491344e-01 3.623626663415830117e+05
4.067356649064171603e-01 2.964008125908714137e+05
4.252449876626893666e-01 2.422458891884956975e+05
4.447602891696889604e-01 1.977028872256004543e+05
4.653255100954479806e-01 1.611219360924157081e+05
4.869838367228376819e-01 1.311317459692779812e+05
5.097775439471212700e-01 1.066034685298383847e+05
5.337478222583513787e-01 8.671058460198216198e+04
5.589345554593929677e-01 7.052504270649501996e+04
5.853760960354702503e-01 5.716955968110320828e+04
6.131089818219721543e-01 4.646942803748822917e+04
6.421676602958507063e-01 3.764632949689454836e+04
6.725841822336423581e-01 3.053926756152683447e+04
7.043878745825645771e-01 2.480436227225263065e+04
7.376049804171025404e-01 2.010078777741332306e+04
7.722583252853456592e-01 1.629775562001348771e+04
8.083669024328525854e-01 1.322942977837296894e+04
8.459455341055445166e-01 1.073927356228259669e+04
8.850044652872334217e-01 8.731550047783453920e+03
9.255489951281349326e-01 7.088953808423259943e+03
9.675790731387963195e-01 5.772937685807729395e+03
1.011088979452740455e+00 4.693975176270821976e+03
1.056066959220993251e+00 3.821981048653211928e+03
1.102494896941638602e+00 3.117684259233973989e+03
1.150348052630932871e+00 2.545778036347309353e+03
1.199594801917122977e+00 2.078931759284191230e+03
1.250196437585873399e+00 1.699615784237368189e+03
1.302107025869511769e+00 1.392462959334835659e+03
1.355273298513912650e+00 1.141138304398861692e+03
1.409634707196240289e+00 9.373957466345846115e+02
1.465123347686622335e+00 7.704148633344913151e+02
1.521664152713775087e+00 6.347527736334894826e+02
1.579175096897373898e+00 5.230627647138645671e+02
1.637567440991194001e+00 4.322197676555462067e+02
1.696746100967369442e+00 3.574701774776690399e+02
1.756610104674441564e+00 2.965985560935953345e+02
1.817053070775493051e+00 2.461061517103743199e+02
1.877963807573689525e+00 2.047973478668137943e+02
1.939226912824113747e+00 1.704814720040968155e+02
2.000693841646433491e+00 1.424492833464795183e+02
2.123304830388233810e+00 1.000004308472963430e+02
2.183962407332365352e+00 8.417591383143127359e+01
2.243872436428961059e+00 7.103367834260787106e+01
2.302808460592055351e+00 6.015171691475690352e+01
2.360554687408773944e+00 5.110466957110722319e+01
2.416907752680534482e+00 4.359318501066321261e+01
2.471678121291587260e+00 3.729961157016541051e+01
2.524691518270286927e+00 3.204182332672441902e+01
2.575789614268941818e+00 2.764669358616584915e+01
2.624830895110294993e+00 2.394058987796096716e+01
2.671691062856563104e+00 2.080811322321252277e+01
2.716263119122081626e+00 1.816328688682669323e+01
2.758457454501087369e+00 1.592455885956045414e+01
2.798201609829740200e+00 1.401086593960553728e+01
2.835439643071367755e+00 1.238420405248367828e+01
2.870131833455622061e+00 1.098671555201963557e+01
2.902253809117806060e+00 9.780286289778763020e+00
2.931795552036493113e+00 8.752108009887280105e+00
2.958760873129255842e+00 7.864282765314916546e+00
2.983166001221971175e+00 7.090529816128692708e+00
3.005038879262813545e+00 6.424399076826571964e+00
3.024417788366924764e+00 5.843763139366694226e+00
3.041350694215375405e+00 5.342132607153350143e+00
3.055893813934304148e+00 4.890676965035866353e+00
3.068110798767789138e+00 4.498213804326387510e+00
3.078071788799702002e+00 4.155860310969119453e+00
3.085852286991539017e+00 3.856480070842211560e+00
3.091532393338770834e+00 3.591491989571669041e+00
3.095195904705860812e+00 3.355682468582068090e+00
3.096929632494950901e+00 3.146304868864688409e+00
3.096822477153449160e+00 2.960597818754464150e+00
3.094964981116869129e+00 2.794686122480367629e+00
3.091448732630252216e+00 2.645400583159801755e+00
3.086365500334451006e+00 2.516486291311041512e+00
3.079807137653228111e+00 2.400376355032463493e+00
3.071865079989349656e+00 2.298347336780782957e+00
3.062629663405310065e+00 2.208560117125094813e+00
