1.691714983318243504e-11 4.426847975455833788e-20
2.281084255799750207e-11 8.421161951276596997e-20
3.075718546869945932e-11 1.662930715822424373e-19
4.147172164759204842e-11 3.355263742833915554e-19
5.591936421883938796e-11 6.726028704151861885e-19
7.540000100755660508e-11 1.330604593097026445e-18
1.016648052347344991e-10 2.601104461620486467e-18
1.370883753711678969e-10 5.042396361063665346e-18
1.848408750794739876e-10 9.660059335664869525e-18
2.492304520844014813e-10 1.818642955691050648e-17
3.360540316550482556e-10 3.358263978669534622e-17
4.531276941335553313e-10 6.074877519961351112e-17
6.109845404069748809e-10 1.073384374123290880e-16
8.238330941022940426e-10 1.847345211851805523e-16
1.110813460818795400e-09 3.135046432499480420e-16
1.497802477366928830e-09 5.307117169626449966e-16
2.019618975446924635e-09 9.009008159335547161e-16
2.723159540481342966e-09 1.535920732114553474e-15
3.671883491445065895e-09 2.627606544835120128e-15
4.951023666860675601e-09 4.499153659094251881e-15
6.675774810696111072e-09 7.681203786351764009e-15
9.001436053699546959e-09 1.306102667106137898e-14
1.213727547062471365e-08 2.213874023103260202e-14
1.636541947124393721e-08 3.732993434538347036e-14
2.206653507642115116e-08 6.260092078880231928e-14
2.975425937158539925e-08 1.046982298769843754e-13
4.011995831753695975e-08 1.744937161996010285e-13
5.409600374628753782e-08 2.895827628539458518e-13
7.294231519913889854e-08 4.795376943931035184e-13
9.835337656376381629e-08 7.911621898527302515e-13
1.326145748615205093e-07 1.298502069655903078e-12
1.788143796730521423e-07 2.126367144564372766e-12
2.411123695483950015e-07 3.471372869672369613e-12
3.251105682344528699e-07 5.638443213739973819e-12
4.383653292665554159e-07 9.124717254729252425e-12
5.910853869462950170e-07 1.468015394368376644e-11
7.970067885103057025e-07 2.340984014672317856e-11
1.074677427423218764e-06 3.725192821365738093e-11
1.449048962238898193e-06 5.945767371168546939e-11
1.953897348461683945e-06 9.512047701107666017e-11
2.634643938421578969e-06 1.506818444509049099e-10
3.552535299456662263e-06 2.315181986485995036e-10
4.790228070605512375e-06 3.411068129376428998e-10
6.459147313446893437e-06 5.206909292716773914e-10
8.709550735043584212e-06 8.145540285844397245e-10
1.174431065004194659e-05 1.259599011654043596e-09
1.583614428033714748e-05 1.921351029130407796e-09
2.135332965179540063e-05 2.919729507363223552e-09
2.879316324958333282e-05 4.435848682962692176e-09
3.882623175208017695e-05 6.717228012367378921e-09
5.235513729611902947e-05 1.011579515909539456e-08
7.059748797414535954e-05 1.528420142525505934e-08
9.519599534275624021e-05 2.329783134219340976e-08
1.283686428533240280e-04 3.507475707560984683e-08
1.731126788851646155e-04 5.032295567083749023e-08
2.334361872787717878e-04 7.382380297124111377e-08
3.147845772582377115e-04 1.116187738711455257e-07
4.244978492370928371e-04 1.662330668655300605e-07
5.724551306337870250e-04 2.507597111410360289e-07
7.719776639204564521e-04 3.399867248923450711e-07
1.041027802181986126e-03 5.169206329049160708e-07
1.403911872861188150e-03 7.666702646479605379e-07
1.893334649099982087e-03 1.144389955566274018e-06
2.553487844688968628e-03 1.696133325736608041e-06
3.443716990891330671e-03 2.477694760915357227e-06
4.644433178283545807e-03 3.683989582556570012e-06
6.264075381901380336e-03 5.509133049224794327e-06
8.448553245483639632e-03 7.948324783583041151e-06
1.139493819291526912e-02 1.148590285736140619e-05
1.536982692968991843e-02 1.643129159307338949e-05
2.073110084874997538e-02 2.472194328550056153e-05
2.796377190502411306e-02 3.500475157277874931e-05
3.772008853647076249e-02 5.162805825933174033e-05
5.088250552116881792e-02 7.614598550801022396e-05
6.863933152089515821e-02 1.089685655496820817e-04
9.259701290597158185e-02 1.550621887709086272e-04
1.249227552995607199e-01 2.287079777492363698e-04
1.685326933249591541e-01 3.267956880017402186e-04
2.273874340125457416e-01 4.473451638769116410e-04
3.067646103822845305e-01 5.143404300862838190e-04
4.138309255054398728e-01 5.794055445747412717e-04
5.582344092584163864e-01 7.798112976079717325e-04
7.530127319167454480e-01 9.948482007329042566e-04
1.015731336485448111e+00 1.221095985096933012e-03
1.370048814740406629e+00 1.532820488417747061e-03
1.847966920955203207e+00 1.978155494284794189e-03
2.492597835028948161e+00 2.639207456732847040e-03
3.361998457052601808e+00 3.670788544879846453e-03
4.534785260238090920e+00 5.372922342287692575e-03
6.116823638544531150e+00 8.201444680248097877e-03
8.251342875531234355e+00 1.275600269444011545e-02
1.113125675616451815e+01 1.976255344922235244e-02
1.501778489870318545e+01 3.100443712528674553e-02
2.026324588099294033e+01 5.059597713187881374e-02
2.734568630669614819e+01 8.515869395820969967e-02
3.690935912852268075e+01 1.361206998620340114e-01
4.982275047448840155e+01 1.853945730690166604e-01
6.725024364326668547e+01 2.092564487483065117e-01
9.076504724246525768e+01 2.884526740225293873e-01
9.357519216273462348e+01 3.098243539582554162e-01
9.647266941253197103e+01 3.362364300978212817e-01
9.946241917184141812e+01 3.678789173774830723e-01
1.025389319168756685e+02 4.058819046286570309e-01
1.057215063736521756e+02 4.515454940467782952e-01
1.090009107532405608e+02 5.061497862550440319e-01
1.123774834728027514e+02 5.710848905239578333e-01
1.158707003902940613e+02 6.478609255574481196e-01
1.194619258474553050e+02 7.380980187067489595e-01
1.231803340160967934e+02 8.436163130454691350e-01
1.270074010995727463e+02 9.663959642251174209e-01
1.309629297080426795e+02 1.108587141261220488e+00
1.350380964890063353e+02 1.272500025747205221e+00
1.392433327218464569e+02 1.460914836224078250e+00
1.435892023549843373e+02 1.676531784943896541e+00
1.480767858891895798e+02 1.922551123464655287e+00
1.527169275352194120e+02 2.202473126927908087e+00
1.575013246770179194e+02 2.520298109781146767e+00
1.624411305032518555e+02 2.880326410055427555e+00
1.675574243286557419e+02 3.287358405087738689e+00
1.728326789485496420e+02 3.747194550826943527e+00
1.782884525337052821e+02 4.265735311083092896e+00
1.839369060831943727e+02 4.850381267584049638e+00
1.897709125569103321e+02 5.508933033502419363e+00
1.958131056352655435e+02 6.250791347789811603e+00
2.020569893936462051e+02 7.086357028009703463e+00
2.085261382873279388e+02 8.027731025365758555e+00
2.152248595721463857e+02 9.088714424701823447e+00
2.221679912589890762e+02 1.028480844450193210e+01
2.293610208540183635e+02 1.163491457053048173e+01
2.368202105483611604e+02 1.315703421780118809e+01
2.445627177687817095e+02 1.487516927299900260e+01
2.525964507309751639e+02 1.681432170142074867e+01
2.609509308840906101e+02 1.900149362558700261e+01
2.696258107707802765e+02 2.146768748246581637e+01
2.786531253565491966e+02 2.424090547318964894e+01
2.880453097945062382e+02 2.735815050639778789e+01
2.978267506514424099e+02 3.085142509767017671e+01
3.080341947763962480e+02 3.475373184119862202e+01
3.186733068153872068e+02 3.910007348839867802e+01
3.297951759929098898e+02 4.392445271207402868e+01
3.414081301085556674e+02 4.925687187058085925e+01
3.535555533047362360e+02 5.512933347949911678e+01
3.662596409400977109e+02 6.157083981857311983e+01
3.795673016436944636e+02 6.861139324615903945e+01
3.935155633947618412e+02 7.627699580616558706e+01
4.081430316542459309e+02 8.459564969972520032e+01
4.234775392469185249e+02 9.359835736380594540e+01
4.395858818195480922e+02 1.033081206064808981e+02
4.564991825057005030e+02 1.137589421005537531e+02
4.742629423661797432e+02 1.249898249118875384e+02
4.929376724166965573e+02 1.370107698266010061e+02
5.125727328525435951e+02 1.498717807752878457e+02
5.332195835605817820e+02 1.636028601163040719e+02
5.549458732675747115e+02 1.782440109941248068e+02
5.778078452886663854e+02 1.938452373393435835e+02
6.018637391727360182e+02 2.104265407241979347e+02
6.271890744457679148e+02 2.280479258654001740e+02
6.538629379285555387e+02 2.467593966935440903e+02
6.819517592531235550e+02 2.665909555669855990e+02
7.115407489767046627e+02 2.876226087746748021e+02
7.427189800338072700e+02 3.098943594610864807e+02
7.755451818689419952e+02 3.334562115568144236e+02
8.101489662088540626e+02 3.583881713508083635e+02
8.465957609463198423e+02 3.847402427736618051e+02
8.850246496381166708e+02 4.125724305420873748e+02
9.255078220233629054e+02 4.419747417311535855e+02
9.681571253412365650e+02 4.729971802714540559e+02
1.013127164418619145e+03 5.057197524519386889e+02
1.060520733910991794e+03 5.402224645615571035e+02
1.110464394769296860e+03 5.765953236753780402e+02
1.163089669108683665e+03 6.149183360823515159e+02
1.218574855539113287e+03 6.552615072853083120e+02
1.277019949392105218e+03 6.977248451454360065e+02
1.338637588360496238e+03 7.424083575239216088e+02
1.403560163927097165e+03 7.894020514958338026e+02
1.471969797920785368e+03 8.387959341362412715e+02
1.544055648299791983e+03 8.907000140924499192e+02
1.619942376986302634e+03 9.452343007978846572e+02
1.699953447566964314e+03 1.002478800541495161e+03
1.784227229747439878e+03 1.062583525115062457e+03
1.873162140083382383e+03 1.125688485524248790e+03
1.966650827979413179e+03 1.191793681769054047e+03
2.065106365990651284e+03 1.261099129571852927e+03
2.168962571144445064e+03 1.333704836793832783e+03
2.278117368586654720e+03 1.409910827018555210e+03
2.393025058819202968e+03 1.489717100246020209e+03
2.514156769783475283e+03 1.573123656476229144e+03
2.641707728693836088e+03 1.660430519292741792e+03
2.775879600379403200e+03 1.751837704417933992e+03
2.916875880344179222e+03 1.847345211851805516e+03
3.065535668222816184e+03 1.947253065177918415e+03
3.221772875768757785e+03 2.051661272257459586e+03
3.386143644340580067e+03 2.160769848812803957e+03
3.558890734059697934e+03 2.274678802705137514e+03
3.740603959550293894e+03 2.393688157518026401e+03
3.931897756822136671e+03 2.517897921112651602e+03
4.132694824554077968e+03 2.647408101350205015e+03
4.343993408906604600e+03 2.782618729675435588e+03
4.566097807049761286e+03 2.923629813949528852e+03
