9.294360402242295738e-11 7.623749882657998290e-16
1.057687227477582578e-10 8.278303090609170295e-16
1.203635507307389327e-10 9.022593317535239148e-16
1.369722861587851068e-10 9.868920466142632038e-16
1.558728235750005229e-10 1.083127220796136982e-15
1.773814035619991238e-10 1.192556233841617796e-15
2.018579040251005823e-10 1.316989389190441790e-15
2.297118616077389107e-10 1.458486826075938965e-15
2.614093239884313906e-10 1.619393304432988148e-15
2.974806477107947576e-10 1.802378483386156830e-15
3.385293720186358030e-10 2.010482680544503936e-15
3.852423171716715317e-10 2.247169432925748519e-15
4.384010762053782254e-10 2.516387441154920686e-15
4.988950924132442746e-10 2.822638487613907497e-15
5.677365413618253265e-10 3.171059578656672407e-15
6.460772664425566900e-10 3.567517939755757238e-15
7.352280513234174831e-10 4.018717704588702489e-15
8.366805517641126027e-10 4.532322617302760494e-15
9.521322537557829581e-10 5.117114381673217405e-15
1.083514875581794193e-09 5.783156317294516876e-15
1.233026689018636199e-09 6.541995049522736301e-15
1.403169300472825546e-09 7.406903522255434457e-15
1.596789507472689756e-09 8.393165466182983599e-15
1.817126930854573612e-09 9.518413653921774777e-15
2.067868219621731284e-09 1.080302372513696626e-14
2.353208735428965768e-09 1.227059562783819871e-14
2.677922748797385517e-09 1.394854057130793370e-14
3.047443321581854582e-09 1.586877204554944371e-14
3.467953212286242667e-09 1.806856022616047617e-14
3.946488325259039023e-09 2.059155481507506388e-14
4.491055434690095989e-09 2.348905779338760570e-14
5.110766153181792552e-09 2.682157123992922091e-14
5.815989386476017718e-09 3.066067511376855142e-14
6.618524825244686538e-09 3.509144148955880848e-14
7.531800376853387189e-09 4.021528450010720122e-14
8.571096840585266566e-09 4.615360331325822962e-14
9.753803585681097735e-09 5.305225414947403629e-14
1.109970951031623943e-08 6.108718680011234319e-14
1.263133414999048136e-08 7.047129964971320130e-14
1.437430447563802350e-08 8.146319047693840621e-14
1.635778368631985096e-08 9.437799566578022567e-14
1.861495917139362792e-08 1.096007861777466868e-13
2.118359780717834000e-08 1.276032319507674613e-13
2.410667787992869103e-08 1.489647961136118468e-13
2.743310820917747919e-08 1.743983530565456319e-13
3.121854650469790200e-08 2.047822219909041971e-13
3.552633065102507229e-08 2.412002344269874797e-13
4.042853850322439407e-08 2.849904243100934264e-13
4.600719392820589628e-08 3.378059763117500234e-13
5.235563927330350833e-08 4.016889321090626766e-13
5.958009722895856029e-08 4.791610803943596772e-13
6.780144822169299028e-08 5.733299340867889530e-13
7.715725308167366820e-08 6.880399374466049753e-13
8.780405483297902354e-08 8.280213614293995997e-13
9.991999812529968145e-08 9.990987735676448359e-13
1.137078101441348193e-07 1.208432560152895607e-12
1.293981928851847009e-07 1.464822787572966384e-12
1.472536835625098069e-07 1.779042249716761874e-12
1.675730477576684033e-07 2.164310714285958573e-12
1.906962788334359294e-07 2.636788928862869949e-12
2.170102872796024437e-07 3.216226494165808623e-12
2.469553752118351453e-07 3.926729600456759947e-12
2.810326043834297316e-07 4.797685706772413501e-12
3.198121810291076785e-07 5.864914198291139668e-12
3.639429978768497057e-07 7.171960021709452179e-12
4.141634930349767061e-07 8.771748177311087111e-12
4.713140075122943474e-07 1.072853284575659674e-11
5.363508482071749026e-07 1.312019124592221402e-11
6.103622917615183205e-07 1.604111794270972227e-11
6.945867971621524431e-07 1.960547136586744909e-11
7.904337319454806744e-07 2.395124185804888407e-11
8.995069589566107035e-07 2.924501686847755398e-11
1.023631678495796509e-06 3.568771692029940518e-11
1.164884975195295391e-06 4.352141905957060127e-11
1.325630581003573138e-06 5.303761560785897052e-11
1.508558436224571352e-06 6.458658285527410688e-11
1.716729710935143433e-06 7.858950201367297912e-11
1.953628040543113597e-06 9.555199112356745940e-11
2.223217833202374329e-06 1.160798671856030400e-10
2.530010625384812811e-06 1.408998692872512063e-10
2.879140596615476139e-06 1.708816427304021740e-10
3.276450507779225022e-06 2.070673788624345468e-10
3.728589502010264773e-06 2.507030011095603223e-10
4.243124405638216024e-06 3.032771127554003076e-10
4.828666393200942887e-06 3.665693385177923415e-10
5.495015137693342282e-06 4.427051234873851803e-10
6.253322859893731497e-06 5.342204303322474270e-10
7.116280993823997816e-06 6.436388617510889869e-10
8.098332660757185969e-06 7.748635804200553161e-10
9.215914552928531484e-06 9.328779401582029588e-10
1.048773623649867977e-05 1.190869589051529561e-09
1.193508758447558628e-05 1.431442313376072244e-09
1.358219091525023590e-05 1.719454628218286503e-09
1.545661655662491706e-05 2.064097509783821526e-09
1.758974055714031013e-05 2.476151898765224239e-09
2.001727010371275731e-05 2.968923622882205086e-09
2.277984145326752722e-05 3.557250469968546581e-09
2.592370044948029385e-05 4.260080994283106575e-09
2.950145122214544385e-05 4.672528210873457110e-09
3.357297304608087397e-05 5.590649254350434104e-09
3.820645029550920639e-05 6.685796974764392159e-09
4.347945214124356191e-05 7.991315145719081186e-09
4.948025636793587336e-05 9.547837651931689304e-09
5.630932800394855895e-05 1.140274309168178782e-08
6.408100204889195198e-05 1.361195015269019274e-08
7.292539869752803316e-05 1.624257579130006077e-08
8.299056774421052101e-05 1.879010466732350058e-08
9.444502095394908734e-05 2.245308493952660211e-08
1.074805887726406212e-04 2.677307125907394762e-08
1.223155255919676910e-04 3.158168349575875502e-08
1.391982304659237070e-04 3.756573553700393834e-08
1.584114306876351443e-04 4.470085599240551398e-08
1.802768785650937431e-04 5.322207554203759100e-08
2.051610285352474983e-04 6.785189848386187179e-08
2.334808171962542633e-04 8.109139802875372038e-08
2.657100297826451565e-04 9.137301973340713992e-08
3.023891186538979806e-04 1.220385210012794512e-07
3.441327351342091264e-04 1.366454838361362609e-07
3.916386426920220312e-04 1.542933747937051797e-07
4.457024085310735766e-04 1.753656057516946310e-07
5.072299143720071382e-04 2.082241386878556802e-07
5.772523374287543124e-04 2.469200722923477439e-07
6.569427618327292658e-04 2.928487772614054210e-07
7.476363216287274308e-04 3.471675249001154658e-07
8.508525575276733657e-04 4.112754292020980407e-07
9.683209167366201540e-04 4.871516785170545505e-07
1.102009808046251803e-03 5.775219545077969864e-07
1.254159703747928121e-03 6.862637398706939288e-07
1.427320814099592577e-03 8.179625757371613627e-07
1.624395771572590807e-03 9.753697405804582732e-07
1.848688126977744966e-03 1.161407032043163636e-06
2.103957816327004307e-03 1.381174896935242533e-06
2.394477617655598432e-03 1.529340632672986230e-06
2.725114277814135681e-03 1.814637302278501213e-06
3.101417371274277357e-03 2.152970563213782241e-06
3.529696238548791533e-03 2.554139543381642351e-06
4.017132299242304194e-03 3.029757733369001514e-06
4.571899658250796680e-03 3.593556720877805137e-06
5.203302404405057979e-03 4.261824184018295130e-06
5.921930904015691027e-03 5.053653450391186828e-06
6.739839695970122752e-03 5.991199364142446526e-06
7.670749989780461728e-03 7.100267154487040223e-06
8.730279978451780179e-03 8.407448637062798493e-06
9.936206104010769993e-03 9.930169397680363197e-06
1.130873715864590644e-02 1.130631277321144581e-05
1.287089729076728792e-02 1.344735793207223969e-05
1.464887072197832742e-02 1.489293663440089209e-05
1.667246469080557389e-02 1.769826001114368084e-05
1.897571028408226793e-02 2.103159904171431703e-05
2.159727546058401448e-02 2.499643254784867670e-05
2.458131933388309556e-02 3.202554939991148240e-05
2.797787414097216083e-02 3.533219745066209616e-05
3.184377322251689957e-02 4.200994400644265399e-05
3.624412137926088379e-02 4.995811453208572490e-05
4.125285822636862859e-02 5.944056058962888281e-05
4.695382097968293922e-02 6.507864038548189574e-05
5.344263403879152829e-02 7.744890288290673928e-05
6.082867501941784105e-02 9.207137036053587961e-05
6.923609145969179812e-02 1.094191553824007840e-04
7.880620806442749371e-02 1.296459269323034112e-04
8.969987614260099829e-02 1.529758478781771105e-04
1.020996463476577520e-01 1.709294636070896511e-04
1.162136848355229957e-01 2.015187094481778890e-04
1.322798363614434980e-01 2.371735984810434514e-04
1.505682086148371346e-01 2.785093448318645324e-04
1.713862752678830259e-01 3.262915413170880343e-04
1.950839323930954605e-01 3.794467138939552615e-04
2.220595728163913818e-01 4.429250967139626767e-04
2.527670132391250934e-01 5.177590445063778727e-04
2.877196530796379825e-01 5.524561106099537024e-04
3.274996663204587932e-01 5.795612938771590745e-04
3.727728998288244444e-01 6.120754995555095996e-04
4.242980745108446694e-01 6.496024373899907545e-04
4.829381147085981540e-01 6.845629138061689678e-04
5.496756625057730439e-01 7.374270057249317310e-04
6.256299992870273385e-01 7.989782854359564392e-04
7.120742782623042944e-01 8.716685867261342877e-04
8.104576631940922926e-01 9.578031305870449933e-04
9.224296264291920178e-01 1.060056360429821598e-03
1.049867657149389455e+00 1.181751647194487654e-03
1.194908822679767946e+00 1.326989041353893607e-03
1.359985577017796432e+00 1.498699685180036661e-03
1.547866075583420153e+00 1.693985806849991615e-03
1.761701707473594780e+00 1.937471041956670414e-03
2.005080563323395904e+00 2.227822490588651696e-03
2.282086160739777547e+00 2.572001609670681536e-03
2.597366724723197962e+00 2.981382771051878898e-03
2.956213357227438276e+00 3.465707927915001943e-03
3.364648843005827672e+00 4.038437478141366534e-03
3.829528926725969118e+00 4.713406829657312315e-03
4.358657864544072780e+00 5.514101191735517639e-03
4.960919857406888234e+00 6.460606386976464575e-03
5.646427869928589693e+00 7.574117603108606461e-03
6.426693673897504233e+00 8.882484383068696074e-03
7.314821772698609337e+00 1.041991603420174169e-02
8.325730067211894792e+00 1.222707302072924794e-02
9.476401982656492251e+00 1.436765433234272159e-02
1.078617577774500091e+01 1.694640733897167031e-02
1.227707232813756022e+01 2.006192293103874896e-02
1.397416759741078529e+01 2.385881305690907769e-02
1.590602115745869405e+01 2.853696071892122821e-02
1.810516778865236986e+01 3.440474332968868065e-02
2.060868108594129211e+01 4.187897487461592766e-02
2.345882078515400337e+01 5.158320699857658204e-02
2.670378085123017087e+01 6.440927850734771976e-02
3.039857356444966285e+01 8.197863077908248974e-02
3.460553931465545219e+01 9.785177759669194675e-02
3.939530539904755813e+01 1.151634131836018066e-01
4.484962408427679748e+01 1.526251617918113201e-01
5.106253431487851202e+01 2.026119885522355557e-01
5.814080502117727178e+01 2.709344927965305350e-01
6.620675541576460432e+01 3.635648689003833089e-01
7.540065472354160647e+01 4.904591985738905313e-01
8.588382262365813347e+01 6.667089000920191078e-01
9.784241870442585309e+01 9.153615880320161713e-01
1.114924354644640800e+02 1.275004828337085616e+00
1.270867526818513085e+02 1.812601889011363765e+00
1.449253720592984678e+02 2.643302214690562479e+00
1.653706064941235354e+02 3.963267395836110651e+00
1.888694793711113107e+02 6.091589356949950407e+00
2.159861921043511188e+02 9.531195668144139432e+00
2.474471509176721042e+02 1.502335417252288252e+01
2.842019964131567917e+02 2.363870572635131140e+01
3.274860397827218321e+02 3.654357128954720224e+01
3.785929235868334786e+02 5.037647719912608579e+01
4.389109762477505683e+02 6.810680268755447742e+01
5.103706551640228213e+02 9.167648832613801346e+01
5.954349719687863853e+02 1.229649751937885327e+02
6.971988733637876976e+02 1.643601451526859591e+02
8.195579656321776838e+02 2.189373431030619201e+02
9.674265337546928549e+02 2.906569840826572886e+02
1.147013819166036910e+03 3.845737853843866674e+02
1.366172953911886452e+03 5.071359214562428406e+02
1.634840111493768291e+03 6.664921164237160838e+02
