5.605042910151769082e-11 1.431621952396701103e-16
6.537477218029809402e-11 1.757666374007662122e-16
7.625028027391512300e-11 2.157965709554308352e-16
8.893500012351326591e-11 2.649431127816459772e-16
1.037299063666052688e-10 3.252825227928460942e-16
1.209860429147081766e-10 3.993639182524519469e-16
1.411128523570865902e-10 4.903169645653561815e-16
1.645878910293885134e-10 6.019840920846855640e-16
1.919681602651380966e-10 7.390828246056319220e-16
2.239033226971219082e-10 9.074050773258650548e-16
2.611511172045468402e-10 1.114061843875348682e-15
3.045953382719451880e-10 1.367783609539169993e-15
3.552668063749671071e-10 1.679289182022596436e-15
4.143678269804983952e-10 2.061738521496249953e-15
4.833007185280201864e-10 2.531288700318885184e-15
5.637010856354218471e-10 3.098308686869732372e-15
6.574766121633644194e-10 3.564120375192265866e-15
7.668523298171123644e-10 4.107462548201938516e-15
8.944234355965633793e-10 4.741430900464912069e-15
1.043216855065949241e-09 5.481417286302225876e-15
1.216763063342130236e-09 6.345538498128524174e-15
1.419179854003307673e-09 7.355162406078919291e-15
1.655270043542257649e-09 8.535548223545487169e-15
1.930635429644713494e-09 9.916631745134887383e-15
2.251809707239069280e-09 1.153399424863598487e-14
2.626413496087790677e-09 1.343006506531414752e-14
3.063335158348796370e-09 1.565562301814224403e-14
3.572941696475753980e-09 1.827168273234764594e-14
4.167324735569904837e-09 2.135187706398579378e-14
4.860587426780744569e-09 2.498547709098621617e-14
5.669179079334141627e-09 2.928126415895012285e-14
6.612285461279842551e-09 3.437243333395120084e-14
7.712284029985462021e-09 4.042304154384077870e-14
8.995274894089237427e-09 4.763612326167610862e-14
1.049170010563100317e-08 5.626444160418623252e-14
1.223706597707538269e-08 6.662427672974087749e-14
1.427278556260498361e-08 7.911327494953458674e-14
1.664716129450248840e-08 9.423387783206666132e-14
1.941653109127051700e-08 1.126236028064179314e-13
2.264660513326849526e-08 1.350942596708759953e-13
2.641402502625638902e-08 1.626833092082955017e-13
3.080818235057256256e-08 1.967195925651003369e-13
3.593333974903267828e-08 2.389083749471350201e-13
4.191110488627870739e-08 2.914412145525826139e-13
4.888331598637142834e-08 3.571361698701012927e-13
5.701540742281730620e-08 4.396173244934878058e-13
6.650033522784890232e-08 5.435430720356599224e-13
7.756315567590988280e-08 6.748960013065818559e-13
9.046636559501533847e-08 8.413426939656761039e-13
1.055161311393536772e-07 1.052715742583755660e-12
1.230695528416462601e-07 1.321579089498174108e-12
1.435431393573521675e-07 1.663973358723453548e-12
1.674226910033169484e-07 2.100332298963994969e-12
1.952748276521969871e-07 2.656640412684134234e-12
2.277604345763937002e-07 3.365901797739680362e-12
2.656503453578905121e-07 4.269947306563808672e-12
3.098436340799314560e-07 5.421720737816046877e-12
3.613889509556934951e-07 6.888118802642731037e-12
4.215094077946190647e-07 8.753581068835280340e-12
4.916316039656686536e-07 1.112438565948084644e-11
5.734194818175547503e-07 1.413428974752704845e-11
6.688138151725175164e-07 1.795126185540136323e-11
7.800782682151957066e-07 2.278591164148894474e-11
9.098531180932889720e-07 2.890172444163165962e-11
1.061217916539022208e-06 3.662853484587538626e-11
1.237764577989025494e-06 4.637747665356560211e-11
1.443682629245008967e-06 5.866141236036660578e-11
1.683858644587859073e-06 7.411870245321362638e-11
1.963992226930160047e-06 9.354298520289493696e-11
2.290731288620575657e-06 1.179199797442445496e-10
2.671829843858174742e-06 1.484736590423110940e-10
3.116332058417643314e-06 1.867103817132941799e-10
3.634786930862092914e-06 2.345516905351783731e-10
4.239498680199301877e-06 2.940549602505363627e-10
4.944818836266397582e-06 3.684850368450207683e-10
5.767486944246516568e-06 4.611818427279293508e-10
6.727027908583095093e-06 5.765564311235153185e-10
7.846215524661134130e-06 7.199609891379217011e-10
9.151613137494595541e-06 8.980874408193709092e-10
1.067420418526037586e-05 1.117626761480433098e-09
1.245012787421373322e-05 1.390416001038211560e-09
1.452153746821865539e-05 1.729675491003559029e-09
1.693760094759874513e-05 2.149342983524610782e-09
1.975566839294291127e-05 2.668621612777805435e-09
2.304263391025510241e-05 3.310567915880996975e-09
2.687652408673613474e-05 4.103541336028467083e-09
3.134835094081321252e-05 5.082675682608467178e-09
3.656427331202429594e-05 6.290554996755351268e-09
4.264811812090124610e-05 7.780647053306496817e-09
4.974432081480715064e-05 9.609258875109958379e-09
5.802135714829283859e-05 1.187699465493668357e-08
6.767574494109003384e-05 1.465945742941200082e-08
7.893671056431065603e-05 1.808766005837230318e-08
9.207163738463906648e-05 2.231808355270188727e-08
1.073924161681928885e-04 2.751136205629600359e-08
1.252628320145345606e-04 3.358202972985906986e-08
1.461071391971399821e-04 3.996418297143325980e-08
1.704203098704997952e-04 4.940241480240069764e-08
1.987798403434696442e-04 6.072639698508111087e-08
2.318592362355450728e-04 7.467801943322873026e-08
2.704441320364358225e-04 9.147288237319892810e-08
3.154509286145228933e-04 1.118210026086979928e-07
3.679485961443320816e-04 1.364499795157988711e-07
4.291841118169449068e-04 1.668622826300450689e-07
5.006121401948856455e-04 2.044584871641583831e-07
5.839295715609115140e-04 2.506141346809118991e-07
6.811158484422252628e-04 3.071719292031791958e-07
7.944800126536187904e-04 3.759401004975709318e-07
9.267156317845226402e-04 4.601171784181205037e-07
1.080964888046563382e-03 5.627048804347092166e-07
1.260893306068446539e-03 6.883499041779814370e-07
1.470773819480147458e-03 7.974334935695918907e-07
1.715595336651841484e-03 1.016094005750442668e-06
2.001185604589007273e-03 1.297710007637646049e-06
2.334333188279725645e-03 1.584136046408364430e-06
2.722955212162314620e-03 1.943833329234094511e-06
3.176280350688263227e-03 2.206336180138586351e-06
3.705081437444948146e-03 2.728668147715968988e-06
4.321945573622225888e-03 3.335926790280758484e-06
5.041541201433274652e-03 4.089249780361896000e-06
5.880984394517839095e-03 5.010030986255037233e-06
6.860244244998185519e-03 6.148598064793291730e-06
8.002607420508171809e-03 7.374735503618099873e-06
9.335222930185070253e-03 8.703737172630600724e-06
1.088980220960007045e-02 1.076082860432122492e-05
1.270336791145000241e-02 1.319839717102508205e-05
1.481907509673928425e-02 1.611703085611055573e-05
1.728718450302148615e-02 1.834943792782859311e-05
2.016647519217580967e-02 2.368928055184353957e-05
2.352575761966506709e-02 3.052871576204706098e-05
2.744483139038255207e-02 3.462879150252328706e-05
3.201681495878852535e-02 4.236970943674388907e-05
3.735081445244037984e-02 5.204555606582124459e-05
4.357393896057290550e-02 6.390713958984717822e-05
5.083457064260946123e-02 7.940595271102244819e-05
5.930533624280144578e-02 9.039684296364045263e-05
6.918769138984624811e-02 1.095240850786628414e-04
8.071768508359707106e-02 1.347450796260565604e-04
9.417000041167984670e-02 1.599397423795293253e-04
1.098644217267330941e-01 1.850987394821875290e-04
1.281749337696387325e-01 2.243033304700270999e-04
1.495383917775452431e-01 2.676037928152035623e-04
1.744636965626040481e-01 3.197237324835604071e-04
2.035452322088590338e-01 3.858111267284541294e-04
2.374763029565081229e-01 4.594365979488859047e-04
2.770654933270291220e-01 5.485755864614669935e-04
3.232512274298245392e-01 5.767903697571602050e-04
3.771256390374208567e-01 6.143441901928871135e-04
4.399691258910253810e-01 6.580180856510462742e-04
5.132750295256228723e-01 7.113790415302688550e-04
5.987855532027498429e-01 7.756886323298768995e-04
6.985329215046592877e-01 8.519761473877279475e-04
8.148878438715044803e-01 9.446295831514369681e-04
9.506160377147555574e-01 1.056473784010024267e-03
1.108943956549171439e+00 1.192688094471953605e-03
1.293635487898289860e+00 1.355975285066801043e-03
1.509081186147498643e+00 1.549987063779953607e-03
1.760403469441315094e+00 1.790378171712447234e-03
2.053578321035065102e+00 2.075794389128738510e-03
2.395577094713583044e+00 2.425351781352585567e-03
2.794532787867694434e+00 2.839966133446594678e-03
3.259931671681990384e+00 3.322631794133793382e-03
3.802840358118305897e+00 3.900771069519952221e-03
4.436169245259815597e+00 4.576243732912969701e-03
5.174976585098831627e+00 5.348396038101205403e-03
6.036826523236105579e+00 6.230262169237560897e-03
7.042206811228482799e+00 7.228076998529081414e-03
8.215019558246604348e+00 8.418976771561238401e-03
9.583152450163277436e+00 9.828847480004808401e-03
1.117913737806480690e+01 1.149160463482295710e-02
1.304092882990521929e+01 1.351165694784097274e-02
1.521282527453064226e+01 1.616843738737185759e-02
1.774654983705810096e+01 1.985860336700696546e-02
2.070252313239614494e+01 2.534844081530312696e-02
2.415138672918346074e+01 3.397627809374106911e-02
2.817581710324718358e+01 4.789715529386796844e-02
3.287274907309254957e+01 7.126183394904961332e-02
3.835549607975575981e+01 1.019738105975028092e-01
4.475704758012722806e+01 1.544733122758527311e-01
5.223638936849893355e+01 2.634703086704777708e-01
6.097938841734866600e+01 3.878224608392200068e-01
7.119917169344023478e+01 5.321302214388148322e-01
8.314460593473449990e+01 6.941331242634081189e-01
9.710740764545801085e+01 8.972476139428350317e-01
1.134452165106678336e+02 1.353749246635445047e+00
1.325955930078993674e+02 2.061531057982655124e+00
1.550806613677625592e+02 3.188693558835947073e+00
1.815418058119117006e+02 4.961311369474058708e+00
2.127752800779502991e+02 7.747922950136416631e+00
2.497849670360400296e+02 1.210215226886635520e+01
2.938561327194765340e+02 1.887620015276850083e+01
3.466620425698118311e+02 2.935547228436412937e+01
4.104177337179569349e+02 4.548834018291177728e+01
4.881053132362353040e+02 7.021841659755969545e+01
5.838075057215552306e+02 1.080257850516041174e+02
7.032088744561219755e+02 1.657652495574089926e+02
8.543593889915274531e+02 2.540377709371335015e+02
1.048850352711805272e+03 3.893294767033934249e+02
1.303636493987292397e+03 5.974251291633827350e+02
1.643866847425906826e+03 9.186686369862263746e+02
