5.609503757511432002e-11 1.502599700671186973e-14
6.286100418739324526e-11 1.748911322607549916e-14
7.044314017970124746e-11 2.035599243749744609e-14
7.893991282826379443e-11 2.369282094289691943e-14
8.846167132953412449e-11 2.757663454414123671e-14
9.913208094867366632e-11 3.209709703264011925e-14
1.110897303308250184e-10 3.735857021543590314e-14
1.244899328933056512e-10 4.348252326752063837e-14
1.395067457453812838e-10 5.061033703397124813e-14
1.563352324167351569e-10 5.890656802351231896e-14
1.751939988532094909e-10 6.856274744780873624e-14
1.963280357003245996e-10 7.980180301313295182e-14
2.200119038881367067e-10 9.288320554823899392e-14
2.465533050074657502e-10 1.081089592862545097e-13
2.762970829858219898e-10 1.258305740954117194e-13
3.096297091974630578e-10 1.464571806232701829e-13
3.469843094493392425e-10 1.704649757049747814e-13
3.888462983560155650e-10 1.984082160972610494e-13
4.357596945447684277e-10 2.309320143454486375e-13
4.883341990205603585e-10 2.687872321955860100e-13
5.472531289865824976e-10 3.128478153890361542e-13
6.132801685620652140e-10 3.242828284202566513e-13
6.872696302039969579e-10 3.247351185993405898e-13
7.701808970511989296e-10 3.252862670691956900e-13
8.630897851370360530e-10 3.259591043511153158e-13
9.672018368839831877e-10 3.267826200323891948e-13
1.083867964474828027e-09 3.277928642467280233e-13
1.214601979682537029e-09 3.290348067694788761e-13
1.361100237702173341e-09 3.305643261613201096e-13
1.525263649922070993e-09 3.324505593237148342e-13
1.709222351323178934e-09 3.347785288864908617e-13
1.915363342639265205e-09 3.376520531023535113e-13
2.146361466013844910e-09 3.411969644066404710e-13
2.405214116141293391e-09 3.455644955820161470e-13
2.695280137344991797e-09 3.509348908113449462e-13
3.020323411363557878e-09 3.575212100657784252e-13
3.384561701466787132e-09 3.655730671963799028e-13
3.792721386717677327e-09 3.753804874590046185e-13
4.250098796608427208e-09 3.872773532313656913e-13
4.762628941906559863e-09 4.016445237414005016e-13
5.336962533497596781e-09 4.189122882914750130e-13
5.980552288510310228e-09 4.395619472356714065e-13
6.701749643486385948e-09 4.641264324244905703e-13
7.509913129380210790e-09 4.931901119723903447e-13
8.415529814513902656e-09 5.273882322653587758e-13
9.430351391229192457e-09 5.674066678715743753e-13
1.056754667212565133e-08 6.139837464172086607e-13
1.184187247485281948e-08 6.679146538619547045e-13
1.326986511312476962e-08 7.300591841924296216e-13
1.487005497911824678e-08 8.013533605141411317e-13
1.666320700210105020e-08 8.828247633921257929e-13
1.867259010391116922e-08 9.756111807764516154e-13
2.092427914814364270e-08 1.080982154801874871e-12
2.344749330149860795e-08 1.200362875645413722e-12
2.627497519817382747e-08 1.335359856989774718e-12
2.944341582757985387e-08 1.487788072800560844e-12
3.299393065897049853e-08 1.659700188857557667e-12
3.697259318147211278e-08 1.853418208954465768e-12
4.143103278310184433e-08 2.071568966672870962e-12
4.642710472734941807e-08 2.317123933062763660e-12
5.202564092151969107e-08 2.593444420244818997e-12
5.829929121959520558e-08 2.904334672150909946e-12
6.532946617730963038e-08 3.254102022320702215e-12
7.320739349409984613e-08 3.647634964071716184e-12
8.203530184970211983e-08 4.090444690120324778e-12
9.192774749973005947e-08 4.588806990167641714e-12
1.030131008529882534e-07 5.149939933798580148e-12
1.154352123081119957e-07 5.781890597160425532e-12
1.293552789865702286e-07 6.494191183195058557e-12
1.449539365784817551e-07 7.297402369407534209e-12
1.624336033062568055e-07 8.201460608302207856e-12
1.820211075033974015e-07 9.235928628561986554e-12
2.039706275396400228e-07 1.034102968364973783e-11
2.285670067572056390e-07 1.188604459820820233e-11
2.561294524201571693e-07 1.372617724791155395e-11
2.870156277750597149e-07 1.540251367618935412e-11
3.216263185610667227e-07 1.739821271873243392e-11
3.604106667270910337e-07 1.964506422311351557e-11
4.038719713074049646e-07 2.220951839613554460e-11
4.525742261997482220e-07 2.512746265947524927e-11
5.071494375378488295e-07 2.844911418950474060e-11
5.683058268855501668e-07 3.224744994204020399e-11
6.368370229464386434e-07 3.659578406064670236e-11
7.136323610121879636e-07 4.158458486157044295e-11
7.996884249271258251e-07 4.731143494400703013e-11
8.961219797321318548e-07 5.387381191093478215e-11
1.004184468367248119e-06 6.146417105927723367e-11
1.125278254463391127e-06 7.021442065590035684e-11
1.260974819222115020e-06 8.030770953550511648e-11
1.413035160355309064e-06 9.198421321993481135e-11
1.583432649376634800e-06 1.055082159633739258e-10
1.774378643398951286e-06 1.211786457546377275e-10
1.988351188226708218e-06 1.393714902093655392e-10
2.228127185691849881e-06 1.605458328014625869e-10
2.496818437549647549e-06 1.851949902499519646e-10
2.797912032552502178e-06 2.138512889399445464e-10
3.135315603320650071e-06 2.470776678994434909e-10
3.513408096485032494e-06 2.865226021349676994e-10
3.937096492411653298e-06 3.303892395437043328e-10
4.411879454675954595e-06 3.808067540791379992e-10
4.943919090695024213e-06 4.426891600162088415e-10
5.540120778014259267e-06 5.142420920551820123e-10
6.208222568157319256e-06 5.979906472280521308e-10
6.956895848575142590e-06 6.958177321354098705e-10
7.795857865732216062e-06 8.100449093865355405e-10
8.735997909287643727e-06 9.438036906896133273e-10
9.789518594620507899e-06 1.098390736458686311e-09
1.097009419708415720e-05 1.276881005483810154e-09
1.229304846485554766e-05 1.486779753213749327e-09
1.377555376392737738e-05 1.734669132991189133e-09
1.543685374093848865e-05 2.023716002829063661e-09
1.729851307748605838e-05 2.361312754637788318e-09
1.938469768074220514e-05 2.755446974321710140e-09
2.172248845837551959e-05 3.215512616825235605e-09
2.434223299255525708e-05 3.752476353873163127e-09
2.727793963426135260e-05 4.378947752631569826e-09
3.056771916478134306e-05 5.109961443856818327e-09
3.425427976309945391e-05 5.962921010199339436e-09
3.838548164037949514e-05 6.957358465864651624e-09
4.301495864309674030e-05 8.116912503400710947e-09
4.820281493944551267e-05 9.469254761189127818e-09
5.401640566392495655e-05 1.104526760811813573e-08
6.053121180618576341e-05 1.288218118127400471e-08
6.783182070105081476e-05 1.502160501631656136e-08
7.601302511749208975e-05 1.751888661523010220e-08
8.518105364126075474e-05 2.040836802560010310e-08
9.545495312032143483e-05 2.381587560251791101e-08
1.069681338182255806e-04 2.774325655530541127e-08
1.198700473703582218e-04 3.134342139966242773e-08
1.343281977883855965e-04 3.626242290669905275e-08
1.505303862696263212e-04 4.228123986016836360e-08
1.686870316410955524e-04 4.915993430343595147e-08
1.890339265133312435e-04 5.722228818472265273e-08
2.118353230585665319e-04 6.657114362162929778e-08
2.373873576101601893e-04 7.745485690459339691e-08
2.660219040070340183e-04 9.010111284725419813e-08
2.981108833728256030e-04 1.047729385054687986e-07
3.340710979608208452e-04 1.217799780412230245e-07
3.743696479969935132e-04 1.414666947989297151e-07
4.195300025293602830e-04 1.642427446231300263e-07
4.701388062989047493e-04 1.906190748271623202e-07
5.268535096535465574e-04 2.212046703965393959e-07
5.904109182020412898e-04 2.567053375188867715e-07
6.616367750085271407e-04 2.979552259649930774e-07
7.414564993468994794e-04 3.458982002092442718e-07
8.309072128753753998e-04 4.014722172917347730e-07
9.311512096460395314e-04 4.656373756177310033e-07
1.043491084011761647e-03 5.399669865528046272e-07
1.169386633770767977e-03 6.249955858640568507e-07
1.310474034109573730e-03 7.266203095806133848e-07
1.468586572053629099e-03 8.340823099982968055e-07
1.645777372353499990e-03 9.381512430016328965e-07
1.844349026463275266e-03 1.085731073951427425e-06
2.066884013332045706e-03 1.259558585542755617e-06
2.316275169190931682e-03 1.461938596166310435e-06
2.595764585351471691e-03 1.698034708363027731e-06
2.908985880258992650e-03 1.972367898015575848e-06
3.260011472214747498e-03 2.291417123885161030e-06
3.653405649822861513e-03 2.662167878321757165e-06
4.094283993399626224e-03 3.093035488827974129e-06
4.588380003674471727e-03 3.593490425979400777e-06
5.142119775359337182e-03 4.174727731458853771e-06
5.762705813007604726e-03 4.851394635688917266e-06
6.458210245518454344e-03 5.626250645103986247e-06
7.237682852761813911e-03 6.575883447326691922e-06
8.111255967151932700e-03 7.442617422477926054e-06
9.090274583321712731e-03 8.380588944676885612e-06
1.018748531300229902e-02 9.821736538680233210e-06
1.141718179264581204e-02 1.141010912377437910e-05
1.279536452694877459e-02 1.328243424882253826e-05
1.433997959404000565e-02 1.556861214433812911e-05
1.607107541319351129e-02 1.695920653758363416e-05
1.801118312902665053e-02 2.031253007743748793e-05
2.018568645031110914e-02 2.456436982256116931e-05
2.262289078273233695e-02 2.846331738866292679e-05
2.535446048406689301e-02 3.257341017117201234e-05
2.841585572112522232e-02 3.577116219066281693e-05
3.184694025337079376e-02 4.184405383380642563e-05
3.569253000765529316e-02 4.873996510705525599e-05
4.000272251142592689e-02 5.675945028382954708e-05
4.483368031004263121e-02 6.597516895653328460e-05
5.024840482185060492e-02 7.753708511878342716e-05
5.631734818244470142e-02 8.728374712689864867e-05
6.311923533601131175e-02 9.630337230453074040e-05
7.074279574020626848e-02 1.127497137591699735e-04
7.928766471334401655e-02 1.302302133255031549e-04
8.886475048727335291e-02 1.429826952812805144e-04
9.959863713680629227e-02 1.638680023971059618e-04
1.116296124203604717e-01 1.894086341575927169e-04
1.251144829296711170e-01 2.165813262027465420e-04
1.402288469285174477e-01 2.470194329852634348e-04
1.571696938318713488e-01 2.827141051488649202e-04
1.761579178487926167e-01 3.239844362815606630e-04
1.974409619366513935e-01 3.688119984273475018e-04
2.212960041269444733e-01 4.178353571190383613e-04
2.480335929415891649e-01 4.692853942828086630e-04
2.780013881386059760e-01 5.191496076666352174e-04
3.115879983817186893e-01 5.543777326350960311e-04
3.492285566524916951e-01 5.851321234787814881e-04
3.914118359393318203e-01 6.204380224177177047e-04
4.386859813651662887e-01 6.570594587086393086e-04
4.916651649223178766e-01 6.977729119935223000e-04
5.510378554262723716e-01 7.435412185611873928e-04
6.175756492207767900e-01 7.952215294048707800e-04
6.921432942820887613e-01 8.538126213858125051e-04
7.757099765153401272e-01 9.211390994471632503e-04
8.693619295433792082e-01 9.982960483503641562e-04
9.743165305414327459e-01 1.086961049810612019e-03
1.091938143008273743e+00 1.188625531235571169e-03
1.223755821667552590e+00 1.304663081729269362e-03
1.371483229197991704e+00 1.437675148061449840e-03
1.537040946572809208e+00 1.589652866597986722e-03
1.722581612003634799e+00 1.766859814255192316e-03
1.930517712130955132e+00 1.966649448857448607e-03
2.163553125663587817e+00 2.201484819234300269e-03
2.424718432904847010e+00 2.468075880714478473e-03
2.717409561945023810e+00 2.769000443061385951e-03
3.045432595890012362e+00 3.113478319751041435e-03
3.413052772377741739e+00 3.493877956855534310e-03
3.825050314257446349e+00 3.932382804700492764e-03
4.286783177930331590e+00 4.425843579968344668e-03
4.804254918586641665e+00 4.969461601546209216e-03
5.384193160898570696e+00 5.572109341814236207e-03
6.034137271129006663e+00 6.232242906536419533e-03
6.762535887283597447e+00 6.954874195937614002e-03
7.578858349431032870e+00 7.770066661634325404e-03
8.493719199864742109e+00 8.702890826798509449e-03
9.519014730293749338e+00 9.755986592020246539e-03
1.066807697736879135e+01 1.094975208731228250e-02
1.195584814046065425e+01 1.230635486157648575e-02
1.339907812834461964e+01 1.390882670873940137e-02
1.501654832962962871e+01 1.587156692997459054e-02
1.682932176237474309e+01 1.836615750870161656e-02
1.886102705836552929e+01 2.165724404358024616e-02
2.113818081584802755e+01 2.613422228673126582e-02
2.369055637049375207e+01 3.241187442442956118e-02
2.655160674717501124e+01 4.138470808723757749e-02
2.975894132050324359e+01 5.420911248982282493e-02
3.335490816358236543e+01 7.322265042376542576e-02
3.738696381139565972e+01 9.552866611243300554e-02
4.190830799800728812e+01 1.251519730132457930e-01
4.697980606661398184e+01 1.803056786644168796e-01
5.267117738566620488e+01 2.662994264475854744e-01
5.905947442101584244e+01 3.564908337310842001e-01
6.622961265301881895e+01 4.577683907399914820e-01
7.427712770006844778e+01 5.685684490059944585e-01
8.330899403823316618e+01 6.893485572575356324e-01
9.344533330442627062e+01 8.241484596374923921e-01
1.048261944354323987e+02 1.069149285953009176e+00
1.176175094868513042e+02 1.470925704465200212e+00
1.320071258863369792e+02 2.006471013604894438e+00
1.482089421780374607e+02 2.767929271908852407e+00
1.664730160706366178e+02 3.832452280125954847e+00
1.870913312797532910e+02 5.322186931090355344e+00
2.104082353949335982e+02 7.402907987193469097e+00
2.368328568766697799e+02 1.029913871076381149e+01
2.668554865572718882e+02 1.432106203302619818e+01
3.010691955388394945e+02 1.989139427386289327e+01
3.401976991049731396e+02 2.757934163566957508e+01
3.851326811814607822e+02 3.817145194409693687e+01
4.369821696356208918e+02 5.270449944047783220e+01
4.971368750080775953e+02 7.264985079112047117e+01
5.673709547688175689e+02 1.001735649513299222e+02
6.496632178696826259e+02 1.323831043475496472e+02
7.461343498175019704e+02 1.711111526223042461e+02
8.596289630359220837e+02 2.227665504924753463e+02
9.940257346762607540e+02 2.921574467808282520e+02
1.154199788316232571e+03 3.830825829087821717e+02
1.346179481449564946e+03 5.012897307511043437e+02
1.577500643803226239e+03 6.540822510921888124e+02
