5.605019189103594769e-11 6.402107852630845060e-17
6.537466816073289898e-11 7.860184492291691110e-17
7.625035942889087495e-11 9.650337306872091207e-17
8.893532517692526177e-11 1.184819646761951999e-16
1.037305555917478759e-10 1.454661687683648788e-16
1.209871135148837627e-10 1.785960109116763784e-16
1.411144645276737215e-10 2.192711568856552429e-16
1.645901928315894123e-10 2.692100456025955929e-16
1.919713334654090852e-10 3.305224895180588307e-16
2.239075897542491349e-10 4.057988097460544081e-16
2.611567496191359612e-10 4.982192716490436827e-16
3.046026665514999142e-10 6.116884443250012759e-16
3.552762319128062545e-10 7.510001603958674085e-16
4.143798361993322299e-10 9.220400452995218890e-16
4.833158997004839777e-10 1.132034172519751119e-15
5.637201495401496589e-10 1.389854349911883151e-15
6.575004327159246085e-10 1.706392934825703125e-15
7.668819861132415833e-10 2.095023013172359680e-15
8.944602376871281110e-10 2.572163384027438783e-15
1.043262391709974925e-09 3.157972219175386649e-15
1.216819259419099132e-09 3.877198703244282187e-15
1.419249039509553137e-09 4.760228634425526930e-15
1.655355036474708214e-09 5.844368160198792437e-15
1.930739635527306569e-09 7.175419883181133835e-15
2.251937238586766153e-09 8.809617924241165644e-15
2.626569315746167275e-09 1.081600369520174404e-14
3.063525251413782571e-09 1.327934275250574689e-14
3.573173276409965116e-09 1.630370596274462927e-14
4.167606491216770400e-09 2.001686627671954290e-14
4.860929818267016198e-09 2.457569686644572520e-14
5.669594692378452456e-09 3.017279868497005107e-14
6.612789431239787004e-09 3.704463744939598070e-14
7.712894549114196715e-09 4.548153381743724080e-14
8.996013818003848466e-09 5.583992882134134316e-14
1.049259367798108695e-08 6.855744274783111993e-14
1.223814569489621316e-08 8.417136366989360952e-14
1.427408920897415322e-08 1.033413467318059048e-13
1.664873416993285860e-08 1.268772831841747131e-13
1.941842748089573885e-08 1.557735165768154218e-13
2.264889005345580050e-08 1.912508516712468914e-13
2.641677630188373252e-08 2.348081308605502185e-13
3.081149308303924431e-08 2.882855570912726581e-13
3.593732124532625761e-08 3.539424385469115678e-13
4.191589013115011571e-08 4.345526396415003875e-13
4.888906375319933099e-08 5.335217709259501424e-13
5.702230713428027996e-08 6.550310689328404366e-13
6.650861269525454172e-08 8.042140445789900450e-13
7.757307986625835637e-08 9.873733631471494624e-13
9.047825659833249357e-08 1.212247118567657730e-12
1.055303695336897922e-07 1.488335751525212066e-12
1.230865906823483190e-07 1.827303422989712466e-12
1.435635130512135786e-07 2.243470800354141535e-12
1.674470363628058921e-07 2.754420075351627222e-12
1.953038974657234471e-07 3.381737774479842351e-12
2.277951190718014121e-07 4.151926744101968580e-12
2.656916959824765858e-07 5.097525839667105779e-12
3.098928910695079829e-07 6.258484623551356786e-12
3.614475752137316534e-07 7.683851149597379204e-12
4.215791176499691639e-07 9.433844139680347609e-12
4.917144174316272200e-07 1.158239709737787416e-11
5.735177650154064262e-07 1.422028184216898251e-11
6.689303656279654471e-07 1.785220074645246533e-11
7.802164238234732840e-07 2.266172067416770250e-11
9.100168401505725643e-07 2.874663647180859701e-11
1.061411885839499365e-06 3.643155726904457621e-11
1.237994326048945169e-06 4.615212712446071330e-11
1.443954686210158206e-06 5.830900446512122570e-11
1.684180711405283370e-06 7.358151292985679706e-11
1.964373078885956389e-06 8.839099520916997943e-11
2.291181144706055298e-06 1.120795296219324117e-10
2.672361083964424507e-06 1.408862820488738147e-10
3.116959187302946252e-06 1.771842923836076958e-10
3.635527018643486833e-06 2.225129809985728269e-10
4.240371799511634972e-06 2.791006624223236068e-10
4.945848580237352797e-06 3.496619676427002742e-10
5.768701007336715376e-06 4.375445489140702851e-10
6.728458805574167635e-06 5.468789079514798527e-10
7.847901412087055826e-06 6.827572731764157034e-10
9.153598778071425553e-06 8.515202798315167286e-10
1.067654212614374308e-05 1.060203400033919334e-09
1.245287968217510925e-05 1.317882147280637393e-09
1.452477513007831967e-05 1.638434256065130829e-09
1.694140881084476766e-05 2.035833386304707920e-09
1.976014521974730641e-05 2.526895585556757186e-09
2.304789512035761826e-05 3.133057627607513175e-09
2.688270456653261005e-05 3.882277502378511930e-09
3.135560828484678910e-05 4.806617905522470609e-09
3.657279133429002833e-05 5.944832883333283555e-09
4.265811094446462446e-05 7.346800280602663849e-09
4.975603803288604734e-05 9.069571060243741080e-09
5.803508827211581569e-05 1.118557042117375118e-08
6.769182482836004521e-05 1.378381854979493409e-08
7.895552604900081973e-05 1.695502932910625537e-08
9.209362991587293574e-05 2.081543324013014850e-08
1.074180947095669108e-04 2.562139976093687863e-08
1.252928147620551520e-04 3.157046628575215032e-08
1.461422520839880267e-04 3.882214330022588930e-08
1.704615219779492331e-04 4.772273440867163011e-08
1.988281684068987653e-04 5.866679733327209779e-08
2.319158840951916051e-04 7.208620320638781925e-08
2.705105165093702239e-04 8.851294758950807723e-08
3.155287497887417601e-04 1.086790711166122925e-07
3.680398916810329567e-04 1.333399466304199056e-07
4.292912863568977685e-04 1.635346342700467138e-07
5.007379727431862529e-04 2.004824070922184909e-07
5.840772755756057496e-04 2.457064380904141933e-07
6.812891662498824202e-04 3.010796940290752481e-07
7.946833698902810777e-04 3.692090725282260817e-07
9.269542423182925090e-04 4.519753933497343636e-07
1.081245054236946090e-03 5.564202318664914047e-07
1.261219938020620218e-03 6.441888909686239413e-07
1.471154511700193844e-03 7.944556603247650989e-07
1.716040904813707956e-03 9.728181308393901074e-07
2.001699452290203133e-03 1.194060601849743078e-06
2.334920661321683924e-03 1.464821771393641015e-06
2.723626151711111380e-03 1.796411565973631963e-06
3.177057430308590467e-03 2.202254613789696514e-06
3.705995866455911916e-03 2.698514107346575505e-06
4.323019523014766906e-03 3.306901225675824449e-06
5.042802691568968633e-03 4.050544061142920789e-06
5.882460588760885477e-03 4.894075000450249914e-06
6.861948131567895126e-03 5.779319519633374876e-06
8.004564180360418044e-03 7.125895451109215951e-06
9.337514722280561633e-03 8.800101669164166684e-06
1.089246118162053197e-02 9.993969311375079428e-06
1.270636643316036887e-02 1.228778859466573849e-05
1.482250009850070646e-02 1.574408360971448574e-05
1.729132911323302477e-02 2.026397041704177654e-05
2.017149396783766979e-02 2.286507972648084132e-05
2.353142683695908302e-02 2.811406616672356115e-05
2.745127304952693637e-02 3.441357735782740404e-05
3.202443272282973208e-02 4.284019588776560622e-05
3.735960232445808410e-02 4.853830186744526070e-05
4.358362649051166632e-02 5.903290012771224835e-05
5.084505052017933985e-02 7.249233236280690977e-05
5.931695567566040023e-02 8.893948513631096250e-05
6.920135131254946670e-02 1.102299869189597953e-04
8.073326384342151274e-02 1.255721971602455779e-04
9.418700419272463265e-02 1.522533709252563649e-04
1.098838297565168237e-01 1.851742560351558311e-04
1.281979926430085737e-01 2.249645129328724420e-04
1.495660212758420649e-01 2.709926484693601424e-04
1.744970057991968027e-01 3.232925825062304059e-04
2.035854401732117014e-01 3.918108159466485488e-04
2.375240393189828880e-01 4.534925928952796394e-04
2.771154358444191668e-01 4.650111808821182947e-04
3.232966463511657285e-01 4.973594231349569295e-04
3.771661059410598149e-01 5.316720817233039744e-04
4.400030904979859159e-01 5.670316000413444784e-04
5.133008907430259837e-01 6.214653182774052724e-04
5.988023534511233148e-01 6.863562448040105585e-04
6.985397592810212997e-01 7.663436468677637314e-04
8.148841724777211581e-01 8.648707930618234653e-04
9.506017570926201810e-01 9.863968724917373393e-04
1.108919733100800054e+00 1.137193810645506552e-03
1.293603010293100430e+00 1.320127204424062896e-03
1.509043548514091615e+00 1.541441839296319024e-03
1.760366087210823771e+00 1.822630773915554251e-03
2.053550391794219721e+00 2.169239665290721274e-03
2.395572540341784240e+00 2.595109603208444957e-03
2.794571656059245957e+00 3.116644645399194169e-03
3.260043866463991691e+00 3.753441897374106603e-03
3.803069174091658677e+00 4.536481594761665459e-03
4.436575719564865850e+00 5.492077907491613696e-03
5.175647180539976411e+00 6.652109460653777076e-03
6.037882477519525892e+00 8.056497576895147242e-03
7.043815679504173310e+00 9.754879998444172112e-03
8.217407487736668514e+00 1.182851485622561129e-02
9.586621226688786024e+00 1.439899973268998941e-02
1.118409259117692933e+01 1.758742480371099440e-02
1.304791144072513909e+01 2.157876374640421355e-02
1.522254289720394915e+01 2.666402251538113263e-02
1.775990790457847979e+01 3.327032368958279113e-02
2.072065470546577615e+01 4.207654844184488541e-02
2.417566198660232502e+01 5.413877770691331165e-02
2.820780728008473304e+01 7.093288295039675007e-02
3.291387360876342427e+01 9.210792586701740947e-02
3.840618634300309253e+01 1.103043420024082816e-01
4.481740818660092884e+01 1.587050919336558952e-01
5.230711006417308795e+01 2.600763381703915522e-01
6.106184032490785540e+01 3.895008192719953133e-01
7.129587094640915268e+01 5.344150928723936378e-01
8.325770183851574302e+01 6.920065655114661096e-01
9.724045945445908501e+01 9.122239111084049501e-01
1.136013073435921541e+02 1.341467627155878750e+00
1.327764785399709808e+02 2.056387194591968726e+00
1.552910749382147912e+02 3.181440495961047166e+00
1.817810601616313591e+02 4.877219788026667224e+00
2.130358591298652868e+02 7.594193904501504555e+00
2.500633953558290443e+02 1.194296518073402069e+01
2.941619321177915936e+02 1.881441205284470541e+01
3.470192893323335852e+02 2.943272366715108035e+01
4.108481032961024653e+02 4.555745231670764639e+01
4.885948973656395538e+02 6.992875552859965183e+01
5.842797752531367905e+02 1.070068082344815394e+02
7.035129390745214550e+02 1.636544845968045081e+02
8.541722629779194449e+02 2.492630463531402256e+02
1.047173973488183037e+03 3.753058809832248244e+02
1.297324917535636587e+03 5.552912637982454953e+02
1.624387994039126170e+03 8.058284345917990095e+02
