5.605042527442139726e-11 1.418853516872383327e-16
6.607466267949875931e-11 1.766900266039248490e-16
7.789166866048228543e-11 2.200323368836103144e-16
9.182206848462722422e-11 2.740065764039378876e-16
1.082438293240612393e-10 3.412207722554962699e-16
1.276025155391363822e-10 4.249227042163981014e-16
1.504233780694494970e-10 5.291568369799516143e-16
1.773256059554739855e-10 6.589597480769864828e-16
2.090391266797282324e-10 8.206034945403788951e-16
2.464244111748404494e-10 1.021898677752330513e-15
2.904958208731250373e-10 1.272571850521880152e-15
3.424491302807718210e-10 1.584735502645553132e-15
4.036939718572305095e-10 1.973473334582514190e-15
4.758920835410998791e-10 2.457569099579479137e-15
5.610023967121371488e-10 3.060414231786675281e-15
6.613341879871534647e-10 3.811138116818400298e-15
7.796097370519781750e-10 4.746015619260354309e-15
9.190381906699758311e-10 5.910219878640080362e-15
1.083402637078942750e-09 7.360005068697288076e-15
1.277162753443545870e-09 9.165424590550672742e-15
1.505575811597631353e-09 1.141371604244558589e-14
1.774839325455412802e-09 1.421351652730731767e-14
2.092259210711766135e-09 1.770011198112382863e-14
2.466448019724781880e-09 2.204197416891281669e-14
2.907558630564131527e-09 2.744890121492760363e-14
3.427559731264058056e-09 3.418215501629041569e-14
4.040560574447013766e-09 4.256708537834961430e-14
4.763193814459986413e-09 5.300885086806806047e-14
5.615066815275101770e-09 6.601199601470104275e-14
6.619293675420993710e-09 8.220483082514631765e-14
7.803122406554238143e-09 1.023697906284476400e-13
9.198674284399751426e-09 1.274812432325633516e-13
1.084381543475485378e-08 1.587525702294833576e-13
1.278318430568454753e-08 1.976947974102373593e-13
1.506940290732149987e-08 2.461896073026013740e-13
1.776450468763446696e-08 3.065802617862413210e-13
2.094161779150461732e-08 3.817848281523584284e-13
2.468694938100011633e-08 4.754371796738697753e-13
2.910212486499201901e-08 5.920625838123552017e-13
3.430694551796329729e-08 7.372963624574268749e-13
4.044263932245974637e-08 9.181561898281438768e-13
4.767569325533996226e-08 1.143381185429901151e-12
5.620237101814213390e-08 1.423854186987275682e-12
6.625403881484589155e-08 1.773127607516949661e-12
7.810344371108909607e-08 2.208078285874961923e-12
9.207211496283984317e-08 2.749722973057905353e-12
1.085390891814711926e-07 3.424233858432360794e-12
1.279511961336724681e-07 4.264203205966979405e-12
1.508351843340676432e-07 5.310218207498171459e-12
1.778120155259785610e-07 6.612822149701086611e-12
2.096137160172908961e-07 8.234956658057888218e-12
2.471032422423276991e-07 1.025500302668172478e-11
2.912978997416732418e-07 1.277056959059359848e-11
3.433969512117900224e-07 1.590320814570887152e-11
4.048141629944512427e-07 1.980428731323232937e-11
4.772161734409229696e-07 2.466230664854124825e-11
5.625677246384077166e-07 3.071200491119396421e-11
6.631849567902434296e-07 3.786926810902350809e-11
7.817981847999527942e-07 4.559053102397890349e-11
9.216260509460085813e-07 5.503363112452219765e-11
1.086462982108861382e-06 6.662083669787952897e-11
1.280782095527349624e-06 8.088467702639564487e-11
1.509856599631353100e-06 9.849501133972526644e-11
1.779902912469179674e-06 1.202998237485808723e-10
2.098249384105994818e-06 1.473778638904913364e-10
2.473535200686100828e-06 1.810564785841619170e-10
2.915944871146846434e-06 2.230202754027676364e-10
3.437484668323189642e-06 2.753996653761276654e-10
4.052308525921212331e-06 3.408641778242486971e-10
4.777102239533808359e-06 4.227533689562774432e-10
5.631536405617454855e-06 5.252434637928083397e-10
6.638800399849353117e-06 6.535717072747154521e-10
7.826231895101355010e-06 8.142720208301251939e-10
9.226059014843101272e-06 1.015517016038846271e-09
1.087627528078731338e-05 1.267507328887931557e-09
1.282167111693402687e-05 1.582965120367249311e-09
1.511504993224747295e-05 1.977789789424379639e-09
1.781866181183999138e-05 2.471743394992394399e-09
2.100589377232583979e-05 3.089595789075296679e-09
2.476326250871396797e-05 3.862194913827498731e-09
2.919276374002359369e-05 4.827756924013235709e-09
3.441464205480651030e-05 6.034514836440703999e-09
4.057065643841678673e-05 7.541195631864862299e-09
4.782793025304996678e-05 9.422124338239060716e-09
5.638349046924921813e-05 1.176950818619222897e-08
6.646961931005555314e-05 1.469823533052770689e-08
7.836016377249250403e-05 1.834943062900773120e-08
9.237797521875479041e-05 2.290738973453257842e-08
1.089036838363750017e-04 2.863347618435516445e-08
1.283859784059979419e-04 3.497533085778436275e-08
1.513537940693171220e-04 4.272233055416646472e-08
1.784308501473761191e-04 5.325804668745242401e-08
2.103525431719870380e-04 6.636938656858666918e-08
2.479858069991330372e-04 8.257714824286585902e-08
2.923527352501553646e-04 1.026747212943806677e-07
3.446583663055809935e-04 1.275491027238045019e-07
4.063234305073579449e-04 1.583381225465928132e-07
4.790229689864729376e-04 1.964102379223486644e-07
5.647318725226544529e-04 2.435685908279681121e-07
6.657785882317014204e-04 3.020779795027508373e-07
7.849084385297160809e-04 3.747227523030651991e-07
9.253582482612742084e-04 4.645156297666259156e-07
1.090944379518742112e-03 5.759095336871325292e-07
1.286165444398072299e-03 6.990419337920383427e-07
1.516324868768350763e-03 8.511793255726604095e-07
1.787677819475003149e-03 1.051368618039865698e-06
2.107600228296986188e-03 1.300507546153881887e-06
2.484788349168822255e-03 1.613058906765983827e-06
2.929496214935583404e-03 2.002141233885878122e-06
3.453814473051709712e-03 2.485885755879802416e-06
4.071999714647622087e-03 3.086857546806564664e-06
4.800862722173034405e-03 3.833130152573044777e-06
5.660226351261739286e-03 4.759417551335249229e-06
6.673465629514930587e-03 5.909830228757059950e-06
7.868143502677209938e-03 7.321571674777150901e-06
9.276762308825729775e-03 9.074373205791747099e-06
1.093762242172281914e-02 1.086254642232757371e-05
1.289586710474924583e-02 1.302048079728113088e-05
1.520475681417617596e-02 1.565944065930366697e-05
1.792715283546839414e-02 1.962214663320487588e-05
2.113736371865137728e-02 2.644221212570204601e-05
2.492275227525506814e-02 3.088394074893266802e-05
2.938611548445616353e-02 3.771576847313001373e-05
3.464913641741946410e-02 4.692971841553081797e-05
4.085528699783059353e-02 5.888949776238620485e-05
4.817338533342191420e-02 6.896336481623827769e-05
5.680250089901656835e-02 8.437276630464138967e-05
6.697804255521933037e-02 1.048103631611719053e-04
7.897746950541754962e-02 1.300327976085770634e-04
9.312795750439056830e-02 1.616317654875209977e-04
1.098143667429636317e-01 1.864626500164349152e-04
1.294910510531035730e-01 2.315562478404691526e-04
1.526954867449637487e-01 2.839519662672353932e-04
1.800601049780121699e-01 3.462378024391643766e-04
2.123306518628643447e-01 4.175784289723189760e-04
2.503854891652295689e-01 4.891648033811815070e-04
2.952576952325182691e-01 5.419403830147954222e-04
3.481641378203779169e-01 5.896002639799239860e-04
4.105413408539024256e-01 6.398753706629846079e-04
4.840834647374555599e-01 6.915841765072373989e-04
5.707887503968709364e-01 7.607814748359373672e-04
6.730144556844279702e-01 8.468768972370641470e-04
7.935395857540282760e-01 9.529202119429735921e-04
9.356408715579696000e-01 1.084187114757271522e-03
1.103182128747348223e+00 1.247402685534100076e-03
1.300719395455904204e+00 1.449151170036727622e-03
1.533624691821941610e+00 1.695692492903567950e-03
1.808233166725039087e+00 2.009759993606999046e-03
2.132016207988865819e+00 2.402563917251685551e-03
2.513783898474830192e+00 2.891406073274785989e-03
2.963925401162913698e+00 3.497912152516095396e-03
3.494692112969490339e+00 4.247553975088469436e-03
4.120531707521569942e+00 5.173598457261029127e-03
4.858482778036636418e+00 6.322954166270345136e-03
5.728639287065377950e+00 7.737858362886513609e-03
6.754697499994100518e+00 9.473677139224931723e-03
7.964602933146963437e+00 1.160319166200474671e-02
9.391314588792534224e+00 1.423155504322269442e-02
1.107371226225469485e+01 1.755987842994538584e-02
1.305766658786793322e+01 2.180311634700051945e-02
1.539730001341913024e+01 2.729835457439214533e-02
1.815649055018804603e+01 3.458206252727764191e-02
2.141065975508322694e+01 4.448458453273763241e-02
2.524892550591285456e+01 5.859293372491070073e-02
2.977658488967253803e+01 7.788332885000648353e-02
3.511771919413740051e+01 1.003735282160793385e-01
4.141860491951220524e+01 1.288733563961741990e-01
4.885347672799071006e+01 1.831981694776244063e-01
5.762998893502595621e+01 2.656190581637305481e-01
6.799394003725102209e+01 3.862635189931566959e-01
8.023780602147951413e+01 5.669242201579453022e-01
9.471143410904664961e+01 8.441357647077697424e-01
1.118360229313497456e+02 1.283027835873959077e+00
1.321258150801748172e+02 2.026847029573547232e+00
1.562132051508984034e+02 3.222014629400278274e+00
1.848766558126476127e+02 5.100073059595072955e+00
2.190993695004630126e+02 8.203746555443366617e+00
2.601580663704044127e+02 1.333158527294149920e+01
3.097302128192644659e+02 2.164884568427526901e+01
3.700447468798504929e+02 3.485429983551067323e+01
4.440468685673138225e+02 5.477832836046757592e+01
5.359826085008223799e+02 8.909147426552431170e+01
6.485478920600060064e+02 9.666103137805060896e+01
7.900047330574255966e+02 2.017297023903164472e+02
9.829619178032536411e+02 4.014478083919053120e+02
1.249430868085546308e+03 6.385410927913859496e+02
1.612196636907393213e+03 9.508672410972338866e+02
2.106264852418151804e+03 1.393296926770856771e+03
2.783686765101051606e+03 2.031885991903340027e+03
3.718092042969376962e+03 2.936731822732103865e+03
5.009403312001669292e+03 4.183602235488198858e+03
6.790016082326267679e+03 5.859882018334992608e+03
9.233647800332211773e+03 8.076944498495907283e+03
1.256864038482732394e+04 1.099084016148858245e+04
1.709786089971107140e+04 1.482921632595845404e+04
2.322738260257421280e+04 1.992280172156851768e+04
3.150644954450028308e+04 2.674285641938453045e+04
4.268222640582001623e+04 3.594990913108890527e+04
5.777453875402433187e+04 4.846060018346981815e+04
7.817811373772844672e+04 6.554128360489779152e+04
