7.374381999509149762e-12 1.886478190982866776e-19
2.331984444936885702e-11 1.202875101238043112e-18
7.374382948381375495e-11 7.669892586590564606e-18
2.331985049966306765e-10 4.890553660084059852e-17
7.374386806230522920e-10 3.118363762222316193e-16
2.331987509846670287e-09 1.988362306073580339e-15
7.374402491165870354e-09 1.267839470208793777e-14
2.331997511032090129e-08 8.084124896701921029e-14
7.374466261725094224e-08 5.154680610685971867e-13
2.332038173054210485e-07 3.286779031459768946e-12
5.857729391679788666e-07 1.446781958777771762e-11
1.471477650786183202e-06 6.088592755770992334e-11
3.696415797145449859e-06 2.441054461078457070e-10
4.653211121338861226e-06 3.282409974638610925e-10
9.283591889732304082e-06 8.956566483374038340e-10
1.852812767805371664e-05 2.392370685071267537e-09
3.697936890326594623e-05 6.278958802978594283e-09
7.378236079255229372e-05 1.625289137470801158e-08
1.472342134539385999e-04 4.166831905435893370e-08
1.853646998015041620e-04 5.453831214754169976e-08
2.938761317281362011e-04 1.016741937380927309e-07
4.657502296858192104e-04 1.890553301612541095e-07
5.864753213530790599e-04 2.577119373508808919e-07
6.799424943363462743e-04 3.143224307336004111e-07
9.001874041117114257e-04 4.281675684734905912e-07
1.427140635430045523e-03 7.939200395018660556e-07
2.336222852188931179e-03 1.470499695806915559e-06
3.704069871764626137e-03 2.722546550555927062e-06
4.502983465614526434e-03 3.533942817342425721e-06
5.670157142131615827e-03 4.807210805222776044e-06
7.396854119405034053e-03 6.541102212248078075e-06
9.312630757538794407e-03 8.894151385928923722e-06
1.172710888773291146e-02 1.209604588486333653e-05
1.420732115920156184e-02 1.562249889051234728e-05
1.859231351403393268e-02 2.124609917031723154e-05
2.341085439360430023e-02 2.888570709759933687e-05
2.826485781034850445e-02 3.713074147009906301e-05
3.712970404965604265e-02 5.048757232335372068e-05
4.676587629103690774e-02 6.865660718962678555e-05
5.754435783420761008e-02 9.050189129541711655e-05
6.123840774748959964e-02 9.331057068044730138e-05
7.942154862055428310e-02 1.268898931059193088e-04
9.545332983221317680e-02 1.620920080649643246e-04
1.034866301274252470e-01 1.805044618112733095e-04
1.176215735172653765e-01 2.053456705944291683e-04
1.531801949572526023e-01 2.791827308720005053e-04
1.865784451700094049e-01 3.630062067407902591e-04
2.350029179144477176e-01 4.704850045412787359e-04
2.412300035828220113e-01 4.871498355591245290e-04
2.432012590943281594e-01 4.924551188419593181e-04
2.538253877747403964e-01 5.212908938616025653e-04
2.706787475948418953e-01 5.678525565556585310e-04
2.794185191304635607e-01 5.923816898515888362e-04
2.869074372242176318e-01 6.136028229829281009e-04
3.207202070638911495e-01 6.759555053305981148e-04
1.186175812384803407e+00 1.344858104649898330e-03
1.782320866812568960e+00 2.139090219638989897e-03
2.515144179705765204e+00 3.287964918311226531e-03
3.395137718352323919e+00 4.866879638380307120e-03
4.435767270496805637e+00 6.957410912206997249e-03
7.065645828244824678e+00 1.304101046018238050e-02
1.056171170700113038e+01 2.237019507530375526e-02
1.510417985628887472e+01 3.595796178910534713e-02
2.085520058027280044e+01 5.499831141571220883e-02
2.787256229962823539e+01 8.080882666219071919e-02
4.040695809936265448e+01 1.349414406763391749e-01
5.896333473520475366e+01 2.401420874200809186e-01
6.941611515573282531e+01 3.149590647275405941e-01
7.206998709288859573e+01 3.352377298874585909e-01
7.581738038347531017e+01 5.103900000000000103e-01
8.125910607568395960e+01 5.998299999999999743e-01
8.670782755849782575e+01 7.005700000000000260e-01
9.216354483191688018e+01 8.134200000000000319e-01
9.762525849728331195e+01 9.391899999999999693e-01
1.030979655478865311e+02 1.078699999999999992e+00
1.085746701931212641e+02 1.232699999999999907e+00
1.140613688249349309e+02 1.401899999999999924e+00
1.195480674567485977e+02 1.584400000000000031e+00
1.250547540617200468e+02 1.780499999999999972e+00
1.305614406666914817e+02 1.992199999999999971e+00
1.360881152448207274e+02 2.220299999999999940e+00
1.416147898229499731e+02 2.465799999999999770e+00
1.471514583876581241e+02 2.729299999999999837e+00
1.527081149255240575e+02 3.011600000000000055e+00
1.756389248579033620e+02 4.269528872547893705e+00
1.977784600463842253e+02 5.695027392307997260e+00
2.193863663843814322e+02 7.282630170223040267e+00
2.405206116585949871e+02 9.027446413062012454e+00
2.612267684862282522e+02 1.092503497882971253e+01
2.815416487557687901e+02 1.297131786201236459e+01
3.014956448708251742e+02 1.516251768611643413e+01
3.211143051711562180e+02 1.749511102226561121e+01
3.404194326430202864e+02 1.996579244228672323e+01
3.594298786449704721e+02 2.257144186646222295e+01
3.781621044737515263e+02 2.530912188995180045e+01
3.966306519815804563e+02 2.817602652996942325e+01
4.148484623324079621e+02 3.116948308035027537e+01
4.328271179838920375e+02 3.428695929121704467e+01
4.505770944349102365e+02 3.752600808009746203e+01
4.681078869977942531e+02 4.088429767166933715e+01
4.854281649821514293e+02 4.435958419461698554e+01
5.025458754221364757e+02 4.794971146037183729e+01
5.194683429465055724e+02 5.165259639673324443e+01
5.362023346641434500e+02 5.546623506969235251e+01
5.527541170899937697e+02 5.938870516148458734e+01
5.691295468582795820e+02 6.341812538296166935e+01
5.853340961595949921e+02 6.755267261354127584e+01
6.013728694468319418e+02 7.179060158217298238e+01
6.172506604686940364e+02 7.613021910696276962e+01
6.329720003117733995e+02 8.056986307289925264e+01
6.485411250521613056e+02 8.510795823981462149e+01
6.639620857323683367e+02 8.974292672717781727e+01
6.792386919781395136e+02 9.447326232088215647e+01
6.943745771057185721e+02 9.929748112934173321e+01
7.093731256765051967e+02 1.042142079447490914e+02
7.242376645558716746e+02 1.092219975128960670e+02
7.389713042562129885e+02 1.143195041491649135e+02
7.535770142179419508e+02 1.195054162299906011e+02
7.680576379224128232e+02 1.247784498203672996e+02
7.824159038351073150e+02 1.301373455702554622e+02
7.966544343154503167e+02 1.355808668553100631e+02
8.107757194623045507e+02 1.411078322884761178e+02
8.247821453490906833e+02 1.467170932306932798e+02
8.386761161876250981e+02 1.524074168324111724e+02
8.524597024220861385e+02 1.581778426657489263e+02
8.661351578631386019e+02 1.640271698904328161e+02
8.797045064521676068e+02 1.699543744098830587e+02
8.931697501169617226e+02 1.759584045964774646e+02
9.065328269459778312e+02 1.820382263943099019e+02
9.197955351759253517e+02 1.881929023357942867e+02
9.329597472326875049e+02 1.944213802594417189e+02
9.460271399467909532e+02 2.007227656318438278e+02
9.589994195006962627e+02 2.070960989379132968e+02
9.718781925260883554e+02 2.135404867402358775e+02
9.846650556240711012e+02 2.200550141514748361e+02
9.973615329076983471e+02 2.266388091354642143e+02
1.009969093765301523e+03 2.332910264518823169e+02
1.022489186064210344e+03 2.400108160370930932e+02
1.034923223909075205e+03 2.467973367174387818e+02
1.047272548133398686e+03 2.536497970863560454e+02
1.059538494659961543e+03 2.605673884181142057e+02
1.071722325858561362e+03 2.675493544976981184e+02
1.083825251804975323e+03 2.745949714699872288e+02
1.095848713883643541e+03 2.817032652721421755e+02
1.107793564672736920e+03 2.888738327163293320e+02
1.119661177760077635e+03 2.961057325795916881e+02
1.131452590116347892e+03 3.033983440792002284e+02
1.143168947950785878e+03 3.107509218126539849e+02
1.154811309425052968e+03 3.181627937905890349e+02
1.166380702469012476e+03 3.256333043224967128e+02
1.177878137970767057e+03 3.331618014861867323e+02
1.189304652550886658e+03 3.407475949741022987e+02
1.200661137267035883e+03 3.483901279730341685e+02
1.211948627226862072e+03 3.560886881019205248e+02
1.223168014106566488e+03 3.638426954126382498e+02
1.234320139648826625e+03 3.716516093822516495e+02
1.245406396815386415e+03 3.795143282233991044e+02
1.256426398480229864e+03 3.874315206286603939e+02
1.267382005698201738e+03 3.954015979157968559e+02
1.278274237455526645e+03 4.034238046688716963e+02
1.289103194195049355e+03 4.114982955839321335e+02
1.299870070195893504e+03 4.196241234408161631e+02
1.310575534490216796e+03 4.278008585196625972e+02
1.321220414389584448e+03 4.360279053907245839e+02
1.331805333839495006e+03 4.443048648599986450e+02
1.342331056298195335e+03 4.526311913755102410e+02
1.352798372447685779e+03 4.610063055872724931e+02
1.363207912896363723e+03 4.694297819022805811e+02
1.373560351409385476e+03 4.779011454992950121e+02
1.383856457802542536e+03 4.864198196682735897e+02
1.394096781318019794e+03 4.949854426568498980e+02
1.404282115175875788e+03 5.035974033305888042e+02
1.414412921608402485e+03 5.122554163404736300e+02
1.424489966973137143e+03 5.209588872024156672e+02
1.434513689949379568e+03 5.297075442844513873e+02
1.444484860416966512e+03 5.385007801033095802e+02
1.454403993571716910e+03 5.473382373764649174e+02
1.464271599782506200e+03 5.562195593250854699e+02
1.474088447991105568e+03 5.651441264271695673e+02
1.483854387055361258e+03 5.741122352206297137e+02
1.493571588159844396e+03 5.831218560325937688e+02
1.503239281108590149e+03 5.921738968205949050e+02
1.512857723666463016e+03 6.012682339594191490e+02
1.535228934731755544e+03 6.225206755153858467e+02
1.548403812176210295e+03 6.350367412956427415e+02
1.561658628548080742e+03 6.476288298495052231e+02
1.574993744008857448e+03 6.602966259541026375e+02
1.588408397290947505e+03 6.730409399935878128e+02
1.601903206869988253e+03 6.858612015538653850e+02
1.615478383474346629e+03 6.987572395370513050e+02
1.629133526659467407e+03 7.117295076884828404e+02
1.642868466691329104e+03 7.247782168163981851e+02
1.656684135051575367e+03 7.379024841793282121e+02
1.670579535820991623e+03 7.511033508520959003e+02
1.684555213887879745e+03 7.643803141586007541e+02
1.698611113748201660e+03 7.777334760359086658e+02
1.712747259903514532e+03 7.911628585737863659e+02
1.726963578856676349e+03 8.046685770198948831e+02
1.741260169134968919e+03 8.182505784584207049e+02
1.755637270582707970e+03 8.319086662418703781e+02
1.770094677343075546e+03 8.456430946813815126e+02
1.784632373511201422e+03 8.594539114225250387e+02
1.799250277964064253e+03 8.733412515430220537e+02
1.813948820601558964e+03 8.873047268760668658e+02
1.828727672559986104e+03 9.013447071778734880e+02
1.843587856445732541e+03 9.154602082268124832e+02
1.858526822253428691e+03 9.296538315354472388e+02
1.873547131850564256e+03 9.439230525759481907e+02
1.888647930272572466e+03 9.582687647952706129e+02
1.903829226628815377e+03 9.726910151316074007e+02
1.919091042544948095e+03 9.871897926298322545e+02
1.934433420517131253e+03 1.001765135427658265e+03
1.949856501669660929e+03 1.016416926609319717e+03
1.965360085032378493e+03 1.031145392909285647e+03
1.980944603342988103e+03 1.045950166112600073e+03
1.996609030429301583e+03 1.060832304507738627e+03
2.012355015509183659e+03 1.075790188660885406e+03
2.028181435717095610e+03 1.090824999380401550e+03
2.044088085276574247e+03 1.105936969998134145e+03
2.060075693724994380e+03 1.121125417603527467e+03
2.076144239536721216e+03 1.136390401824020728e+03
2.092293499473464180e+03 1.151732184437585374e+03
2.108523629919539417e+03 1.167150649964723698e+03
2.124834449429728011e+03 1.182646015773633962e+03
2.141226136815639165e+03 1.198218146476156562e+03
2.157698697848160009e+03 1.213867104757159268e+03
2.174252183245617744e+03 1.229592776986157787e+03
2.190886535197194462e+03 1.245395370547918219e+03
2.207601759357343326e+03 1.261274869801336081e+03
2.224397882278141878e+03 1.277231300703991565e+03
2.241275025553592513e+03 1.293264569419242889e+03
2.258233118304311574e+03 1.309374781765371154e+03
2.275272194988379852e+03 1.325561959121061818e+03
2.292392303709288171e+03 1.341826078006363559e+03
2.309593507892156595e+03 1.358167099705131704e+03
2.326875605199725214e+03 1.374585290109783955e+03
2.344238910462442618e+03 1.391080352720962992e+03
2.361683207414367644e+03 1.407652550314887094e+03
2.379208835049661047e+03 1.424301621409550989e+03
2.396815295053079353e+03 1.441027965244534926e+03
2.414503071323264521e+03 1.457831275004611825e+03
2.432272006468406744e+03 1.474711689180303892e+03
2.450122042799105657e+03 1.491669309830906741e+03
2.468053322787629440e+03 1.508704023368100252e+03
2.486065837889415889e+03 1.525815888320161093e+03
2.504159614586565112e+03 1.543004900242740632e+03
2.522334670371049469e+03 1.560271070310660434e+03
2.540590813992665062e+03 1.577614659385802952e+03
2.558928343546657743e+03 1.595035371568101255e+03
2.577347270824080624e+03 1.612533244664960648e+03
2.595847231737318907e+03 1.630108661190510929e+03
2.614428969575958035e+03 1.647760933089538185e+03
2.633091873016146565e+03 1.665490696487188188e+03
2.651836152258998482e+03 1.683297779155966737e+03
2.670661806976761000e+03 1.701182216373518713e+03
2.689568787901633186e+03 1.719144083079751681e+03
2.708557383992965697e+03 1.737183137402554166e+03
2.727627463545153205e+03 1.755299536857756266e+03
2.746778966576664516e+03 1.773493372766455195e+03
2.766011900362116194e+03 1.791764688829071474e+03
2.785326391935606807e+03 1.810113390360159656e+03
2.804723151545637847e+03 1.828538747833957132e+03
2.824199841559708148e+03 1.847043178090568517e+03
2.843758958026909568e+03 1.865624251228514368e+03
2.863399479404582962e+03 1.884282975751927779e+03
2.883121798527827195e+03 1.903018981085063388e+03
2.902925422893720679e+03 1.921832825224357975e+03
2.922810762473492559e+03 1.940724134848037011e+03
2.942778313630697994e+03 1.959692392364568377e+03
2.962826785471263975e+03 1.978738975567955322e+03
2.982957391299572919e+03 1.997862688263950076e+03
3.003168961735104858e+03 2.017064732482217551e+03
3.023463387243565649e+03 2.036343244797869829e+03
3.043838869830582098e+03 2.055700058913543671e+03
3.064293721206679038e+03 2.075136904079543456e+03
3.084833745276790523e+03 2.094647981427585819e+03
3.105454831340353394e+03 2.114237459609701091e+03
3.126157856656352124e+03 2.133904484593071174e+03
3.146942716939823640e+03 2.153649191251607135e+03
3.167808690509097232e+03 2.173472376316727150e+03
3.188757090945033269e+03 2.193372629065059300e+03
3.209786885181506477e+03 2.213351150455137031e+03
3.230897767713732264e+03 2.233408204702428066e+03
