7.374381999509149762e-12 1.886478190982866776e-19
2.331984444936885702e-11 1.202875101238043112e-18
7.374382948381375495e-11 7.669892586590564606e-18
2.331985049966306765e-10 4.890553660084059852e-17
7.374386806230522920e-10 3.118363762222316193e-16
2.331987509846670287e-09 1.988362306073580339e-15
7.374402491165870354e-09 1.267839470208793777e-14
2.331997511032090129e-08 8.084124896701921029e-14
7.374466261725094224e-08 5.154680610685971867e-13
2.332038173054210485e-07 3.286779031459768946e-12
5.857729391679788666e-07 1.446781958777771762e-11
1.471477650786183202e-06 6.088592755770992334e-11
3.696415797145449859e-06 2.441054461078457070e-10
4.653211121338861226e-06 3.282409974638610925e-10
9.283591889732304082e-06 8.956566483374038340e-10
1.852812767805371664e-05 2.392370685071267537e-09
3.697936890326594623e-05 6.278958802978594283e-09
7.378236079255229372e-05 1.625289137470801158e-08
1.472342134539385999e-04 4.166831905435893370e-08
1.853646998015041620e-04 5.453831214754169976e-08
2.938761317281362011e-04 1.016741937380927309e-07
4.657502296858192104e-04 1.890553301612541095e-07
5.864753213530790599e-04 2.577119373508808919e-07
6.799424943363462743e-04 3.143224307336004111e-07
9.001874041117114257e-04 4.281675684734905912e-07
1.427140635430045523e-03 7.939200395018660556e-07
2.336222852188931179e-03 1.470499695806915559e-06
3.704069871764626137e-03 2.722546550555927062e-06
4.502983465614526434e-03 3.533942817342425721e-06
5.670157142131615827e-03 4.807210805222776044e-06
7.396854119405034053e-03 6.541102212248078075e-06
9.312630757538794407e-03 8.894151385928923722e-06
1.172710888773291146e-02 1.209604588486333653e-05
1.420732115920156184e-02 1.562249889051234728e-05
1.859231351403393268e-02 2.124609917031723154e-05
2.341085439360430023e-02 2.888570709759933687e-05
2.826485781034850445e-02 3.713074147009906301e-05
3.712970404965604265e-02 5.048757232335372068e-05
4.676587629103690774e-02 6.865660718962678555e-05
5.754435783420761008e-02 9.050189129541711655e-05
6.123840774748959964e-02 9.331057068044730138e-05
7.942154862055428310e-02 1.268898931059193088e-04
9.545332983221317680e-02 1.620920080649643246e-04
1.034866301274252470e-01 1.805044618112733095e-04
1.176215735172653765e-01 2.053456705944291683e-04
1.531801949572526023e-01 2.791827308720005053e-04
1.865784451700094049e-01 3.630062067407902591e-04
2.350029179144477176e-01 4.704850045412787359e-04
2.412300035828220113e-01 4.871498355591245290e-04
2.432012590943281594e-01 4.924551188419593181e-04
2.538253877747403964e-01 5.212908938616025653e-04
2.706787475948418953e-01 5.678525565556585310e-04
2.794185191304635607e-01 5.923816898515888362e-04
2.869074372242176318e-01 6.136028229829281009e-04
3.207202070638911495e-01 6.759555053305981148e-04
1.186175812384803407e+00 1.344858104649898330e-03
1.782320866812568960e+00 2.139090219638989897e-03
2.515144179705765204e+00 3.287964918311226531e-03
3.395137718352323919e+00 4.866879638380307120e-03
4.435767270496805637e+00 6.957410912206997249e-03
7.065645828244824678e+00 1.304101046018238050e-02
1.056171170700113038e+01 2.237019507530375526e-02
1.510417985628887472e+01 3.595796178910534713e-02
2.085520058027280044e+01 5.499831141571220883e-02
2.787256229962823539e+01 8.080882666219071919e-02
4.040695809936265448e+01 1.349414406763391749e-01
5.896333473520475366e+01 2.401420874200809186e-01
6.941611515573282531e+01 3.149590647275405941e-01
7.206998709288859573e+01 3.352377298874585909e-01
7.581738038347531017e+01 5.103900000000000103e-01
8.125910607568395960e+01 5.998299999999999743e-01
8.670782755849782575e+01 7.005700000000000260e-01
9.216354483191688018e+01 8.134200000000000319e-01
9.762525849728331195e+01 9.391899999999999693e-01
1.030979655478865311e+02 1.078699999999999992e+00
1.085746701931212641e+02 1.232699999999999907e+00
1.140613688249349309e+02 1.401899999999999924e+00
1.195480674567485977e+02 1.584400000000000031e+00
1.250547540617200468e+02 1.780499999999999972e+00
1.305614406666914817e+02 1.992199999999999971e+00
1.360881152448207274e+02 2.220299999999999940e+00
1.416147898229499731e+02 2.465799999999999770e+00
1.471514583876581241e+02 2.729299999999999837e+00
1.527081149255240575e+02 3.011600000000000055e+00
1.690580805747648583e+02 3.904987942250264243e+00
1.842611932823162419e+02 4.883382177887811260e+00
1.986691070341265402e+02 5.941583512661278377e+00
2.124044308936518064e+02 7.075228715018125669e+00
2.255599461023431900e+02 8.280575592481685732e+00
2.382079957687630554e+02 9.554359729221376440e+00
2.504063642467957322e+02 1.089369455509987006e+01
2.622021330747359116e+02 1.229599907219021482e+01
2.736343074141613556e+02 1.375894400432371611e+01
2.847356621763175326e+02 1.528041083283966195e+01
2.955340766005217574e+02 1.685845813464634091e+01
3.060535117372315881e+02 1.849130332949873790e+01
3.163147690812503470e+02 2.017728552069113590e+01
3.263360317612318227e+02 2.191487647653292115e+01
3.361333422140391463e+02 2.370263209825538908e+01
3.457209224671780134e+02 2.553921025661083277e+01
3.551114681220891498e+02 2.742334649547104775e+01
3.643163696994023439e+02 2.935385017971302091e+01
3.733459018145790651e+02 3.132959248344164394e+01
3.822093632186052332e+02 3.334951198170681153e+01
3.909152173368161129e+02 3.541259482476688447e+01
3.994711929734534124e+02 3.751787485807447098e+01
4.078843585975275801e+02 3.966444414335935420e+01
4.161612354365382203e+02 4.185141166376235589e+01
4.243078102804300329e+02 4.407795167287115845e+01
4.323296382769779598e+02 4.634325327715184528e+01
4.402318397756566242e+02 4.864656868834166659e+01
4.480192123553001693e+02 5.098714021222556880e+01
4.556961998688714175e+02 5.336426511435908537e+01
4.632669718794677465e+02 5.577724578304285075e+01
4.707353619247672896e+02 5.822547740454555765e+01
4.781050622379530637e+02 6.070827606112124641e+01
4.853794796052465017e+02 6.322504301890560185e+01
4.925618204951311441e+02 6.577519744392982659e+01
4.996551186130159294e+02 6.835816470567530700e+01
5.066622275502082289e+02 7.097339786324000954e+01
5.135858567911770933e+02 7.362035429358081728e+01
5.204285537165594633e+02 7.629852501434639578e+01
5.271927344246442999e+02 7.900741404069465545e+01
5.338807262935004019e+02 8.174650499285721139e+01
5.404946580523895818e+02 8.451537930527049980e+01
5.470366446305446289e+02 8.731353887225699850e+01
5.535086498006812690e+02 9.014055020216225955e+01
5.599125730123987523e+02 9.299596376224522487e+01
5.662501504353646169e+02 9.587941856201544510e+01
5.725231579708894287e+02 9.879044427529929351e+01
5.787332164356698740e+02 1.017286607490257779e+02
5.848818901920861890e+02 1.046936836696583413e+02
5.909706867697333337e+02 1.076851288826052553e+02
5.970010323605063149e+02 1.107026405175587485e+02
6.029743199005267797e+02 1.137458462377010591e+02
6.088918653517312123e+02 1.168144040276522588e+02
6.147549351681892631e+02 1.199079775596909059e+02
6.205647573778943524e+02 1.230262277294770996e+02
6.263225183550498514e+02 1.261688183057245283e+02
6.320293307276066344e+02 1.293354502666753945e+02
6.376863041983418725e+02 1.325257930607000674e+02
6.432944693578618853e+02 1.357395627267264899e+02
6.488548267321918956e+02 1.389764746444882917e+02
6.543684541491492155e+02 1.422361378418131892e+02
6.598361356002029652e+02 1.455184276924970561e+02
6.652587852773388022e+02 1.488230633345808087e+02
6.706375724582069324e+02 1.521494841441236474e+02
6.759730250398005182e+02 1.554977474718834856e+02
6.812660920113783050e+02 1.588674673590898863e+02
6.865175566064174291e+02 1.622584024988270244e+02
6.917281882120541923e+02 1.656703053702969726e+02
6.968987474226107679e+02 1.691029181645812969e+02
7.020299006110969913e+02 1.725560591327786426e+02
7.071224590446405500e+02 1.760293843349318195e+02
7.121770386179309753e+02 1.795227287196222221e+02
7.171942775417081748e+02 1.830358892008742089e+02
7.221749484469683011e+02 1.865685132750322452e+02
7.271194216131591475e+02 1.901206364724120306e+02
7.320285478521861933e+02 1.936918001147402038e+02
7.369028221472080986e+02 1.972818882820015745e+02
7.417427609074302381e+02 2.008907511298592965e+02
7.465490604128766563e+02 2.045180469859199093e+02
7.513221448238928133e+02 2.081636948520970805e+02
7.560625888918867759e+02 2.118274521784437354e+02
7.607709030869367552e+02 2.155091301946017666e+02
7.654475317100451548e+02 2.192085962326646040e+02
7.700930519149653719e+02 2.229255751180475329e+02
7.747078877992144044e+02 2.266599354701222353e+02
7.792924968201509728e+02 2.304115036580295737e+02
7.838473611283864102e+02 2.341800728205816426e+02
7.883728847234448267e+02 2.379655060464746157e+02
7.928696033230172588e+02 2.417675268244853726e+02
7.973377587312592141e+02 2.455861449791542555e+02
8.017778783229242663e+02 2.494210774760582581e+02
8.061903135957786617e+02 2.532722101450984269e+02
8.105755033081642296e+02 2.571393348056802779e+02
8.149337649382100608e+02 2.610223580580096154e+02
8.192655084150933362e+02 2.649210877908157613e+02
8.235710907631447526e+02 2.688353787653178415e+02
8.278508568824270242e+02 2.727650920524026219e+02
8.321052570301569631e+02 2.767099777592340502e+02
8.363359760461232781e+02 2.806685460026044439e+02
8.405389179079373889e+02 2.846450825437260619e+02
8.524452455999232825e+02 2.959562155213940855e+02
8.620357679247986198e+02 3.050672521396336379e+02
8.717057597002153670e+02 3.142537639526164526e+02
8.814552326494134604e+02 3.235158157741315108e+02
8.912843441208711965e+02 3.328533104434860661e+02
9.011929166455827271e+02 3.422664880354922730e+02
9.111810418231273161e+02 3.517553167669686331e+02
9.212488223013886000e+02 3.613197592770605411e+02
9.313963107139832118e+02 3.709598223168297295e+02
9.416233651143357974e+02 3.806757052205238097e+02
9.519303395319540186e+02 3.904671272479534991e+02
9.623168994093616675e+02 4.003344807623925590e+02
9.727833946246807955e+02 4.102774482504383400e+02
9.833295083190612331e+02 4.202964382022373684e+02
9.939557202249352486e+02 4.303910170950930478e+02
1.004661484369798927e+03 4.405617923673585778e+02
1.015447266690578545e+03 4.508083506480234632e+02
1.026313039557548564e+03 4.611307875580403675e+02
1.037258774697735817e+03 4.715291796174420256e+02
1.048284488858679197e+03 4.820035709577373950e+02
1.059390201502934133e+03 4.925539957934821018e+02
1.070575894637444208e+03 5.031805314659054034e+02
1.081841686409487465e+03 5.138831153410957313e+02
1.093187671529432009e+03 5.246617069826010038e+02
1.104613771454081416e+03 5.355164439343358254e+02
1.116119966515645046e+03 5.464473862033615887e+02
1.127706441816464121e+03 5.574544242718569649e+02
1.139373048122917680e+03 5.685377471867714121e+02
1.151119891782437662e+03 5.796973056217381099e+02
1.162947020318260002e+03 5.909331110169910062e+02
1.174854460669751916e+03 6.022451826158622907e+02
1.186842208102699487e+03 6.136335820117124058e+02
1.198910300939707668e+03 6.250983201397622224e+02
1.211058866711980954e+03 6.366393420448466713e+02
1.223287736610167030e+03 6.482568123295151281e+02
1.235597076989435891e+03 6.599506726871659339e+02
1.247986857223038669e+03 6.717209855418734605e+02
1.260457134322608226e+03 6.835677503177460039e+02
1.273007934079595088e+03 6.954909771771841633e+02
1.285639227958647780e+03 7.074907585895437023e+02
1.298351052200449431e+03 7.195671045419634311e+02
1.311143587183505133e+03 7.317198851034171412e+02
1.324016638706825688e+03 7.439493430544767989e+02
1.336970399099402357e+03 7.562553659666862131e+02
1.350004780685124842e+03 7.686379978519389624e+02
1.363119852052226406e+03 7.810973104881534255e+02
1.376315560125095999e+03 7.936333765607486157e+02
1.389592132875678999e+03 8.062460189142616400e+02
1.402949400888304353e+03 8.189354505861448388e+02
1.416387514249023525e+03 8.317015657618142086e+02
1.429906324014471693e+03 8.445445700178545394e+02
1.443505908750174967e+03 8.574644215148188096e+02
1.457186638262689939e+03 8.704608083562519596e+02
1.470947191214270788e+03 8.835350860713659813e+02
1.484790441521747425e+03 8.966844370477499524e+02
1.498712534496458602e+03 9.099127493846665402e+02
1.512718023738920692e+03 9.232155436988142583e+02
1.526802648841937753e+03 9.365970979166218058e+02
1.540969586352102397e+03 9.500542897115947198e+02
1.555216018718906980e+03 9.635899814484660055e+02
1.569545007787789018e+03 9.772011583981649210e+02
1.583954268610109466e+03 9.908901481308390657e+02
1.598444787846291547e+03 1.004656009179150828e+03
1.613016293768822834e+03 1.018499060708869251e+03
1.627668988789153900e+03 1.032419135277600617e+03
1.642402864572995668e+03 1.046416293836190789e+03
1.657217914207427839e+03 1.060490585955159986e+03
1.672114144720397462e+03 1.074642039325813812e+03
1.687091609734480244e+03 1.088870654784702765e+03
1.702150437866072252e+03 1.103176341873527008e+03
1.717290352271318625e+03 1.117559419146472010e+03
1.732511598936396013e+03 1.132019685786326818e+03
1.747814073074628823e+03 1.146557118575375853e+03
1.763198128112680706e+03 1.161171911298704117e+03
1.778663482640432221e+03 1.175863883682759706e+03
1.794210111224751017e+03 1.190633270062893189e+03
1.809838233162994811e+03 1.205479892492823410e+03
1.825547707435122675e+03 1.220403935639302972e+03
1.841338628371628829e+03 1.235405342381972559e+03
1.857211099519471645e+03 1.250484051575620470e+03
1.873164943582650722e+03 1.265640285943611161e+03
1.889200307395570007e+03 1.280873932751346047e+03
1.905317278230631700e+03 1.296184947633915499e+03
1.921515728381104736e+03 1.311573502487664655e+03
1.937795733677447515e+03 1.327039549154781071e+03
1.954157301772620713e+03 1.342583140679751750e+03
1.970600555453158677e+03 1.358204166929533358e+03
1.987125421296888589e+03 1.373902760885730231e+03
2.003731881276562490e+03 1.389678976172584044e+03
2.020420066690614703e+03 1.405532687961177771e+03
2.037190144963951525e+03 1.421463859931501929e+03
2.054041854210449856e+03 1.437472701505609621e+03
2.070974775162822425e+03 1.453559705977312206e+03
2.087989880371216714e+03 1.469723920904921215e+03
2.105086584208130262e+03 1.485965990509808989e+03
2.122265221772448058e+03 1.502285612655220575e+03
2.139525617297491408e+03 1.518682996404239248e+03
2.156867933843410356e+03 1.535158019795843529e+03
2.174291942172916606e+03 1.551710950080869679e+03
2.191797865731925413e+03 1.568341601011109333e+03
