7.374381999509149762e-12 1.886478190982866776e-19
2.331984444936885702e-11 1.202875101238043112e-18
7.374382948381375495e-11 7.669892586590564606e-18
2.331985049966306765e-10 4.890553660084059852e-17
7.374386806230522920e-10 3.118363762222316193e-16
2.331987509846670287e-09 1.988362306073580339e-15
7.374402491165870354e-09 1.267839470208793777e-14
2.331997511032090129e-08 8.084124896701921029e-14
7.374466261725094224e-08 5.154680610685971867e-13
2.332038173054210485e-07 3.286779031459768946e-12
5.857729391679788666e-07 1.446781958777771762e-11
1.471477650786183202e-06 6.088592755770992334e-11
3.696415797145449859e-06 2.441054461078457070e-10
4.653211121338861226e-06 3.282409974638610925e-10
9.283591889732304082e-06 8.956566483374038340e-10
1.852812767805371664e-05 2.392370685071267537e-09
3.697936890326594623e-05 6.278958802978594283e-09
7.378236079255229372e-05 1.625289137470801158e-08
1.472342134539385999e-04 4.166831905435893370e-08
1.853646998015041620e-04 5.453831214754169976e-08
2.938761317281362011e-04 1.016741937380927309e-07
4.657502296858192104e-04 1.890553301612541095e-07
5.864753213530790599e-04 2.577119373508808919e-07
6.799424943363462743e-04 3.143224307336004111e-07
9.001874041117114257e-04 4.281675684734905912e-07
1.427140635430045523e-03 7.939200395018660556e-07
2.336222852188931179e-03 1.470499695806915559e-06
3.704069871764626137e-03 2.722546550555927062e-06
4.502983465614526434e-03 3.533942817342425721e-06
5.670157142131615827e-03 4.807210805222776044e-06
7.396854119405034053e-03 6.541102212248078075e-06
9.312630757538794407e-03 8.894151385928923722e-06
1.172710888773291146e-02 1.209604588486333653e-05
1.420732115920156184e-02 1.562249889051234728e-05
1.859231351403393268e-02 2.124609917031723154e-05
2.341085439360430023e-02 2.888570709759933687e-05
2.826485781034850445e-02 3.713074147009906301e-05
3.712970404965604265e-02 5.048757232335372068e-05
4.676587629103690774e-02 6.865660718962678555e-05
5.754435783420761008e-02 9.050189129541711655e-05
6.123840774748959964e-02 9.331057068044730138e-05
7.942154862055428310e-02 1.268898931059193088e-04
9.545332983221317680e-02 1.620920080649643246e-04
1.034866301274252470e-01 1.805044618112733095e-04
1.176215735172653765e-01 2.053456705944291683e-04
1.531801949572526023e-01 2.791827308720005053e-04
1.865784451700094049e-01 3.630062067407902591e-04
2.350029179144477176e-01 4.704850045412787359e-04
2.412300035828220113e-01 4.871498355591245290e-04
2.432012590943281594e-01 4.924551188419593181e-04
2.538253877747403964e-01 5.212908938616025653e-04
2.706787475948418953e-01 5.678525565556585310e-04
2.794185191304635607e-01 5.923816898515888362e-04
2.869074372242176318e-01 6.136028229829281009e-04
3.207202070638911495e-01 6.759555053305981148e-04
1.186175812384803407e+00 1.344858104649898330e-03
1.782320866812568960e+00 2.139090219638989897e-03
2.515144179705765204e+00 3.287964918311226531e-03
3.395137718352323919e+00 4.866879638380307120e-03
4.435767270496805637e+00 6.957410912206997249e-03
7.065645828244824678e+00 1.304101046018238050e-02
1.056171170700113038e+01 2.237019507530375526e-02
1.510417985628887472e+01 3.595796178910534713e-02
2.085520058027280044e+01 5.499831141571220883e-02
2.787256229962823539e+01 8.080882666219071919e-02
4.040695809936265448e+01 1.349414406763391749e-01
5.896333473520475366e+01 2.401420874200809186e-01
6.941611515573282531e+01 3.149590647275405941e-01
7.206998709288859573e+01 3.352377298874585909e-01
7.581738038347531017e+01 5.103900000000000103e-01
8.125910607568395960e+01 5.998299999999999743e-01
8.670782755849782575e+01 7.005700000000000260e-01
9.216354483191688018e+01 8.134200000000000319e-01
9.762525849728331195e+01 9.391899999999999693e-01
1.030979655478865311e+02 1.078699999999999992e+00
1.085746701931212641e+02 1.232699999999999907e+00
1.140613688249349309e+02 1.401899999999999924e+00
1.195480674567485977e+02 1.584400000000000031e+00
1.250547540617200468e+02 1.780499999999999972e+00
1.305614406666914817e+02 1.992199999999999971e+00
1.360881152448207274e+02 2.220299999999999940e+00
1.416147898229499731e+02 2.465799999999999770e+00
1.471514583876581241e+02 2.729299999999999837e+00
1.527081149255240575e+02 3.011600000000000055e+00
1.658585589137026659e+02 3.727990756256518878e+00
1.778443785331549236e+02 4.499191206923620179e+00
1.890363486979915990e+02 5.321078957437720192e+00
1.995686497800968482e+02 6.190268032719645319e+00
2.095412639681606208e+02 7.103909593789236254e+00
2.190310726194636572e+02 8.059561253082673460e+00
2.280987114307370973e+02 9.055097239900794293e+00
2.367930118524488989e+02 1.008864428680719172e+01
2.451539928851665309e+02 1.115853446095662349e+01
2.532149428318698483e+02 1.226326955696827525e+01
2.610039091739621995e+02 1.340149259488844713e+01
2.685447834745870068e+02 1.457197150407409225e+01
2.758581286165321558e+02 1.577356938030366251e+01
2.829617779815242784e+02 1.700525122692683766e+01
2.898713401925008952e+02 1.826604691236402189e+01
2.966005531380550337e+02 1.955506326910462889e+01
3.031615926705037509e+02 2.087146563778767216e+01
3.095653093629082377e+02 2.221447382534504555e+01
3.158214251533144079e+02 2.358335398003373484e+01
3.219386856143748332e+02 2.497742047488960893e+01
3.279249973429349438e+02 2.639602565296589631e+01
3.337875410292827496e+02 2.783855243657840717e+01
3.395328549882988227e+02 2.930441927690109694e+01
3.451669099117100927e+02 3.079307997996238910e+01
3.506951897195023093e+02 3.230400610578905685e+01
3.561227369801130749e+02 3.383669550116722036e+01
3.614541842856011158e+02 3.539068719394605722e+01
3.666938433079679953e+02 3.696551221613085403e+01
3.718456925001137279e+02 3.856074043624636971e+01
3.769134342545768277e+02 4.017595343636565275e+01
3.819005043977221590e+02 4.181076125007641764e+01
3.868101247500754880e+02 4.346477280173986912e+01
3.916453029028429000e+02 4.513761636955702272e+01
3.964088384174643238e+02 4.682895125872171604e+01
4.011033786725710115e+02 4.853842778901474730e+01
4.057313989903750553e+02 5.026572124098207439e+01
4.102952379978535760e+02 5.201050903841627360e+01
4.147970887205566441e+02 5.377249086686984469e+01
4.192390236483014405e+02 5.555137365706445252e+01
4.236230204747491257e+02 5.734685487484546229e+01
4.279509040168281899e+02 5.915868873489650070e+01
4.322244550279881423e+02 6.098658473022899074e+01
4.364453350052140195e+02 6.283028946904693868e+01
4.406151240833422094e+02 6.468955480472563124e+01
4.447353298778912745e+02 6.656413446658632438e+01
4.488073813663585270e+02 6.845379516155092858e+01
4.528326516583826447e+02 7.035829834873976552e+01
4.568124281431853433e+02 7.227743424458822119e+01
4.607479639165325693e+02 7.421097419663084338e+01
4.646404333261120883e+02 7.615871862262996217e+01
4.684909798368358338e+02 7.812045234497924184e+01
4.723006815336191835e+02 8.009598203061197808e+01
4.760705713545942217e+02 8.208511866810320612e+01
4.798016534068248689e+02 8.408766375187479980e+01
4.834948827972191907e+02 8.610343176023734202e+01
4.871511654570471705e+02 8.813225246637027510e+01
4.907713925301939639e+02 9.017393852764536177e+01
4.943563961349405531e+02 9.222833155746191380e+01
4.979069818165585275e+02 9.429527137484943466e+01
5.014239916861430970e+02 9.637453444766474320e+01
5.049080812325751140e+02 9.846605855263420892e+01
5.083600406476375042e+02 1.005696228213779904e+02
5.117805679534613432e+02 1.026850758914923176e+02
5.151702883645812108e+02 1.048123177379017079e+02
5.185299071361863525e+02 1.069511479396692408e+02
5.218600285538238950e+02 1.091014477331597732e+02
5.251612480425194462e+02 1.112630888791890555e+02
5.284341688321496804e+02 1.134359179123965475e+02
5.316793487345415770e+02 1.156198102220323989e+02
5.348973495270844296e+02 1.178146214735659498e+02
5.380886882243685250e+02 1.200202370935075180e+02
5.412538619686409902e+02 1.222365480901514587e+02
5.443934450027646790e+02 1.244633547498254984e+02
5.475077672893163481e+02 1.267006886479506420e+02
5.505974333409226347e+02 1.289482944125597044e+02
5.536628552925556050e+02 1.312060972120423799e+02
5.567044315992794736e+02 1.334740245859355525e+02
5.597226701983828434e+02 1.357518837819471855e+02
5.627179313449371421e+02 1.380396193921156396e+02
5.656906142810391884e+02 1.403371271296686302e+02
5.686411316695309779e+02 1.426442798174394397e+02
5.715698065980247975e+02 1.449610307835604033e+02
5.744770837764173166e+02 1.472872030426669028e+02
5.773632817143708280e+02 1.496227374774686893e+02
5.802287455491496075e+02 1.519675403515025209e+02
5.830738392776332830e+02 1.543214914003978890e+02
5.858988878379508378e+02 1.566845020572546616e+02
5.887042012529951762e+02 1.590564916008573846e+02
5.914900896971170141e+02 1.614373723663300950e+02
5.942568579411564542e+02 1.638270555639359145e+02
5.970048258651170272e+02 1.662254310174864145e+02
5.997343043500552540e+02 1.686323915115380885e+02
6.024454588978987886e+02 1.710479693993490002e+02
6.051386724129697541e+02 1.734719740384467457e+02
6.078141952052926626e+02 1.759043419943349988e+02
6.104722812787586008e+02 1.783450009498414488e+02
6.131132040714213645e+02 1.807938541533239629e+02
6.157372262088741763e+02 1.832508108452919089e+02
6.183445184843329798e+02 1.857158674502913698e+02
6.268528112282365328e+02 1.937988524496676348e+02
6.348270183971781080e+02 2.013743213933811376e+02
6.428779741957755505e+02 2.090227575573633771e+02
6.510058273438693277e+02 2.167440891217082708e+02
6.592104467057421289e+02 2.245385008293802684e+02
6.674918924813995318e+02 2.324060214306164198e+02
6.758503408198880607e+02 2.403465367568883266e+02
6.842857140822071642e+02 2.483601994607170127e+02
6.927975740038629056e+02 2.564475003863492475e+02
7.013875334457175086e+02 2.646069104722275256e+02
7.100540316222009096e+02 2.728400542913581717e+02
7.187976103304574735e+02 2.811464520632334825e+02
7.276183226314119565e+02 2.895261217655607879e+02
7.365158565647639080e+02 2.979794396746041798e+02
7.454912579140881235e+02 3.065054249814883178e+02
7.545435368681329464e+02 3.151051333049919094e+02
7.636730443057567754e+02 3.237782764050607511e+02
7.728799416283136452e+02 3.325247572452981899e+02
7.821641441152808056e+02 3.413447237179638591e+02
7.915257425796003190e+02 3.502381502800774911e+02
8.009646564616186879e+02 3.592051756825374014e+02
8.104810030961624534e+02 3.682457472227573589e+02
8.200748150034783066e+02 3.773598933951632262e+02
8.297461177200165139e+02 3.865476491551636400e+02
8.394949334880187735e+02 3.958090530826401618e+02
8.493213252748940931e+02 4.051441024996323677e+02
8.592252991027299913e+02 4.145528505216285566e+02
8.692068944006605307e+02 4.240353179316764454e+02
8.792661239736916059e+02 4.335916035527110353e+02
8.894029535848661681e+02 4.432216396269744791e+02
8.996175284800976897e+02 4.529254998578080063e+02
9.099098717601222006e+02 4.627031636212035437e+02
9.202799433757547831e+02 4.725547327371900224e+02
9.307277629822602876e+02 4.824802389792683925e+02
9.412534576526641104e+02 4.924796150295009625e+02
9.518569621637934688e+02 5.025529803175246002e+02
9.625383648408965200e+02 5.127003051187650726e+02
9.732976368678408789e+02 5.229216694599368793e+02
9.841348772136434491e+02 5.332170385161775812e+02
9.950501961709640000e+02 5.435863382321040262e+02
1.006043283277920864e+03 5.540299504135937241e+02
1.017114472648845890e+03 5.645475834513723612e+02
1.028263213327495578e+03 5.751398623194826314e+02
1.039490978834359112e+03 5.858053430178201779e+02
1.050796378330586776e+03 5.965454873864499632e+02
1.062179859630114606e+03 6.073598768842153959e+02
1.073641595686309302e+03 6.182484121236898318e+02
1.085181431193436538e+03 6.292112951965093544e+02
1.096799485713265085e+03 6.402484561947587736e+02
1.108495774315118297e+03 6.513599318169920025e+02
1.120270307634708388e+03 6.625457635565350074e+02
1.132123156231956500e+03 6.738059288718854987e+02
1.144054295401671425e+03 6.851405058003265367e+02
1.156063752466344340e+03 6.965495152829961398e+02
1.168151534474998698e+03 7.080330017609226161e+02
1.180317790556623777e+03 7.195908637396896665e+02
1.192562433637144977e+03 7.312232396121471538e+02
1.204885492091764263e+03 7.429301496791991894e+02
1.217287022898763098e+03 7.547115832462719709e+02
1.229767024894674250e+03 7.665675911560482518e+02
1.242325607395088127e+03 7.784981131547592668e+02
1.254962579282483375e+03 7.905033886157989400e+02
1.267678177576990265e+03 8.025832256294017952e+02
1.280472388076369725e+03 8.147377066628125704e+02
1.293345142149132698e+03 8.269668908755553502e+02
1.306296540563838562e+03 8.392707772806322737e+02
1.319326579384442311e+03 8.516494033081664838e+02
1.332435379316533727e+03 8.641026904408098517e+02
1.345622866511440407e+03 8.766307652923052274e+02
1.358889104675075714e+03 8.892336009203174854e+02
1.372234008767425848e+03 9.019113313126683806e+02
1.385657738333904035e+03 9.146638419592098899e+02
1.399160307637810547e+03 9.274911654009418953e+02
1.412741592183906278e+03 9.403934697166816932e+02
1.426401741872052753e+03 9.533706485306726108e+02
1.440141181791513645e+03 9.664223256239356488e+02
1.453958682048504897e+03 9.795497680763899098e+02
1.467855500282832736e+03 9.927517680684302377e+02
1.481831294901398905e+03 1.006028707978684906e+03
1.495885991740150530e+03 1.019380708958142918e+03
1.510019668457005764e+03 1.032807728014018039e+03
1.524232340110516361e+03 1.046309802002186188e+03
1.538524051429497376e+03 1.059886913673438357e+03
1.552894798484841431e+03 1.073539146665631051e+03
1.567344635509754426e+03 1.087266446621685645e+03
1.581873570710816239e+03 1.101068877803247233e+03
1.596481548179291167e+03 1.114946517095525905e+03
1.611168668279554140e+03 1.128899314158585867e+03
1.625935003144425991e+03 1.142927240685476136e+03
1.640780624183068312e+03 1.157030264234580272e+03
1.655705079811911901e+03 1.171208878064086321e+03
1.670708988776482556e+03 1.185462529891417262e+03
1.685792041732550615e+03 1.199791494009570897e+03
1.700954606740216377e+03 1.214195514633543780e+03
1.716196026172976417e+03 1.228675271209094717e+03
1.731516909900687097e+03 1.243230191070751971e+03
1.746917168158102641e+03 1.257860429096666621e+03
1.762395478980328562e+03 1.272566028891006454e+03
1.777955693287906115e+03 1.287346983962743934e+03
1.793594033748139509e+03 1.302203356329099051e+03
