7.374381999509149762e-12 1.886478190982866776e-19
2.331984444936885702e-11 1.202875101238043112e-18
7.374382948381375495e-11 7.669892586590564606e-18
2.331985049966306765e-10 4.890553660084059852e-17
7.374386806230522920e-10 3.118363762222316193e-16
2.331987509846670287e-09 1.988362306073580339e-15
7.374402491165870354e-09 1.267839470208793777e-14
2.331997511032090129e-08 8.084124896701921029e-14
7.374466261725094224e-08 5.154680610685971867e-13
2.332038173054210485e-07 3.286779031459768946e-12
5.857729391679788666e-07 1.446781958777771762e-11
1.471477650786183202e-06 6.088592755770992334e-11
3.696415797145449859e-06 2.441054461078457070e-10
4.653211121338861226e-06 3.282409974638610925e-10
9.283591889732304082e-06 8.956566483374038340e-10
1.852812767805371664e-05 2.392370685071267537e-09
3.697936890326594623e-05 6.278958802978594283e-09
7.378236079255229372e-05 1.625289137470801158e-08
1.472342134539385999e-04 4.166831905435893370e-08
1.853646998015041620e-04 5.453831214754169976e-08
2.938761317281362011e-04 1.016741937380927309e-07
4.657502296858192104e-04 1.890553301612541095e-07
5.864753213530790599e-04 2.577119373508808919e-07
6.799424943363462743e-04 3.143224307336004111e-07
9.001874041117114257e-04 4.281675684734905912e-07
1.427140635430045523e-03 7.939200395018660556e-07
2.336222852188931179e-03 1.470499695806915559e-06
3.704069871764626137e-03 2.722546550555927062e-06
4.502983465614526434e-03 3.533942817342425721e-06
5.670157142131615827e-03 4.807210805222776044e-06
7.396854119405034053e-03 6.541102212248078075e-06
9.312630757538794407e-03 8.894151385928923722e-06
1.172710888773291146e-02 1.209604588486333653e-05
1.420732115920156184e-02 1.562249889051234728e-05
1.859231351403393268e-02 2.124609917031723154e-05
2.341085439360430023e-02 2.888570709759933687e-05
2.826485781034850445e-02 3.713074147009906301e-05
3.712970404965604265e-02 5.048757232335372068e-05
4.676587629103690774e-02 6.865660718962678555e-05
5.754435783420761008e-02 9.050189129541711655e-05
6.123840774748959964e-02 9.331057068044730138e-05
7.942154862055428310e-02 1.268898931059193088e-04
9.545332983221317680e-02 1.620920080649643246e-04
1.034866301274252470e-01 1.805044618112733095e-04
1.176215735172653765e-01 2.053456705944291683e-04
1.531801949572526023e-01 2.791827308720005053e-04
1.865784451700094049e-01 3.630062067407902591e-04
2.350029179144477176e-01 4.704850045412787359e-04
2.412300035828220113e-01 4.871498355591245290e-04
2.432012590943281594e-01 4.924551188419593181e-04
2.538253877747403964e-01 5.212908938616025653e-04
2.706787475948418953e-01 5.678525565556585310e-04
2.794185191304635607e-01 5.923816898515888362e-04
2.869074372242176318e-01 6.136028229829281009e-04
3.207202070638911495e-01 6.759555053305981148e-04
1.186175812384803407e+00 1.344858104649898330e-03
1.782320866812568960e+00 2.139090219638989897e-03
2.515144179705765204e+00 3.287964918311226531e-03
3.395137718352323919e+00 4.866879638380307120e-03
4.435767270496805637e+00 6.957410912206997249e-03
7.065645828244824678e+00 1.304101046018238050e-02
1.056171170700113038e+01 2.237019507530375526e-02
1.510417985628887472e+01 3.595796178910534713e-02
2.085520058027280044e+01 5.499831141571220883e-02
2.787256229962823539e+01 8.080882666219071919e-02
4.040695809936265448e+01 1.349414406763391749e-01
5.896333473520475366e+01 2.401420874200809186e-01
6.941611515573282531e+01 3.149590647275405941e-01
7.206998709288859573e+01 3.352377298874585909e-01
7.581738038347531017e+01 5.103900000000000103e-01
8.125910607568395960e+01 5.998299999999999743e-01
8.670782755849782575e+01 7.005700000000000260e-01
9.216354483191688018e+01 8.134200000000000319e-01
9.762525849728331195e+01 9.391899999999999693e-01
1.030979655478865311e+02 1.078699999999999992e+00
1.085746701931212641e+02 1.232699999999999907e+00
1.140613688249349309e+02 1.401899999999999924e+00
1.195480674567485977e+02 1.584400000000000031e+00
1.250547540617200468e+02 1.780499999999999972e+00
1.305614406666914817e+02 1.992199999999999971e+00
1.360881152448207274e+02 2.220299999999999940e+00
1.416147898229499731e+02 2.465799999999999770e+00
1.471514583876581241e+02 2.729299999999999837e+00
1.527081149255240575e+02 3.011600000000000055e+00
1.627182602719716158e+02 3.554388615178418309e+00
1.716457745778498349e+02 4.128724888384166292e+00
1.798589557182420720e+02 4.731797448711718701e+00
1.874880208479104908e+02 5.361340484209018875e+00
1.946285820139460725e+02 6.015479427009422508e+00
2.013531974406390361e+02 6.692631328864898421e+00
2.077184131974863988e+02 7.391437322227915274e+00
2.137692714157055036e+02 8.110715033717530886e+00
2.195423144085030458e+02 8.849423943261136571e+00
2.250676542924501859e+02 9.606639550401331107e+00
2.303704392207137914e+02 1.038153403852110834e+01
2.354719202394019248e+02 1.117335882385850709e+01
2.403902378102447130e+02 1.198143528187448759e+01
2.451410156126580944e+02 1.280514729693900833e+01
2.497378289714239941e+02 1.364392241428198282e+01
2.541925484397594630e+02 1.449723798426337673e+01
2.585156275475637813e+02 1.536460901044296179e+01
2.627163253946427517e+02 1.624558528266187452e+01
2.668028891187011027e+02 1.713974595193856842e+01
2.707826957752851627e+02 1.804670167965005945e+01
2.746623822894547970e+02 1.896608289162035987e+01
2.784479383340045047e+02 1.989754469768826795e+01
2.821447939538601304e+02 2.084076078362153339e+01
2.857578844319051541e+02 2.179542695849488609e+01
2.892917189033329350e+02 2.276125032291497874e+01
2.927504249162832366e+02 2.373795380149952194e+01
2.961377812075932070e+02 2.472528530783054634e+01
2.994572837167611965e+02 2.572298774562325718e+01
3.027121481578116686e+02 2.673082751286662173e+01
3.059053533362286998e+02 2.774857812056970374e+01
3.090396538981032677e+02 2.877603088994065672e+01
3.121176256148796710e+02 2.981297015842335796e+01
3.151416540757836628e+02 3.085920256279391438e+01
3.181139627014417783e+02 3.191454485086720183e+01
3.210366394967838346e+02 3.297881110804286209e+01
3.239116327747600508e+02 3.405182942202773688e+01
3.267407748572398987e+02 3.513342919382515106e+01
3.295257801604151382e+02 3.622345286893026639e+01
3.322682634624774209e+02 3.732174644476108938e+01
3.349697793673154820e+02 3.842812787164263000e+01
3.376316740691513587e+02 3.954254235450158461e+01
3.402553888742351091e+02 4.066476519533789968e+01
3.428421786570468157e+02 4.179468908189116405e+01
3.453932544618309635e+02 4.293218668324357878e+01
3.479097690811994426e+02 4.407712978269213977e+01
3.503928125945427041e+02 4.522939801908431434e+01
3.528434207486624246e+02 4.638887440124812400e+01
3.552625783474373407e+02 4.755544546982353182e+01
3.576512280707614764e+02 4.872899572231233378e+01
3.600102557544855131e+02 4.990942530129755994e+01
3.623405268778954564e+02 5.109661622720961560e+01
3.646428315949171974e+02 5.229048986411120836e+01
3.669179595690560518e+02 5.349093438030233472e+01
3.691666540052772234e+02 5.469785282989938224e+01
3.713896237036863113e+02 5.591115304774823613e+01
3.735875445175909135e+02 5.713074799037642748e+01
3.757610722424689698e+02 5.835654451019170352e+01
3.779108237068199969e+02 5.958846380414104971e+01
3.800373944381143474e+02 6.082642517459350984e+01
3.821413910853755169e+02 6.207031493073754547e+01
3.842233124895744822e+02 6.332010654815501027e+01
3.862837246916880645e+02 6.457568680468921229e+01
3.883231378628997845e+02 6.583697991529700744e+01
3.903420154156974604e+02 6.710393941362812598e+01
3.923408605809376581e+02 6.837646250112362623e+01
3.943201136715135817e+02 6.965449364831808055e+01
3.962802127806793351e+02 7.093796470511593100e+01
3.982215841094733833e+02 7.222680532998545289e+01
4.001446346481525325e+02 7.352095101714498071e+01
4.020497634780926433e+02 7.482033245892567663e+01
4.039373489233850592e+02 7.612488901738713309e+01
4.058077451330261738e+02 7.743457272732703700e+01
4.076613500871844735e+02 7.874928083996393013e+01
4.094984270072673098e+02 8.006903493010699435e+01
4.113193801264898184e+02 8.139370561243566726e+01
4.131245162111757736e+02 8.272325147878731855e+01
4.149141146634686947e+02 8.405764942774075621e+01
4.166885216740739679e+02 8.539680091966862108e+01
4.184480083351066355e+02 8.674067424884776756e+01
4.201928793037726564e+02 8.808919624342516386e+01
4.219233327575350927e+02 8.944239265399363603e+01
4.236397222248097023e+02 9.080012664804463896e+01
4.253422785011354108e+02 9.216237720154211388e+01
4.270312457958477239e+02 9.352910324371184458e+01
4.287068663853367525e+02 9.490025927998861732e+01
4.303693945652518096e+02 9.627578170171310035e+01
4.320190463494943742e+02 9.765563933562785337e+01
4.336560482767197300e+02 9.903978487326490665e+01
4.352806169093571498e+02 1.004281755959824380e+02
4.368929966319559526e+02 1.018207357895563518e+02
4.384932980639887319e+02 1.032175185338436592e+02
4.400818201923408424e+02 1.046183837629154141e+02
4.416587164535013699e+02 1.060233323662120313e+02
4.432241898051340172e+02 1.074323112915731571e+02
4.447784173051161360e+02 1.088452891325537024e+02
4.463215829134289834e+02 1.102622234851137506e+02
4.478538667538683740e+02 1.116830718371409432e+02
4.493754526469870711e+02 1.131077841798003902e+02
4.508864677148882265e+02 1.145363635404818012e+02
4.568695957039444124e+02 1.202203783218715927e+02
4.633877989061629705e+02 1.264127056769004014e+02
4.699788795527109073e+02 1.326742007662023184e+02
4.766427920821808470e+02 1.390049876297513833e+02
4.833796899318017495e+02 1.454049907092272917e+02
4.901894621553744855e+02 1.518743978508097427e+02
4.970723544265929377e+02 1.584130396186772884e+02
5.040282031653471222e+02 1.650211552775816415e+02
5.110571833239945363e+02 1.716986446941425584e+02
5.181592580468860660e+02 1.784456186170424701e+02
5.253344750948787123e+02 1.852621026009693139e+02
5.325829013469235633e+02 1.921481028644652156e+02
5.399045414976283155e+02 1.991036917734901976e+02
5.472994796083642086e+02 2.061288434701980918e+02
5.547676980048237283e+02 2.132236568247842854e+02
5.623092394199911723e+02 2.203881578780615769e+02
5.699241649323116690e+02 2.276223546059470095e+02
5.776125201921292955e+02 2.349262702602500781e+02
5.853743024815109948e+02 2.422999756453632756e+02
5.932095656628689540e+02 2.497434847750325559e+02
6.011183422070124607e+02 2.572568325157058098e+02
6.091006678720791570e+02 2.648400494624729617e+02
6.171565894702151809e+02 2.724931551764764208e+02
6.252861177886134101e+02 2.802162045729507440e+02
6.334892777789808633e+02 2.880092370786151150e+02
6.417661264268019750e+02 2.958722609640951760e+02
6.501166881053884481e+02 3.038053159443254003e+02
6.585410528439159634e+02 3.118083749482059375e+02
6.670391897489630537e+02 3.198815311963937233e+02
6.756104146310890428e+02 3.280255324714385097e+02
6.842567406618920813e+02 3.362384263668945437e+02
6.929764487817330973e+02 3.445219945437619913e+02
7.017699212080739244e+02 3.528759164896363245e+02
7.106373782848231713e+02 3.613000326393425325e+02
7.195788454936525795e+02 3.697943739955168780e+02
7.285942855832358873e+02 3.783590406158248811e+02
7.376837392419949992e+02 3.869940515422147769e+02
7.468472614970444283e+02 3.956994091641007003e+02
7.560850067632944729e+02 4.044751283585216015e+02
7.653966374889703275e+02 4.133212727823552655e+02
7.747825371499588982e+02 4.222378487233328883e+02
7.842425594565366964e+02 4.312249486541255692e+02
7.937768329601859705e+02 4.402825029505439716e+02
8.033853405719696639e+02 4.494105780823301188e+02
8.130681151453843540e+02 4.586092042268210776e+02
8.228251641039571496e+02 4.678784276417130172e+02
8.326565321808584486e+02 4.772182581740853493e+02
8.425622820016806145e+02 4.866286878162250673e+02
8.525423612827103170e+02 4.961098245183754329e+02
8.625969142692941887e+02 5.056615795055439548e+02
8.727258465768278484e+02 5.152840932510079028e+02
8.829293028569576336e+02 5.249772820737367738e+02
8.932071567638874967e+02 5.347413232897074522e+02
9.035595409759109771e+02 5.445761371620226328e+02
9.139864913071048704e+02 5.544817357402998823e+02
9.244880033279239342e+02 5.644581857913294698e+02
9.350641285849217184e+02 5.745054738535234264e+02
9.457148406521675952e+02 5.846236931443384037e+02
9.564402344982236173e+02 5.948127895839829762e+02
9.672402740232497536e+02 6.050728466662422989e+02
9.781149851916840134e+02 6.154038971999674459e+02
9.890644941579589613e+02 6.258058600133958862e+02
1.000088748872332758e+03 6.362788426404528082e+02
1.011187714485583115e+03 6.468229186314468961e+02
1.022361657859088041e+03 6.574378804405924939e+02
1.033610131037396059e+03 6.681242206286140117e+02
1.044933598393451348e+03 6.788815250029551862e+02
1.056331950717327800e+03 6.897099495527045292e+02
1.067805223789928959e+03 7.006095070800029134e+02
1.079353342847626664e+03 7.115803201659591650e+02
1.090976448263225620e+03 7.226222900226364345e+02
1.102674554741739485e+03 7.337354656738191352e+02
1.114447643112238438e+03 7.449198965445810927e+02
1.126295721050575139e+03 7.561756273899615053e+02
1.138218908953480422e+03 7.675025838178895583e+02
1.150217112060064210e+03 7.789009053094036972e+02
1.162290449042830460e+03 7.903705236074426921e+02
1.174438846132285562e+03 8.019115536722972593e+02
1.186662332956481805e+03 8.135240173803373409e+02
1.198960525822371437e+03 8.252083270653814679e+02
1.211335071424161924e+03 8.369629010462758743e+02
1.223784137329113264e+03 8.487896024438998666e+02
1.236308475368136442e+03 8.606877326254493710e+02
1.248907644727332354e+03 8.726577702499395173e+02
1.261582774609888475e+03 8.846986333245496326e+02
1.274333013735388249e+03 8.968112155498401989e+02
1.287158595684818465e+03 9.089953261352829941e+02
1.300059285801249644e+03 9.212512457067867899e+02
1.313035626179429073e+03 9.335784756349781901e+02
1.326087161738453688e+03 9.459775040792592335e+02
1.339214118246808994e+03 9.584481475773471857e+02
1.352416552711508302e+03 9.709904189876134524e+02
1.365694395622575939e+03 9.836044005354925730e+02
1.379047430069137590e+03 9.962903591179855312e+02
1.392476529343228094e+03 1.009047463123140233e+03
1.405980900367173035e+03 1.021876547951327098e+03
1.419560762289047261e+03 1.034777436219075526e+03
1.433216205411351439e+03 1.047750077097873600e+03
1.446947185864376252e+03 1.060794555209770579e+03
1.460753780672718221e+03 1.073910835270180542e+03
