5.549840209739068400e-10 3.333085092548983517e-15
6.310660315682297715e-10 3.735291479646947401e-15
7.175780147775143323e-10 4.192587311140104621e-15
8.159498004362020103e-10 4.712605956755855094e-15
9.278072316928796041e-10 5.304068989228387151e-15
1.054999036200108911e-09 5.976950924222299952e-15
1.199627381040376112e-09 6.742671696808839971e-15
1.364082616387511389e-09 7.614322282410004604e-15
1.551082782132997459e-09 8.606930092547744226e-15
1.763718530427412755e-09 9.737772305298616239e-15
2.005504206600021423e-09 1.102674720825469264e-14
2.280435932703632699e-09 1.249681604080042652e-14
2.593057653669739032e-09 1.417453085249278414e-14
2.948536237663536993e-09 1.609066770905206887e-14
3.352746871874969822e-09 1.828098938300665872e-14
3.812370165143873126e-09 2.078716772088449700e-14
4.335002562307590978e-09 2.365790350629174856e-14
4.929281895175376792e-09 2.695029124082131714e-14
5.605030145213843719e-09 3.073148834170974463e-14
6.373415777504852612e-09 3.508076342216794625e-14
7.247138329016462465e-09 4.009201733233679918e-14
8.240638302053186012e-09 4.587689441535107532e-14
9.370335832007245947e-09 5.256863108567522690e-14
1.065490207412808704e-08 6.032682569810025308e-14
1.211556779482935550e-08 6.934335932847911136e-14
1.377647426799621441e-08 7.984975339240826342e-14
1.566507227601194739e-08 9.212631915167106245e-14
1.781257581034624196e-08 1.065135385936299094e-13
2.025447797068754549e-08 1.234262187580903034e-13
2.303113758970296168e-08 1.433710855419581192e-13
2.618844627956865968e-08 1.669686319495845820e-13
2.977858692575986723e-08 1.949802137497351198e-13
3.386089616519915961e-08 2.283415971878401493e-13
3.850284510472682037e-08 2.682044141783478784e-13
4.378115449039330770e-08 3.159872767334861112e-13
4.978306276059863126e-08 3.734386523012270667e-13
5.660776794336118841e-08 4.427140154754620470e-13
6.436806723177446172e-08 5.264702826523449178e-13
7.319222133951770402e-08 6.279811222842563497e-13
8.322607445416037603e-08 7.512774372950998707e-13
9.463546483137931754e-08 9.013181668326527879e-13
1.076089658779664976e-07 1.084197586913410791e-12
1.223610030350880790e-07 1.307396544346489398e-12
1.391353979860220465e-07 1.580086580465634295e-12
1.582093987772916411e-07 1.913497737762900235e-12
1.798982624755607303e-07 2.321363041307333688e-12
2.045604661177180943e-07 2.820455256356630132e-12
2.326036320993329017e-07 3.431234595830935336e-12
2.644912659589151909e-07 4.178629647873704909e-12
3.007504179475120920e-07 5.092977994335495065e-12
3.419803950472501440e-07 6.211157902858060034e-12
3.888626674711755657e-07 7.577948240112594862e-12
4.421721334273258486e-07 9.247660551394767586e-12
5.027899283891838671e-07 1.128609529936666102e-11
5.717179906539320948e-07 1.377288380486763029e-11
6.500956240117560093e-07 1.680428877359981363e-11
7.392183313742289551e-07 2.049654975332667546e-11
8.405592307639401435e-07 2.498987582871492079e-11
9.557934077722040798e-07 3.045320677567004477e-11
1.086825607153517890e-06 3.708988630177523328e-11
1.235821721447790116e-06 4.514441753800777883e-11
1.405244597318042239e-06 5.491050238727984929e-11
1.597894751701297222e-06 6.674060358923820558e-11
1.816956671075353302e-06 8.105731250663888566e-11
2.066051459487939470e-06 9.836685794886355319e-11
2.349296706005574551e-06 1.192751533241196474e-10
2.671374561532344007e-06 1.445048121748439102e-10
3.037609151118496724e-06 1.749227939296310982e-10
3.454054602066462394e-06 2.115630406119864884e-10
3.927595143358937148e-06 2.556593844219630597e-10
4.466058932336493156e-06 3.086833854743791340e-10
5.078347491265434450e-06 3.723891219884057098e-10
5.774582894763662611e-06 4.488663024459844256e-10
6.566275142751884848e-06 5.406032345767691227e-10
7.466512487589648946e-06 6.505614674584025839e-10
8.490177863875676529e-06 7.822642556576782534e-10
9.654195001330839008e-06 9.399013874160151723e-10
1.097780829239210951e-05 1.128453383292069162e-09
1.248290104476548943e-05 1.353838620242327736e-09
1.419435738446495459e-05 1.623087583965711066e-09
1.614047379733182390e-05 1.944549217253172355e-09
1.835342711864869236e-05 2.328135235024308106e-09
2.086980671485327734e-05 2.785609342346870854e-09
2.373121966399826789e-05 3.330929549022333371e-09
2.698497895010902337e-05 3.980653257373925251e-09
3.068488606098583344e-05 4.754416548756369873e-09
3.489212094206924325e-05 5.675501156100978606e-09
3.967625403663889032e-05 6.771505039767552062e-09
4.511639716433008961e-05 8.075135346990882843e-09
5.130251228923752465e-05 9.625145907357613077e-09
5.833692985653374290e-05 1.196577797570414679e-08
6.633599985920338811e-05 1.424879779190302591e-08
7.543198569191040745e-05 1.696057416823547905e-08
8.577532510912097802e-05 2.018065987477383976e-08
9.753709090940498839e-05 2.400323071967026135e-08
1.109118219277328339e-04 2.853975160248219004e-08
1.261207424705757354e-04 3.392131354884350191e-08
1.434154235170235971e-04 4.030259928353379196e-08
1.630819465726309392e-04 4.786915586171363277e-08
1.854456389941107005e-04 5.683890644074258277e-08
2.108764590286320588e-04 6.746948512314553358e-08
2.397951200792238576e-04 8.006540764587754129e-08
2.726800555995240335e-04 9.498652332295875266e-08
3.100753400484330849e-04 1.126579742113790311e-07
3.525996971929046351e-04 1.335819266672111158e-07
4.009567450845241904e-04 1.583513863089549071e-07
4.559466475523763461e-04 1.876664610079946799e-07
5.184793653922287020e-04 2.223534991518296925e-07
5.895897269780091049e-04 2.633876035479165150e-07
6.704545660603101857e-04 3.118832868692591640e-07
7.624122152334874636e-04 3.692109252142358370e-07
8.669846791645178163e-04 4.369698158294173009e-07
9.859028484432523758e-04 5.170386660309319040e-07
1.121135177191490530e-03 6.116306603317046040e-07
1.274920299846398278e-03 7.233521825500257175e-07
1.449804128025776245e-03 8.552716678824600144e-07
1.648682043141325203e-03 1.011000293555881509e-06
1.874846873302733405e-03 1.194590956171101905e-06
2.132043472501023249e-03 1.411087846425924469e-06
2.424530815964107740e-03 1.666380957219874401e-06
2.757152604394418321e-03 1.967333891023352706e-06
3.135417570503812312e-03 2.322005801814326186e-06
3.565590824176334377e-03 2.739855639755313183e-06
4.054797704794359768e-03 3.231226647635142861e-06
4.611141949496270695e-03 3.809325394701581825e-06
5.243840169662650728e-03 4.489469548352017609e-06
5.963374721763962417e-03 5.289384345037747162e-06
6.781667593754443953e-03 6.229795937305312210e-06
7.712278032442317424e-03 7.332058221704374417e-06
8.770627569199157883e-03 8.626302818357554369e-06
9.974256160800760648e-03 1.014533232519603173e-05
1.134311312006226584e-02 1.192713668492908270e-05
1.289988781370719761e-02 1.400971683912789994e-05
1.467038638477220422e-02 1.644923273784084839e-05
1.668396065739647174e-02 1.930547729169767305e-05
1.897399451116577387e-02 2.263860705334716793e-05
2.157845791002042241e-02 2.652961786168359239e-05
2.454053814362964006e-02 3.107482274812618008e-05
2.790935573948330820e-02 3.636202919948754950e-05
3.174077952945962566e-02 4.251813921209440935e-05
3.609835579365694436e-02 4.968648400382474233e-05
4.105436060338426424e-02 5.798680577290495937e-05
4.669100054065555838e-02 6.763529495297489820e-05
5.310177787737917210e-02 7.878699031049270923e-05
6.039304039597506724e-02 9.169790840556027325e-05
6.868574818341614818e-02 1.065903322545308485e-04
7.811747896019399784e-02 1.237660361681525731e-04
8.884471137946992059e-02 1.435107660739825565e-04
1.010454211862994722e-01 1.662152141366200504e-04
1.149220315352579014e-01 1.921896564549235137e-04
1.307047725745009992e-01 2.219835519418890358e-04
1.486554965347589574e-01 2.558884108989459586e-04
1.690720156140256558e-01 2.945771437052293251e-04
1.922930530999457377e-01 3.385856863174211600e-04
2.187038372450697821e-01 3.883857362825504883e-04
2.487424941820241264e-01 4.448251591888865574e-04
2.829073189270733812e-01 5.085867484329876760e-04
3.217650003581418172e-01 5.801775221727158453e-04
3.659600221611248871e-01 6.607466036738438020e-04
4.162253694572979335e-01 7.513087725127951715e-04
4.733946624460459440e-01 8.530720640524634951e-04
5.384148366588129564e-01 9.484713733911769116e-04
6.123601963667912873e-01 1.019628362815279410e-03
6.964519728157799738e-01 1.083897372259233971e-03
7.920805236160746166e-01 1.147240846508051047e-03
9.008273663805862475e-01 1.211230674976921783e-03
1.024491086451983390e+00 1.278168032852471927e-03
1.165118309116744300e+00 1.369583138988413398e-03
1.325037135343877903e+00 1.472720748168426146e-03
1.506893774787340545e+00 1.586713375600602932e-03
1.713697178456682124e+00 1.712323254073973853e-03
1.948868873540917646e+00 1.849989012599704283e-03
2.216299491254535070e+00 2.000047889644854335e-03
2.520413011611372323e+00 2.161911294962278428e-03
2.866239724330855942e+00 2.333619130346042004e-03
3.259499301912323510e+00 2.514244474863532725e-03
3.706695093215047088e+00 2.697998278952330482e-03
4.215221259452855307e+00 2.880455695211991789e-03
6.198826812321075685e+00 3.345185901838286426e-03
7.049098948017399557e+00 3.789920124233174970e-03
8.015997274558772645e+00 4.282092375171213904e-03
9.115516818955107681e+00 4.829185323663406568e-03
1.036584671346985687e+01 5.444480030901219757e-03
1.178767206904259268e+01 6.151832456950807361e-03
1.340451806235567744e+01 6.993287060396140287e-03
1.524314249055580639e+01 8.040776845624294025e-03
1.733398410597952832e+01 9.413631704829457381e-03
1.971167532319697102e+01 1.130427694052581027e-02
2.241562945356633207e+01 1.401543442490883230e-02
2.549071455800821440e+01 1.801356558723702164e-02
2.898802848130853249e+01 2.400596274096434071e-02
3.296579304171036995e+01 3.305539054454614822e-02
3.749039090702611787e+01 4.676566755557071131e-02
4.263758032549889521e+01 6.763467510743892408e-02
4.849395102824272641e+01 9.983736974220260019e-02
5.515837246946397698e+01 1.447721996586728566e-01
6.274514527509875705e+01 2.318031483437455742e-01
7.138668231848808432e+01 3.635277479851899418e-01
8.123498693553227668e+01 5.604687203235442228e-01
9.246626068698313361e+01 8.518875996563509689e-01
1.052856400947374880e+02 1.279315660669104071e+00
1.199331530724180226e+02 1.901458603784880408e+00
1.366912832646774802e+02 2.800994670546209431e+00
1.558946670828038350e+02 4.093978279813569543e+00
1.779315591623579849e+02 5.758931095283902124e+00
2.032670149128026083e+02 8.215078534275926714e+00
2.324747528150878679e+02 1.166605883687331158e+01
2.662465282853999611e+02 1.650256141482470440e+01
3.054318553566085370e+02 2.326428873949766896e+01
3.510836748321804635e+02 3.269745898713242127e+01
4.045194873028505640e+02 4.583328613516105321e+01
4.674034454604848179e+02 6.409536552496079764e+01
5.418571471882805781e+02 8.945051780408388709e+01
6.306092378544501571e+02 1.246059544985739933e+02
7.371976340952803639e+02 1.732875533214380539e+02
8.662443437072022334e+02 2.406251434146500401e+02
1.023829572483734864e+03 3.336773624163289469e+02
1.217998374962767230e+03 4.621022542674061810e+02
1.459450647473903246e+03 6.391811907028269388e+02
1.762482315780053796e+03 8.830952544504337993e+02
2.146260964277355015e+03 1.218685663332668582e+03
