5.605115232329188017e-11 3.844524553521348538e-16
6.543625582915467792e-11 4.725929101400583315e-16
7.639278849555836122e-11 5.809406484608921524e-16
8.918386932838449929e-11 7.141284386474165427e-16
1.041166692127795927e-10 8.106309609101697116e-16
1.215497867505248568e-10 8.980651839672314836e-16
1.419018675758062609e-10 1.000040568925679591e-15
1.656616565355814547e-10 1.118975904009150904e-15
1.933997328452628319e-10 1.257693281054315689e-15
2.257822122562137973e-10 1.419486521901705754e-15
2.635867434843258856e-10 1.608201250099202368e-15
3.077211830458231331e-10 1.828328931122396094e-15
3.592453969671333991e-10 2.085117716975323351e-15
4.193967129259954882e-10 2.384703261274483759e-15
4.896196340444893860e-10 2.734263507175696265e-15
5.716005278961936574e-10 3.142202345746750358e-15
6.673081237673237324e-10 3.618368221166225131e-15
7.790407906944858845e-10 4.174315095307135550e-15
9.094817316391118402e-10 4.823615306040954160e-15
1.061763419261877578e-09 5.582236236229799887e-15
1.239542820693871556e-09 6.468995915150207742e-15
1.447089217795635067e-09 7.506116874649498401e-15
1.689386731872247636e-09 8.719903074471485865e-15
1.972254014936128304e-09 1.014157194373943822e-14
2.302483981860927705e-09 1.180828323502833398e-14
2.688006939048404932e-09 1.376441852723703598e-14
3.138081027095880767e-09 1.606318209761891610e-14
3.663514550897559311e-09 1.876861593766558862e-14
4.276925536391630980e-09 2.195815043121106437e-14
4.993044747170748471e-09 2.572585054710965666e-14
5.829069437873587066e-09 3.018656784318597071e-14
6.805076339741023883e-09 3.548127492997244655e-14
7.944503796214682539e-09 4.178394637848770862e-14
9.274714627142560683e-09 4.931046308843420302e-14
1.082765323892950327e-08 5.833016361884680658e-14
1.264061276138820112e-08 6.918085915914611638e-14
1.475713063448488809e-08 8.228837234756058967e-14
1.722803415309943644e-08 9.819197338158683843e-14
2.011266107942985021e-08 1.175774809499220068e-13
2.348028463729127786e-08 1.413202987553381861e-13
2.741177711126926147e-08 1.705412676283700734e-13
3.200155200442546302e-08 2.066790571804771082e-13
3.735983139863728368e-08 2.515832018196225651e-13
4.361529297249277830e-08 3.076348110815273445e-13
5.091816025050951550e-08 3.779004264593633197e-13
5.944381030327931803e-08 4.663287997332639460e-13
6.939698554700569270e-08 5.780020615457103838e-13
8.101671079875116631e-08 7.194211581384636773e-13
9.458203369153320291e-08 8.990001071168955480e-13
1.104187263366413761e-07 1.127646014728746947e-12
1.289071091579891437e-07 1.418894713937876709e-12
1.504911848421341056e-07 1.790358558150618741e-12
1.756893018517729824e-07 2.264587267276388225e-12
2.051066035634996538e-07 2.870105989368342390e-12
2.394495620710345548e-07 3.643074617811504006e-12
2.795429458128623307e-07 4.629620952860804513e-12
3.263496285855496226e-07 5.887942854960197510e-12
3.809937157692781305e-07 7.491753489907943215e-12
4.447875433497503682e-07 9.534134020586982737e-12
5.192631983041766907e-07 1.213248758255269693e-11
6.062093175716484912e-07 1.543446224594005310e-11
7.077140496800326189e-07 1.962593541842062445e-11
8.262152110969026220e-07 2.493913762633768569e-11
9.645588423727847430e-07 3.166625057719447485e-11
1.126067570954805182e-06 4.017172569557600510e-11
1.314620423030670799e-06 5.091138676178854770e-11
1.534746002272989512e-06 6.445456632943864428e-11
1.791731274041542817e-06 8.150831847717725339e-11
2.091748568936872881e-06 1.029522489246431514e-10
2.442003858207633499e-06 1.298855436904936911e-10
2.850909863213116437e-06 1.636644544183816006e-10
3.328288158840875013e-06 2.059773923215893812e-10
3.885605129144191249e-06 2.589190977765772294e-10
4.536247443428615738e-06 3.250677119273669433e-10
5.295843670575018049e-06 4.075663502822907846e-10
6.182639829445941096e-06 5.112118683675071475e-10
7.217937337182382479e-06 6.342280387399518919e-10
8.426607982905940145e-06 8.310738574449087110e-10
9.837693511660360146e-06 1.104295320716543592e-09
1.148508519502427441e-05 1.267111313417541394e-09
1.340834604729586255e-05 1.533509592808132436e-09
1.565369794132226363e-05 2.094061493332312322e-09
1.827509458768210854e-05 2.585610187123318064e-09
2.133548742686494095e-05 2.999064768064646898e-09
2.490841988053554880e-05 4.066818527646814767e-09
2.907976583642356473e-05 5.022130693708818007e-09
3.394970525425961748e-05 5.899671845319838076e-09
3.963521392227783009e-05 6.959319241780476324e-09
4.627293291230133150e-05 8.952558508400810615e-09
5.402235536810044410e-05 1.048269365003426455e-08
6.306963727656196756e-05 1.286433663420284631e-08
7.363222368855581275e-05 1.597619604752328961e-08
8.596395225363230087e-05 1.976403085621039418e-08
1.003611609282258201e-04 2.428102026086714305e-08
1.171698384045352800e-04 2.991279451418900649e-08
1.367939206788588242e-04 3.635743189683030638e-08
1.597052907710894197e-04 4.839821628076653748e-08
1.864546135463061687e-04 5.632263835294942880e-08
2.176851115855028146e-04 7.833800819797344958e-08
2.541472964231149810e-04 8.390340410569839933e-08
2.967167293357572439e-04 1.060791876002879317e-07
3.464174291313214748e-04 1.257153684830571948e-07
4.044438530954966868e-04 1.546741537963544614e-07
4.721913290345636531e-04 1.889909763871962240e-07
5.512886743759713368e-04 2.321184496898846205e-07
6.436378438925777429e-04 2.851178300111093313e-07
7.514594615797343981e-04 3.494986038979516059e-07
8.773463175559220815e-04 4.281121098939249168e-07
1.024325862324765172e-03 5.244919800143711210e-07
1.195933181761141446e-03 6.439886225826139465e-07
1.396296338045904849e-03 7.942781287400710310e-07
1.630235537063980805e-03 9.782097982656121459e-07
1.903379856926486115e-03 1.216909234719379560e-06
2.222295309621619575e-03 1.403679982720756873e-06
2.594648330575720623e-03 1.698324529362871503e-06
3.029403620920002437e-03 2.087122025518527370e-06
3.537024945370709390e-03 2.561439736068546870e-06
4.129728751018587642e-03 3.142281311333097442e-06
4.821780834047112094e-03 3.854963777940352830e-06
5.629840100245582339e-03 4.727632280189235261e-06
6.573360305100171136e-03 5.799165649282881588e-06
7.675058303508708844e-03 7.097843149895264456e-06
8.961464521664207206e-03 8.723735023536795802e-06
1.046352726507193340e-02 1.020138354654778774e-05
1.221740423874851517e-02 1.256276928923803246e-05
1.426536752059763546e-02 1.524216075325215640e-05
1.665666433617079764e-02 1.757636297974422224e-05
1.944886784188353326e-02 2.158761163667835233e-05
2.270944816907882052e-02 2.810825224833734303e-05
2.651701359788854670e-02 3.378686714145289258e-05
3.096312873256506365e-02 4.032145580645434349e-05
3.615500228577000347e-02 4.976383375459046471e-05
4.221792859708242696e-02 6.120083242303358975e-05
4.929769320731702820e-02 6.907008400012735734e-05
5.756483510487140492e-02 8.574784931894829107e-05
6.721921094903968164e-02 1.050179133767095534e-04
7.849373012661946258e-02 1.296207682616021988e-04
9.166000687147954351e-02 1.517349170693806613e-04
1.070350614991998767e-01 1.810130759863719219e-04
1.249901914411965104e-01 2.209953712506661488e-04
1.459589457495931164e-01 2.680115339371485291e-04
1.704472558186662656e-01 3.241359221644978385e-04
1.990458834346438277e-01 3.881994947477992487e-04
2.324451587235318306e-01 4.709097837272299648e-04
2.714498511228055078e-01 5.416582751512823840e-04
3.169942989303340397e-01 5.698731474396822455e-04
3.701700051139938941e-01 6.072974425099621817e-04
4.322560100176219278e-01 6.501188606827767698e-04
5.047447639575441958e-01 6.930847956810513811e-04
5.893795666914042330e-01 7.567274435489860672e-04
6.881969766784691300e-01 8.321285007441421274e-04
8.035739918187223552e-01 9.236877339645189035e-04
9.382862577754828015e-01 1.034488795703420979e-03
1.095574786868155792e+00 1.168997907389477319e-03
1.279224067574276757e+00 1.332448084630878877e-03
1.493653151805223178e+00 1.530273711187002048e-03
1.744021423378300240e+00 1.760923037350603038e-03
2.036353661979480201e+00 2.047789600877613671e-03
2.377685986432726217e+00 2.394840965131414968e-03
2.776233490955933636e+00 2.808803556468867420e-03
3.241588198110054719e+00 3.300305514323574520e-03
3.784950570034859130e+00 3.888092604312860714e-03
4.419399360915573283e+00 4.587388188945796912e-03
5.160205274281375765e+00 5.406518309350918060e-03
6.025197780173926709e+00 6.360472809817707511e-03
7.035195785121476142e+00 7.486395834445480450e-03
8.214514655746114613e+00 8.881702662820812125e-03
9.591554667108356469e+00 1.060370180711968889e-02
1.119948538211137645e+01 1.277015497968541149e-02
1.307705622256418287e+01 1.558414571480224234e-02
1.526954891566556860e+01 1.938610552858673064e-02
1.782990035170526610e+01 2.473555134044293224e-02
2.082002989151814276e+01 3.252916982927731709e-02
2.431241221563757193e+01 4.416510453249115897e-02
2.839194281745397319e+01 6.172787099498704827e-02
3.315816929210100028e+01 8.848225908361107006e-02
3.872778819637245817e+01 1.266923933634810928e-01
4.523691737953661374e+01 1.716252482509049992e-01
5.284551850417865637e+01 2.444238148015464296e-01
6.174286091254459308e+01 3.515030557647234044e-01
7.215093999333234365e+01 4.985709618288849398e-01
8.433017434191272343e+01 6.953363394377973794e-01
9.858704639988739871e+01 9.629041826058029052e-01
1.152838193904595698e+02 1.334820022173074161e+00
1.348511824324958468e+02 1.873807895550376745e+00
1.578070247330627183e+02 2.704952231103523008e+00
1.847850823679060284e+02 4.064394032666582390e+00
2.165773301775062407e+02 6.357860624751512368e+00
2.541943568442846981e+02 1.023282323858071408e+01
2.989482183961480359e+02 1.665279648772711241e+01
3.525654399617033050e+02 2.702323739257773028e+01
4.173480590204156329e+02 4.342640494499977422e+01
4.964165441701315444e+02 6.906767685955637148e+01
5.940749365111684028e+02 1.088054658862528044e+02
7.162971643628618494e+02 1.692669218690708703e+02
8.712921696165731191e+02 2.586537364223909208e+02
1.070236250527378843e+03 3.880200224783233693e+02
1.328473967165198474e+03 5.743590930679034727e+02
1.667544501255617888e+03 8.451111075338109231e+02
2.118784690054571456e+03 1.249290149556610459e+03
