5.605039195728486793e-11 1.307696734454026730e-16
6.031726141887842708e-11 1.442085091589159629e-16
6.490894913718270183e-11 1.590284166498271800e-16
6.985018214518735977e-11 1.753713248244006087e-16
7.516756984272317753e-11 1.933937482279451288e-16
8.088974729357158928e-11 2.132682859703771591e-16
8.704752943124490064e-11 2.351852746921932731e-16
9.367407700388146033e-11 2.593546114011777198e-16
1.008050751519049655e-10 2.860077636369523821e-16
1.084789255801407603e-10 3.153999862145447550e-16
1.167369533592965953e-10 3.478127657765528712e-16
1.256236294704794939e-10 3.835565165651122642e-16
1.351868102912239346e-10 4.229735532308692743e-16
1.454779953127248691e-10 4.664413691492430883e-16
1.565526044761712200e-10 5.143762516401747184e-16
1.684702766217022973e-10 5.672372687139218627e-16
1.812951906572299829e-10 6.255306655236269447e-16
1.950964111767309956e-10 6.898147126291385031e-16
2.099482603892507622e-10 7.607050525033808536e-16
2.259307183615794670e-10 8.388805954843051064e-16
2.431298537300507424e-10 9.250900216374910468e-16
2.616382872009587095e-10 1.020158950797037633e-15
2.815556903357049329e-10 1.124997849451589550e-15
3.029893223068168651e-10 1.240610750199160479e-15
3.260546075154190877e-10 1.368104867275988742e-15
3.508757571808361907e-10 1.508701200246538382e-15
3.775864382498259259e-10 1.663746227405366624e-15
4.063304932277178864e-10 1.834724800877261729e-15
4.372627148080164408e-10 2.023274366910950306e-15
4.705496794721641757e-10 2.231200647553006650e-15
5.063706445486500968e-10 2.460494933883607371e-15
5.449185135625113849e-10 2.713353156430154755e-15
5.864008750739603189e-10 2.992196915394128862e-15
6.310411169752231663e-10 3.197102264003145870e-15
6.790796317198965757e-10 3.417375480293230989e-15
7.307751154383735549e-10 3.654381225514659765e-15
7.864059577111172859e-10 3.909406184482985743e-15
8.462717407409938843e-10 4.183838736188815743e-15
9.106948526584165040e-10 4.479179164935628650e-15
9.800222236405921276e-10 4.797042856401237675e-15
1.054627194194450287e-09 5.139183467442263849e-15
1.134911525664129286e-09 5.507487471373433208e-15
1.221307563789916865e-09 5.904000089636206217e-15
1.314280566970305206e-09 6.330933970282967348e-15
1.414331211764707975e-09 6.790679526617841127e-15
1.521998289129845441e-09 7.285829892033963779e-15
1.637861605909768995e-09 7.819192743916568430e-15
1.762545107204192200e-09 8.393812895881547413e-15
1.896720236430042617e-09 9.012993292680440442e-15
2.041109551170959416e-09 9.680320751947390068e-15
2.196490614286677574e-09 1.039969209039611112e-14
2.363700181236719379e-09 1.117534121030164350e-14
2.543638706168492743e-09 1.201187953094737298e-14
2.737275191035820129e-09 1.291432742341923617e-14
2.945652403861398210e-09 1.388815767800450857e-14
3.169892494245211908e-09 1.493934143391740835e-14
3.411203036359347201e-09 1.607439995765944127e-14
3.670883531972412018e-09 1.730046247285436681e-14
3.950332408524213554e-09 1.862533096667994466e-14
4.251054549936761546e-09 2.005755288309570217e-14
4.574669400717141704e-09 2.160650275393856068e-14
4.922919686995427579e-09 2.328247396991984929e-14
5.297680801462252351e-09 2.509678206031581293e-14
5.700970902747130392e-09 2.706188103596841203e-14
6.134961783625235406e-09 2.919149457122937398e-14
6.601990566581954179e-09 3.150076405282295884e-14
7.104572289718350036e-09 3.400641576822255603e-14
7.645413450778061214e-09 3.672694988578834437e-14
8.227426582233533710e-09 3.968285419772094766e-14
8.853745935924288041e-09 4.289684586462578138e-14
9.527744361713858265e-09 4.639414554825029857e-14
1.025305147106417572e-08 5.020278637952394777e-14
1.103357318334396994e-08 5.435396442771692076e-14
1.187351276013614583e-08 5.888243389894247623e-14
1.277739344082430025e-08 6.382699027770439915e-14
1.375008280135940248e-08 6.923097083321466732e-14
1.479681896738296014e-08 7.514268239256633537e-14
1.592323882288701857e-08 8.161635355104966343e-14
1.713540836632654141e-08 8.871265900498872081e-14
1.843985537765990165e-08 9.649971661888823263e-14
1.984360457224540896e-08 1.050537205035609814e-13
2.135421543092203261e-08 1.144604896907203791e-13
2.297982291001693497e-08 1.248163803583972683e-13
2.472918125050693432e-08 1.362297481275842145e-13
2.661171112228818562e-08 1.488225404981633020e-13
2.863755035744827455e-08 1.627320501223684078e-13
3.081760854577202035e-08 1.781129260327027664e-13
3.316362578651649432e-08 1.951394291938748839e-13
3.568823591286978131e-08 2.140079930717298882e-13
3.840503452960228433e-08 2.349400568981127603e-13
4.132865223035070325e-08 2.581854695253364648e-13
4.447483338885363144e-08 2.840258586106729822e-13
4.786052094848353926e-08 3.127786932261857156e-13
5.150394766676496894e-08 3.448023603657446773e-13
5.542473430629216572e-08 3.805009313044760095e-13
5.964399530087172403e-08 4.203299446218054062e-13
6.418445246601197038e-08 4.648030299448662421e-13
6.907055736620026008e-08 5.144991110645997752e-13
7.432862299801520228e-08 5.700705515105740992e-13
7.998696549833106129e-08 6.322522467469037731e-13
8.607605664084391298e-08 7.018717943689802446e-13
9.262868794227856422e-08 7.798608572007629920e-13
9.968014726215752478e-08 8.672678549853160425e-13
1.072684088473267907e-07 9.652721369095903539e-13
1.154343378448311957e-07 1.075199798825619401e-12
1.242219103846872161e-07 1.198541335394767811e-12
1.336784504179723308e-07 1.336971330089939036e-12
1.438548845858851353e-07 1.492370419237740778e-12
1.548060164925809148e-07 1.666849777857980084e-12
1.665908218591152619e-07 1.862778442861055063e-12
1.792727661482843057e-07 2.082813659077749617e-12
1.929201463712382717e-07 2.329935177461019951e-12
2.076064589169800612e-07 2.607482074022020988e-12
2.234107953860468450e-07 2.919195709597853653e-12
2.404182685606294508e-07 3.269267008907065637e-12
2.587204708055552667e-07 3.662387087632065002e-12
2.784159673694134708e-07 4.103806358829263631e-12
2.996108272430902003e-07 4.599398719001965595e-12
3.224191944353162108e-07 5.155733280616320238e-12
3.469639027425278199e-07 5.780153977037883875e-12
3.733771373247314310e-07 6.480868084118979760e-12
4.018011466511827694e-07 7.267044469694240863e-12
4.323890086511157857e-07 8.148922477951309129e-12
4.653054551967225609e-07 9.137933050273469791e-12
5.007277593600966103e-07 1.024683754529906007e-11
5.388466902233730650e-07 1.148986039575251712e-11
5.798675403855406385e-07 1.288285786993824543e-11
6.240112317037214900e-07 1.444354910710252420e-11
6.715155052230855756e-07 1.619163489425638876e-11
7.226362017052993487e-07 1.814907280793035293e-11
7.776486396574237930e-07 2.034031793755527967e-11
8.368490982851191148e-07 2.279264467619960776e-11
9.005564133498057310e-07 2.553615854914312538e-11
9.691136945633142655e-07 2.860525918931891601e-11
1.042890173639782232e-06 3.203467991689186995e-11
1.122283193489609770e-06 3.587704210538599751e-11
1.207720347191443322e-06 4.013583337344498382e-11
1.299661786278297015e-06 4.502650224775872881e-11
1.398602680669880266e-06 4.999288702544327364e-11
1.505075958075766915e-06 5.745550513875101518e-11
1.619655273777774231e-06 6.908891628176855348e-11
1.742957723308254067e-06 7.645976987422845110e-11
1.875647248543248988e-06 8.564689523436223351e-11
2.018438547129136298e-06 9.563599699570486619e-11
2.172100696026293502e-06 1.068281071531652151e-10
2.337461337021738572e-06 1.192831272735651491e-10
2.515411124388092494e-06 1.331556946224577968e-10
2.706908525615508965e-06 1.486005551362531903e-10
2.912984984361833049e-06 1.657904709868590443e-10
3.134750477205414243e-06 1.849173070670207025e-10
3.373399493498082828e-06 2.061933137618775795e-10
3.630217470570626236e-06 2.298534323853400757e-10
3.906587718980260772e-06 2.561571308839023596e-10
4.203998875145484844e-06 2.853919445696341230e-10
4.524052921542446910e-06 3.178757801226642791e-10
4.868473817654519564e-06 3.539602728579232843e-10
5.239116788217801678e-06 3.940342814485286233e-10
5.637978318809222638e-06 4.385275229644851894e-10
6.067206912661064950e-06 4.879150781188747680e-10
6.529114666682641993e-06 5.427218102339491781e-10
7.026189729101024847e-06 6.035282609119031257e-10
7.561109705878403093e-06 6.709761054895697534e-10
8.136756088106123614e-06 7.457733728599880514e-10
8.756229778207278637e-06 8.287030239477626454e-10
9.422867798653720861e-06 9.206293294118054816e-10
1.014026127324406042e-05 1.022507541273700793e-09
1.091227477791789571e-05 1.135392627041998486e-09
1.174306716530540076e-05 1.260447432991849258e-09
1.263711397549558042e-05 1.398959900832308372e-09
1.359923155375430631e-05 1.552349154800953854e-09
1.463460300507292808e-05 1.722182797796704355e-09
1.574880612570537852e-05 1.910190480966577984e-09
1.694784346223683472e-05 2.118283065444729680e-09
1.823817466025929215e-05 2.348568546244580415e-09
1.962675127700761995e-05 2.603373396451819645e-09
2.112105424580996513e-05 2.885265573252529816e-09
2.272913419432884185e-05 3.197078681090254032e-09
2.445965483401958007e-05 3.541939848895482506e-09
2.632193965480870935e-05 3.923299156534625122e-09
2.832602217692136719e-05 4.344966180002491967e-09
3.048270003022798895e-05 4.811126530039503831e-09
3.280359315541369291e-05 5.326464483006246003e-09
3.530120643150851730e-05 5.895901301657929972e-09
3.798899710233411963e-05 6.525786036691019264e-09
4.088144723774527525e-05 7.219741286392856311e-09
4.399414207717346426e-05 7.993835591748229035e-09
4.734385310287721730e-05 8.824087069483095097e-09
5.094863149908579215e-05 9.822199850689086335e-09
5.482789625098364792e-05 1.067904429763075961e-08
6.349491135800055305e-05 1.148940773992597539e-08
6.832940648265145524e-05 1.270116878611292287e-08
7.353202655741875331e-05 1.404366718200479630e-08
7.913080575794706852e-05 1.553226750488769174e-08
8.515591319468701745e-05 1.717242964737444468e-08
9.163981559359000062e-05 1.898555213626087819e-08
9.861745262172702596e-05 2.098642406100373599e-08
1.061264250367805449e-04 2.319454104814964695e-08
1.142071974445547916e-04 2.562906726888147596e-08
1.229033164045917077e-04 2.831221096211443321e-08
1.322616453742589437e-04 3.127196806434958941e-08
1.423326176499477400e-04 3.454211109831345803e-08
1.531705083935047023e-04 3.815739117286258087e-08
1.648337271248661218e-04 4.215224828426806759e-08
1.773851325389134211e-04 4.656394912807594721e-08
1.908923714859719358e-04 5.143455827991072122e-08
2.054282438425191057e-04 5.681106641443536672e-08
2.210710951696134667e-04 6.274557486087825800e-08
2.379052392833195650e-04 6.929566843456304121e-08
2.560214130268408583e-04 7.652492747275087768e-08
2.755172657029588464e-04 8.450348382661700889e-08
2.964978858132752740e-04 9.330875061160345986e-08
3.190763679500773138e-04 1.030261164234345855e-07
3.433744229000204725e-04 1.137497528921467788e-07
3.695230342575664753e-04 1.255835284502019851e-07
3.976631650930999209e-04 1.386419235643566025e-07
4.279465185152013279e-04 1.530517649889489009e-07
4.605363562045454570e-04 1.689522981761688625e-07
4.956083793447481345e-04 1.864975281226126664e-07
5.333516767487976769e-04 2.058573121404960929e-07
5.739697452654446462e-04 2.272190202438512409e-07
6.176815879995446951e-04 2.507894364255741846e-07
6.647228962825116111e-04 2.767967341112715434e-07
7.153473217815766111e-04 3.054927400874403802e-07
7.698278456283521188e-04 3.371553899621176053e-07
8.284582519879707613e-04 3.720919734225928923e-07
8.915547141284296991e-04 4.106445469651752528e-07
9.594575023026954627e-04 4.532140189201137689e-07
1.032532822197437805e-03 5.002479172314567925e-07
1.111174790239076796e-03 5.521669635581502382e-07
1.195807557957354918e-03 6.094129364351430183e-07
1.286887603964844513e-03 6.725601401279496870e-07
1.384906202607721817e-03 7.422483863699225162e-07
1.490392077375112282e-03 8.191709448770590797e-07
1.603914256334953168e-03 9.040894767656993576e-07
1.726085145768617045e-03 9.978401581390935941e-07
1.857563838335694276e-03 1.101342111017570979e-06
1.999059673670616332e-03 1.215604513925828417e-06
2.151336070415893389e-03 1.341729260596018810e-06
2.315214650373546151e-03 1.480919281629744473e-06
2.491579677836202374e-03 1.634503632316318126e-06
2.681382836296971293e-03 1.803892388947510876e-06
2.885648382256856583e-03 1.991010014429302328e-06
3.105478672649420596e-03 2.197263803883919751e-06
3.342060108766907803e-03 2.424617479043490936e-06
3.596669570026710550e-03 2.675405015743502991e-06
3.870681316188652899e-03 2.951942873179396120e-06
4.165574418751255038e-03 3.257085018341909281e-06
4.482940739340622073e-03 3.593050292975848080e-06
4.824493623978656949e-03 3.965851291983002095e-06
5.192076849267104020e-03 4.368565142879879146e-06
5.587675789355698273e-03 4.844278321952570674e-06
6.013423579749150975e-03 5.247559495077156742e-06
6.471606040296452346e-03 5.472294528453446120e-06
6.964702021727769456e-03 6.179646820285044476e-06
7.495397307851908025e-03 7.119815202982351421e-06
8.066538679587400076e-03 7.352278489598017226e-06
8.681195937199808269e-03 8.144677243170928558e-06
9.342705599374598324e-03 8.963663028121599596e-06
1.005463869346443634e-02 9.875489859356297945e-06
1.082084078892784317e-02 1.087972875916623702e-05
1.164545050709591897e-02 1.198554481781335757e-05
1.253292230576909423e-02 1.320445976624900769e-05
1.348805056843417616e-02 1.454656898013803536e-05
1.451599553061073446e-02 1.602501651765610196e-05
1.562231126615599465e-02 1.765325507296726303e-05
1.681297572272482527e-02 1.944591806334780064e-05
1.809442305785310956e-02 2.141821045316899143e-05
1.947357833138428293e-02 2.358363575561417007e-05
2.095789409270442868e-02 2.593551337491403975e-05
2.255539136001286776e-02 2.851385177573962149e-05
2.427469500102624397e-02 3.108120233153238384e-05
2.612508617575650532e-02 3.390463821661636164e-05
2.811657095099464460e-02 3.719483952480076192e-05
3.025995277090419780e-02 4.171696977023392928e-05
3.256676178116667958e-02 4.387640729762191726e-05
3.504931449222702111e-02 4.525025337324225692e-05
3.772129793929026448e-02 5.626299120045371671e-05
4.059722575266985767e-02 5.874905271977609795e-05
4.369241299250625765e-02 6.515870264981348436e-05
4.702372019779210016e-02 7.181619676558032885e-05
5.060915536098568868e-02 7.912796032798312667e-05
5.446794784812329648e-02 8.239303227004142493e-05
5.862093248162383169e-02 9.106267951841107969e-05
6.309076854651565758e-02 1.009381900671708253e-04
6.790165576369694422e-02 1.116605949311583315e-04
7.307962693833863765e-02 1.233872552449593674e-04
7.865270111536142028e-02 1.360627649520706258e-04
8.465103083527841799e-02 1.497664073606787337e-04
9.110706555998666911e-02 1.644501427730792064e-04
9.805572236203465020e-02 1.800955223076753709e-04
1.055345653601247602e-01 1.964117779543431033e-04
1.135839702158790293e-01 2.123761779748765228e-04
1.222473789088706769e-01 2.289666373915760864e-04
1.315716508613270774e-01 2.481748822575903751e-04
1.416072902502811259e-01 2.698892404626595945e-04
1.524086213665915568e-01 2.935446813930667740e-04
1.640340773344130532e-01 3.190420912346356359e-04
1.765465092283098891e-01 3.456389643949335944e-04
1.900134826096133156e-01 3.722121310912367901e-04
2.045077020790378730e-01 3.999372931742345124e-04
2.201076653844283859e-01 4.347673418109137405e-04
2.368978955825413180e-01 4.712131386543345446e-04
2.549681755415858508e-01 4.823944274141650718e-04
2.744153239265899047e-01 5.051287487587903004e-04
2.953444081876859806e-01 5.216371921841928558e-04
3.178680101162149052e-01 5.388135051441039205e-04
3.421076019697761317e-01 5.577334268542839422e-04
3.681939361899776442e-01 5.780866911611251937e-04
3.962677194958876270e-01 6.002522493975856032e-04
4.264803941897759576e-01 6.244768198040217622e-04
4.589949516279043240e-01 6.510532906881750983e-04
4.939868135701044882e-01 6.802825777451476652e-04
5.316447799802701546e-01 7.124996225402631649e-04
5.721720497682991624e-01 7.480656338017463436e-04
6.157873193878143914e-01 7.873813552904521985e-04
6.627259658103735740e-01 8.308927919112672061e-04
7.132413206100304270e-01 8.791144592516239933e-04
7.676060405148941168e-01 9.325876537570056916e-04
8.261135806356091349e-01 9.918818924055704603e-04
8.890797846153026818e-01 1.057728263717567499e-03
9.568445961345183326e-01 1.130873608189289633e-03
1.029773895241285375e+00 1.212094769327229458e-03
1.108261482879010495e+00 1.302419973330842112e-03
1.192731211567788607e+00 1.402733247938341707e-03
1.283639283196928549e+00 1.514371530006492503e-03
1.381476718824985461e+00 1.638350757364216270e-03
1.486772018670664330e+00 1.776323677284081474e-03
1.600094031349535761e+00 1.929661751892653874e-03
1.722055023987117961e+00 2.100021855651712770e-03
1.853314019032491711e+00 2.289623472878950586e-03
1.994580364202850342e+00 2.500336678559388504e-03
2.146617558386562763e+00 2.734291052294904323e-03
2.310247408845076844e+00 2.994303868607019019e-03
2.486354495181026802e+00 3.283109670401905631e-03
2.675890948050902107e+00 3.603542842336543775e-03
2.879881614369237397e+00 3.958968825176817710e-03
3.099429654309640902e+00 4.353876862379230973e-03
3.335722535406791422e+00 4.792373702224755720e-03
3.590038432407473667e+00 5.278497377761578145e-03
3.863753163206090857e+00 5.817237405039834414e-03
4.158347668992089297e+00 6.413812086106097585e-03
4.475416051608122281e+00 7.074159661228792209e-03
4.816674237968038064e+00 7.804800023259215493e-03
5.183969295166826363e+00 8.612743274972823118e-03
5.579289457792173224e+00 9.505682924046444937e-03
6.004774928053203453e+00 1.049204053556283128e-02
6.462729502606693543e+00 1.158104229849977324e-02
6.955633088839531908e+00 1.278275371785496384e-02
7.486155180691426381e+00 1.410822997875439341e-02
8.057169407681573858e+00 1.557068175023166093e-02
8.671769192866751297e+00 1.718416421472953454e-02
9.333284523644849173e+00 1.896285621856218240e-02
1.004530001672009831e+01 2.092238961836323519e-02
1.081167441903452442e+01 2.308002931682097761e-02
1.163656160474078582e+01 2.545479089664594990e-02
1.252443318495148716e+01 2.806771112728556616e-02
1.348010285617101900e+01 3.094203010183744010e-02
1.450875262516623287e+01 3.410362844986138120e-02
1.561596105928228972e+01 3.758134353408656980e-02
1.680773372005729271e+01 4.140752953484376497e-02
1.809053595980178031e+01 4.561871600164839335e-02
1.947132826962399221e+01 5.025639575434479034e-02
2.095760438587620911e+01 5.536802362858191801e-02
2.255743238567636411e+01 6.100835592717113176e-02
2.427949901421549583e+01 6.724082450855128901e-02
2.613315754638895783e+01 7.414047002725740465e-02
2.812847937147653354e+01 8.179279655479765321e-02
3.027631003935897525e+01 9.031022690728746083e-02
3.258832891240101048e+01 9.979434527702048252e-02
3.507711638965616885e+01 1.104654011223672183e-01
3.775622199981394544e+01 1.223921080104141412e-01
4.064013949575967644e+01 1.330262138301158970e-01
4.374435410132200985e+01 1.421529812812705185e-01
4.708561129799781497e+01 1.523256218719789556e-01
5.068221557973153324e+01 1.686312160779203095e-01
5.455407603608797729e+01 1.911540148429982378e-01
5.872250117015704518e+01 2.165089803991813999e-01
6.321042114146887769e+01 2.486030662034257599e-01
6.804269709164609026e+01 2.881586596354541174e-01
7.324615002365015926e+01 3.362435538496290621e-01
7.884979694880325951e+01 3.959860909460466427e-01
8.488509045142411935e+01 4.701769546788251430e-01
9.138612451729164832e+01 5.625756789848956885e-01
9.838991187879997824e+01 6.779780247686925110e-01
1.059366911463719561e+02 8.223833882820672514e-01
1.140702756600884129e+02 1.003319908121168336e+00
1.228384559773173663e+02 1.230234267801483705e+00
1.322934688790367659e+02 1.515055587818979976e+00
1.424925430961702375e+02 1.872703096076154150e+00
1.534985249921766695e+02 2.321585214859902546e+00
1.653806091867897976e+02 2.884643365413924521e+00
1.782152037799028506e+02 3.590378186879366940e+00
1.920869501407022710e+02 4.474171135382034592e+00
2.070899312356302744e+02 5.579892435552364027e+00
2.233291078379275518e+02 6.961884589714829374e+00
2.409220313598873133e+02 8.687399342205827324e+00
2.600008926716179758e+02 1.083959349211674628e+01
2.807149796263602752e+02 1.352121157511719041e+01
3.032336320785818202e+02 1.685910514663577686e+01
3.277498030114714993e+02 2.100978516477670510e+01
3.544843588131801653e+02 2.616623704769610370e+01
3.836912810661884805e+02 3.256627579108275228e+01
4.156639679505805134e+02 4.050278142015854854e+01
4.507428768209327927e+02 5.033622376853126212e+01
4.893248019219249159e+02 6.250996554851768394e+01
5.318741441337662081e+02 7.756892488032440269e+01
5.789366047955122667e+02 9.618228223219962558e+01
6.311558245090242281e+02 1.191710222485109369e+02
6.892935922329850200e+02 1.475412274151758822e+02
7.542543702459275892e+02 1.825241180289722820e+02
8.271150149406464607e+02 2.256238834760879115e+02
9.091607173699817395e+02 2.786742727385448575e+02
1.001928322305723782e+03 3.439044332553689287e+02
1.107258427605650013e+03 4.240178128263300437e+02
1.227357904767103264e+03 5.222834527922352663e+02
1.364874168305561852e+03 6.426280516733996819e+02
1.522983136986025102e+03 7.897568108976935264e+02
1.705492534649566323e+03 9.692580823001284216e+02
1.916962887163553432e+03 1.187760414224796023e+03
2.162849036459147101e+03 1.453070624047944648e+03
2.449664973306064894e+03 1.774368925987321063e+03
2.785179084310701910e+03 2.162488540169055796e+03
3.178648377775553854e+03 2.630274311213267993e+03
3.641104540069909945e+03 3.193129536136807019e+03
4.185709188932331926e+03 3.869724616486042578e+03
4.828196338531840411e+03 4.682879027901057270e+03
5.587420909897234196e+03 5.660587659993532725e+03
6.486032074766567348e+03 6.837183188404135763e+03
7.551292022373561849e+03 8.254654639618318470e+03
8.816064504693933486e+03 9.964161017823113070e+03
1.032000418213476769e+04 1.202783116131838142e+04
1.211098710879390637e+04 1.452094108014243284e+04
1.424683279229347136e+04 1.753456189457475921e+04
1.679737975139829723e+04 2.117878698260633246e+04
1.984699017340945284e+04 2.558666624884006524e+04
2.349757505059073083e+04 3.091898298786086161e+04
2.787225004487336628e+04 3.737005358986063220e+04
3.311975534609359602e+04 4.517475515895660646e+04
3.941980006656375190e+04 5.461702838037430774e+04
4.698952513879151229e+04 6.604016919748541841e+04
