7.374381999509149762e-12 1.886478190982866776e-19
2.331984444936885702e-11 1.202875101238043112e-18
7.374382948381375495e-11 7.669892586590564606e-18
2.331985049966306765e-10 4.890553660084059852e-17
7.374386806230522920e-10 3.118363762222316193e-16
2.331987509846670287e-09 1.988362306073580339e-15
7.374402491165870354e-09 1.267839470208793777e-14
2.331997511032090129e-08 8.084124896701921029e-14
7.374466261725094224e-08 5.154680610685971867e-13
2.332038173054210485e-07 3.286779031459768946e-12
5.857729391679788666e-07 1.446781958777771762e-11
1.471477650786183202e-06 6.088592755770992334e-11
3.696415797145449859e-06 2.441054461078457070e-10
4.653211121338861226e-06 3.282409974638610925e-10
9.283591889732304082e-06 8.956566483374038340e-10
1.852812767805371664e-05 2.392370685071267537e-09
3.697936890326594623e-05 6.278958802978594283e-09
7.378236079255229372e-05 1.625289137470801158e-08
1.472342134539385999e-04 4.166831905435893370e-08
1.853646998015041620e-04 5.453831214754169976e-08
2.938761317281362011e-04 1.016741937380927309e-07
4.657502296858192104e-04 1.890553301612541095e-07
5.864753213530790599e-04 2.577119373508808919e-07
6.799424943363462743e-04 3.143224307336004111e-07
9.001874041117114257e-04 4.281675684734905912e-07
1.427140635430045523e-03 7.939200395018660556e-07
2.336222852188931179e-03 1.470499695806915559e-06
3.704069871764626137e-03 2.722546550555927062e-06
4.502983465614526434e-03 3.533942817342425721e-06
5.670157142131615827e-03 4.807210805222776044e-06
7.396854119405034053e-03 6.541102212248078075e-06
9.312630757538794407e-03 8.894151385928923722e-06
1.172710888773291146e-02 1.209604588486333653e-05
1.420732115920156184e-02 1.562249889051234728e-05
1.859231351403393268e-02 2.124609917031723154e-05
2.341085439360430023e-02 2.888570709759933687e-05
2.826485781034850445e-02 3.713074147009906301e-05
3.712970404965604265e-02 5.048757232335372068e-05
4.676587629103690774e-02 6.865660718962678555e-05
5.754435783420761008e-02 9.050189129541711655e-05
6.123840774748959964e-02 9.331057068044730138e-05
7.942154862055428310e-02 1.268898931059193088e-04
9.545332983221317680e-02 1.620920080649643246e-04
1.034866301274252470e-01 1.805044618112733095e-04
1.176215735172653765e-01 2.053456705944291683e-04
1.531801949572526023e-01 2.791827308720005053e-04
1.865784451700094049e-01 3.630062067407902591e-04
2.350029179144477176e-01 4.704850045412787359e-04
2.412300035828220113e-01 4.871498355591245290e-04
2.432012590943281594e-01 4.924551188419593181e-04
2.538253877747403964e-01 5.212908938616025653e-04
2.706787475948418953e-01 5.678525565556585310e-04
2.794185191304635607e-01 5.923816898515888362e-04
2.869074372242176318e-01 6.136028229829281009e-04
3.207202070638911495e-01 6.759555053305981148e-04
1.186175812384803407e+00 1.344858104649898330e-03
1.782320866812568960e+00 2.139090219638989897e-03
2.515144179705765204e+00 3.287964918311226531e-03
3.395137718352323919e+00 4.866879638380307120e-03
4.435767270496805637e+00 6.957410912206997249e-03
7.065645828244824678e+00 1.304101046018238050e-02
1.056171170700113038e+01 2.237019507530375526e-02
1.510417985628887472e+01 3.595796178910534713e-02
2.085520058027280044e+01 5.499831141571220883e-02
2.787256229962823539e+01 8.080882666219071919e-02
4.040695809936265448e+01 1.349414406763391749e-01
5.896333473520475366e+01 2.401420874200809186e-01
6.941611515573282531e+01 3.149590647275405941e-01
7.206998709288859573e+01 3.352377298874585909e-01
7.581738038347531017e+01 5.103900000000000103e-01
8.125910607568395960e+01 5.998299999999999743e-01
8.670782755849782575e+01 7.005700000000000260e-01
9.216354483191688018e+01 8.134200000000000319e-01
9.762525849728331195e+01 9.391899999999999693e-01
1.030979655478865311e+02 1.078699999999999992e+00
1.085746701931212641e+02 1.232699999999999907e+00
1.140613688249349309e+02 1.401899999999999924e+00
1.195480674567485977e+02 1.584400000000000031e+00
1.250547540617200468e+02 1.780499999999999972e+00
1.305614406666914817e+02 1.992199999999999971e+00
1.360881152448207274e+02 2.220299999999999940e+00
1.416147898229499731e+02 2.465799999999999770e+00
1.471514583876581241e+02 2.729299999999999837e+00
1.527081149255240575e+02 3.011600000000000055e+00
1.596361724582819761e+02 3.384093627454390241e+00
1.656584025684994117e+02 3.771482691889262995e+00
1.711166334567149079e+02 4.172234909844801720e+00
1.761206529208643587e+02 4.585136728402788187e+00
1.807499308261156443e+02 5.009199520602384936e+00
1.850640115447520770e+02 5.443599937390660060e+00
1.891087673015054520e+02 5.887640010201027785e+00
1.929203551933226493e+02 6.340719377155039638e+00
1.965278261703505507e+02 6.802315288286589379e+00
1.999549050511713517e+02 7.271967842183387987e+00
2.032212404740139107e+02 7.749268985667697507e+00
2.063433058446165091e+02 8.233852984362346916e+00
2.093350602940980423e+02 8.725390794088172086e+00
2.122084434263412049e+02 9.223586252340366443e+00
2.149737595250626043e+02 9.728165835088512736e+00
2.176399635791259755e+02 1.023888174598967993e+01
2.202148942070842565e+02 1.075550549657747368e+01
2.227054548370619500e+02 1.127782631593293949e+01
2.251177605226524463e+02 1.180564827818944273e+01
2.274572533156353416e+02 1.233879144598381750e+01
2.297288037895712876e+02 1.287708551598808704e+01
2.319367862674965295e+02 1.342037297005072816e+01
2.340851485854717282e+02 1.396850435609956520e+01
2.361774620308835040e+02 1.452134270975814268e+01
2.382169751452180435e+02 1.507875547939886118e+01
2.402066487712243656e+02 1.564061817937843557e+01
2.421491848078560452e+02 1.620681857360279210e+01
2.440470694188761627e+02 1.677724164972575238e+01
2.459025828542241356e+02 1.735178403095120103e+01
2.477178286398091700e+02 1.793034572007456973e+01
2.494947470839991297e+02 1.851283475568624937e+01
2.512351416289619692e+02 1.909915668399411004e+01
2.529406803526366900e+02 1.968922689532414694e+01
2.546129125848259491e+02 2.028296615510011236e+01
2.562532871018826768e+02 2.088029310855335297e+01
2.578631520138316091e+02 2.148113384883709998e+01
2.594437702719560548e+02 2.208541479126602169e+01
2.609963235199585370e+02 2.269306627447214098e+01
2.625219145212106469e+02 2.330402677773684061e+01
2.640215899521821257e+02 2.391822606789609296e+01
2.654963215729753756e+02 2.453560935315067582e+01
2.669470354886469181e+02 2.515611280566754715e+01
2.683745994563088857e+02 2.577968056289737575e+01
2.697798325104030255e+02 2.640625899116961861e+01
2.711635115164646663e+02 2.703579364964081577e+01
2.725263687398195884e+02 2.766823491011477998e+01
2.738690999499253849e+02 2.830353274853999679e+01
2.751923645936368530e+02 2.894163920675414303e+01
2.764967896405398164e+02 2.958250694918957890e+01
2.777829663407384260e+02 3.022609469859191478e+01
2.790514678300268656e+02 3.087235163730075271e+01
2.803028197891360378e+02 3.152124858633521853e+01
2.815375442768369112e+02 3.217273585922665546e+01
2.827561297952525479e+02 3.282677474705199216e+01
2.839590771468880348e+02 3.348329308829710271e+01
2.851467289009729029e+02 3.414235711762842840e+01
2.863196158287524327e+02 3.480382624435950589e+01
2.874781083162095001e+02 3.546770276138030908e+01
2.886225958788223807e+02 3.613395336829469073e+01
2.897534658481068846e+02 3.680253144642525598e+01
2.908710553421731220e+02 3.747342598014569148e+01
2.919757221596153727e+02 3.814659149122075377e+01
2.930677974447587530e+02 3.882199614353817907e+01
2.941475850121408939e+02 3.949962313522761548e+01
2.952154042435491874e+02 4.017942846924988487e+01
2.962715408037053635e+02 4.086139086034745560e+01
2.973162798389708428e+02 4.154547911759537726e+01
2.983498830050601782e+02 4.223167565983361982e+01
2.993726225207009293e+02 4.291994297002310077e+01
3.003847486731613685e+02 4.361025656530749472e+01
3.013865005469765492e+02 4.430259471391440229e+01
3.023781091070977709e+02 4.499693576992141431e+01
3.033598180594036080e+02 4.569323770500135140e+01
3.043318102554312077e+02 4.639151207216222872e+01
3.052943268842723228e+02 4.709170516026208020e+01
3.062475670119133042e+02 4.779379878058553288e+01
3.071917077221140744e+02 4.849779043283937341e+01
3.081269652470786014e+02 4.920363246363355358e+01
3.090535098784362731e+02 4.991131742815723271e+01
3.099715207258742566e+02 5.062082358882215516e+01
3.108811664522664273e+02 5.133213442306737306e+01
3.117826215737830466e+02 5.204522255279512422e+01
3.126760461905054171e+02 5.276007023079014857e+01
3.135615923377199579e+02 5.347666319476222441e+01
3.144394131937266366e+02 5.419498165393265765e+01
3.153096607544567291e+02 5.491500279855813460e+01
3.161724808657106109e+02 5.563670594223255250e+01
3.170280036371797792e+02 5.636008227339549848e+01
3.178763674002080961e+02 5.708511105465206725e+01
3.187177203124898597e+02 5.781175816721339800e+01
3.195521360157650861e+02 5.854006059488545333e+01
3.203797944428326900e+02 5.926994575172198410e+01
3.212007958444430642e+02 6.000141758320098262e+01
3.220152541940047968e+02 6.073446328337165312e+01
3.228232883645030142e+02 6.146906223393588675e+01
3.236250054045848970e+02 6.220520283864492939e+01
3.244205207636747446e+02 6.294286240345962113e+01
3.252099396489902574e+02 6.368202587989817687e+01
3.259933264602797749e+02 6.442271652602352106e+01
3.301246084554528579e+02 6.834742280134312864e+01
3.353602010954306252e+02 7.332122482436642485e+01
3.406637248289074478e+02 7.835958974133562549e+01
3.460352398212605181e+02 8.346254321938720011e+01
3.514747864748941311e+02 8.863012759234823079e+01
3.569824187250948171e+02 9.386237269972816932e+01
3.625581531988540291e+02 9.915934358109385016e+01
3.682020405222796740e+02 1.045210726884196930e+02
3.739141667016425572e+02 1.099475495918835293e+02
3.796945051268392035e+02 1.154388849319846884e+02
3.855431243152995648e+02 1.209950871879518530e+02
3.914600718763676923e+02 1.266161869575771419e+02
3.974453934934560948e+02 1.323022146019972922e+02
4.034990785740929482e+02 1.380532577619023300e+02
4.096212107544791365e+02 1.438693076957990229e+02
4.158118460747436416e+02 1.497503873132943113e+02
4.220709730301993545e+02 1.556965695766680824e+02
4.283986482773132138e+02 1.617078837442716406e+02
4.347949403909823900e+02 1.677843294612796967e+02
4.412598323451192073e+02 1.739259930593215415e+02
4.477933817857984877e+02 1.801328933469678759e+02
4.543956400316965301e+02 1.864050456690112867e+02
4.610666332464074912e+02 1.927424924878067429e+02
4.678063986435037123e+02 1.991452681917825203e+02
4.746150458765266080e+02 2.056133306889747132e+02
4.814923707690695664e+02 2.121469520223376719e+02
4.884386513025568775e+02 2.187459215485955326e+02
4.954538368595568159e+02 2.254103563916128792e+02
5.025379702029161422e+02 2.321402796709678000e+02
5.096910689814024522e+02 2.389357394259821490e+02
5.169131669124428754e+02 2.457967669457464694e+02
5.242044923996942316e+02 2.527231973717882454e+02
5.315645663559631657e+02 2.597155743981322757e+02
5.389939154023787751e+02 2.667734344679003016e+02
5.464923787282459671e+02 2.738970007293566482e+02
5.540600172655849747e+02 2.810862748744768282e+02
5.616968728303777425e+02 2.883412765463954202e+02
5.694029409721244974e+02 2.956620713954312691e+02
5.771782915216758738e+02 3.030486462284221147e+02
5.850229342856787298e+02 3.105010635812183750e+02
5.929369079049927223e+02 3.180193322666661402e+02
6.009203187495454586e+02 3.256034094277366080e+02
6.089729361467093440e+02 3.332535842870313445e+02
6.170950775597798383e+02 3.409695977979977783e+02
6.252866515442883610e+02 3.487516069126129423e+02
6.335477024638169041e+02 3.565996019227684997e+02
6.418782617173783365e+02 3.645136311857762053e+02
6.502783412047245974e+02 3.724937297745352680e+02
6.587479835282158547e+02 3.805399165832392896e+02
6.672872248938883786e+02 3.886522061438856213e+02
6.758961157374849336e+02 3.968306049930267250e+02
6.845746213779801792e+02 4.050752027096281154e+02
6.933228161390543391e+02 4.133859807834766684e+02
7.021406910426735521e+02 4.217629962597750364e+02
7.110282272311148972e+02 4.302063348643568474e+02
7.199856047834191486e+02 4.387158526352544072e+02
7.290128643155151167e+02 4.472915754064654266e+02
7.381098500357056764e+02 4.559337058112974432e+02
7.472766717418535336e+02 4.646421880630177270e+02
7.565133546414097054e+02 4.734170493446341084e+02
7.658199292296822023e+02 4.822583080912527294e+02
7.751964247279453275e+02 4.911659867673184863e+02
7.846428678530774050e+02 5.001401123488196276e+02
7.941592861032157771e+02 5.091807053469116227e+02
8.037456843660283994e+02 5.182878118777903182e+02
8.134021404932790347e+02 5.274614044141873137e+02
8.231286170989311586e+02 5.367015688854952487e+02
8.329251614098523078e+02 5.460083093495354660e+02
8.427918287106789421e+02 5.553816178037235431e+02
8.527285965399896668e+02 5.648215601188690016e+02
8.627355475595071539e+02 5.743281107154365372e+02
8.728126221699433245e+02 5.839013727600936363e+02
8.829599060001210091e+02 5.935413094860834917e+02
8.931774219409891202e+02 6.032479445824370714e+02
9.034651762755507889e+02 6.130213187551186138e+02
9.138231994629423980e+02 6.228614492329210179e+02
9.242514650028120968e+02 6.327684088363888577e+02
9.347501497301833524e+02 6.427420677118237791e+02
9.453191191491144991e+02 6.527826008360005972e+02
9.559584583225941969e+02 6.628899757966719335e+02
9.666683124285310669e+02 6.730640898703301218e+02
9.774483342068936054e+02 6.833053364708450772e+02
9.882989030334090330e+02 6.936133788377048859e+02
9.992199220428045692e+02 7.039883602687144730e+02
1.010211422151141392e+03 7.144302942750113061e+02
1.021273444021139198e+03 7.249391879829837535e+02
1.032405947113861657e+03 7.355151127800839959e+02
1.043609032957949694e+03 7.461580340101605771e+02
1.054882654785615614e+03 7.568680069990610946e+02
1.066226879986479162e+03 7.676450354629332651e+02
1.077641719524924383e+03 7.784891483760850406e+02
1.089127222177415661e+03 7.894003339342522167e+02
1.100683350096981485e+03 8.003786671258420711e+02
1.112310157151061048e+03 8.114241473439152514e+02
1.124007666659875667e+03 8.225367870085356117e+02
1.135775912666773820e+03 8.337165959807999798e+02
1.147614916280277157e+03 8.449635903681850095e+02
1.159524664834571468e+03 8.562778286411842146e+02
1.171505151615323030e+03 8.676593569500993226e+02
1.183556465805002063e+03 8.791081277286102704e+02
