9.423525362907180306e-03 2.903994689838281656e-02
8.740370003731061377e-03 3.151260504201680579e-02
8.122472416564186296e-03 3.622930677703051910e-02
8.122472416564186296e-03 3.453568687643898683e-02
7.959985702659761256e-03 3.486059479553903218e-02
7.565038749192269478e-03 3.914988814317673510e-02
7.565038749192269478e-03 3.919510061242344884e-02
6.544785614406671385e-03 1.361470388019060500e-02
5.583704240400600566e-03 1.510248112189859979e-02
8.122472416564186296e-03 3.527874564459930473e-02
