2.031777992738430976e-04 2.903994689838281656e-02 1.250000000000000000e+00 1.250000000000000000e+00
2.110939336478642953e-04 3.151260504201680579e-02 1.300000000000000044e+00 1.300000000000000044e+00
2.190303203607353848e-04 3.622930677703051910e-02 1.350000000000000089e+00 1.350000000000000089e+00
2.190303203607353848e-04 3.453568687643898683e-02 1.350000000000000089e+00 1.350000000000000089e+00
2.211998565965289459e-04 3.486059479553903218e-02 1.364000000000000101e+00 1.364000000000000101e+00
2.268232027908406723e-04 3.914988814317673510e-02 1.399999999999999911e+00 1.399999999999999911e+00
2.268232027908406723e-04 3.919510061242344884e-02 1.399999999999999911e+00 1.399999999999999911e+00
2.407658480681172945e-04 1.361470388019060500e-02 1.500000000000000000e+00 1.500000000000000000e+00
2.505591718670109906e-04 1.510248112189859979e-02 1.600000000000000089e+00 1.600000000000000089e+00
2.190303203607353848e-04 3.527874564459930473e-02 1.350000000000000089e+00 1.350000000000000089e+00
