1.216479622379839226e-01 2.903994689838281656e-02
1.046082317996373384e-01 3.151260504201680579e-02
9.032561274445408128e-02 3.622930677703051910e-02
9.032561274445408128e-02 3.453568687643898683e-02
8.676220592764745387e-02 3.486059479553903218e-02
7.838391343421660662e-02 3.914988814317673510e-02
7.838391343421660662e-02 3.919510061242344884e-02
5.916921207870964872e-02 1.361470388019060500e-02
4.421780097793288206e-02 1.510248112189859979e-02
9.032561274445408128e-02 3.527874564459930473e-02
