6.907074052221879841e-04
6.907074052221879841e-04
6.601230693715116633e-04
6.601230693715116633e-04
6.622988131146865512e-04
6.622988131146865512e-04
6.643526222180630957e-04
6.643526222180630957e-04
6.643526222180630957e-04
6.643526222180630957e-04
6.643526222180630957e-04
6.643526222180630957e-04
6.670688562048825371e-04
6.670688562048825371e-04
6.713174278412526027e-04
6.713174278412526027e-04
6.734675258024433279e-04
6.734675258024433279e-04
6.756811849245589804e-04
6.756811849245589804e-04
6.850920559885015880e-04
6.850920559885015880e-04
