2.736993008114717990e-02 1.275762063433296192e-02
2.736993008114717990e-02 1.270260386190754688e-02
7.518558841826167294e-02 3.584558823529412214e-02
7.518558841826167294e-02 3.617924528301886405e-02
6.782068323311379876e-02 3.827504928430616044e-02
6.782068323311379876e-02 3.776931117957745693e-02
6.168095268430750372e-02 4.105935295548528846e-02
6.168095268430750372e-02 4.023159274634038884e-02
6.168095268430750372e-02 4.108994708994708617e-02
6.168095268430750372e-02 8.743589743589744862e-03
6.168095268430750372e-02 4.066831683168316974e-02
6.168095268430750372e-02 3.991884515943694423e-02
5.540861718642057371e-02 4.410179888916521129e-02
5.540861718642057371e-02 4.343065693430656765e-02
4.796947126510092002e-02 1.273758185593355623e-02
4.796947126510092002e-02 1.255010932944606097e-02
4.464472886095756377e-02 1.306080283353010935e-02
4.464472886095756377e-02 1.329627403846153806e-02
4.160094421348088656e-02 1.387604070305272809e-02
4.160094421348088656e-02 1.370276065398016475e-02
3.163055287465518089e-02 1.450852375770765416e-02
3.163055287465518089e-02 1.554404145077720178e-02
