4.347943581448807451e-03 1.275762063433296192e-02
4.347943581448807451e-03 1.270260386190754688e-02
7.044979872161884205e-03 3.584558823529412214e-02
7.044979872161884205e-03 3.617924528301886405e-02
6.702056252368998601e-03 3.827504928430616044e-02
6.702056252368998601e-03 3.776931117957745693e-02
6.401398492261512786e-03 4.105935295548528846e-02
6.401398492261512786e-03 4.023159274634038884e-02
6.401398492261512786e-03 4.108994708994708617e-02
6.401398492261512786e-03 8.743589743589744862e-03
6.401398492261512786e-03 4.066831683168316974e-02
6.401398492261512786e-03 3.991884515943694423e-02
6.079585749904328068e-03 4.410179888916521129e-02
6.079585749904328068e-03 4.343065693430656765e-02
5.674745991195766226e-03 1.273758185593355623e-02
5.674745991195766226e-03 1.255010932944606097e-02
5.483317890302368859e-03 1.306080283353010935e-02
5.483317890302368859e-03 1.329627403846153806e-02
5.301789818556110374e-03 1.387604070305272809e-02
5.301789818556110374e-03 1.370276065398016475e-02
4.655087593262937501e-03 1.450852375770765416e-02
4.655087593262937501e-03 1.554404145077720178e-02
