2.752955670716943429e-04 1.275762063433296192e-02 1.653999999999999915e+00 1.653999999999999915e+00
2.752955670716943429e-04 1.270260386190754688e-02 1.653999999999999915e+00 1.653999999999999915e+00
2.020679740366758349e-04 3.584558823529412214e-02 1.300000000000000044e+00 1.300000000000000044e+00
2.020679740366758349e-04 3.617924528301886405e-02 1.300000000000000044e+00 1.300000000000000044e+00
2.081981809932488591e-04 3.827504928430616044e-02 1.332999999999999963e+00 1.332999999999999963e+00
2.081981809932488591e-04 3.776931117957745693e-02 1.332999999999999963e+00 1.332999999999999963e+00
2.140230499273588583e-04 4.105935295548528846e-02 1.364000000000000101e+00 1.364000000000000101e+00
2.140230499273588583e-04 4.023159274634038884e-02 1.364000000000000101e+00 1.364000000000000101e+00
2.140230499273588583e-04 4.108994708994708617e-02 1.364000000000000101e+00 1.364000000000000101e+00
2.140230499273588583e-04 8.743589743589744862e-03 1.364000000000000101e+00 1.364000000000000101e+00
2.140230499273588583e-04 4.066831683168316974e-02 1.364000000000000101e+00 1.364000000000000101e+00
2.140230499273588583e-04 3.991884515943694423e-02 1.364000000000000101e+00 1.364000000000000101e+00
2.209627179477732838e-04 4.410179888916521129e-02 1.399999999999999911e+00 1.399999999999999911e+00
2.209627179477732838e-04 4.343065693430656765e-02 1.399999999999999911e+00 1.399999999999999911e+00
2.308972016252066922e-04 1.273758185593355623e-02 1.449999999999999956e+00 1.449999999999999956e+00
2.308972016252066922e-04 1.255010932944606097e-02 1.449999999999999956e+00 1.449999999999999956e+00
2.360224295187549656e-04 1.306080283353010935e-02 1.475000000000000089e+00 1.475000000000000089e+00
2.360224295187549656e-04 1.329627403846153806e-02 1.475000000000000089e+00 1.475000000000000089e+00
2.412134304781079358e-04 1.387604070305272809e-02 1.500000000000000000e+00 1.500000000000000000e+00
2.412134304781079358e-04 1.370276065398016475e-02 1.500000000000000000e+00 1.500000000000000000e+00
2.628206401802753622e-04 1.450852375770765416e-02 1.600000000000000089e+00 1.600000000000000089e+00
2.628206401802753622e-04 1.554404145077720178e-02 1.600000000000000089e+00 1.600000000000000089e+00
