7.001489524564639619e-03 3.738630283574103513e-02
7.001489524564639619e-03 3.769999999999999740e-02
6.658453060520030768e-03 4.094417735042735207e-02
6.658453060520030768e-03 4.020693041526374883e-02
6.360805551707389600e-03 9.671592775041051859e-03
6.360805551707389600e-03 9.680624556422995006e-03
6.042170023179326867e-03 1.207590569292697064e-02
6.042170023179326867e-03 1.150234741784037819e-02
5.641849856374009028e-03 1.222784421956455043e-02
5.641849856374009028e-03 1.286601597160603322e-02
5.450640314361259765e-03 1.253186066270178638e-02
5.450640314361259765e-03 1.269164580725907349e-02
5.273586257644756470e-03 1.395939086294416091e-02
5.273586257644756470e-03 1.297169811320754602e-02
4.617504256060013176e-03 1.455604075691411745e-02
4.617504256060013176e-03 1.489572989076464946e-02
