2.029049575508635051e-04 3.738630283574103513e-02 1.300000000000000044e+00 1.300000000000000044e+00
2.029049575508635051e-04 3.769999999999999740e-02 1.300000000000000044e+00 1.300000000000000044e+00
2.090667010716946419e-04 4.094417735042735207e-02 1.332999999999999963e+00 1.332999999999999963e+00
2.090667010716946419e-04 4.020693041526374883e-02 1.332999999999999963e+00 1.332999999999999963e+00
2.149764400543232451e-04 9.671592775041051859e-03 1.364000000000000101e+00 1.364000000000000101e+00
2.149764400543232451e-04 9.680624556422995006e-03 1.364000000000000101e+00 1.364000000000000101e+00
2.220250168871712568e-04 1.207590569292697064e-02 1.399999999999999911e+00 1.399999999999999911e+00
2.220250168871712568e-04 1.150234741784037819e-02 1.399999999999999911e+00 1.399999999999999911e+00
2.321709811242421743e-04 1.222784421956455043e-02 1.449999999999999956e+00 1.449999999999999956e+00
2.321709811242421743e-04 1.286601597160603322e-02 1.449999999999999956e+00 1.449999999999999956e+00
2.374079692758041221e-04 1.253186066270178638e-02 1.475000000000000089e+00 1.475000000000000089e+00
2.374079692758041221e-04 1.269164580725907349e-02 1.475000000000000089e+00 1.475000000000000089e+00
2.426653518955118973e-04 1.395939086294416091e-02 1.500000000000000000e+00 1.500000000000000000e+00
2.426653518955118973e-04 1.297169811320754602e-02 1.500000000000000000e+00 1.500000000000000000e+00
2.639359137631836351e-04 1.455604075691411745e-02 1.600000000000000089e+00 1.600000000000000089e+00
2.639359137631836351e-04 1.489572989076464946e-02 1.600000000000000089e+00 1.600000000000000089e+00
