7.420883838080671868e-02 3.738630283574103513e-02
7.420883838080671868e-02 3.769999999999999740e-02
6.690095642224634653e-02 4.094417735042735207e-02
6.690095642224634653e-02 4.020693041526374883e-02
6.084986531328430426e-02 9.671592775041051859e-03
6.084986531328430426e-02 9.680624556422995006e-03
5.466637740797362921e-02 1.207590569292697064e-02
5.466637740797362921e-02 1.150234741784037819e-02
4.733298745049756284e-02 1.222784421956455043e-02
4.733298745049756284e-02 1.286601597160603322e-02
4.403003303300492832e-02 1.253186066270178638e-02
4.403003303300492832e-02 1.269164580725907349e-02
4.106812818318817532e-02 1.395939086294416091e-02
4.106812818318817532e-02 1.297169811320754602e-02
3.111810784271202418e-02 1.455604075691411745e-02
3.111810784271202418e-02 1.489572989076464946e-02
