1.448786204123645449e-01 2.681231380337636971e-02
1.240237145461780405e-01 2.888751601684056911e-02
1.069328273531386930e-01 3.149224806201550431e-02
9.258249037092272649e-02 3.530152376033057759e-02
9.258249037092272649e-02 3.415479760119940339e-02
9.258249037092272649e-02 3.384185646755479698e-02
8.900849634037731606e-02 3.650312221231043902e-02
8.060790589458549649e-02 3.543054843669912746e-02
8.060790589458549649e-02 3.663985701519213711e-02
6.202750152856214422e-02 4.080578512396694502e-02
4.251266690996226977e-02 1.322142286171063170e-02
4.251266690996226977e-02 1.375511770726714142e-02
