1.034763659301720685e-02 2.681231380337636971e-02
9.588553613204077453e-03 2.888751601684056911e-02
8.918088119377911432e-03 3.149224806201550431e-02
8.310822695998119208e-03 3.530152376033057759e-02
8.310822695998119208e-03 3.415479760119940339e-02
8.310822695998119208e-03 3.384185646755479698e-02
8.152206770767195243e-03 3.650312221231043902e-02
7.767155718016983956e-03 3.543054843669912746e-02
7.767155718016983956e-03 3.663985701519213711e-02
6.837987624026757583e-03 4.080578512396694502e-02
5.690569793410916316e-03 1.322142286171063170e-02
5.690569793410916316e-03 1.375511770726714142e-02
