1.975133555202581348e-04 2.681231380337636971e-02 1.199999999999999956e+00 1.199999999999999956e+00
2.061226183257453849e-04 2.888751601684056911e-02 1.250000000000000000e+00 1.250000000000000000e+00
2.147893893666043676e-04 3.149224806201550431e-02 1.300000000000000044e+00 1.300000000000000044e+00
2.235201883910646040e-04 3.530152376033057759e-02 1.350000000000000089e+00 1.350000000000000089e+00
2.235201883910646040e-04 3.415479760119940339e-02 1.350000000000000089e+00 1.350000000000000089e+00
2.235201883910646040e-04 3.384185646755479698e-02 1.350000000000000089e+00 1.350000000000000089e+00
2.259647886097905815e-04 3.650312221231043902e-02 1.364000000000000101e+00 1.364000000000000101e+00
2.323210554378462222e-04 3.543054843669912746e-02 1.399999999999999911e+00 1.399999999999999911e+00
2.323210554378462222e-04 3.663985701519213711e-02 1.399999999999999911e+00 1.399999999999999911e+00
2.502904873471945187e-04 4.080578512396694502e-02 1.500000000000000000e+00 1.500000000000000000e+00
2.786838877620605344e-04 1.322142286171063170e-02 1.653999999999999915e+00 1.653999999999999915e+00
2.786838877620605344e-04 1.375511770726714142e-02 1.653999999999999915e+00 1.653999999999999915e+00
