6.294156757272545422e-03 3.914494152987877534e-02
8.107273780128291737e-03 2.977232924693520508e-02
6.425598915268245989e-03 3.992342174075456940e-02
6.425598915268245989e-03 3.992342174075456940e-02
6.425598915268245989e-03 4.012857735379510987e-02
6.425598915268245989e-03 3.926701570680628250e-02
6.425598915268245989e-03 3.829939548202354604e-02
6.425598915268245989e-03 3.898948598130841381e-02
6.425598915268245989e-03 3.804519595448798558e-02
6.294156757272545422e-03 4.028054632705795057e-02
6.294156757272545422e-03 3.964471544715447021e-02
6.294156757272545422e-03 3.907563025210084029e-02
5.974571662471335302e-03 4.329689298043726958e-02
5.974571662471335302e-03 4.319492502883506141e-02
5.974571662471335302e-03 4.400887573964495925e-02
5.568402054243557636e-03 1.229073956346683413e-02
5.195274483832210133e-03 1.252684323550465328e-02
4.546064804349883408e-03 1.503759398496240865e-02
3.941474145304808482e-03 1.629901960784313833e-02
