1.949086214235869435e-04 3.914494152987877534e-02 1.364000000000000101e+00 1.364000000000000101e+00
1.677110159932532110e-04 2.977232924693520508e-02 1.199999999999999956e+00 1.199999999999999956e+00
1.925147825426630954e-04 3.992342174075456940e-02 1.350000000000000089e+00 1.350000000000000089e+00
1.925147825426630954e-04 3.992342174075456940e-02 1.350000000000000089e+00 1.350000000000000089e+00
1.925147825426630954e-04 4.012857735379510987e-02 1.350000000000000089e+00 1.350000000000000089e+00
1.925147825426630954e-04 3.926701570680628250e-02 1.350000000000000089e+00 1.350000000000000089e+00
1.925147825426630954e-04 3.829939548202354604e-02 1.350000000000000089e+00 1.350000000000000089e+00
1.925147825426630954e-04 3.898948598130841381e-02 1.350000000000000089e+00 1.350000000000000089e+00
1.925147825426630954e-04 3.804519595448798558e-02 1.350000000000000089e+00 1.350000000000000089e+00
1.949086214235869435e-04 4.028054632705795057e-02 1.364000000000000101e+00 1.364000000000000101e+00
1.949086214235869435e-04 3.964471544715447021e-02 1.364000000000000101e+00 1.364000000000000101e+00
1.949086214235869435e-04 3.907563025210084029e-02 1.364000000000000101e+00 1.364000000000000101e+00
2.012956360104578850e-04 4.329689298043726958e-02 1.399999999999999911e+00 1.399999999999999911e+00
2.012956360104578850e-04 4.319492502883506141e-02 1.399999999999999911e+00 1.399999999999999911e+00
2.012956360104578850e-04 4.400887573964495925e-02 1.399999999999999911e+00 1.399999999999999911e+00
2.104095413114309254e-04 1.229073956346683413e-02 1.449999999999999956e+00 1.449999999999999956e+00
2.198758453839593874e-04 1.252684323550465328e-02 1.500000000000000000e+00 1.500000000000000000e+00
2.399910959432536130e-04 1.503759398496240865e-02 1.600000000000000089e+00 1.600000000000000089e+00
2.645761034635557389e-04 1.629901960784313833e-02 1.709999999999999964e+00 1.709999999999999964e+00
