6.382760641257539946e-02 3.914494152987877534e-02
1.075846568100571471e-01 2.977232924693520508e-02
6.661110432250294533e-02 3.992342174075456940e-02
6.661110432250294533e-02 3.992342174075456940e-02
6.661110432250294533e-02 4.012857735379510987e-02
6.661110432250294533e-02 3.926701570680628250e-02
6.661110432250294533e-02 3.829939548202354604e-02
6.661110432250294533e-02 3.898948598130841381e-02
6.661110432250294533e-02 3.804519595448798558e-02
6.382760641257539946e-02 4.028054632705795057e-02
6.382760641257539946e-02 3.964471544715447021e-02
6.382760641257539946e-02 3.907563025210084029e-02
5.727367507245813283e-02 4.329689298043726958e-02
5.727367507245813283e-02 4.319492502883506141e-02
5.727367507245813283e-02 4.400887573964495925e-02
4.945087971386890463e-02 1.229073956346683413e-02
4.277885419271252460e-02 1.252684323550465328e-02
3.230446982518653254e-02 1.503759398496240865e-02
2.386331236414480569e-02 1.629901960784313833e-02
