1.995831968315252114e+00 2.903994689838281656e-02 1.250000000000000000e+00 1.250000000000000000e+00
1.872823140808155262e+00 3.151260504201680579e-02 1.300000000000000044e+00 1.300000000000000044e+00
1.732208601058279340e+00 3.622930677703051910e-02 1.350000000000000089e+00 1.350000000000000089e+00
1.732208601058279340e+00 3.453568687643898683e-02 1.350000000000000089e+00 1.350000000000000089e+00
1.690615866699856751e+00 3.486059479553903218e-02 1.364000000000000101e+00 1.364000000000000101e+00
1.575077173420862398e+00 3.914988814317673510e-02 1.399999999999999911e+00 1.399999999999999911e+00
1.575077173420862398e+00 3.919510061242344884e-02 1.399999999999999911e+00 1.399999999999999911e+00
1.205165954273125450e+00 1.361470388019060500e-02 1.500000000000000000e+00 1.500000000000000000e+00
7.945852129520314389e-01 1.510248112189859979e-02 1.600000000000000089e+00 1.600000000000000089e+00
1.732208601058279340e+00 3.527874564459930473e-02 1.350000000000000089e+00 1.350000000000000089e+00
