1.457328968820907678e+00 1.275762063433296192e-02 1.653999999999999915e+00 1.653999999999999915e+00
1.457328968820907678e+00 1.270260386190754688e-02 1.653999999999999915e+00 1.653999999999999915e+00
1.595664530866408359e+00 3.584558823529412214e-02 1.300000000000000044e+00 1.300000000000000044e+00
1.595664530866408359e+00 3.617924528301886405e-02 1.300000000000000044e+00 1.300000000000000044e+00
1.583777219919418222e+00 3.827504928430616044e-02 1.332999999999999963e+00 1.332999999999999963e+00
1.583777219919418222e+00 3.776931117957745693e-02 1.332999999999999963e+00 1.332999999999999963e+00
1.572610939590886492e+00 4.105935295548528846e-02 1.364000000000000101e+00 1.364000000000000101e+00
1.572610939590886492e+00 4.023159274634038884e-02 1.364000000000000101e+00 1.364000000000000101e+00
1.572610939590886492e+00 4.108994708994708617e-02 1.364000000000000101e+00 1.364000000000000101e+00
1.572610939590886492e+00 8.743589743589744862e-03 1.364000000000000101e+00 1.364000000000000101e+00
1.572610939590886492e+00 4.066831683168316974e-02 1.364000000000000101e+00 1.364000000000000101e+00
1.572610939590886492e+00 3.991884515943694423e-02 1.364000000000000101e+00 1.364000000000000101e+00
1.559320416122472075e+00 4.410179888916521129e-02 1.399999999999999911e+00 1.399999999999999911e+00
1.559320416122472075e+00 4.343065693430656765e-02 1.399999999999999911e+00 1.399999999999999911e+00
1.540259157322829919e+00 1.273758185593355623e-02 1.449999999999999956e+00 1.449999999999999956e+00
1.540259157322829919e+00 1.255010932944606097e-02 1.449999999999999956e+00 1.449999999999999956e+00
1.530455701397811952e+00 1.306080283353010935e-02 1.475000000000000089e+00 1.475000000000000089e+00
1.530455701397811952e+00 1.329627403846153806e-02 1.475000000000000089e+00 1.475000000000000089e+00
1.520592563592465751e+00 1.387604070305272809e-02 1.500000000000000000e+00 1.500000000000000000e+00
1.520592563592465751e+00 1.370276065398016475e-02 1.500000000000000000e+00 1.500000000000000000e+00
1.480479798536810998e+00 1.450852375770765416e-02 1.600000000000000089e+00 1.600000000000000089e+00
1.480479798536810998e+00 1.554404145077720178e-02 1.600000000000000089e+00 1.600000000000000089e+00
