2.245267609315226842e+00 2.681231380337636971e-02 1.199999999999999956e+00 1.199999999999999956e+00
2.204658783180617920e+00 2.888751601684056911e-02 1.250000000000000000e+00 1.250000000000000000e+00
2.162897676733140262e+00 3.149224806201550431e-02 1.300000000000000044e+00 1.300000000000000044e+00
2.120007646003429613e+00 3.530152376033057759e-02 1.350000000000000089e+00 1.350000000000000089e+00
2.120007646003429613e+00 3.415479760119940339e-02 1.350000000000000089e+00 1.350000000000000089e+00
2.120007646003429613e+00 3.384185646755479698e-02 1.350000000000000089e+00 1.350000000000000089e+00
2.107860124879236796e+00 3.650312221231043902e-02 1.364000000000000101e+00 1.364000000000000101e+00
2.076007522778292369e+00 3.543054843669912746e-02 1.399999999999999911e+00 1.399999999999999911e+00
2.076007522778292369e+00 3.663985701519213711e-02 1.399999999999999911e+00 1.399999999999999911e+00
1.984021248038485563e+00 4.080578512396694502e-02 1.500000000000000000e+00 1.500000000000000000e+00
1.832786396655901484e+00 1.322142286171063170e-02 1.653999999999999915e+00 1.653999999999999915e+00
1.832786396655901484e+00 1.375511770726714142e-02 1.653999999999999915e+00 1.653999999999999915e+00
