1.373550626996206558e+00 3.914494152987877534e-02 1.364000000000000101e+00 1.364000000000000101e+00
1.421271918507279297e+00 2.977232924693520508e-02 1.199999999999999956e+00 1.199999999999999956e+00
1.378011681569301761e+00 3.992342174075456940e-02 1.350000000000000089e+00 1.350000000000000089e+00
1.378011681569301761e+00 3.992342174075456940e-02 1.350000000000000089e+00 1.350000000000000089e+00
1.378011681569301761e+00 4.012857735379510987e-02 1.350000000000000089e+00 1.350000000000000089e+00
1.378011681569301761e+00 3.926701570680628250e-02 1.350000000000000089e+00 1.350000000000000089e+00
1.378011681569301761e+00 3.829939548202354604e-02 1.350000000000000089e+00 1.350000000000000089e+00
1.378011681569301761e+00 3.898948598130841381e-02 1.350000000000000089e+00 1.350000000000000089e+00
1.378011681569301761e+00 3.804519595448798558e-02 1.350000000000000089e+00 1.350000000000000089e+00
1.373550626996206558e+00 4.028054632705795057e-02 1.364000000000000101e+00 1.364000000000000101e+00
1.373550626996206558e+00 3.964471544715447021e-02 1.364000000000000101e+00 1.364000000000000101e+00
1.373550626996206558e+00 3.907563025210084029e-02 1.364000000000000101e+00 1.364000000000000101e+00
1.361783354845633065e+00 4.329689298043726958e-02 1.399999999999999911e+00 1.399999999999999911e+00
1.361783354845633065e+00 4.319492502883506141e-02 1.399999999999999911e+00 1.399999999999999911e+00
1.361783354845633065e+00 4.400887573964495925e-02 1.399999999999999911e+00 1.399999999999999911e+00
1.345369535631725455e+00 1.229073956346683413e-02 1.449999999999999956e+00 1.449999999999999956e+00
1.328755125080713917e+00 1.252684323550465328e-02 1.500000000000000000e+00 1.500000000000000000e+00
1.292750256066593773e+00 1.503759398496240865e-02 1.600000000000000089e+00 1.600000000000000089e+00
1.247005672759382566e+00 1.629901960784313833e-02 1.709999999999999964e+00 1.709999999999999964e+00
