1.117788362479275718e-13 5.423003984285772407e-09
1.507209818281691568e-13 8.188850864703981768e-09
2.032258639335154551e-13 1.257783848214258009e-08
2.740213811985111545e-13 1.897166788746117054e-08
3.694831264502339045e-13 2.769940266255200147e-08
4.982000130728954218e-13 3.985456265003555115e-08
6.717427890901801248e-13 5.696326177101058790e-08
9.058014380071044876e-13 8.078032444264910505e-08
1.221322579651878338e-12 1.121593953208665977e-07
1.646771975634310396e-12 1.520046205502487109e-07
2.220452367818135651e-12 2.015133653976132927e-07
2.994007902536480769e-12 2.607561096554700215e-07
4.037035215085897048e-12 3.260026987581762006e-07
5.443415985764812515e-12 3.999358464356866819e-07
7.339616891962815102e-12 4.965163702132490307e-07
9.896616946718496707e-12 6.244806478790172375e-07
1.334447852572063149e-11 7.922321283285150425e-07
1.799306650696797903e-11 1.009585365534242101e-06
2.426168217378426555e-11 1.286841892330487091e-06
3.271349264570693353e-11 1.630696681537986030e-06
4.410963426988373259e-11 2.048950810632055840e-06
5.947622704905264800e-11 2.567598179935243859e-06
8.019598152015660974e-11 3.203550609703878875e-06
1.081330054413151146e-10 3.960053545214636391e-06
1.458024917012047018e-10 4.887624679205888153e-06
1.965981984874308117e-10 6.031885719605388190e-06
2.650881735054118111e-10 7.392124459083406298e-06
3.574328256391708306e-10 9.042572999140083612e-06
4.819566994285951524e-10 1.105289432631814943e-05
6.498555080251877890e-10 1.338651191025369047e-05
8.762290161187301791e-10 1.617000034978864832e-05
1.181482809623465777e-09 1.955941468906216937e-05
1.593098952123810093e-09 2.346307999763067029e-05
2.148089081825169688e-09 2.800950709716840020e-05
2.896375873516235480e-09 3.334108209222911038e-05
3.905404123063007133e-09 3.907745037025495691e-05
5.265919973307983385e-09 4.558856559045778737e-05
7.100455309539162893e-09 5.394123623214725123e-05
9.573841032136449050e-09 6.443782946912811457e-05
1.290919214948426863e-08 7.607009142508094760e-05
1.740653655932745266e-08 8.596049116261636686e-05
2.347042007460884834e-08 8.751972948267954400e-05
3.164679509942148770e-08 9.434912248887719621e-05
4.267159071901246855e-08 1.192266463012956981e-04
5.753711231649689512e-08 1.390853524948164040e-04
7.758303364020668009e-08 1.532892466977876073e-04
1.046101368878767423e-07 1.699223176198054876e-04
1.410500006160251546e-07 1.912248581752307045e-04
1.901857169844008152e-07 2.148896641368232903e-04
2.564439271072716834e-07 2.380113970023473057e-04
3.457821521509236302e-07 2.642955541055399919e-04
4.662359753602849698e-07 3.021921963282020777e-04
6.286445193526535162e-07 3.457968459882283037e-04
8.476402922557489846e-07 3.491370893380130766e-04
1.142995624379968934e-06 3.501901038790887141e-04
1.541147400157746914e-06 4.294661587580678196e-04
2.078000597515925433e-06 4.777675712399844952e-04
2.801940863078516052e-06 5.467058766220165992e-04
3.778076709901212972e-06 5.121909315709056347e-04
5.094203186750331204e-06 5.064986695207354846e-04
6.868671462305962712e-06 7.089323253760363439e-04
9.261516909074203900e-06 7.080321558229223143e-04
1.248804643236293201e-05 8.133459049932750210e-04
1.683906576092892467e-05 8.493986913456396054e-04
2.270498004859999148e-05 9.231342741486791691e-04
3.061452698402482672e-05 1.078335842472402098e-03
4.128027282434738074e-05 1.128445526090210947e-03
5.566070833305990998e-05 1.147075863866531048e-03
7.505001122481996410e-05 1.202338277875527987e-03
1.011979343622951364e-04 1.387815152685549025e-03
1.364512123473133427e-04 1.523763646150193057e-03
1.839884194244255030e-04 1.483186016074221000e-03
2.480824938914319303e-04 1.831950006871399007e-03
3.345065135348573642e-04 1.865134158388348940e-03
4.510316927553056606e-04 1.838352503447687096e-03
6.081590079738460192e-04 2.088023489993364075e-03
8.200352664181602023e-04 2.318334243154056805e-03
1.105676580541625287e-03 2.245066204134135799e-03
1.490917319736121717e-03 1.558834809930242926e-03
2.010248396016988803e-03 4.593821343677086783e-04
2.710579908970150304e-03 9.730896935729088561e-04
3.654868532220752197e-03 1.425788747241366105e-03
4.928081182712106684e-03 9.094149632514730418e-04
6.644880161529074548e-03 8.493043636297010557e-04
8.959644577531752571e-03 9.022433777879991816e-04
1.208104137435661411e-02 9.658263294659751507e-04
1.629003930050650778e-02 1.086796894411222068e-03
2.196474728449183261e-02 1.294157234327978018e-03
2.961668829951688911e-02 1.601769590196581994e-03
3.993383615209084719e-02 1.956338716839518908e-03
5.384578547621003686e-02 2.272982270126124808e-03
7.260306238665512057e-02 2.602167066755263058e-03
9.789639786457016157e-02 3.215596163652681937e-03
1.319999787824104598e-01 4.272933208521662203e-03
1.779878614695287742e-01 5.316079929293264332e-03
2.399915776325753369e-01 4.964170846636570267e-03
3.235936135656548585e-01 2.490680227050694976e-03
4.363254072756819202e-01 1.135277331306536967e-03
5.883313446495203047e-01 6.937298945462015698e-03
6.064867213306781579e-01 8.333123835007562666e-03
6.252015762637783691e-01 9.822297223737877850e-03
6.445066500121139352e-01 1.140142217946148000e-02
6.643650538997333266e-01 1.329295381927523070e-02
6.848997501798099741e-01 1.542362125931382930e-02
7.060492577257577729e-01 1.789068888110936090e-02
7.278135765375759458e-01 2.052388758914688166e-02
7.503156688684384790e-01 2.348713669829640902e-02
7.734325724651719414e-01 2.667249600317847871e-02
7.973487307075366459e-01 3.013833035582466971e-02
8.219411813423594948e-01 3.393380796514824244e-02
8.473328866228135858e-01 3.796958762023888712e-02
8.734623654223125921e-01 4.242810403338596881e-02
9.003910988674432847e-01 4.709849683290488753e-02
9.281805680847931006e-01 5.210308788037199684e-02
9.568307730743612627e-01 5.743297361165265735e-02
9.864031949627356521e-01 6.321043817766512640e-02
1.016836352623328832e+00 6.955685029907927863e-02
1.048191727182727684e+00 7.602071870478703530e-02
1.080592280894105972e+00 8.315522354853661924e-02
1.113915051504290377e+00 9.096312068399631245e-02
1.148283001266455328e+00 9.901058222461227298e-02
1.183757611307187485e+00 1.079651593981107993e-01
1.220277400499899079e+00 1.175534274227527931e-01
1.257965331097764539e+00 1.280020602943078012e-01
1.296759921974196983e+00 1.393662507125859873e-01
1.336784135382371064e+00 1.515951928919163083e-01
1.378037971322285893e+00 1.649187969247294105e-01
1.420582910920528796e+00 1.795639443630613064e-01
1.464418954177100662e+00 1.954797479549295058e-01
1.509607582218587263e+00 2.124378904219225983e-01
1.556210276171576146e+00 2.311986589839291062e-01
1.604227036036067311e+00 2.510133123532342081e-01
1.653780824065234301e+00 2.725232532401192787e-01
1.704810159132491121e+00 2.952517155944954230e-01
1.757438003491011758e+00 3.189185867479690795e-01
1.811664357140796433e+00 3.441597835881313738e-01
1.867550701208430253e+00 3.691655746974197849e-01
1.925219997947089423e+00 3.949631456860558942e-01
1.984610766230185952e+00 4.207704725806487023e-01
2.045907449437481596e+00 4.460405754643347875e-01
2.109048566442389028e+00 4.709628297012055098e-01
2.174157079498081124e+00 4.948695195010489045e-01
2.241232988604560106e+00 5.177828163910254133e-01
2.310399256014998848e+00 5.390119405267976838e-01
2.381717362855984454e+00 5.586871129636921118e-01
2.455248790254104474e+00 5.776112916149265253e-01
2.530993538209358018e+00 5.946747007692756437e-01
2.609136050101506843e+00 6.097224105337777367e-01
2.689676325930550949e+00 6.248344151793810974e-01
2.772675846823077439e+00 6.376320057736082347e-01
2.858257575032259634e+00 6.487549521589576207e-01
2.946482991684686858e+00 6.596687963585291525e-01
3.037413577906943107e+00 6.689107984432394183e-01
3.131172295952203921e+00 6.776770998101125931e-01
3.227820626947056848e+00 6.854038757974629803e-01
3.327420052018088548e+00 6.919319611691907568e-01
3.430093533418474117e+00 6.982190566652046737e-01
3.535964033401384654e+00 7.031567780026272141e-01
3.645093033093409929e+00 7.078281030115939343e-01
3.757603494747725037e+00 7.120504899292021683e-01
3.873618380617499302e+00 7.154476018496365164e-01
3.993137690702735387e+00 7.185459378755679749e-01
4.116407349509784375e+00 7.212596889266630340e-01
4.243427357038645376e+00 7.230319483422875670e-01
4.374443637795661921e+00 7.245503713030708726e-01
4.509456191780840228e+00 7.264035155107890773e-01
4.648587981247347400e+00 7.269086815833983861e-01
4.792084930701538958e+00 7.271582531279999762e-01
4.940008521269994901e+00 7.275013703768099527e-01
5.092481715205894766e+00 7.277591357500163838e-01
5.249627474762412760e+00 7.270434765927299425e-01
5.411691724445892859e+00 7.261673059791067253e-01
5.578674464256336840e+00 7.253222474954458265e-01
5.750883099826683775e+00 7.238620385283077718e-01
5.928379112283517216e+00 7.224087614452957551e-01
6.111346945006599363e+00 7.202818311788891092e-01
6.299971041375687086e+00 7.188361435767339769e-01
6.494251401390788381e+00 7.164914602029187618e-01
6.694679874064592084e+00 7.137105813180872893e-01
6.901256459397100862e+00 7.108473022804014940e-01
7.114595968654185754e+00 7.075144610059033168e-01
7.334083590569980160e+00 7.053000799232264084e-01
7.560334136410346240e+00 7.006150690937631431e-01
7.793962417441160362e+00 6.977242130143805898e-01
8.034353622396553263e+00 6.964301197181901326e-01
8.282122562542392430e+00 6.909269217186788659e-01
8.537884049144546239e+00 6.855853429793340448e-01
8.801638082203018243e+00 6.822714261718473283e-01
9.073384661717810218e+00 6.789992162996980607e-01
9.353123787688915058e+00 6.741003980078684732e-01
9.642085082648083727e+00 6.694376978551380697e-01
9.939653735329438078e+00 6.655871836717972556e-01
1.024644455699884737e+01 6.609434239317334425e-01
1.056245754765631695e+01 6.567666961927555169e-01
1.088830751856771961e+01 6.515356270052140575e-01
1.122460928099891930e+01 6.464817732418521867e-01
1.157074802368404676e+01 6.420239314565553412e-01
1.192795336915484405e+01 6.367572425886883769e-01
1.229622531741131652e+01 6.320124750900698585e-01
