6.182502910141623079e-13 5.101118784037602879e-06
7.035607918546075500e-13 5.097160513011675818e-06
8.006430324894802084e-13 5.093152721413517798e-06
9.111213599384622019e-13 5.089142995268418296e-06
1.036844259988010898e-12 5.085148052231007965e-06
1.179915285426625135e-12 5.081204862676971395e-06
1.342728251974402245e-12 5.077341696912256310e-06
1.528007290793209500e-12 5.073605615809611610e-06
1.738852427722444856e-12 5.070043893173249190e-06
1.978791451856651638e-12 5.066718043472672798e-06
2.251838941312367621e-12 5.063684159493130865e-06
2.562563433783291214e-12 5.061030464361932823e-06
2.916163865758592573e-12 5.058846877327529284e-06
3.318556559359404415e-12 5.057216261078721608e-06
3.776474212227621269e-12 5.056279038664535214e-06
4.297578546732146574e-12 5.056187932351454964e-06
4.890588503300810120e-12 5.057054711999335374e-06
5.565426122765124623e-12 5.059078673386213579e-06
6.333382558571661599e-12 5.062511875834198075e-06
7.207306996519914442e-12 5.067540538430427905e-06
8.201821642967321364e-12 5.074433372092100010e-06
9.333566378611158453e-12 5.083514037752380936e-06
1.062147717131083756e-11 5.095156021894601011e-06
1.208710290625954885e-11 5.109762754096724355e-06
1.375496593459962243e-11 5.127767188270806850e-06
1.565297237305848417e-11 5.149704159313924341e-06
1.781287901959930685e-11 5.176175271160437639e-06
2.027082469735954835e-11 5.207851796646431604e-06
2.306793491714430152e-11 5.245497391257703387e-06
2.625100997548069415e-11 5.289965254349039960e-06
2.987330800125624756e-11 5.342251141447792629e-06
3.399543605261157654e-11 5.403420795728112863e-06
3.868636417361622695e-11 5.474719674676711853e-06
4.402457937758035584e-11 5.557554335405300184e-06
5.009939886505763449e-11 5.653442408575467030e-06
5.701246444885592332e-11 5.764116579098343602e-06
6.487944319026762706e-11 5.891514859536040621e-06
7.383196270098500804e-11 6.037764755421260162e-06
8.401981349151502364e-11 6.205186500708722686e-06
9.561345521503780513e-11 6.396410656173252097e-06
1.088068687403273705e-10 6.614287118108961046e-06
1.238208017736485422e-10 6.861848784476788951e-06
1.409064623342734511e-10 7.142468126972302778e-06
1.603497218815896141e-10 7.459809729101180795e-06
1.824758984190965859e-10 7.817651210279214633e-06
2.076551996045558957e-10 8.220113816354723433e-06
2.363089169385630190e-10 8.671519495305999119e-06
2.689164746705987418e-10 9.176397758687128851e-06
3.060234513624544681e-10 9.739435053562375111e-06
3.482507083231055694e-10 1.036552769073185973e-05
3.963047776488950945e-10 1.105896719276142069e-05
4.509896836781821871e-10 1.182515133225093938e-05
5.132203956530170250e-10 1.266960508475134027e-05
5.840381366731941078e-10 1.359658913947262074e-05
6.646278050869026155e-10 1.461122661951228052e-05
7.563377998067452949e-10 1.571875926339801093e-05
8.607025812615694974e-10 1.692352010509848900e-05
9.794683454662919472e-10 1.823028905269474009e-05
1.114622240779504067e-09 1.964471871743504053e-05
1.268425616193717929e-09 2.117096238005403112e-05
1.443451857457320445e-09 2.281430778154578949e-05
1.642629444089358365e-09 2.457953367879237082e-05
1.869290947702490708e-09 2.647229666907964936e-05
2.127228791457352127e-09 2.849787144593350993e-05
2.420758703596582361e-09 3.066088835259154230e-05
2.754791926741417797e-09 3.296723668907414044e-05
3.134917391132253013e-09 3.542178514260866848e-05
3.567495226707893938e-09 3.803016731497909844e-05
4.059763178635754745e-09 4.079804691628593805e-05
4.619957706801496650e-09 4.373012719400915318e-05
5.257451795453510570e-09 4.683188172866956203e-05
5.982911778786320942e-09 5.010835304892623677e-05
6.808475806415341464e-09 5.356454280977847321e-05
7.747956934766361892e-09 5.720615177437604723e-05
8.817074242436151440e-09 6.103759269276172320e-05
1.003371583646718816e-08 6.506364398549409182e-05
1.141823815006869144e-08 6.929139644243229252e-05
1.299380653953109873e-08 7.372355692433950271e-05
1.478678287908583235e-08 7.836565301676177129e-05
1.682716663881599873e-08 8.322347586615362364e-05
1.914909682558263107e-08 8.830250535555054722e-05
2.179142318527249483e-08 9.361246734336574555e-05
2.479835622352821532e-08 9.915077716114057435e-05
2.822020692088672275e-08 1.049466218482951956e-04
3.211422851898852053e-08 1.109216970697709956e-04
3.654557446233671326e-08 1.174309164547037977e-04
4.158838852356345868e-08 1.230903349380190132e-04
4.732704535180746038e-08 1.317165043514872068e-04
5.385756220063588450e-08 1.297017210601127113e-04
6.128920545606374400e-08 1.750703797448365038e-04
6.974631884454744498e-08 1.940794012426002039e-04
7.937040390991050060e-08 1.610035052851805889e-04
9.032248756903141301e-08 1.817479093487671914e-04
1.027858163594294436e-07 1.871634228412648879e-04
1.169689224579855546e-07 1.990040308458400906e-04
1.331091127703738321e-07 2.033891880209070038e-04
1.514764394694693645e-07 2.345560241088366128e-04
1.723782184164232147e-07 1.620549814255604936e-04
1.961641710650917229e-07 1.482009521493053879e-04
2.232322758824181341e-07 2.509780435313930169e-04
2.540354271887318034e-07 2.357572292286303937e-04
2.890890128314288725e-07 2.545730917929190946e-04
3.289795374790822979e-07 2.651115899388020768e-04
3.743744358180058470e-07 2.755534676414969739e-04
4.260332398423487036e-07 2.985394749792599800e-04
4.848202870849937262e-07 2.709743385821192078e-04
5.517191824190876200e-07 2.747365346688357152e-04
6.278492554001218451e-07 3.386759604694491240e-04
7.144842885072178009e-07 3.232525678002490938e-04
8.130738296381969017e-07 3.342953989384978204e-04
9.252674454518045376e-07 3.707087297326919998e-04
1.052942321355817795e-06 3.565212847293855198e-04
1.198234669934601013e-06 4.884416451936927916e-04
1.363575473331272284e-06 5.971460050347677465e-04
1.551731157613796020e-06 2.973548463455159135e-04
1.765849879674737431e-06 5.997706510370578266e-04
2.009514201121280869e-06 6.909930918115342758e-04
2.286801030477115865e-06 2.633470555602484978e-04
2.602349836628800831e-06 3.945957095345314154e-04
2.961440274840611923e-06 4.483968970668534117e-04
3.370080524150148667e-06 5.637694381880406372e-04
3.835107814175792053e-06 5.570267397639829974e-04
4.364302823316417258e-06 5.890096280053610774e-04
4.966519862415179190e-06 6.085228983029113440e-04
5.651835022075906036e-06 6.322011469558748648e-04
6.431714762382931474e-06 6.588024946084367799e-04
7.319207765809937408e-06 6.928449851629483666e-04
8.329163263335460679e-06 7.355663357522185600e-04
9.478479486723561257e-06 7.836868412171045647e-04
1.078638640398816864e-05 8.000940112024473904e-04
1.227476746867533167e-05 8.974315331806541080e-04
1.396852576636243930e-05 6.616937010865116351e-04
1.589600068461317168e-05 6.145478748511230870e-04
1.808944207796846955e-05 9.450320032805938422e-04
2.058554986153985901e-05 8.977713126482287113e-04
2.342608806150281130e-05 9.600271744814798443e-04
2.665858359657311374e-05 9.929272785004922015e-04
3.033712148224049408e-05 1.036076742599014106e-03
3.452324976284668393e-05 1.078560724806781976e-03
3.928700931252199761e-05 1.121725747185450947e-03
4.470810573526146119e-05 1.170211716075994068e-03
5.087724297197230894e-05 1.200445564433961013e-03
5.789764092795230408e-05 1.296810943774413024e-03
6.588676251322748490e-05 1.081613415854670076e-03
7.497827899199645610e-05 1.211486029396324033e-03
8.532430652474433288e-05 1.116660533788169920e-03
9.709795132408447231e-05 9.584676676023530214e-04
1.104962060090129564e-04 1.559197819424971033e-03
1.257432456183838322e-04 1.308573608441541015e-03
1.430941784313888819e-04 2.099744968260132839e-03
1.628393143524882848e-04 1.751115237014238017e-03
1.853090222779584331e-04 1.075738737495556072e-03
2.108792577158643535e-04 1.905236812947046091e-03
2.399778531457043339e-04 1.934881768429988101e-03
2.730916763658960077e-04 1.393684711909133058e-03
3.107747766001308178e-04 1.260677396620557989e-03
3.536576546604772555e-04 2.110526855334405021e-03
4.024578122724560016e-04 1.977314231632317041e-03
4.579917570697855916e-04 2.080594490132071928e-03
5.211886641223115180e-04 2.226226627274157082e-03
5.931059225771381869e-04 1.741067352024850898e-03
6.749468275340754974e-04 1.666614048060072054e-03
7.680807131698577823e-04 2.326782813026596029e-03
8.740658639716817821e-04 2.198422336610547818e-03
9.946755874230745788e-04 2.295969389058692949e-03
1.131927884381364168e-03 2.269606802888762820e-03
1.288119213581447563e-03 2.234378022709977967e-03
1.465862915201989781e-03 2.567102930084520177e-03
1.668132936384161087e-03 1.811209513098916910e-03
1.898313590303362178e-03 6.220230264434966749e-04
2.160256181345814389e-03 7.073605426351277804e-04
2.458343443823235962e-03 7.441998165775981500e-04
2.797562872392146335e-03 6.454881984103267396e-04
3.183590171117580640e-03 6.642287502179124213e-04
3.622884217422430581e-03 8.329629953334161899e-04
4.122795129826941143e-03 8.131696134231772505e-04
4.691687247631105666e-03 8.595157905183941661e-04
5.339079080193907118e-03 8.916952590447362569e-04
6.075802567393455075e-03 9.324085719489086117e-04
6.914184315959636361e-03 9.753944771764832015e-04
7.868251844063946926e-03 1.026726726722745940e-03
8.953968284981047090e-03 1.033029898167017952e-03
1.018949947680333236e-02 1.077820352872838972e-03
1.159551790706338931e-02 1.173933776250922099e-03
1.319554859776188825e-02 1.213380978283658956e-03
1.501636271803164814e-02 1.269053501572461103e-03
1.708842551023134412e-02 1.322688724101636973e-03
1.944640602401503243e-02 1.374370153261475968e-03
2.212975718707560144e-02 1.424601447304609967e-03
2.518337591810768106e-02 1.479222667867904082e-03
2.865835432677567990e-02 1.541679645663935954e-03
3.261283456950991172e-02 1.596480035740898036e-03
3.711298166428543543e-02 1.648299575878480090e-03
4.223409054119166284e-02 1.701616725320036000e-03
4.806184585158467665e-02 1.756273718971890089e-03
5.469375561452066714e-02 1.816539391260259912e-03
6.224078268775635331e-02 1.907278941364355055e-03
7.082920136053012794e-02 2.023833553897584105e-03
8.060271013200792645e-02 2.154686356133137144e-03
9.172483602567997607e-02 2.317076633409190060e-03
1.043816706678799416e-01 2.529613140503525048e-03
1.187849839095640320e-01 2.803827346298545884e-03
1.351757670874034478e-01 3.181637242312320996e-03
1.538282652088377722e-01 3.593134910157438997e-03
1.750545655262318034e-01 4.475830918188538309e-03
1.992098192745990481e-01 4.506753346165221982e-03
2.266981839412345046e-01 3.164722231455757793e-03
2.579795854912796949e-01 5.042070655846831763e-03
2.935774136924920730e-01 7.751344359922731665e-03
3.340872792947641723e-01 8.659953608650244536e-03
3.801869795865419066e-01 1.052228601351565956e-02
4.326478390684524444e-01 1.249581963759974039e-02
4.923476149924090883e-01 1.513207003206019051e-02
5.602851836973132826e-01 1.854244350233105049e-02
6.375972534681046966e-01 2.315656574105258089e-02
7.255773835520369364e-01 2.976698845634969878e-02
8.256976275519005704e-01 3.954624783673608285e-02
9.396331633260470717e-01 5.415839935597407950e-02
1.069290321494374307e+00 7.569615016191760803e-02
1.216838481513658587e+00 1.062380515137271025e-01
1.384746368996523369e+00 1.484426796254225966e-01
1.575823361588471139e+00 1.997521793563931947e-01
1.793266494518768628e+00 2.742046368771716147e-01
2.040713952306188350e+00 2.915305046736589856e-01
2.322305941624529524e+00 2.711452271006091208e-01
2.642753963832082054e+00 3.121459267137348115e-01
3.007419646209292363e+00 3.472735719886849148e-01
3.422404450882252203e+00 3.864007931868808088e-01
3.894651762411051266e+00 4.253788940301956867e-01
4.432063062137865828e+00 4.646158079597468848e-01
5.043630133084475275e+00 5.031585749324765100e-01
5.739585507406401277e+00 5.403017864665655701e-01
6.531573673639534228e+00 5.757251464585082523e-01
7.432845908320451223e+00 6.073097390973932752e-01
