3.728473966537522420e-13 3.403298016353408077e-06
4.348727415981261512e-13 3.581346068260024029e-06
5.072163654147610773e-13 3.770151660396061073e-06
5.915947741380970236e-13 3.968494513988126714e-06
6.900100246199993855e-13 4.177392117554423837e-06
8.047972275782064320e-13 4.397249943513250743e-06
9.386799530546848699e-13 4.628693564361739173e-06
1.094834852896063392e-12 4.872296585702633867e-06
1.276967033561559517e-12 5.128798774454302654e-06
1.489397967638342497e-12 5.398488703189423099e-06
1.737168029951550230e-12 5.683635111653694379e-06
2.026156091155969564e-12 5.978684098258854699e-06
2.363219006421023361e-12 6.309908182196611345e-06
2.756354308874231630e-12 6.575064608820185704e-06
3.214889968050637400e-12 7.191878533311542604e-06
3.749705715769900833e-12 6.122423297365547387e-06
4.373491190867377609e-12 4.628465237723559075e-06
5.101047027811153782e-12 5.060264085875228681e-06
5.949636033171160104e-12 4.938737369943173903e-06
6.939392782347603009e-12 4.979298123743954953e-06
8.093801355111002064e-12 4.976141885296148861e-06
9.440252545242833149e-12 4.989237357962860793e-06
1.101069376525886096e-11 5.002009699073523580e-06
1.284238706658360539e-11 5.020078955767114977e-06
1.497879326081469432e-11 5.042804152964042977e-06
1.747060311972949966e-11 5.071511602678281124e-06
2.037694012144333529e-11 5.107146442941631598e-06
2.376676328042623603e-11 5.150980988765602127e-06
2.772050334649610209e-11 5.204428657157036278e-06
3.233197119508296086e-11 5.269154094593993724e-06
3.771058368937619220e-11 5.347034164892169276e-06
4.398395982765588976e-11 5.440259688796980624e-06
5.130094877491497077e-11 5.551337216495044181e-06
5.983516162525358720e-11 5.683081000456479991e-06
6.978909069359954203e-11 5.838777983123596690e-06
8.139891407569647848e-11 6.022041780701741011e-06
9.494009947474892224e-11 6.236953726662358401e-06
1.107339402573977347e-10 6.488125445515475086e-06
1.291551788208345264e-10 6.780592300086599327e-06
1.506408981516145784e-10 7.119952462535937383e-06
1.757008925472871946e-10 7.512343552308548336e-06
2.049297635682127571e-10 7.964276825769921848e-06
2.390210282217015337e-10 8.482784524552546373e-06
2.787835741251066224e-10 9.075308257393003750e-06
3.251608520815195207e-10 9.749589512771398699e-06
3.792532614526708656e-10 1.051359272856771060e-05
4.423442594695505778e-10 1.137556226152025969e-05
5.159308139795223818e-10 1.234322792177143081e-05
6.017589221860301631e-10 1.342506933270492934e-05
7.018650381383553864e-10 1.462971361560695991e-05
8.186243919266166865e-10 1.596477920011987121e-05
9.548073470574047673e-10 1.743858496738130161e-05
1.113645133208437342e-09 1.905878059412746922e-05
1.298906514011433452e-09 2.083364037630440143e-05
1.514987208968986303e-09 2.277148265382622058e-05
1.767014191230255110e-09 2.488048185581671085e-05
2.060967335911699018e-09 2.716900966860524841e-05
2.403821305327312060e-09 2.964620594421773107e-05
2.803711037656654927e-09 3.232029902878405671e-05
3.270124765620797709e-09 3.519966947106046987e-05
3.814129144943687361e-09 3.829412388495766103e-05
4.448631834249619155e-09 4.161227431567882215e-05
5.188687756662555923e-09 4.516134058124201135e-05
6.051856309813352204e-09 4.895119055303378706e-05
7.058617999820665956e-09 5.299028290115359287e-05
8.232860384771581933e-09 5.728479694229164794e-05
9.602444857741748042e-09 6.184491988293950063e-05
1.119986771748587375e-08 6.667866187089114378e-05
1.306303121210330599e-08 7.179063873467863535e-05
1.523614285032741624e-08 7.720643081192226135e-05
1.777076431850657480e-08 8.287621134722189303e-05
2.072703489105987540e-08 8.898200226920944752e-05
2.417509836241607745e-08 9.511034029753925477e-05
2.819676735742723032e-08 1.016560513603756053e-04
3.288746450955167898e-08 1.089146266561081026e-04
3.835848656537986890e-08 1.161826539456505941e-04
4.473964513619124949e-08 1.238907576183758124e-04
5.218234675397484523e-08 1.321086154281718059e-04
6.086318531278052441e-08 1.400480767182268080e-04
7.098813213370281649e-08 1.483353692898493870e-04
8.279742307167563289e-08 1.584299972660422045e-04
9.657125862106286855e-08 1.684512312353722032e-04
1.126364522671547627e-07 1.785631642805161022e-04
1.313741848298122924e-07 1.894094802052762071e-04
1.532290487875247970e-07 2.006382546980922058e-04
1.787195971776763265e-07 2.124719346044131945e-04
2.084506473680569466e-07 2.247566182580931055e-04
2.431276316327173226e-07 2.379353136524349076e-04
2.835733350300571413e-07 2.506392368436583841e-04
3.307474177248078078e-07 2.651526033960846149e-04
3.857691849624460541e-07 2.808979624360744172e-04
4.499441449620353137e-07 2.953457269617355179e-04
5.247949848698432832e-07 3.127548661775974149e-04
6.120976997439874183e-07 3.300759302970551973e-04
7.139237318070073164e-07 3.470389766520018187e-04
8.326891198095057952e-07 3.146088079836629071e-04
9.712118246778859983e-07 3.374295690294571099e-04
1.132778591618854269e-06 4.049943676271077842e-04
1.321222935125990884e-06 4.056425246161591116e-04
1.541016097248322949e-06 4.301772609229938889e-04
1.797373137298752972e-06 4.421322622492941949e-04
2.096376670205905477e-06 4.594232622701718166e-04
2.445121189464574482e-06 4.804908325414666229e-04
2.851881399052909632e-06 5.110136927277422964e-04
3.326308548348440885e-06 5.393730651058522424e-04
3.879659428505793962e-06 5.675433999581280288e-04
4.525063463720892176e-06 5.928405578936715497e-04
5.277834234688929998e-06 6.221068497281251938e-04
6.155832825811750170e-06 6.417962788151196796e-04
7.179891617337843374e-06 7.125279516361665870e-04
8.374308577803207148e-06 5.823529988094490592e-04
9.767423784910944710e-06 6.448491187626583096e-04
1.139229185403043353e-05 1.020789709751720098e-03
1.328746622910972850e-05 9.030512711245677676e-04
1.549791394496869744e-05 9.209968676209064238e-04
1.807608256564874317e-05 7.361549007269596384e-04
2.108314461419654473e-05 7.076524051046567633e-04
2.459044902062116781e-05 1.060269081665850049e-03
2.868121402670638714e-05 9.846091180397791281e-04
3.345250171543828267e-05 1.076594492093769975e-03
3.901752101495424590e-05 1.134541285984143029e-03
4.550831382066190616e-05 1.148241360191804049e-03
5.307888796948592757e-05 9.835015173909234139e-04
6.190887140270448800e-05 1.141016065466970942e-03
7.220777422013702467e-05 1.361766462361272030e-03
8.421995975197983609e-05 1.423639610201833054e-03
9.823044259750997906e-05 1.077036255773151973e-03
1.145716512014342456e-04 1.206889857311866081e-03
1.336313154243682331e-04 2.235288156540705083e-03
1.558616662567874290e-04 1.493346448078168966e-03
1.817901659591999747e-04 1.176257793176792039e-03
2.120320232238914976e-04 1.893864982936376050e-03
2.473047903070111882e-04 1.778664079279339066e-03
2.884453884789588206e-04 2.139256974802987866e-03
3.364299657580012534e-04 1.718122222880911088e-03
3.923970580940178273e-04 1.412573658664540094e-03
4.576746035506157177e-04 2.212872414073275944e-03
5.338114504544156595e-04 2.087428798230198199e-03
6.226141071092489458e-04 1.635545658655855952e-03
7.261896050402382027e-04 1.831377994415677975e-03
8.469954927891824165e-04 2.179071245226480054e-03
9.878981464702205756e-04 1.982977022925168191e-03
1.152240780627400082e-03 2.219961429317292116e-03
1.343922773096180604e-03 2.190124775116457020e-03
1.567492186019566478e-03 2.369820382833379060e-03
1.828253678276308769e-03 1.512017299111551982e-03
2.132394369772725590e-03 3.876610642471929884e-04
2.487130643995458246e-03 7.817423185875806710e-04
2.900879372027479874e-03 6.807032895188875471e-04
3.383457620680557602e-03 7.502606824087287981e-04
3.946315583243389935e-03 7.543343618758222274e-04
4.602808259622026034e-03 7.781515895454832162e-04
5.368512332060537684e-03 8.091401462488130494e-04
6.261595754990826809e-03 8.403113649759577121e-04
7.303248828315657415e-03 8.748556967433804505e-04
8.518186982253076259e-03 8.869984047524254308e-04
9.935237203380331214e-03 9.263960547701709410e-04
1.158802201607980059e-02 9.667065085950737272e-04
1.351575724829825152e-02 9.928981573382432164e-04
1.576418251030599696e-02 1.037496696375332997e-03
1.838664646403943143e-02 1.034899579481405934e-03
2.144537263334502647e-02 1.047645680355045999e-03
2.501293578916117047e-02 1.071233602139025050e-03
2.917398394000822112e-02 1.056276695327363051e-03
3.402724678566799305e-02 1.035170891322139981e-03
3.968787828887901381e-02 1.003545389806259971e-03
4.629018894753188229e-02 9.964318402537119743e-04
5.399083259632558862e-02 1.025411298709267985e-03
6.297252335151411196e-02 1.033587627316209052e-03
7.344837089115116568e-02 1.051059426937551956e-03
8.566693693455772196e-02 1.134816336255994049e-03
9.991813289671813703e-02 1.316816036951458987e-03
1.165400986519787574e-01 1.612742783196565019e-03
1.359272256203165608e-01 2.134671932965600052e-03
1.585395145409263240e-01 2.860784491834023925e-03
1.849134899661770692e-01 4.228624048112013777e-03
2.156749304454611549e-01 5.343919876093628125e-03
2.515537164495819655e-01 6.094234365959697898e-03
2.934011483341996684e-01 1.152542505061810059e-02
3.422101452477656069e-01 1.529679898678327002e-02
3.991388042459371177e-01 1.386204423968944929e-02
4.655378786024366722e-01 1.414337721075598943e-02
5.429828272976351400e-01 1.256648441854837060e-02
6.333111961269981549e-01 2.007315590943627159e-02
7.386662173755194072e-01 3.294155429925205159e-02
8.615476625529947530e-01 4.230784605412243188e-02
1.004871154779212850e+00 5.767795763820850879e-02
1.172037348131269141e+00 7.671141875525076814e-02
1.367012615379930240e+00 1.018209466938323066e-01
1.594423158602773505e+00 1.336653078240442882e-01
1.859664775648244062e+00 1.737112012547901985e-01
2.169030886892957533e+00 2.229710649237977016e-01
2.529861859998755236e+00 2.825118040156228139e-01
2.950719175716484788e+00 3.530956585852794150e-01
3.441588567189694192e+00 4.353074240214956925e-01
4.014116952669584570e+00 5.293815083407039657e-01
4.681888783372780694e+00 6.351591739062554254e-01
5.460748363421227936e+00 7.512865645525922398e-01
6.369175789589275105e+00 8.763725473969412594e-01
7.428725430826293774e+00 9.980010000000000270e-01
