3.728473966537522420e-13 3.567742772379925149e-04
4.178058183159994498e-13 3.705129851611384099e-04
4.681853846516430520e-13 3.848401466520323774e-04
5.246397843019572365e-13 3.997036582401170945e-04
5.879015285306301295e-13 4.151453308539015236e-04
6.587914557576269962e-13 4.311814234083421776e-04
7.382293821619846210e-13 4.478365022771875741e-04
8.272460365481175366e-13 4.651339083963444807e-04
9.269964343337605730e-13 4.830984482998364909e-04
1.038774864190627527e-12 5.017558746598765320e-04
1.164031681793655168e-12 5.211322926324706614e-04
1.304392128582274142e-12 5.412574867667450332e-04
1.461677419712183529e-12 5.621517111474196981e-04
1.637928374819783416e-12 5.838782319848566946e-04
1.835431898214617356e-12 6.063355349155188359e-04
2.056750652087793029e-12 6.300800185730750288e-04
2.304756307754303124e-12 6.530698262294525221e-04
2.582666806373020815e-12 6.835536297958913748e-04
2.894088112612786926e-12 6.890544113042108842e-04
3.243061003029330372e-12 7.983026538249529203e-04
3.634113496245407159e-12 5.019411550855672156e-04
4.072319605229969714e-12 7.459904752179464910e-06
4.563365174002913555e-12 5.905483995945430334e-06
5.113621653015324474e-12 7.050500205557488590e-06
5.730228770460106055e-12 7.513328914272439026e-06
6.421187172196545975e-12 8.266109290368864180e-06
7.195462232316964433e-12 9.044536958400833772e-06
8.063100381325415872e-12 9.935714765585134273e-06
9.035359461319137956e-12 1.092653174710700946e-05
1.012485479956658559e-11 1.203095729685122045e-05
1.134572289582591042e-11 1.325290920644761068e-05
1.271380484729317563e-11 1.459613321981174917e-05
1.424685189116711451e-11 1.606073943691536959e-05
1.596475573180316662e-11 1.764348905543822979e-05
1.788980664101397084e-11 1.933778317429972929e-05
2.004698268043698890e-11 2.113338021118066055e-05
2.246427379871140218e-11 2.301652938503287839e-05
2.517304500871008139e-11 2.497015671156259040e-05
2.820844335715353874e-11 2.697366291204987998e-05
3.160985396714703012e-11 2.900346440603463101e-05
3.542141107091514306e-11 3.103318390006322685e-05
3.969257066352662923e-11 3.303425634163170758e-05
4.447875220794700337e-11 3.497689030075941039e-05
4.984205771771404178e-11 3.683157123518542887e-05
5.585207754753737209e-11 3.857077100561631032e-05
6.258679334716678932e-11 4.017131750223945072e-05
7.013358989460980899e-11 4.161664437878443768e-05
7.859038893750926591e-11 4.289773706224730152e-05
8.806691975457580158e-11 4.401348122279215828e-05
9.868614292297140363e-11 4.497004940071389143e-05
1.105858457653972923e-10 4.577946191812332240e-05
1.239204301782629276e-10 4.645779396736173807e-05
1.388629160384906549e-10 4.702332495646143850e-05
1.556071861836968942e-10 4.749481973511673026e-05
1.743705020950031475e-10 4.789009317244639924e-05
1.953963229241212447e-10 4.822514892505529139e-05
2.189574644423834252e-10 4.851380477634169221e-05
2.453596388999374329e-10 4.876769038349717888e-05
2.749454217257301458e-10 4.899653265225416190e-05
3.080986965373233665e-10 4.920832325157248251e-05
3.452496361357489140e-10 4.940993063393855130e-05
3.868802841151471038e-10 4.960695032737378663e-05
4.335308095101557810e-10 4.980567782072367730e-05
4.858065156367385990e-10 5.000916539758861194e-05
5.443856940681361361e-10 5.021894210252298021e-05
6.100284256534101553e-10 5.044725511528723281e-05
6.835864427741579890e-10 5.069867958727463964e-05
7.660141808049386910e-10 5.094730027776146243e-05
8.583811621731127447e-10 5.135573058308510303e-05
9.618858737045826377e-10 5.130868981851459691e-05
1.077871317317936976e-09 5.281463217310800317e-05
1.207842435841325844e-09 5.052029164488711831e-05
1.353485640056951036e-09 5.484234510823163874e-05
1.516690690341870681e-09 6.817105325708379654e-05
1.699575216825271342e-09 6.050522429592005758e-05
1.904512196218195949e-09 5.391093136984554952e-05
2.134160741834797843e-09 5.867675167711266246e-05
2.391500606314314275e-09 5.803959028615219705e-05
2.679870844725946493e-09 5.952789233904952262e-05
3.003013139720783408e-09 6.025852477280956238e-05
3.365120350886897433e-09 6.139022542168886339e-05
3.770890918248211743e-09 6.269300201895504875e-05
4.225589825807889552e-09 6.410257740539334541e-05
4.735116916154709074e-09 6.570292991230586527e-05
5.306083442532807973e-09 6.716650190172185732e-05
5.945897851659534050e-09 6.899612221738173783e-05
6.662861910346005839e-09 7.120727649967273777e-05
7.466278423190332619e-09 7.318727804656153960e-05
8.366571939009763836e-09 7.545334774025173874e-05
9.375424012210141139e-09 7.796383588564696646e-05
1.050592477414716389e-08 8.059197150451497926e-05
1.177274278115766408e-08 8.338639230701961073e-05
1.319231534308703362e-08 8.652081154791070583e-05
1.478306180187643004e-08 8.987226088154241191e-05
1.656562252755860209e-08 9.345587239491564473e-05
1.856312673269909933e-08 9.631807817774690455e-05
2.080149258025104995e-08 1.016035217562585012e-04
2.330976347880185965e-08 1.046050095551077957e-04
2.612048492873694503e-08 1.032284560235232051e-04
2.927012680900219744e-08 1.110058152172328018e-04
3.279955658374873008e-08 1.188181306413112047e-04
3.675456956885032599e-08 1.220624623538956051e-04
4.118648313864068599e-08 1.279863786279053050e-04
4.615280258287031674e-08 1.330851404311679054e-04
5.171796725355745295e-08 1.391138333129989077e-04
5.795418668318874747e-08 1.446073617417907033e-04
6.494237752313992733e-08 1.484794217539471951e-04
7.277321345933818944e-08 1.542302420109982019e-04
8.154830172811799515e-08 1.628553528219825930e-04
9.138150149788234703e-08 1.705490214464644872e-04
1.024004012229247276e-07 1.772907293099884097e-04
1.147479741384971408e-07 1.848847768405657930e-04
1.285844333776052142e-07 1.925525480280155957e-04
1.440893107801948217e-07 2.005815521872608101e-04
1.614637863678424410e-07 2.088641518266046041e-04
1.809332987095076906e-07 2.174546244541087107e-04
2.027504700485837948e-07 2.264583666733283030e-04
2.271983841455356498e-07 2.357002095774618131e-04
2.545942593670577537e-07 2.451953587000794857e-04
2.852935646810795459e-07 2.552000565893481937e-04
3.196946319637567243e-07 2.654837086133436815e-04
3.582438244644384469e-07 2.761475469492841736e-04
4.014413284907983387e-07 2.869600024903208872e-04
4.498476434628795716e-07 2.988906008340977047e-04
5.040908545462405730e-07 3.099784504486603927e-04
5.648747822286399053e-07 3.202994211201413803e-04
6.329881145831840833e-07 3.468776090957255095e-04
7.093146407116461525e-07 3.063349144548765794e-04
7.948447181495589175e-07 2.941859847569129800e-04
8.906881230259007960e-07 3.660129584958814923e-04
9.980884497116763918e-07 3.741844980374381749e-04
1.118439246796695069e-06 3.861212797834478864e-04
1.253302098763415674e-06 4.032250956980302863e-04
1.404426887972315123e-06 4.169903188808481089e-04
1.573774499863753382e-06 4.334338931863090895e-04
1.763542265982484353e-06 4.488343303981273203e-04
1.976192474954869814e-06 4.645226359006891835e-04
2.214484321356814659e-06 4.801665790221409133e-04
2.481509707017351933e-06 4.957299374765291146e-04
2.780733359289875746e-06 5.119303031023696594e-04
3.116037786836489463e-06 5.293869277313092720e-04
3.491773656238788659e-06 5.480443157172858919e-04
3.912816243085908402e-06 5.679376408853683417e-04
4.384628690007486091e-06 5.890779053412633541e-04
4.913332892442367536e-06 6.106919249565611165e-04
5.505788931904900177e-06 6.294071047286585929e-04
6.169684087417467775e-06 6.515138637054480311e-04
6.913632580056567604e-06 6.645779940551223590e-04
7.747287344825339763e-06 6.979976988772426498e-04
8.681465280123372956e-06 7.223653300168047771e-04
9.728287599959444497e-06 6.105872837062263723e-04
1.090133711001603546e-05 6.441177073814685454e-04
1.221583444826497776e-05 7.842620423932460116e-04
1.368883557690454776e-05 7.895359034926566211e-04
1.533945308813038243e-05 8.285104325130058459e-04
1.718910419524222131e-05 8.589591050993298062e-04
1.926178862683988483e-05 8.910341085475885275e-04
2.158440002986047914e-05 9.244425824495362300e-04
2.418707492199674182e-05 9.583677187169800356e-04
2.710358372125042754e-05 9.941482198839151491e-04
3.037176892633452850e-05 1.028075087169990015e-03
3.403403613343654750e-05 1.073846966004195084e-03
3.813790426041758656e-05 1.087281813973959036e-03
4.273662211775740728e-05 1.186860912321077060e-03
4.788985932642312470e-05 1.141486777797846028e-03
5.366448054750772419e-05 8.946114569348389417e-04
6.013541306948229137e-05 1.130761289952331985e-03
6.738661901023831240e-05 1.356502173773166094e-03
7.551218474851507511e-05 1.262893858585671051e-03
8.461754172037517520e-05 1.534173282456992912e-03
9.482083442090138297e-05 1.077395289962618024e-03
1.062544533613059240e-04 1.090525635786356029e-03
1.190667528719962332e-04 2.046152325620202109e-03
1.334239760405537992e-04 1.765899193983945905e-03
1.495124117612279526e-04 1.580078872788750078e-03
1.675408118842496746e-04 1.202881110579343904e-03
1.877430998281349160e-04 1.312435296095082948e-03
2.103814057999715511e-04 1.899156471457183991e-03
2.357494680064908701e-04 1.794325463086676037e-03
2.641764439875758977e-04 1.861416937081927098e-03
2.960311815252922871e-04 2.061744603132254980e-03
3.317270045446668657e-04 1.977185096609474120e-03
3.717270761045677707e-04 1.289632530251565070e-03
4.165504080649700129e-04 1.683572534375388056e-03
4.667785954076791020e-04 2.334353516457421916e-03
5.230633625901565109e-04 1.590570200122878039e-03
5.861350198484716056e-04 1.500595011248278968e-03
6.568119391721918224e-04 2.157575200244041085e-03
7.360111729046035691e-04 2.066047495513043033e-03
8.247603527474719771e-04 1.989836826805580199e-03
9.242110235632266515e-04 2.049754401109481986e-03
1.035653584984241697e-03 2.156245599202763139e-03
1.160534034700722505e-03 2.149550632367297921e-03
1.300472730675890885e-03 2.080377717445340124e-03
1.457285415733404954e-03 2.002012089316670875e-03
1.633006777316698202e-03 1.847893656559713906e-03
1.829916848114614353e-03 1.369750770563815971e-03
2.050570590108656208e-03 8.525005431956369758e-04
2.297831045902903619e-03 8.213485469230180072e-04
2.574906487484272203e-03 8.141335365810866169e-04
2.885392044428297491e-03 7.597818748521725394e-04
3.233316351687894920e-03 7.705881060168732338e-04
3.623193822232801189e-03 7.720512232286148987e-04
4.060083222791654838e-03 7.792533881008287516e-04
4.549653312732738868e-03 7.937782902939164841e-04
5.098256397766007426e-03 8.141597962289293154e-04
5.713010752845687837e-03 8.329134279429515958e-04
6.401892983733043115e-03 8.544083093812441165e-04
7.173841525636177191e-03 8.710817799411784855e-04
8.038872621849501438e-03 8.897307379761928850e-04
9.008210287247865253e-03 9.057821242310313279e-04
1.009443194294678409e-02 9.370302895187695730e-04
1.131163161177884541e-02 9.568072343454651820e-04
1.267560279209156010e-02 9.797598459094559488e-04
1.420404338270459671e-02 1.020098102327338108e-03
1.591678531798359705e-02 1.019950029278226047e-03
1.783605189260820817e-02 1.041256128912730053e-03
1.998674611489414249e-02 1.041801410608871959e-03
2.239677383013155901e-02 1.043462590053107061e-03
2.509740580655415304e-02 1.072719662255995025e-03
2.812368348210246560e-02 1.059232525973488083e-03
3.151487363665808616e-02 1.043834458787493017e-03
3.531497788924334996e-02 1.029089080558112006e-03
3.957330363105342197e-02 1.000319143143748105e-03
4.434510380233155219e-02 9.892719615347174162e-04
4.969229381436945925e-02 1.008694420664927021e-03
5.568425491888892576e-02 1.023644581558540894e-03
6.239873444874405317e-02 1.031491806004517951e-03
6.992285461081251818e-02 1.041915115053252978e-03
7.835424292043821626e-02 1.072113275138490088e-03
8.780229894512452116e-02 1.151718199171919985e-03
9.838961379381933048e-02 1.280426251663630997e-03
1.102535607700564774e-01 1.479245416233263910e-03
1.235480778281102532e-01 1.768680958990869042e-03
1.384456649600230849e-01 2.174606601874822919e-03
1.551396224301431481e-01 2.770511013918123839e-03
1.738465588988808153e-01 3.473946289493370140e-03
1.948092019792745377e-01 4.679989594212617329e-03
2.182995476941014534e-01 5.535980678090042691e-03
2.446223896986097213e-01 5.617548426307346181e-03
2.741192740614889489e-01 8.190483583369897666e-03
3.071729309184531020e-01 1.356774964633370925e-02
3.442122405003422148e-01 1.508917643255689930e-02
3.857177979713304894e-01 1.386887806775225981e-02
4.322281492825190141e-01 1.402630025185038973e-02
4.843467789528294598e-01 1.368113662570200062e-02
5.427499404455563559e-01 1.258404991519086920e-02
6.081954307418730998e-01 1.607569886581870083e-02
6.815324229637528264e-01 2.689927163861179082e-02
7.637124846272945744e-01 3.433442246899136990e-02
8.558019244912994372e-01 4.128346180344962674e-02
9.589956282048106573e-01 5.227900052437620126e-02
1.074632562274974390e+00 6.453459482024155591e-02
1.204213147523380822e+00 7.998852843318952910e-02
1.349418727456275446e+00 9.850549773245534380e-02
1.512133384156024052e+00 1.207047538855002961e-01
1.694468384761052882e+00 1.471678566679872902e-01
1.898789575733931256e+00 1.782584216096521068e-01
2.127748080365785111e+00 2.144460388045456023e-01
2.384314697825522966e+00 2.566889204492016074e-01
2.671818450090897024e+00 3.021747921503619150e-01
2.993989776918493106e+00 3.651979969281098914e-01
3.355008939319020556e+00 3.989519886892378131e-01
3.759560259586355091e+00 3.887306798997208768e-01
4.212892901659406775e+00 4.219858961932828056e-01
4.720888980458847861e+00 4.855732783285768850e-01
5.290139883935641052e+00 5.421230546947118922e-01
5.928031798131065067e+00 5.906829530163650865e-01
6.642841544959170008e+00 6.377649922768976465e-01
7.443843976232961346e+00 6.793305233065973781e-01
