3.728473966537522420e-13 3.373119838087790849e-06
4.395284296223974410e-13 3.561975535847114930e-06
5.181348781837820507e-13 3.763162478821180097e-06
6.107995157927787295e-13 3.975203161404596721e-06
7.200365468552053775e-13 4.199339067553215130e-06
8.488098228667615778e-13 4.436069586919346874e-06
1.000613258510031287e-12 4.686157593480686889e-06
1.179565629583003766e-12 4.950340766679706382e-06
1.390522324844438695e-12 5.229418131880939763e-06
1.639207083860460209e-12 5.524228027757002350e-06
1.932367295202494852e-12 5.835657708930099975e-06
2.277957068593320202e-12 6.164643962281353259e-06
2.685353048169086006e-12 6.512176518951100089e-06
3.165608822366460500e-12 6.879300858478793712e-06
3.731754833159394871e-12 7.267121402797093344e-06
4.399151921872039729e-12 7.676804822982610571e-06
5.185908104077208961e-12 8.109583551773654885e-06
6.113369881640506356e-12 8.566759488324612968e-06
7.206701422334556680e-12 9.049707913297230799e-06
8.495567321495281778e-12 9.559881624018201030e-06
1.001493747061302086e-11 1.009881530270065931e-05
1.180603587079056439e-11 1.066813013066924942e-05
1.391745913455622360e-11 1.126953866248197965e-05
1.640649502355544212e-11 1.190484997455883014e-05
1.934067679707502565e-11 1.257597510376426974e-05
2.279961554444495954e-11 1.328493279225366944e-05
2.687716021670510701e-11 1.403385555581007037e-05
3.168394396415365911e-11 1.482499609386446960e-05
3.735038586776289624e-11 1.566073406041245013e-05
4.403022950833126822e-11 1.654358321611881880e-05
5.190471438287251838e-11 1.747619898303733963e-05
6.118749334835524156e-11 1.846138642457593990e-05
7.213042951432661933e-11 1.950210867460416058e-05
8.503042986743076702e-11 2.060149584093772071e-05
1.002375010397525485e-10 2.176285440984915872e-05
1.181642457924681819e-10 2.298967717974303911e-05
1.392970578762276671e-10 2.428565375370970149e-05
1.642093190105229995e-10 2.565468162233685973e-05
1.935769560464010770e-10 2.710087786987941849e-05
2.281967804140822980e-10 2.862859153888783052e-05
2.690081074467923114e-10 3.024241668973124883e-05
3.171182421627132434e-10 3.194720619601762815e-05
3.738325229928618246e-10 3.374808630890562938e-05
4.406897386101918505e-10 3.565047206701601047e-05
5.195038787998283786e-10 3.766008346257147788e-05
6.124133521674585575e-10 3.978296296239837844e-05
7.219390060752419496e-10 4.202549219676888175e-05
8.510525230194395328e-10 4.439441697463160331e-05
1.003257049200458385e-09 4.689684364562045110e-05
1.182682242923580896e-09 4.954035753039259717e-05
1.394196321711839058e-09 5.233265060561504317e-05
1.643538148226372899e-09 5.528315164037239746e-05
1.937472938788644241e-09 5.839651702142109276e-05
2.283975819234393262e-09 6.169923844038543059e-05
2.692448208390960240e-09 6.513154124301765932e-05
3.173972900158660732e-09 6.898727666276380645e-05
3.741614765159051835e-09 7.212462841346139347e-05
4.410775230675821855e-09 6.803134176737267577e-05
5.199610156743737227e-09 6.497093995986444261e-05
6.129522446322975486e-09 6.910630918330394439e-05
7.225742755204136883e-09 7.158259308924079826e-05
8.518014057637783026e-09 7.499248501660346156e-05
1.004139864152479106e-08 7.860625394551510106e-05
1.183722942880161570e-08 8.270168583839487169e-05
1.395423143252580351e-08 8.719396149907281438e-05
1.644984377836847084e-08 9.206787909558286620e-05
1.939177815999187242e-08 9.740028695787973591e-05
2.285985601278682391e-08 1.032019070699901947e-04
2.694817425270924907e-08 1.094659174561542030e-04
3.176765834168744011e-08 1.161882510506362051e-04
3.744907195012414886e-08 1.233833133996359082e-04
4.414656487554848828e-08 1.310614495033690131e-04
5.204185548060197506e-08 1.392245547238747118e-04
6.134916112949759056e-08 1.478928478471310979e-04
7.232101039702447207e-08 1.570691755642464056e-04
8.525509474866636418e-08 1.667801032409640895e-04
1.005023455936558952e-07 1.770326604365405070e-04
1.184764558599540554e-07 1.878499079435686056e-04
1.396651044333614651e-07 1.993002199101025988e-04
1.646431880055497807e-07 2.113303366885301894e-04
1.940884193414582462e-07 2.240491737707567992e-04
2.287997151828485350e-07 2.374233246234043091e-04
2.697188726940711785e-07 2.514012851500870829e-04
3.179561225818103458e-07 2.662123977235811116e-04
3.748202522035851413e-07 2.817073261774209205e-04
4.418541159741657642e-07 2.983645629793811767e-04
5.208764965487207919e-07 3.140946934639246894e-04
6.140314525727643402e-07 3.391166614276724901e-04
7.238464919166298756e-07 3.394101102927274839e-04
8.533011487679870713e-07 3.211677537148046766e-04
1.005907825236270613e-06 3.615019039095742183e-04
1.185807090887541061e-06 4.041315601914671177e-04
1.397880025904864180e-06 4.187000350935345095e-04
1.647880656002155970e-06 4.411712933828948230e-04
1.942592072354945641e-06 4.634037942438904182e-04
2.290010472440012408e-06 4.865150665481053236e-04
2.699562115234830419e-06 5.104970407081173799e-04
3.182359077269265749e-06 5.357394137712359443e-04
3.751500748778733037e-06 5.631737234664370775e-04
4.422429250241572329e-06 5.939612796078689227e-04
5.213348412567693747e-06 6.214837259022898148e-04
6.145717688832994310e-06 6.624557976168384075e-04
7.244834398518980603e-06 6.559144376578632469e-04
8.540520101881075813e-06 6.282856438933176989e-04
1.006792972735787961e-05 6.987600606952618434e-04
1.186850540550706100e-05 7.611983605651838694e-04
1.399110088917113275e-05 8.000734954913426124e-04
1.649330706797636178e-05 8.514657471072568451e-04
1.944301454141502512e-05 8.966771996795207689e-04
2.292025564670827455e-05 9.455750355997727353e-04
2.701937591989423938e-05 9.962184642828212765e-04
3.185159390686822807e-05 1.047978876719767071e-03
3.754801877792654746e-05 1.107331811946024981e-03
4.426320762062444127e-05 1.150797437030730026e-03
5.217935892847422557e-05 1.233420401753523073e-03
6.151125606445853784e-05 1.173530255354120980e-03
7.251209482688139997e-05 1.055918343187027932e-03
8.548035323279201691e-05 1.122384136216464032e-03
1.007678899119891032e-04 1.183703600031597901e-03
1.187894908396257705e-04 1.920004249480179032e-03
1.400341234321975494e-04 1.748495535188108975e-03
1.650782033563746615e-04 1.141130512872459094e-03
1.946012340096735390e-04 1.699795621008440023e-03
2.294042430079864560e-04 1.903324481423513976e-03
2.704315159042180680e-04 1.663932854553373938e-03
3.187962168237111005e-04 1.440645544854308102e-03
3.758105911631486203e-04 1.976819560552853152e-03
4.430215698214967765e-04 2.017112186706172816e-03
5.222527409875450449e-04 2.276715633616731901e-03
6.156538282749976021e-04 1.821019006681191084e-03
7.257590176605666684e-04 1.731454739412471031e-03
8.555557157688244499e-04 2.434845417880171156e-03
1.008565605073951342e-03 2.214147474835843898e-03
1.188940195232169716e-03 2.281749073872701809e-03
1.401573463071901712e-03 2.115342323880101214e-03
1.652234637423264166e-03 1.541785306358922983e-03
1.947724731544194215e-03 9.598210405319978133e-04
2.296061070227438296e-03 8.556592742724439911e-04
2.706694818232496455e-03 7.385864494217906414e-04
3.190767412088463349e-03 7.280945326254619496e-04
3.761412852851294796e-03 8.329486120141331874e-04
4.434114061712331710e-03 8.562080729905527420e-04
5.227122967203901016e-03 8.999869904995473711e-04
6.161955721932718677e-03 9.463882513934475556e-04
7.263976485207912157e-03 9.988737515355271181e-04
8.563085610927318944e-03 1.034914454317080977e-03
1.009453091283953746e-02 1.094130742408303035e-03
1.189986401867095499e-02 1.180336555461690027e-03
1.402806776120183591e-02 1.243970141728230989e-03
1.653688519499972240e-02 1.312260776638500027e-03
1.949438629808650236e-02 1.377965035566008998e-03
2.298081486675211671e-02 1.442363239624241998e-03
2.709076571401344141e-02 1.515719663095071914e-03
3.193575124411100058e-02 1.591188286280459949e-03
3.764722704010445287e-02 1.656215879082518095e-03
4.438015855570408980e-02 1.722976808357194961e-03
5.231722568388058603e-02 1.792352082683517029e-03
6.167377928185190789e-02 1.899111817262948924e-03
7.270368413435455979e-02 2.050321686790733140e-03
8.570620688820680677e-02 2.227258904400146108e-03
1.010341358436487452e-01 2.474289152927802108e-03
1.191033529110414324e-01 2.803478457774967979e-03
1.404041174420939952e-01 3.314678313441721952e-03
1.655143680918642890e-01 4.019952181338561602e-03
1.951154036216024290e-01 4.332404654011651028e-03
2.300103680986246568e-01 4.056961937565335685e-03
2.711460420391298975e-01 5.649329935968261038e-03
3.196385307377160312e-01 8.479960353344544524e-03
3.768035467669528238e-01 1.035154438395429963e-02
4.441921082807760990e-01 1.296563553844870022e-02
5.236326216986270099e-01 1.665039723019431928e-02
6.172804905702192757e-01 2.169418649260887108e-02
7.276765966233311733e-01 3.031705712982113096e-02
8.578162397197629518e-01 4.271912974808368679e-02
1.011230407218734362e+00 5.630808030957661775e-02
1.192081577772219569e+00 7.589917583691829783e-02
1.405276658929141886e+00 1.060364522078867944e-01
1.656600122805018671e+00 1.428929559132428029e-01
1.952870952093412438e+00 1.959927089873775008e-01
2.302127654724972050e+00 2.253366151638536985e-01
2.713846367046587105e+00 3.680577738681468092e-01
3.199197963160660851e+00 1.906671624496761863e-01
3.771351146391414666e+00 2.723816090632403819e-01
4.445829746445582487e+00 9.980010000000000270e-01
5.240933916560071459e+00 9.892273761357558426e-01
6.178236658682151550e+00 8.448311112846416115e-01
7.283169148550834748e+00 8.745541299052650430e-01
8.585710741892683018e+00 9.167083750856638291e-01
1.012120238318493293e+01 9.592629621376665972e-01
1.193130548663302903e+01 9.705265436289697289e-01
1.406513230600601361e+01 9.561107330566520623e-01
1.658057846285852222e+01 9.251968075802085023e-01
1.954589378769057362e+01 8.898462888120735048e-01
2.304153409457200397e+01 8.589690015474027440e-01
2.716234413213045684e+01 8.372208601367340242e-01
3.202013093937578248e+01 8.253920704277231124e-01
3.774669742741181011e+01 8.220094694096619081e-01
4.449741849507730507e+01 8.248615665819665210e-01
5.245545670674130889e+01 8.316017480904362991e-01
6.183673191327254415e+01 8.412911181356153012e-01
