3.728473966537522420e-13 1.521938394663064094e-06
4.348739871639793569e-13 1.601562610530198097e-06
5.072192709649492765e-13 1.685997798856063896e-06
5.915998575035633814e-13 1.774698288937770994e-06
6.900179299820402032e-13 1.868118970581946943e-06
8.048087531762720390e-13 1.966441836936799025e-06
9.386960846162359269e-13 2.069944066175444926e-06
1.094856803925522328e-12 2.178892736402759001e-06
1.276996293845280859e-12 2.293576102407365960e-06
1.489436361584232992e-12 2.414295536833647940e-06
1.737217786693180711e-12 2.541368866085130902e-06
2.026219928720637979e-12 2.675130473296649065e-06
2.363300232701223528e-12 2.815932389708491895e-06
2.756456942663752117e-12 2.964145159983067013e-06
3.215018884026707312e-12 3.120158834810478143e-06
3.749866818039136851e-12 3.284383992166661999e-06
4.373691620566556118e-12 3.457252819108371063e-06
5.101295411290687653e-12 3.639220248529077106e-06
5.949942778518169162e-12 3.830765156292913358e-06
6.939770433463919496e-12 4.032391621194235371e-06
8.094265014288870921e-12 4.244630251257106398e-06
9.440820377229411259e-12 4.468039579803318358e-06
1.101138759822792934e-11 4.703207534976025624e-06
1.284323310830645539e-11 4.950752986576508011e-06
1.497982295172731707e-11 5.211327374282045841e-06
1.747185414862300084e-11 5.485616421523273876e-06
2.037845763427748875e-11 5.774341939526131672e-06
2.376860131841100102e-11 6.078263726258747201e-06
2.772272655626791685e-11 6.398181565273555155e-06
3.233465686171001271e-11 6.734937329696744613e-06
3.771382415226889555e-11 7.089417196892441917e-06
4.398786535052313862e-11 7.462553979620401187e-06
5.130565095397118440e-11 7.855329579809964912e-06
5.984081743533390883e-11 8.268777571395959515e-06
6.979588729010787129e-11 8.703985918999316730e-06
8.140707449188310380e-11 9.162099839592014055e-06
9.494988937931746020e-11 9.644324814660056933e-06
1.107456759675533401e-10 1.015192976077185000e-05
1.291692368014696451e-10 1.068625036687658955e-05
1.506577262733263163e-10 1.124869260708894984e-05
1.757210234255258934e-10 1.184073643818482960e-05
2.049538303644326182e-10 1.246393969148887977e-05
2.390497833564897719e-10 1.311994216944937928e-05
2.788179114348530509e-10 1.381046995729791030e-05
3.252018330464788557e-10 1.453733996251191923e-05
3.793021462378307204e-10 1.530246468827884011e-05
4.424025436537541512e-10 1.610785727654098131e-05
5.160002720063430572e-10 1.695563674056099987e-05
6.018416587563911421e-10 1.784803377796487055e-05
7.019635489847023014e-10 1.878739565378869113e-05
8.187416356677424301e-10 1.977619633676110051e-05
9.549468301387589671e-10 2.081702696006729029e-05
1.113811010293031477e-09 2.191266750908372926e-05
1.299103706611319764e-09 2.306583173966014055e-05
1.515221545607859693e-09 2.428023549096903856e-05
1.767292573017958618e-09 2.555631467778586043e-05
2.061297932106329390e-09 2.690858378529071876e-05
2.404213784280200790e-09 2.829547510176688051e-05
2.804176839500559218e-09 2.990313726517781934e-05
3.270677424198163505e-09 3.099770655525651024e-05
3.814784667811775015e-09 3.456715545179489920e-05
4.449409151175887265e-09 4.090198681747360897e-05
5.189609248881643540e-09 4.507649890813157742e-05
6.052948434504007643e-09 4.858702552259431309e-05
7.059912026837041270e-09 5.294255531592433663e-05
8.234393265694957966e-09 5.639825423601221133e-05
9.604260250888754861e-09 6.325512603997331573e-05
1.120201719671160519e-08 5.705741758370920817e-05
1.306557569218414054e-08 5.968657238212900267e-05
1.523915426752841250e-08 7.688078618813530031e-05
1.777432761179065172e-08 7.719740319554167795e-05
2.073125033745724370e-08 8.475925096055646007e-05
2.418008432955996841e-08 9.013749532420962127e-05
2.820266354741940058e-08 9.660497029917854096e-05
3.289443578145733695e-08 1.031650014992722969e-04
3.836672743909812549e-08 1.101203252270900059e-04
4.474938509861317005e-08 1.173764973725505980e-04
5.219385650972450697e-08 1.250683929920215910e-04
6.087678414696508058e-08 1.329552707007953063e-04
7.100419658366740305e-08 1.406321343260458017e-04
8.281639713952309771e-08 1.494375192858916977e-04
9.659366579959001017e-08 1.593561839748374094e-04
1.126629096999218087e-07 1.690164637868200881e-04
1.314054199825856570e-07 1.788886132611158927e-04
1.532659190748011236e-07 1.894460216693826123e-04
1.787631130660848590e-07 2.006760676035165088e-04
2.085019995703146084e-07 2.119827972168568104e-04
2.431882231137270989e-07 2.238382750838279975e-04
2.836448186736316161e-07 2.361566661985550959e-04
3.308317406586478076e-07 2.486274907723034014e-04
3.858686407142378649e-07 2.619061603881851102e-04
4.500614348255118073e-07 2.752126578721763792e-04
5.249332901017071628e-07 2.865944883952991793e-04
6.122607664969943887e-07 3.022332213447165945e-04
7.141159710386367603e-07 3.234557482958261808e-04
8.329157247983735216e-07 3.399852836424227054e-04
9.714789092412967911e-07 3.556922789570044234e-04
1.133093352666767634e-06 3.752520638317411263e-04
1.321593843823438403e-06 3.951340350935306765e-04
1.541453123806008470e-06 4.146969585318958256e-04
1.797888015290085081e-06 4.359394711321774754e-04
2.096983207340478195e-06 4.581203491399987162e-04
2.445835632959835316e-06 4.802839323200030152e-04
2.852722865169224961e-06 5.040980080840180714e-04
3.327299527323941372e-06 5.290929596707339344e-04
3.880826378090291959e-06 5.540000701370258749e-04
4.526437506813350554e-06 5.869404685691140527e-04
5.279451979289305369e-06 6.029642628640666637e-04
6.157737328675488682e-06 6.788876635849860940e-04
7.182133516454076840e-06 5.717991935832405885e-04
8.376947423197207880e-06 5.589777188772794255e-04
9.770529602414834710e-06 7.614424805278601025e-04
1.139594698270514983e-05 7.343289002589390314e-04
1.329176748008932485e-05 7.979144733993581706e-04
1.550297513781713477e-05 8.294586352366733074e-04
1.808203750808912052e-05 8.730722942123351777e-04
2.109015060253646351e-05 9.147655457624883713e-04
2.459869095165246477e-05 9.594260673430696912e-04
2.869090922765319088e-05 1.011438499227628992e-03
3.346390561706419689e-05 1.042355228517067049e-03
3.903093381468923428e-05 9.270288773695570944e-04
4.552408830814476599e-05 9.886891081868753178e-04
5.309743871687196397e-05 1.326914065555374065e-03
6.193068555724519386e-05 9.823064124109479045e-04
7.223342417779718698e-05 8.886225773651832685e-04
8.425011803924987118e-05 1.478505453744770022e-03
9.826589934537939975e-05 1.873990292652586050e-03
1.146133346621268769e-04 1.353319584065540036e-03
1.336803160596155258e-04 1.058138624178856955e-03
1.559192650181555014e-04 1.676470608845719067e-03
1.818578674885856891e-04 1.780615023828219061e-03
2.121115948285478702e-04 1.470778701244907904e-03
2.473983077115655027e-04 1.193823517323723028e-03
2.885552895305872403e-04 1.899537136102827980e-03
3.365591134647382570e-04 1.827762812237590040e-03
3.925488146151748996e-04 2.164091879759296160e-03
4.578529170386693597e-04 1.734640935406956937e-03
5.340209569765819219e-04 1.478188721093247034e-03
6.228602502626406174e-04 2.167251644901957170e-03
7.264787763268443005e-04 2.105179309618965006e-03
8.473351963475030937e-04 2.195147425135871109e-03
9.882971923824538946e-04 2.085511729630911207e-03
1.152709511750851139e-03 2.221977304617689993e-03
1.344473331223110680e-03 2.334197802009478021e-03
1.568138824173140496e-03 9.772255780528412393e-04
1.829013127126906434e-03 2.694073124434794996e-04
2.133286267538509438e-03 8.094852412265510829e-04
2.488178040808899406e-03 5.364710476522525397e-04
2.902109321646328868e-03 6.448876670151507074e-04
3.384901874645784240e-03 7.732946022599555564e-04
3.948011405194361972e-03 7.683780856661064865e-04
4.604799380536196869e-03 8.258999866318043068e-04
5.370850070769396349e-03 8.673697155746638637e-04
6.264340332525999110e-03 9.230874931851549940e-04
7.306470909565042880e-03 9.741549628980605184e-04
8.521969484182500415e-03 1.001379614047773941e-03
9.939677415845806635e-03 1.066937727619217922e-03
1.159323408919156646e-02 1.154040519421050065e-03
1.352187510960147984e-02 1.210303208949340065e-03
1.577136328594656856e-02 1.275151750379199941e-03
1.839507449086579330e-02 1.334261784993965010e-03
2.145526416387995641e-02 1.401822612790936968e-03
2.502454450893648250e-02 1.474846713848238042e-03
2.918760743733924551e-02 1.537210035405182917e-03
3.404323413806770865e-02 1.597369818540541947e-03
3.970663895858357606e-02 1.655203376973936064e-03
4.631220321174797649e-02 1.720012631237883942e-03
5.401666377663992546e-02 1.815507710694117980e-03
6.300283215242100110e-02 1.931750760418797031e-03
7.348393221098395434e-02 2.058189199321741169e-03
8.570865957461538953e-02 2.225616628155951005e-03
9.996708266762129036e-02 2.451956207420466147e-03
1.165975254621157836e-01 2.759328984974258967e-03
1.359945952318169227e-01 3.201690668259408838e-03
1.586185457964536250e-01 3.771831764721564947e-03
1.850061984279154914e-01 4.612298443820717943e-03
2.157836795494974258e-01 3.663742591841624100e-03
2.516812774684548115e-01 4.407893764677704371e-03
2.935507706625390401e-01 1.083630760487686029e-02
3.423856387862271866e-01 1.486175614477725990e-02
3.993446359635569598e-01 1.459623895008256914e-02
4.657792857148318477e-01 1.354896682442595021e-02
5.432659499170464645e-01 1.326433154434772041e-02
6.336432327305462353e-01 1.998752247845599073e-02
7.390556070125962052e-01 3.160212389927592735e-02
8.620042983857243435e-01 4.320864724847531257e-02
1.005406634338413374e+00 5.599753105311520984e-02
1.172665266594026923e+00 7.349362084653696114e-02
1.367748909256924161e+00 1.004607738099143055e-01
1.595286508491045252e+00 1.346840455766910027e-01
1.860677078189866496e+00 1.764698191769273894e-01
2.170217807819322609e+00 2.245086270616208912e-01
2.531253482177590275e+00 2.799575158761031246e-01
2.952350758504869610e+00 3.464856682157582135e-01
3.443501436191900300e+00 4.274327959246995157e-01
4.016359542272225802e+00 5.194514379366286239e-01
4.684517858264720225e+00 6.107809843473223088e-01
5.463830449797333344e+00 6.873742749875393354e-01
6.372788851997487569e+00 7.454318841366169845e-01
7.432960836778892855e+00 7.768295315195574702e-01
