4.952537249168800131e-14 5.953753082774380598e-08
1.566129790419824970e-13 8.807631695151540973e-08
4.952537249168799248e-13 1.775938083076173131e-07
1.566129790419824970e-12 3.580934868326825599e-07
4.952537249168799652e-12 7.220460163935500205e-07
1.566129790419824889e-11 1.455904986976095134e-06
4.952537249168800136e-11 2.935625099187386551e-06
1.566129790419825019e-10 5.919253550845612130e-06
4.952537249168800007e-10 1.193523185168752067e-05
1.566129790419824915e-09 2.310632178805170544e-05
3.933813962751799886e-09 3.995049528762279975e-05
9.881553117908999810e-09 6.440544139696226570e-05
2.482168066167650184e-08 8.548651529247659037e-05
3.124612660451331381e-08 1.009600823465522750e-04
6.233537723851918373e-08 1.392687824821815161e-04
1.243988713191675034e-07 1.826656129576688750e-04
2.482560254491556392e-07 2.364061018494339290e-04
4.952616027829143434e-07 3.030571839274861113e-04
9.881337893590936638e-07 3.413062486315273552e-04
1.243957541030774934e-06 3.767370200458285850e-04
1.971873096645012567e-06 4.677034532231630240e-04
3.124588003555318517e-06 5.397580298661452470e-04
3.934116182577537338e-06 5.877797932251982785e-04
4.560796609296512675e-06 5.662552517610264062e-04
6.037319665913205982e-06 5.899846344310423095e-04
9.569187525984062723e-06 7.166741297601607764e-04
1.566016637073268708e-05 8.212843287665268395e-04
2.482133623565399593e-05 9.690521918971534187e-04
3.017046428836487582e-05 1.050481943126845095e-03
3.798351780013543632e-05 1.049746733282806710e-03
4.953909156798886964e-05 1.110549448854354897e-03
6.235647561714818842e-05 1.274692804387391127e-03
7.850564708489312282e-05 1.373209491728674724e-03
9.508971239428749248e-05 1.357474016263519184e-03
1.244012114487081289e-04 1.426287157906978983e-03
1.565992869034256278e-04 1.641314187219465462e-03
1.890232902614931139e-04 1.610229797450246593e-03
2.482181019558905898e-04 1.686474617056527275e-03
3.125357532454887304e-04 1.953963714098205882e-03
3.844472621892106100e-04 1.230558790032391155e-03
4.090877015401512564e-04 1.150411675740492697e-03
5.303396193119243405e-04 2.019877008809303764e-03
6.371996827170499627e-04 2.248916680703849300e-03
6.907302163385187904e-04 2.037966755720215135e-03
7.849026174205499902e-04 1.890557388037480578e-03
1.021699744273462567e-03 2.288577739840507407e-03
1.244002361131006087e-03 2.370648071809531784e-03
1.566155531546768688e-03 2.503526881908693484e-03
1.607571058279393811e-03 2.685057757784495985e-03
1.620681019503531287e-03 2.700124493528047783e-03
1.691332589502593693e-03 2.736561897477970181e-03
1.803392749993281254e-03 2.786946858418187876e-03
1.861496914504118727e-03 2.820466996193944382e-03
1.911281023401756362e-03 2.420038795224628992e-03
2.136031695263393773e-03 1.456556305387988678e-03
7.884999999999999648e-03 1.044599292945896495e-03
1.184187499999999997e-02 1.442846455362575137e-03
1.670374999999999985e-02 1.675034789655844561e-03
2.253874999999999976e-02 1.896583734229679522e-03
2.943562499999999998e-02 2.136306956211641260e-03
4.685187500000000116e-02 2.478404834430556359e-03
6.998124999999999485e-02 2.819880107596329719e-03
9.999374999999999236e-02 3.142126834311018569e-03
1.379562500000000025e-01 3.485194689045051537e-03
1.842312499999999853e-01 3.960582710418376721e-03
2.667749999999999844e-01 4.921842564098722651e-03
3.887499999999999845e-01 6.455298255581986069e-03
4.573375000000000079e-01 7.445608270927609601e-03
4.747437499999999644e-01 2.202636891844395733e-02
5.000000000000000000e-01 2.995175535141326312e-02
5.356312500000000032e-01 1.744202332198101224e-02
5.712625000000000064e-01 1.956598084082393496e-02
6.068937500000000096e-01 2.183500489795586405e-02
6.424999999999999600e-01 2.423848938638907893e-02
6.781249999999999778e-01 2.678391067858599400e-02
7.138125000000000719e-01 2.945734449983548886e-02
7.494374999999999787e-01 3.203496047755147180e-02
7.850624999999999964e-01 3.442269259294440664e-02
8.206875000000000142e-01 3.700964919560629368e-02
8.563124999999999210e-01 3.984078635200960505e-02
8.919375000000000497e-01 4.282746361230688192e-02
9.275624999999998455e-01 4.598767187753176333e-02
9.631874999999999742e-01 4.917942358448203904e-02
9.988124999999999920e-01 5.221694332287830226e-02
1.043211831348194618e+00 5.901173208314334367e-02
1.081704842253472076e+00 6.884837071641949913e-02
1.116511752112420153e+00 7.794520330940996056e-02
1.148348150668387468e+00 8.703907319667500420e-02
1.177732217949079008e+00 9.613083084574977621e-02
1.205052360649036647e+00 1.052210288150405154e-01
1.230607917823477671e+00 1.143100424944995253e-01
1.254634923539101665e+00 1.233981350909070795e-01
1.277323095932845876e+00 1.324854970173565127e-01
1.298827430435226749e+00 1.415723015691284781e-01
1.319276343239033089e+00 1.506585599546793330e-01
1.338777535310388789e+00 1.597442873187162882e-01
1.357422306890917030e+00 1.688300124328530882e-01
1.375288792366659019e+00 1.779154210560086602e-01
1.392444426405842650e+00 1.870003151131080510e-01
1.408947852125618017e+00 1.960851357478360923e-01
1.424850417268289204e+00 2.051697809304494635e-01
1.440197361461736936e+00 2.142541228780071305e-01
1.455028768613157331e+00 2.233385491145396806e-01
1.469380338471800496e+00 2.324229464505413456e-01
1.483284017356597539e+00 2.415070833485571111e-01
1.496768518039344187e+00 2.505908945403583776e-01
1.509859751540962192e+00 2.596748570143659340e-01
1.522581188299748201e+00 2.687588977295181092e-01
1.534954162241653819e+00 2.778420631264859053e-01
1.546998128336482203e+00 2.869262904579097384e-01
1.558730881991581052e+00 2.960104502738392096e-01
1.570168746926673409e+00 3.050935275031548266e-01
1.581326736854982151e+00 3.141768518075717664e-01
1.592218695269064010e+00 3.232609515751013185e-01
1.602857416824499337e+00 3.323444227038422905e-01
1.613254753177442602e+00 3.414267542026679370e-01
1.623421705625227141e+00 3.505107152892615319e-01
1.633368506492853589e+00 3.595946865046136809e-01
1.643104690880670349e+00 3.686780188701215266e-01
1.652639160122825857e+00 3.777611873695287392e-01
1.661980238089390882e+00 3.868433867317065955e-01
1.671135721287426934e+00 3.959274554944244850e-01
1.680112923569839989e+00 4.050107244247060367e-01
1.688918716139740539e+00 4.140940470788854189e-01
1.697559563437178287e+00 4.231781525996002324e-01
1.706041555410980237e+00 4.322604208581294349e-01
1.714370436607814296e+00 4.413437577138907275e-01
1.722551632451144732e+00 4.504269062876590790e-01
1.730590273032544646e+00 4.595100180118780187e-01
1.738491214695148113e+00 4.685935441598822471e-01
1.746259059652837120e+00 4.776765872732103291e-01
1.753898173857746379e+00 4.867588301519696348e-01
1.761412703302136729e+00 4.958423591365006544e-01
1.768806588917907652e+00 5.049234425149313754e-01
1.776083580217374225e+00 5.140076958583877920e-01
1.783247247801940993e+00 5.230942218076523043e-01
1.790300994850611005e+00 5.321757895691437978e-01
1.797248067687476913e+00 5.412360972924641356e-01
1.804091565516215523e+00 5.503413111079359377e-01
1.810834449399857382e+00 5.594457743642609060e-01
1.817479550555715084e+00 5.685066155756308692e-01
1.824029578027593468e+00 5.775927273764750458e-01
1.830487125791299574e+00 5.866701882195514139e-01
1.836854679343265850e+00 5.957532929183778636e-01
1.843134621817240859e+00 6.048415813823988518e-01
1.849329239669402991e+00 6.139190338370319466e-01
1.855440727968286074e+00 6.230053243321038714e-01
1.861471195322337291e+00 6.320902939396132458e-01
1.867422668474770120e+00 6.411695115293533087e-01
1.873297096592567490e+00 6.502514686401942301e-01
1.879096355273994545e+00 6.593382883124746519e-01
1.884822250296682933e+00 6.684238383693310581e-01
1.890476521126408294e+00 6.775014853129531778e-01
1.896060844204824125e+00 6.865829920725913249e-01
1.901576836032817130e+00 6.956699441347836688e-01
1.907026056064697883e+00 7.047439750615368537e-01
1.912410009427114144e+00 7.138330294008023991e-01
1.917730149475393553e+00 7.229258292488253135e-01
1.922987880198975486e+00 7.319952601517095703e-01
1.928184558486569999e+00 7.410862379157630020e-01
1.933321496260880679e+00 7.501710789799785895e-01
1.938399962491851536e+00 7.592444220336183047e-01
1.943421185096769088e+00 7.683294501855802983e-01
1.948386352734794436e+00 7.774171158104812296e-01
1.953296616502980143e+00 7.865010488623814799e-01
1.958153091540263180e+00 7.955791619729056796e-01
1.962956858545401584e+00 8.046636797798535357e-01
1.967708965214399752e+00 8.137519355988150904e-01
1.972410427602558247e+00 8.228344116594578095e-01
1.977062231415865901e+00 8.319091888645430144e-01
1.981665333236147797e+00 8.409902603275339894e-01
1.986220661684040767e+00 8.500769580842805206e-01
1.990729118523595798e+00 8.591409326656793688e-01
1.995191579711990792e+00 8.682454138797482956e-01
1.999608896397676583e+00 8.773467907759858742e-01
2.003981895869947571e+00 8.864075453586310882e-01
2.008311382462814709e+00 8.954941299969351176e-01
2.012598138415801152e+00 9.045781066471487719e-01
2.016842924694125738e+00 9.136602538804006191e-01
2.021046481770592429e+00 9.227372294207716319e-01
2.025209530371309796e+00 9.318041070075234744e-01
2.029332772187271150e+00 9.409167786401436695e-01
2.033416890553663148e+00 9.472358165640831773e-01
2.054826893857240044e+00 9.499975305392928115e-01
2.081659194308953520e+00 9.500005827660529256e-01
2.108508798431556475e+00 9.500029633442440558e-01
2.135375512297116973e+00 9.500027085239143299e-01
2.162259135930651333e+00 9.500008854211557940e-01
2.189159483740694245e+00 9.500015669443164779e-01
2.216076368585689238e+00 9.500052745834453027e-01
2.243009618563235996e+00 9.499994554896198373e-01
2.269959034335814696e+00 9.499974259845755942e-01
2.296924464679091837e+00 9.500023959913194149e-01
2.323905732773058119e+00 9.500011666217469397e-01
2.350902675008825327e+00 9.499976394423239601e-01
2.377915125134657526e+00 9.500011554316272200e-01
2.404942928457906692e+00 9.500054890223564863e-01
2.431985927361948185e+00 9.500000636758253458e-01
2.459043988453554874e+00 9.499989925362514187e-01
2.486116908592722829e+00 9.500027218840427778e-01
2.513204597122570938e+00 9.499993149249511548e-01
2.540306892466459132e+00 9.499987643728846631e-01
2.567423644064465993e+00 9.500034217339109466e-01
2.594554736880620549e+00 9.500026992999178743e-01
2.621700020347754734e+00 9.500007744400399412e-01
2.648859357717483931e+00 9.500001397142513460e-01
2.676032629460310286e+00 9.499887233998283165e-01
2.703219704559434611e+00 9.500005992276662203e-01
2.730420458159549479e+00 9.500120642695208950e-01
2.757634768028249805e+00 9.500008270765947227e-01
2.784862513262413408e+00 9.500003720165655086e-01
2.812103575022057544e+00 9.500008705528761865e-01
2.839357838065889261e+00 9.500034979293038306e-01
2.866625188757408349e+00 9.499798804704683297e-01
2.893905512088569054e+00 9.499982250407479345e-01
2.921198701054846580e+00 9.500194260256379364e-01
2.948504646773562055e+00 9.500002869557003793e-01
2.975823241525334950e+00 9.500028999010452502e-01
3.003154382346882034e+00 9.500004336923754122e-01
3.030497965653036196e+00 9.500012222072494739e-01
3.057853890464255375e+00 9.500014310319110367e-01
3.085222043215241960e+00 9.499999007451185307e-01
3.112602368723416557e+00 9.500000349170207858e-01
3.139994727846190159e+00 9.499894016967960209e-01
3.167399040916336617e+00 9.500014446316624728e-01
3.194815214037269424e+00 9.500104299831471089e-01
3.222243155902119849e+00 9.499995587142957554e-01
3.249682801791262676e+00 9.500006420241664529e-01
3.277133986933262744e+00 9.499996746030991979e-01
3.304596699854735142e+00 9.500012497604369832e-01
3.332070822636512553e+00 9.500029436709016561e-01
3.359556287975482114e+00 9.500021726647966958e-01
3.387052996135939242e+00 9.499978494836021081e-01
3.414560870280079818e+00 9.499982390137471366e-01
3.442079829352282072e+00 9.500006047488577243e-01
3.469609797611601376e+00 9.500015456482036047e-01
3.497150677480689751e+00 9.500120182032149030e-01
3.524702432347874392e+00 9.500106031814948837e-01
3.552264932406822506e+00 9.499908953102123021e-01
3.579838143962970509e+00 9.499900311303733913e-01
3.607421975060707275e+00 9.499997570270640734e-01
3.635016357901731610e+00 9.500007663234186772e-01
3.662621221803660010e+00 9.500013704963303773e-01
3.690236487864023029e+00 9.500011168127191485e-01
3.717862087497838530e+00 9.500006684462235507e-01
3.745497959894855455e+00 9.500000167240741922e-01
3.773144029484430728e+00 9.500012397766864902e-01
3.800800231395143225e+00 9.499993624225776534e-01
3.828466500597554223e+00 9.499984861995851571e-01
3.856142768785237873e+00 9.500017932340103499e-01
3.883828977223517498e+00 9.499999043529766540e-01
3.911525057560570673e+00 9.499993543756186654e-01
3.939230932509965033e+00 9.499980100549275663e-01
3.966946564580640988e+00 9.499993952728686963e-01
3.994671880209542891e+00 9.500028858486684324e-01
4.022406822185630837e+00 9.500005962157960226e-01
4.050151328610790635e+00 9.500001194744384092e-01
4.077905340287816927e+00 9.500007750163055320e-01
4.105668801408387303e+00 9.500055491577565903e-01
4.133441653958389139e+00 9.500007940601512546e-01
4.161223843139790546e+00 9.499962073411316599e-01
4.189015298496898687e+00 9.500007055723428406e-01
4.216815983039891691e+00 9.499885951482220925e-01
4.244625834305689516e+00 9.499989073853508659e-01
4.272444800894122707e+00 9.500105807995450347e-01
4.300272823621724250e+00 9.500007029722358221e-01
4.328109854452106831e+00 9.500010174518209727e-01
4.355955841451065069e+00 9.499991832577665551e-01
4.383810742378527081e+00 9.500008775878205913e-01
4.411674473734770174e+00 9.500016466355091227e-01
4.439547043370528634e+00 9.500009677986424039e-01
4.467428315158165297e+00 9.500020713759990132e-01
4.495318309501322496e+00 9.500013125159851857e-01
4.523216970374109636e+00 9.499988482855179495e-01
4.551124235869372647e+00 9.499986757318408248e-01
4.579040045921979996e+00 9.500010860357841480e-01
4.606964380452473584e+00 9.500008223198564972e-01
4.634897178124103512e+00 9.499991911089747942e-01
4.662838398325933831e+00 9.499964568667419451e-01
4.690787985621208911e+00 9.499965453442912322e-01
4.718745905926528650e+00 9.500017858233177348e-01
4.746712111096771380e+00 9.500036758677419257e-01
4.774686559105584038e+00 9.500000211233983194e-01
