4.952537249168800131e-14 5.953753082774380598e-08
1.566129790419824970e-13 8.807631695151540973e-08
4.952537249168799248e-13 1.775938083076173131e-07
1.566129790419824970e-12 3.580934868326825599e-07
4.952537249168799652e-12 7.220460163935500205e-07
1.566129790419824889e-11 1.455904986976095134e-06
4.952537249168800136e-11 2.935625099187386551e-06
1.566129790419825019e-10 5.919253550845612130e-06
4.952537249168800007e-10 1.193523185168752067e-05
1.566129790419824915e-09 2.310632178805170544e-05
3.933813962751799886e-09 3.995049528762279975e-05
9.881553117908999810e-09 6.440544139696226570e-05
2.482168066167650184e-08 8.548651529247659037e-05
3.124612660451331381e-08 1.009600823465522750e-04
6.233537723851918373e-08 1.392687824821815161e-04
1.243988713191675034e-07 1.826656129576688750e-04
2.482560254491556392e-07 2.364061018494339290e-04
4.952616027829143434e-07 3.030571839274861113e-04
9.881337893590936638e-07 3.413062486315273552e-04
1.243957541030774934e-06 3.767370200458285850e-04
1.971873096645012567e-06 4.677034532231630240e-04
3.124588003555318517e-06 5.397580298661452470e-04
3.934116182577537338e-06 5.877797932251982785e-04
4.560796609296512675e-06 5.662552517610264062e-04
6.037319665913205982e-06 5.899846344310423095e-04
9.569187525984062723e-06 7.166741297601607764e-04
1.566016637073268708e-05 8.212843287665268395e-04
2.482133623565399593e-05 9.690521918971534187e-04
3.017046428836487582e-05 1.050481943126845095e-03
3.798351780013543632e-05 1.049746733282806710e-03
4.953909156798886964e-05 1.110549448854354897e-03
6.235647561714818842e-05 1.274692804387391127e-03
7.850564708489312282e-05 1.373209491728674724e-03
9.508971239428749248e-05 1.357474016263519184e-03
1.244012114487081289e-04 1.426287157906978983e-03
1.565992869034256278e-04 1.641314187219465462e-03
1.890232902614931139e-04 1.610229797450246593e-03
2.482181019558905898e-04 1.686474617056527275e-03
3.125357532454887304e-04 1.953963714098205882e-03
3.844472621892106100e-04 1.230558790032391155e-03
4.090877015401512564e-04 1.150411675740492697e-03
5.303396193119243405e-04 2.019877008809303764e-03
6.371996827170499627e-04 2.248916680703849300e-03
6.907302163385187904e-04 2.037966755720215135e-03
7.849026174205499902e-04 1.890557388037480578e-03
1.021699744273462567e-03 2.288577739840507407e-03
1.244002361131006087e-03 2.370648071809531784e-03
1.566155531546768688e-03 2.503526881908693484e-03
1.607571058279393811e-03 2.685057757784495985e-03
1.620681019503531287e-03 2.700124493528047783e-03
1.691332589502593693e-03 2.736561897477970181e-03
1.803392749993281254e-03 2.786946858418187876e-03
1.861496914504118727e-03 2.820466996193944382e-03
1.911281023401756362e-03 2.420038795224628992e-03
2.136031695263393773e-03 1.456556305387988678e-03
7.884999999999999648e-03 1.044599292945896495e-03
1.184187499999999997e-02 1.442846455362575137e-03
1.670374999999999985e-02 1.675034789655844561e-03
2.253874999999999976e-02 1.896583734229679522e-03
2.943562499999999998e-02 2.136306956211641260e-03
4.685187500000000116e-02 2.478404834430556359e-03
6.998124999999999485e-02 2.819880107596329719e-03
9.999374999999999236e-02 3.142126834311018569e-03
1.379562500000000025e-01 3.485194689045051537e-03
1.842312499999999853e-01 3.960582710418376721e-03
2.667749999999999844e-01 4.921842564098722651e-03
3.887499999999999845e-01 6.455298255581986069e-03
4.573375000000000079e-01 7.445608270927609601e-03
4.747437499999999644e-01 2.202636891844395733e-02
5.000000000000000000e-01 2.995175535141326312e-02
5.356312500000000032e-01 1.744202332198101224e-02
5.712625000000000064e-01 1.956598084082393496e-02
6.068937500000000096e-01 2.183500489795586405e-02
6.424999999999999600e-01 2.423848938638907893e-02
6.781249999999999778e-01 2.678391067858599400e-02
7.138125000000000719e-01 2.945734449983548886e-02
7.494374999999999787e-01 3.203496047755147180e-02
7.850624999999999964e-01 3.442269259294440664e-02
8.206875000000000142e-01 3.700964919560629368e-02
8.563124999999999210e-01 3.984078635200960505e-02
8.919375000000000497e-01 4.282746361230688192e-02
9.275624999999998455e-01 4.598767187753176333e-02
9.631874999999999742e-01 4.917942358448203904e-02
9.988124999999999920e-01 5.239030616941555557e-02
1.103415034312372089e+00 5.942470022053066014e-02
1.200140954523798431e+00 6.884097776932805723e-02
1.291314875163684484e+00 7.793828730923246795e-02
1.377767893300082758e+00 8.703254350679208440e-02
1.460131101880393301e+00 9.612462045606065542e-02
1.538898297305647755e+00 1.052150871269376398e-01
1.614465291248663448e+00 1.143043299039519511e-01
1.687155724239907562e+00 1.233926193586774439e-01
1.757238669787555496e+00 1.324801561519150517e-01
1.824941024611909102e+00 1.415670116876201479e-01
1.890456465259005236e+00 1.506535102556120220e-01
1.953952072721675703e+00 1.597394452441717183e-01
2.015573330662841833e+00 1.688251928110190980e-01
2.075447962834471749e+00 1.779107284092954766e-01
2.133688925009184167e+00 1.869956903768655032e-01
2.190396769915178066e+00 1.960805861739207401e-01
2.245661539681729213e+00 2.051653208360758873e-01
2.299564297060825435e+00 2.142497445994082095e-01
2.352178376872096521e+00 2.233341543398008611e-01
2.403570418179481027e+00 2.324186716933348273e-01
2.453801222761225365e+00 2.415027305262961166e-01
2.502926474603960560e+00 2.505871352646070749e-01
2.550997347195303799e+00 2.596710103203856423e-01
2.598061019470877753e+00 2.687544915262107259e-01
2.644161116817437485e+00 2.778380123174163940e-01
2.689338090145950044e+00 2.869223405187734111e-01
2.733629543445545540e+00 2.960066237986715421e-01
2.777070518211063987e+00 3.050896594891768787e-01
2.819693741558975564e+00 3.141717355937392320e-01
2.861529843601811507e+00 3.232568646555682990e-01
2.902607548663056924e+00 3.323420202184837469e-01
2.942953844123792351e+00 3.414236220387129594e-01
2.982594130055604253e+00 3.505070277402642098e-01
3.021552352278325859e+00 3.595907633882022836e-01
3.059851121060582990e+00 3.686744186841232618e-01
3.097511817336314977e+00 3.777575516732325500e-01
3.134554688026284452e+00 3.868405045635043282e-01
3.170998931818324262e+00 3.959246973436720274e-01
3.206862776564143314e+00 4.050061755715140266e-01
3.242163549286869451e+00 4.140899489195407623e-01
3.276917739656036943e+00 4.231750036760180689e-01
3.311141057670740295e+00 4.322568951893132616e-01
3.344848486193848558e+00 4.413380064680852977e-01
3.378054328896429759e+00 4.504238394523443212e-01
3.410772254101126499e+00 4.595094390179267907e-01
3.443015334951577966e+00 4.685900252877919780e-01
3.474796086283814756e+00 4.776730424470906899e-01
3.506126498529708257e+00 4.867556527532713728e-01
3.537018068944410842e+00 4.958389519750639463e-01
3.567481830415768052e+00 5.049220804315106559e-01
3.597528378084629885e+00 5.140045281163133639e-01
3.627167893979531321e+00 5.230886687550018177e-01
3.656410169846938896e+00 5.321727742194635180e-01
3.685264628339137705e+00 5.412547247975851850e-01
3.713740342704046959e+00 5.503377788146854854e-01
3.741846055107273639e+00 5.594206868153315249e-01
3.769590193702636149e+00 5.685035927140665857e-01
3.796980888556078515e+00 5.775910047376709988e-01
3.824025986517487929e+00 5.866658089096046247e-01
3.850733065125846455e+00 5.957490750756555542e-01
3.877109445624729034e+00 6.048552954971806450e-01
3.903162205158265063e+00 6.139184080577704261e-01
3.928898188210827591e+00 6.229866557087820889e-01
3.954324017348231024e+00 6.320846684185144060e-01
3.979446103312816341e+00 6.411658814943012041e-01
4.004270654520258432e+00 6.502496751425571597e-01
4.028803686001760198e+00 6.593318802846038773e-01
4.053051027831449993e+00 6.684215400537710794e-01
4.077018333075490553e+00 6.775030759071437592e-01
4.100711085296373959e+00 6.865776295019849762e-01
4.124134605642977291e+00 6.956669712864577138e-01
4.147294059554625711e+00 7.047381374513982388e-01
4.170194463105032057e+00 7.138305477862354476e-01
4.192840689009927679e+00 7.229243630734267789e-01
4.215237472320415790e+00 7.319920040972661690e-01
4.237389415822295113e+00 7.410861623335119885e-01
4.259300995160003822e+00 7.501653710910084483e-01
4.280976563702656001e+00 7.592406998293855791e-01
4.302420357168081466e+00 7.683287770079636481e-01
4.323636498019662433e+00 7.774086420517981599e-01
4.344628999649880363e+00 7.864996178425323059e-01
4.365401770363209089e+00 7.955840253192675293e-01
4.385958617170309992e+00 8.046608422741201583e-01
4.406303249404517786e+00 8.137484320739476473e-01
4.426439282170902878e+00 8.228309016459686154e-01
4.446370239637419175e+00 8.319143540698161754e-01
4.466099558177168305e+00 8.409832499343878887e-01
4.485630589370023458e+00 8.500665477087397948e-01
4.504966602871358639e+00 8.591617452044520986e-01
4.524110789155119328e+00 8.682423148764504273e-01
4.543066262138175659e+00 8.773223842876776146e-01
4.561836061692168265e+00 8.864054814645708769e-01
4.580423156048754940e+00 8.954939312796573736e-01
4.598830444103988668e+00 9.045755171267844119e-01
4.617060757626923362e+00 9.136607591285498264e-01
4.635116863377386487e+00 9.227250367849746393e-01
4.653001465137625914e+00 9.314581117061817572e-01
4.670717205661953031e+00 9.408982493599308272e-01
4.688266668548597416e+00 9.477608270303814475e-01
4.737629790104445071e+00 9.500071083978538500e-01
4.777039053151202808e+00 9.500031230546471805e-01
4.816464541762263352e+00 9.500037059826130781e-01
4.855906188693944969e+00 9.499945066160548901e-01
4.895363863381457570e+00 9.499934853169177407e-01
4.934837448825702744e+00 9.500071923239626903e-01
4.974326820571131513e+00 9.500080366867063031e-01
5.013831879275115533e+00 9.500000316425050162e-01
5.053352505645849924e+00 9.500063345694920169e-01
5.092888576219697150e+00 9.499990040178517559e-01
5.132440031946535974e+00 9.499959547776980484e-01
5.172006756724775833e+00 9.499961789810182911e-01
5.211588541938308339e+00 9.499989067575869139e-01
5.251185406675454637e+00 9.499934849697306838e-01
5.290797200761023333e+00 9.499987726655164666e-01
5.330423834532166616e+00 9.500170103789591369e-01
5.370065188246234023e+00 9.500008459470177247e-01
5.409721201597428752e+00 9.499952504340279935e-01
5.449391744637167356e+00 9.499957430538329417e-01
5.489076736298015291e+00 9.499982171062041347e-01
5.528776072068154690e+00 9.500055806850655760e-01
5.568489670334806796e+00 9.500093136981022646e-01
5.608217438204954775e+00 9.499994825914885865e-01
5.647959280942905558e+00 9.499933088392708003e-01
5.687715122721497707e+00 9.499999323391438155e-01
5.727484825426675918e+00 9.499975871951058526e-01
5.767268375188189466e+00 9.499971065382368796e-01
5.807065636871470815e+00 9.500044349713470115e-01
5.846876536968491855e+00 9.500038327662599924e-01
5.886701010380724242e+00 9.500015457271558939e-01
5.926538951049526105e+00 9.500017760268097966e-01
5.966390290988069722e+00 9.500037089359315567e-01
6.006254938894238116e+00 9.499973194608128946e-01
6.046132882057682068e+00 9.499970300819559066e-01
6.086023858396679920e+00 9.500012685465951678e-01
6.125927975098701239e+00 9.500003433253098040e-01
6.165845091805078226e+00 9.500009352822448294e-01
6.205775150241031213e+00 9.499987518090147187e-01
6.245718028562582624e+00 9.500007527121167028e-01
6.285673696109548736e+00 9.500065064994308583e-01
6.325642067453798312e+00 9.499994614432386575e-01
6.365623072355004908e+00 9.499972940119572051e-01
6.405616636453683732e+00 9.500003870037065923e-01
6.445622783590337690e+00 9.499969154823939554e-01
6.485641158786931371e+00 9.499986275458999208e-01
6.525671975416162951e+00 9.500052311325446475e-01
6.565715076526889682e+00 9.500016108203224174e-01
6.605770402664457919e+00 9.499971757289035201e-01
6.645837874216592667e+00 9.499975750648730344e-01
6.685917415317018886e+00 9.500015414836234795e-01
6.726008988374325703e+00 9.500140325544612629e-01
6.766112498106001460e+00 9.499978734836400651e-01
6.806227913307672850e+00 9.500524098543877694e-01
6.846355134501092898e+00 9.500010642964402674e-01
6.886494128355540312e+00 9.500205874754593660e-01
6.926644796437285478e+00 9.499972124817749330e-01
6.966807159176771513e+00 9.499546559045576322e-01
7.006981075285518834e+00 9.499919079943990319e-01
7.047166510364688108e+00 9.500060156533031153e-01
7.087363404290869084e+00 9.500080334080649447e-01
7.127571704672677200e+00 9.499590599307256022e-01
7.167791347723317941e+00 9.500021086701614381e-01
7.208022278129790905e+00 9.499995780002267187e-01
7.248264447930342413e+00 9.500046399512991346e-01
7.288517776004890258e+00 9.499996938139313452e-01
7.328782231028078797e+00 9.499990342289778011e-01
7.369057755321550829e+00 9.500009830025372137e-01
7.409344270985235070e+00 9.500019454628624294e-01
7.449641754694964924e+00 9.499941691756009776e-01
7.489950140081454322e+00 9.499985981996668105e-01
7.530269371561843172e+00 9.500079433946672092e-01
7.570599403819342932e+00 9.500053947268973786e-01
7.610939737079280398e+00 9.500007592243591148e-01
7.651291648212585450e+00 9.499943665364632972e-01
7.691653762122540705e+00 9.499991646915416643e-01
7.732026468105710038e+00 9.499998861190205313e-01
7.772409715884678327e+00 9.499983631530306560e-01
7.812803462058205639e+00 9.500023643708880305e-01
7.853207647644704359e+00 9.499966535352127872e-01
7.893622227997077800e+00 9.499982202483681082e-01
7.934047166980715993e+00 9.500041826921025168e-01
7.974482400662292747e+00 9.499982679543109709e-01
8.014927888384571375e+00 9.499975041824528788e-01
8.055383593460783587e+00 9.500021182864357705e-01
8.095849438943758969e+00 9.500043892105864973e-01
8.136325430846017781e+00 9.500011474197421757e-01
8.176811457052703958e+00 9.499971650740804963e-01
8.217307522228130878e+00 9.500014898307326261e-01
8.257813572637443755e+00 9.500004330489423277e-01
8.298329484990397020e+00 9.499860827851744904e-01
8.338855438771258122e+00 9.499796264848634486e-01
8.379391169611791312e+00 9.500131452343230087e-01
8.419936720161611987e+00 9.500175955516750870e-01
8.460492004072449390e+00 9.500019016052941856e-01
8.501057027668005972e+00 9.500034522188824937e-01
8.541631736753961590e+00 9.499977981125641291e-01
8.582216078894180811e+00 9.499951234056482896e-01
8.622810020814132059e+00 9.499983922576432649e-01
8.663413522657611665e+00 9.500041864139050496e-01
8.704026543386653714e+00 9.499984996030809148e-01
