4.952537249168800131e-14 5.953753082774380598e-08
1.566129790419824970e-13 8.807631695151540973e-08
4.952537249168799248e-13 1.775938083076173131e-07
1.566129790419824970e-12 3.580934868326825599e-07
4.952537249168799652e-12 7.220460163935500205e-07
1.566129790419824889e-11 1.455904986976095134e-06
4.952537249168800136e-11 2.935625099187386551e-06
1.566129790419825019e-10 5.919253550845612130e-06
4.952537249168800007e-10 1.193523185168752067e-05
1.566129790419824915e-09 2.310632178805170544e-05
3.933813962751799886e-09 3.995049528762279975e-05
9.881553117908999810e-09 6.440544139696226570e-05
2.482168066167650184e-08 8.548651529247659037e-05
3.124612660451331381e-08 1.009600823465522750e-04
6.233537723851918373e-08 1.392687824821815161e-04
1.243988713191675034e-07 1.826656129576688750e-04
2.482560254491556392e-07 2.364061018494339290e-04
4.952616027829143434e-07 3.030571839274861113e-04
9.881337893590936638e-07 3.413062486315273552e-04
1.243957541030774934e-06 3.767370200458285850e-04
1.971873096645012567e-06 4.677034532231630240e-04
3.124588003555318517e-06 5.397580298661452470e-04
3.934116182577537338e-06 5.877797932251982785e-04
4.560796609296512675e-06 5.662552517610264062e-04
6.037319665913205982e-06 5.899846344310423095e-04
9.569187525984062723e-06 7.166741297601607764e-04
1.566016637073268708e-05 8.212843287665268395e-04
2.482133623565399593e-05 9.690521918971534187e-04
3.017046428836487582e-05 1.050481943126845095e-03
3.798351780013543632e-05 1.049746733282806710e-03
4.953909156798886964e-05 1.110549448854354897e-03
6.235647561714818842e-05 1.274692804387391127e-03
7.850564708489312282e-05 1.373209491728674724e-03
9.508971239428749248e-05 1.357474016263519184e-03
1.244012114487081289e-04 1.426287157906978983e-03
1.565992869034256278e-04 1.641314187219465462e-03
1.890232902614931139e-04 1.610229797450246593e-03
2.482181019558905898e-04 1.686474617056527275e-03
3.125357532454887304e-04 1.953963714098205882e-03
3.844472621892106100e-04 1.230558790032391155e-03
4.090877015401512564e-04 1.150411675740492697e-03
5.303396193119243405e-04 2.019877008809303764e-03
6.371996827170499627e-04 2.248916680703849300e-03
6.907302163385187904e-04 2.037966755720215135e-03
7.849026174205499902e-04 1.890557388037480578e-03
1.021699744273462567e-03 2.288577739840507407e-03
1.244002361131006087e-03 2.370648071809531784e-03
1.566155531546768688e-03 2.503526881908693484e-03
1.607571058279393811e-03 2.685057757784495985e-03
1.620681019503531287e-03 2.700124493528047783e-03
1.691332589502593693e-03 2.736561897477970181e-03
1.803392749993281254e-03 2.786946858418187876e-03
1.861496914504118727e-03 2.820466996193944382e-03
1.911281023401756362e-03 2.420038795224628992e-03
2.136031695263393773e-03 1.456556305387988678e-03
7.884999999999999648e-03 1.044599292945896495e-03
1.184187499999999997e-02 1.442846455362575137e-03
1.670374999999999985e-02 1.675034789655844561e-03
2.253874999999999976e-02 1.896583734229679522e-03
2.943562499999999998e-02 2.136306956211641260e-03
4.685187500000000116e-02 2.478404834430556359e-03
6.998124999999999485e-02 2.819880107596329719e-03
9.999374999999999236e-02 3.142126834311018569e-03
1.379562500000000025e-01 3.485194689045051537e-03
1.842312499999999853e-01 3.960582710418376721e-03
2.667749999999999844e-01 4.921842564098722651e-03
3.887499999999999845e-01 6.455298255581986069e-03
4.573375000000000079e-01 7.445608270927609601e-03
4.747437499999999644e-01 2.202636891844395733e-02
5.000000000000000000e-01 2.995175535141326312e-02
5.356312500000000032e-01 1.744202332198101224e-02
5.712625000000000064e-01 1.956598084082393496e-02
6.068937500000000096e-01 2.183500489795586405e-02
6.424999999999999600e-01 2.423848938638907893e-02
6.781249999999999778e-01 2.678391067858599400e-02
7.138125000000000719e-01 2.945734449983548886e-02
7.494374999999999787e-01 3.203496047755147180e-02
7.850624999999999964e-01 3.442269259294440664e-02
8.206875000000000142e-01 3.700964919560629368e-02
8.563124999999999210e-01 3.984078635200960505e-02
8.919375000000000497e-01 4.282746361230688192e-02
9.275624999999998455e-01 4.598767187753176333e-02
9.631874999999999742e-01 4.917942358448203904e-02
9.988124999999999920e-01 5.233394039847802381e-02
1.062925423922075341e+00 5.923098273472820335e-02
1.119900204222941564e+00 6.884334874721131925e-02
1.172140716275260619e+00 7.794067468748010208e-02
1.220504039093317505e+00 8.703493534735604054e-02
1.265620058105907608e+00 9.612701022542591289e-02
1.307967219025303551e+00 1.052174708712404622e-01
1.347918725888216818e+00 1.143067057605770959e-01
1.385772129788507501e+00 1.233949872041503748e-01
1.421769053426597429e+00 1.324825121963984498e-01
1.456108785496256663e+00 1.415694721538013623e-01
1.488957918075062725e+00 1.506558427940713485e-01
1.520457346073435634e+00 1.597416467580026755e-01
1.550727458591114605e+00 1.688275061500978946e-01
1.579872060670639566e+00 1.779130251274590457e-01
1.607981384441544259e+00 1.869979779401329256e-01
1.635134434747125054e+00 1.960828725635814784e-01
1.661400840154355185e+00 2.051675851897298564e-01
1.686842330785906841e+00 2.142519716811139008e-01
1.711513930744697154e+00 2.233364526852159304e-01
1.735464929549262347e+00 2.324209303972705754e-01
1.758739680523969673e+00 2.415050516963854199e-01
1.781378262284630809e+00 2.505889542582793728e-01
1.803417030882745520e+00 2.596730444877588528e-01
1.824889083857336614e+00 2.687570732514574234e-01
1.845824652738800919e+00 2.778401833030166856e-01
1.866251437005439051e+00 2.869245019753032255e-01
1.886194889796033003e+00 2.960087718526688838e-01
1.905678463609661311e+00 3.050918019528867098e-01
1.924723822617034896e+00 3.141750560045824536e-01
1.943351026952295779e+00 3.232593687459614507e-01
1.961578693364550707e+00 3.323429019733354917e-01
1.979424135823492525e+00 3.414250046557406604e-01
1.996903489046297109e+00 3.505090262398133927e-01
2.014031817408332259e+00 3.595931493011561564e-01
2.030823211292267949e+00 3.686765843252324260e-01
2.047290872597903100e+00 3.777596027239427667e-01
2.063447190863240355e+00 3.868425224458618139e-01
2.079303811223905729e+00 3.959264171111853137e-01
2.094871695253076371e+00 4.050019961460472606e-01
2.110161175570789194e+00 4.140922914844044067e-01
2.125182004983433792e+00 4.231834653254156753e-01
2.139943400807001961e+00 4.322589887415132504e-01
2.154454084937591052e+00 4.413423586530990650e-01
2.168722320156371453e+00 4.504256333895647613e-01
2.182755943091856832e+00 4.595084506470502594e-01
2.196562394207310476e+00 4.685917850610609170e-01
2.210148745134376647e+00 4.776755036438471436e-01
2.223521723633882896e+00 4.867578878255723884e-01
2.236687736430352125e+00 4.958410574575874974e-01
2.249652890137100236e+00 5.049221321129099271e-01
2.262423010463135764e+00 5.140060450258341351e-01
2.275003659870955541e+00 5.230929024017306750e-01
2.287400153834962868e+00 5.321748646844169928e-01
2.299617575833496463e+00 5.412565795274609792e-01
2.311660791192867936e+00 5.503397133786256390e-01
2.323534459888684900e+00 5.594222177598786594e-01
2.335243048398983667e+00 5.685053885755103620e-01
2.346790840693310898e+00 5.775921545292259651e-01
2.358181948433486941e+00 5.866679193934389858e-01
2.369420320453970774e+00 5.957514678554070020e-01
2.380509751582946976e+00 6.048414361085144852e-01
2.391453890859298603e+00 6.139175094267517174e-01
2.402256249195160454e+00 6.230042156938684350e-01
2.412920206529078015e+00 6.320894518051677347e-01
2.423449018510499986e+00 6.411682309440120964e-01
2.433845822752552124e+00 6.502532434546762774e-01
2.444113644686666031e+00 6.593371504230248759e-01
2.454255403049574458e+00 6.684201654633389333e-01
2.464273915030469553e+00 6.775013759182024753e-01
2.474171901103706883e+00 6.865811806370772929e-01
2.483951989570140295e+00 6.956679110786052611e-01
2.493616720828321753e+00 7.047412071605794193e-01
2.503168551394894692e+00 7.138320159035795864e-01
2.512609857691939119e+00 7.229266908952008963e-01
2.521942939617581203e+00 7.319947455522461954e-01
2.531170023914781630e+00 7.410852161622749623e-01
2.540293267352115247e+00 7.501696434071158937e-01
2.549314759729155444e+00 7.592427558335105298e-01
2.558236526718168591e+00 7.683155354782810198e-01
2.567060532552861929e+00 7.774166689038564115e-01
2.575788682574104538e+00 7.865125889812119020e-01
2.584422825641860211e+00 7.955782169768238488e-01
2.592964756421756611e+00 8.046619339744938149e-01
2.601416217554216370e+00 8.137503259972760361e-01
2.609778901713400767e+00 8.228302578655891653e-01
2.618054453562731254e+00 8.319084987262422848e-01
2.626244471613295328e+00 8.409930418766062843e-01
2.634350509990923239e+00 8.500767105860979056e-01
2.642374080117383173e+00 8.591421385753152951e-01
2.650316652310758858e+00 8.682439004693511819e-01
2.658179657309649890e+00 8.773436858940361072e-01
2.665964487725636545e+00 8.864103740577089496e-01
2.673672499428068949e+00 8.954938160062474450e-01
2.681305012864991344e+00 9.045742820332502987e-01
2.688863314323751919e+00 9.136573130030465340e-01
2.696348657134670646e+00 9.227352660710608223e-01
2.703762262820837758e+00 9.318023157145882696e-01
2.711105322196964096e+00 9.408866013626873137e-01
2.718378996420048210e+00 9.472702783725361897e-01
2.747001018782444515e+00 9.500062554938101256e-01
2.777863673259324262e+00 9.500002499012311086e-01
2.808743482252525236e+00 9.500028437118408497e-01
2.839640275641515998e+00 9.500015636047710599e-01
2.870553887531904103e+00 9.500053452076449023e-01
2.901484154327474307e+00 9.500014074876477199e-01
2.932430916032297219e+00 9.499965533926314487e-01
2.963394016554247390e+00 9.500013105768236876e-01
2.994373302142868454e+00 9.499972325118551941e-01
3.025368621013587056e+00 9.500021401668194976e-01
3.056379824751704444e+00 9.500016176816779012e-01
3.087406769682718544e+00 9.500017744114923612e-01
3.118449334291552244e+00 9.499994376172724575e-01
3.149507322790879194e+00 9.499977171707737478e-01
3.180580641884943383e+00 9.500028239847777556e-01
3.211669150738567513e+00 9.500035843314392769e-01
3.242772714791775091e+00 9.499997320927847655e-01
3.273891203732659960e+00 9.499993625671014907e-01
3.305024488657873238e+00 9.500013680604854072e-01
3.336172444406112270e+00 9.500012148068414097e-01
3.367334948104521608e+00 9.500011078128138831e-01
3.398511877337972109e+00 9.499992472884677408e-01
3.429703114000164810e+00 9.499986150682527830e-01
3.460908541468285637e+00 9.500017027849200213e-01
3.492128042064844617e+00 9.500029285619630004e-01
3.523361505375360636e+00 9.500023476105267095e-01
3.554608820322678664e+00 9.499960968315585008e-01
3.585869875333712375e+00 9.499904628183514221e-01
3.617144560189899938e+00 9.500735679194762806e-01
3.648432772866981644e+00 9.500137043526730718e-01
3.679734404442162266e+00 9.499265326735761850e-01
3.711049356054028969e+00 9.499981181110632722e-01
3.742377528806156040e+00 9.500088093096332731e-01
3.773718823662806088e+00 9.499988714503831977e-01
3.805073129689935385e+00 9.499969795154518115e-01
3.836440361311522995e+00 9.500015639500265507e-01
3.867820425011975871e+00 9.500022753002107523e-01
3.899213222240760945e+00 9.499931241780721347e-01
3.930619036343065975e+00 9.499975837982996829e-01
3.962036652435803052e+00 9.500035916600545471e-01
3.993467106057138505e+00 9.500026233670854081e-01
4.024909933121432637e+00 9.500038773798545888e-01
4.056365053812740484e+00 9.499993405552845660e-01
4.087832359500432666e+00 9.499991298326931899e-01
4.119311788925226203e+00 9.500008754106268327e-01
4.150803252526654497e+00 9.500029478984624021e-01
4.182306666178789101e+00 9.499999235392692087e-01
4.213821948266329720e+00 9.500014195570013475e-01
4.245349022778558634e+00 9.499995850959350729e-01
4.276887815221930289e+00 9.499978803844223441e-01
4.308438224055109345e+00 9.499967543455903884e-01
4.340000196418301925e+00 9.499992439122473264e-01
4.371573650287029267e+00 9.500062542891634099e-01
4.403158511866684499e+00 9.500021602884473060e-01
4.434754694026316280e+00 9.500004448569234761e-01
4.466362155394517863e+00 9.499991891554154799e-01
4.497980783442027786e+00 9.500005440996199813e-01
4.529610553593888866e+00 9.500007223762032549e-01
4.561251365759483534e+00 9.499996097986100896e-01
4.592903141472114648e+00 9.500043462648354309e-01
4.624565837331018336e+00 9.500002238060185622e-01
4.656239371294285334e+00 9.499940788645557799e-01
4.687923693512559886e+00 9.499999446375936296e-01
4.719618707634805510e+00 9.499899338365017654e-01
4.751324378061883458e+00 9.500001658709852359e-01
4.783040628745735212e+00 9.500133927149714275e-01
4.814767401114646184e+00 9.500000140142758065e-01
4.846504628613838683e+00 9.499972949783626053e-01
4.878252251310817300e+00 9.500020603203367386e-01
4.910010208647507923e+00 9.500051806037826951e-01
4.941778424562492944e+00 9.499997599707654672e-01
4.973556884813917556e+00 9.499987780544258964e-01
5.005345485391218041e+00 9.500022636446533442e-01
5.037144184120179169e+00 9.499993802039664592e-01
5.068952922739538458e+00 9.499981622720139463e-01
5.100771640972933341e+00 9.499990461257324936e-01
5.132600294934798413e+00 9.500000231888038327e-01
5.164438817662722947e+00 9.500083560696679363e-01
5.196287170547907230e+00 9.500478815455497550e-01
5.228145256822077869e+00 9.499915459467637158e-01
5.260013075348866529e+00 9.499532329077239323e-01
5.291890537376313652e+00 9.500039303399715473e-01
5.323777613320276991e+00 9.500331375288867397e-01
5.355674235509191305e+00 9.500127305740271311e-01
5.387580361303204946e+00 9.499741712156440920e-01
5.419495937059710222e+00 9.499868223778838994e-01
5.451420911249243773e+00 9.500027177040187842e-01
5.483355241329142871e+00 9.499989449316753598e-01
5.515298879546999267e+00 9.499913488596328781e-01
5.547251753836206944e+00 9.500039961569559654e-01
5.579213816106054935e+00 9.499997635667221108e-01
5.611185085864512700e+00 9.499995912871026515e-01
5.643165444921619311e+00 9.500227026375961392e-01
5.675154866666405340e+00 9.500014847158023690e-01
5.707153305315865843e+00 9.499773619834415150e-01
5.739160717576453408e+00 9.499982082993618793e-01
5.771177059755113525e+00 9.499996158553770664e-01
5.803202283717226351e+00 9.500005956198517287e-01
5.835236345307030170e+00 9.500022438662129032e-01
5.867279203571524882e+00 9.499999258072134856e-01
