4.952537249168800131e-14 5.953753082774380598e-08
1.566129790419824970e-13 8.807631695151540973e-08
4.952537249168799248e-13 1.775938083076173131e-07
1.566129790419824970e-12 3.580934868326825599e-07
4.952537249168799652e-12 7.220460163935500205e-07
1.566129790419824889e-11 1.455904986976095134e-06
4.952537249168800136e-11 2.935625099187386551e-06
1.566129790419825019e-10 5.919253550845612130e-06
4.952537249168800007e-10 1.193523185168752067e-05
1.566129790419824915e-09 2.310632178805170544e-05
3.933813962751799886e-09 3.995049528762279975e-05
9.881553117908999810e-09 6.440544139696226570e-05
2.482168066167650184e-08 8.548651529247659037e-05
3.124612660451331381e-08 1.009600823465522750e-04
6.233537723851918373e-08 1.392687824821815161e-04
1.243988713191675034e-07 1.826656129576688750e-04
2.482560254491556392e-07 2.364061018494339290e-04
4.952616027829143434e-07 3.030571839274861113e-04
9.881337893590936638e-07 3.413062486315273552e-04
1.243957541030774934e-06 3.767370200458285850e-04
1.971873096645012567e-06 4.677034532231630240e-04
3.124588003555318517e-06 5.397580298661452470e-04
3.934116182577537338e-06 5.877797932251982785e-04
4.560796609296512675e-06 5.662552517610264062e-04
6.037319665913205982e-06 5.899846344310423095e-04
9.569187525984062723e-06 7.166741297601607764e-04
1.566016637073268708e-05 8.212843287665268395e-04
2.482133623565399593e-05 9.690521918971534187e-04
3.017046428836487582e-05 1.050481943126845095e-03
3.798351780013543632e-05 1.049746733282806710e-03
4.953909156798886964e-05 1.110549448854354897e-03
6.235647561714818842e-05 1.274692804387391127e-03
7.850564708489312282e-05 1.373209491728674724e-03
9.508971239428749248e-05 1.357474016263519184e-03
1.244012114487081289e-04 1.426287157906978983e-03
1.565992869034256278e-04 1.641314187219465462e-03
1.890232902614931139e-04 1.610229797450246593e-03
2.482181019558905898e-04 1.686474617056527275e-03
3.125357532454887304e-04 1.953963714098205882e-03
3.844472621892106100e-04 1.230558790032391155e-03
4.090877015401512564e-04 1.150411675740492697e-03
5.303396193119243405e-04 2.019877008809303764e-03
6.371996827170499627e-04 2.248916680703849300e-03
6.907302163385187904e-04 2.037966755720215135e-03
7.849026174205499902e-04 1.890557388037480578e-03
1.021699744273462567e-03 2.288577739840507407e-03
1.244002361131006087e-03 2.370648071809531784e-03
1.566155531546768688e-03 2.503526881908693484e-03
1.607571058279393811e-03 2.685057757784495985e-03
1.620681019503531287e-03 2.700124493528047783e-03
1.691332589502593693e-03 2.736561897477970181e-03
1.803392749993281254e-03 2.786946858418187876e-03
1.861496914504118727e-03 2.820466996193944382e-03
1.911281023401756362e-03 2.420038795224628992e-03
2.136031695263393773e-03 1.456556305387988678e-03
7.884999999999999648e-03 1.044599292945896495e-03
1.184187499999999997e-02 1.442846455362575137e-03
1.670374999999999985e-02 1.675034789655844561e-03
2.253874999999999976e-02 1.896583734229679522e-03
2.943562499999999998e-02 2.136306956211641260e-03
4.685187500000000116e-02 2.478404834430556359e-03
6.998124999999999485e-02 2.819880107596329719e-03
9.999374999999999236e-02 3.142126834311018569e-03
1.379562500000000025e-01 3.485194689045051537e-03
1.842312499999999853e-01 3.960582710418376721e-03
2.667749999999999844e-01 4.921842564098722651e-03
3.887499999999999845e-01 6.455298255581986069e-03
4.573375000000000079e-01 7.445608270927609601e-03
4.747437499999999644e-01 2.202636891844395733e-02
5.000000000000000000e-01 2.995175535141326312e-02
5.356312500000000032e-01 1.744202332198101224e-02
5.712625000000000064e-01 1.956598084082393496e-02
6.068937500000000096e-01 2.183500489795586405e-02
6.424999999999999600e-01 2.423848938638907893e-02
6.781249999999999778e-01 2.678391067858599400e-02
7.138125000000000719e-01 2.945734449983548886e-02
7.494374999999999787e-01 3.203496047755147180e-02
7.850624999999999964e-01 3.442269259294440664e-02
8.206875000000000142e-01 3.700964919560629368e-02
8.563124999999999210e-01 3.984078635200960505e-02
8.919375000000000497e-01 4.282746361230688192e-02
9.275624999999998455e-01 4.598767187753176333e-02
9.631874999999999742e-01 4.917942358448203904e-02
9.988124999999999920e-01 5.237418226607903904e-02
1.082991182015731857e+00 5.934905558518582813e-02
1.159365694139887104e+00 6.884089383773021875e-02
1.230370524503617169e+00 7.793838217445905880e-02
1.296899912062940974e+00 8.703277409934190301e-02
1.359621404844712611e+00 9.612495727034268966e-02
1.419049260573830740e+00 1.052155090252532843e-01
1.475589821426730230e+00 1.143048212024330434e-01
1.529570933342918160e+00 1.233931693648117472e-01
1.581261777737669405e+00 1.324807529622470670e-01
1.630886680849646497e+00 1.415676436522516346e-01
1.678634997193279244e+00 1.506541830070587118e-01
1.724668351783012143e+00 1.597401472831286029e-01
1.769126056512853484e+00 1.688259213769221501e-01
1.812129234173904813e+00 1.779114831031606003e-01
1.853784008528028826e+00 1.869964590102605739e-01
1.894184006927190911e+00 1.960813817281508442e-01
1.933412348543489534e+00 2.051661206757371680e-01
1.971543241994804907e+00 2.142505332824245767e-01
2.008643282391725293e+00 2.233348847653347236e-01
2.044772514273759167e+00 2.324195315595901368e-01
2.079985310186991843e+00 2.415038414181693849e-01
2.114331102612251545e+00 2.505875845033861959e-01
2.147854998154725692e+00 2.596716921554557134e-01
2.180598296395848124e+00 2.687557623251080052e-01
2.212598930934091435e+00 2.778388485365451133e-01
2.243891846451982364e+00 2.869232063927343312e-01
2.274509322826108182e+00 2.960075218388247276e-01
2.304481255119946059e+00 3.050905338143383161e-01
2.333835396604110546e+00 3.141737171312057320e-01
2.362597570618998333e+00 3.232577100301999851e-01
2.390791856041856622e+00 3.323417676538380494e-01
2.418440750282350837e+00 3.414241609561366464e-01
2.445565313058272849e+00 3.505078002458692499e-01
2.472185293660254857e+00 3.595919991281338324e-01
2.498319243973677661e+00 3.686754202188849971e-01
2.523984619165994037e+00 3.777584564923437416e-01
2.549197867652179816e+00 3.868413735938485698e-01
2.573974511707143975e+00 3.959254243064430634e-01
2.598329219891633901e+00 4.050070966037244702e-01
2.622275872289713483e+00 4.140908847366574497e-01
2.645827619414875986e+00 4.231758178892223166e-01
2.668996935523370695e+00 4.322578608209424744e-01
2.691795666973415546e+00 4.413412944682904571e-01
2.714235076184259743e+00 4.504247301898632871e-01
2.736325881677200478e+00 4.595081977095131220e-01
2.758078294619246140e+00 4.685905345909504582e-01
2.779502052237615040e+00 4.776735807893409680e-01
2.800606448428236028e+00 4.867567829272338442e-01
2.821400361842541393e+00 4.958398133207960745e-01
2.841892281703276346e+00 5.049229661937219005e-01
2.862090331571216506e+00 5.140053131185272628e-01
2.882002291259189608e+00 5.230899025147268677e-01
2.901635617067930717e+00 5.321736799573714150e-01
2.920997460499445086e+00 5.412553097912824462e-01
2.940094685586017498e+00 5.503386629670260488e-01
2.958933884959212612e+00 5.594214543411517582e-01
2.977521394769578666e+00 5.685043879567853731e-01
2.995863308556617532e+00 5.775915880594612029e-01
3.013965490158581062e+00 5.866667465811700177e-01
3.031833585742601755e+00 5.957501202297528220e-01
3.049473035027817414e+00 6.048406065388951536e-01
3.066889081767211422e+00 6.139161628801870219e-01
3.084086783547488775e+00 6.230032366877393812e-01
3.101071020960894931e+00 6.320886762711462881e-01
3.117846506197809120e+00 6.411664367344774851e-01
3.134417791104535223e+00 6.502524783192689117e-01
3.150789274746744528e+00 6.593368549505298493e-01
3.166965210515349405e+00 6.684189905622164307e-01
3.182949712808571974e+00 6.774996301631012185e-01
3.198746763320776676e+00 6.865799741852995908e-01
3.214360216966360984e+00 6.956679953720819043e-01
3.229793807464324651e+00 7.047394770920840656e-01
3.245051152607279832e+00 7.138313159535966124e-01
3.260135759236493680e+00 7.229268708223366424e-01
3.275051027943005622e+00 7.319956346354473675e-01
3.289800257513121551e+00 7.410871575318863647e-01
3.304386649135236720e+00 7.501668501831616487e-01
3.318813310383600168e+00 7.592383294882834033e-01
3.333083258993374987e+00 7.683260128754174634e-01
3.347199426440385039e+00 7.774078174679016628e-01
3.361164661337801451e+00 7.864999748868081175e-01
3.374981732661212153e+00 7.955860868983888334e-01
3.388653332812601615e+00 8.046612363194076689e-01
3.402182080533126207e+00 8.137499166683322960e-01
3.415570523673671310e+00 8.228320050305881761e-01
3.428821141831765562e+00 8.319079080318412256e-01
3.441936348862638884e+00 8.409892120444020236e-01
3.454918495271791290e+00 8.500753230191929743e-01
3.467769870495858164e+00 8.591626658407944817e-01
3.480492705078180204e+00 8.682425864400029614e-01
3.493089172744958670e+00 8.773075171357533897e-01
3.505561392387559483e+00 8.864055474778028687e-01
3.517911429956181557e+00 8.955070352614107332e-01
3.530141300269647786e+00 9.045776546034702825e-01
3.542252968745885244e+00 9.136576161554788023e-01
3.554248353057421372e+00 9.227341744036214877e-01
3.566129324715710425e+00 9.317995519608659460e-01
3.577897710588099578e+00 9.408871412012346225e-01
3.589555294351001624e+00 9.473244964362350640e-01
3.627349998576308909e+00 9.500044476240253610e-01
3.662435436572063274e+00 9.499999956772107179e-01
3.697537688325135630e+00 9.499938327288085516e-01
3.732656633666167068e+00 9.499934749519377553e-01
3.767792057378605453e+00 9.500102913352632683e-01
3.802943901165582119e+00 9.500082630061005284e-01
3.838111995779545094e+00 9.500028040656255390e-01
3.873296231942735979e+00 9.500640955438811597e-01
3.908496411747499621e+00 9.499997207668684496e-01
3.943712471458356017e+00 9.499370133843382247e-01
3.978944268472938361e+00 9.499981842490210493e-01
4.014191657839360161e+00 9.499994901243677958e-01
4.049454535321692639e+00 9.500366761260967685e-01
4.084732773561039032e+00 9.500012451589652240e-01
4.120026251925045457e+00 9.499663516855381129e-01
4.155334856912660690e+00 9.500084684525352818e-01
4.190658466447966468e+00 9.500022057922439256e-01
4.225996968934106590e+00 9.499947129510284416e-01
4.261350251767382247e+00 9.499936979935578174e-01
4.296718213763080385e+00 9.499981073004412080e-01
4.332100730445467285e+00 9.500052510875063305e-01
4.367497705038754674e+00 9.500035161008356654e-01
4.402909030423819203e+00 9.500022359848802056e-01
4.438334600823392151e+00 9.500024238190403203e-01
4.473774314841060473e+00 9.500003290259637634e-01
4.509228072195753612e+00 9.499974722569813901e-01
4.544695771471161549e+00 9.499962219020167131e-01
4.580177318042868428e+00 9.499984563455043940e-01
4.615672800816854604e+00 9.500032340835917744e-01
4.651181560524742409e+00 9.500030561863181955e-01
4.686704068994540506e+00 9.499976648461967432e-01
4.722240039822716007e+00 9.499970191823794430e-01
4.757789397282097710e+00 9.500037620181347453e-01
4.793352032702363097e+00 9.500021113230797676e-01
4.828927868499753195e+00 9.500000838929002489e-01
4.864516810689504034e+00 9.500013377732541286e-01
4.900118782477859369e+00 9.500022324896613135e-01
4.935733684798646159e+00 9.500021743250944839e-01
4.971361463658841018e+00 9.499879828671219384e-01
5.007001975712098485e+00 9.499965348476540061e-01
5.042655194940209640e+00 9.500083120739127862e-01
5.078321003424851376e+00 9.500438271471161045e-01
5.113999386883204323e+00 9.500039081346067782e-01
5.149690190420289859e+00 9.499606846326874576e-01
5.185393393765154180e+00 9.500042665192216518e-01
5.221108846677592119e+00 9.499986493747092364e-01
5.256836540420589010e+00 9.499967233262611721e-01
5.292576383807546136e+00 9.500021021737262705e-01
5.328328296774590633e+00 9.500004585047382433e-01
5.364092207730262629e+00 9.500011261527548934e-01
5.399868047979704322e+00 9.499993450402341999e-01
5.435655738174470564e+00 9.499980536643580775e-01
5.471455216833462032e+00 9.500008293628925404e-01
5.507266408927974588e+00 9.500049195073697605e-01
5.543089250804452028e+00 9.500005370259793080e-01
5.578923669041952138e+00 9.499952253931788215e-01
5.614769602753744593e+00 9.499987508886760246e-01
5.650626984855142254e+00 9.499993505312224196e-01
5.686495742970911316e+00 9.499994052435518643e-01
5.722375816183565611e+00 9.499950160914633068e-01
5.758267143259456766e+00 9.500007784800387212e-01
5.794169662123966447e+00 9.500067589186195205e-01
5.830083303297658226e+00 9.499999940097352269e-01
5.866008063744859946e+00 9.500018914986824159e-01
5.901943724117260537e+00 9.500048712773591086e-01
5.937890372474086575e+00 9.500056553755984456e-01
5.973847912457648235e+00 9.500006502055715618e-01
6.009816273689603250e+00 9.499957816565473001e-01
6.045795416158392221e+00 9.499951461012162701e-01
6.081785257463928396e+00 9.499992573621184322e-01
6.117785749826345487e+00 9.500014745406593075e-01
6.153796836061619757e+00 9.499944474830384067e-01
6.189818464956824862e+00 9.499987379429679635e-01
6.225850577904203931e+00 9.500044341070656984e-01
6.261893117421587718e+00 9.499725892083867862e-01
6.297946041268289719e+00 9.500007356390568480e-01
6.334009277705801466e+00 9.500304142728047685e-01
6.370082789246987787e+00 9.499984939562593489e-01
6.406166515943185757e+00 9.499990586918096724e-01
6.442260415005667262e+00 9.500023132244318491e-01
6.478364413159709123e+00 9.500021892286210079e-01
6.514478482388982528e+00 9.500007725339689735e-01
6.550602533664067195e+00 9.500003164596252381e-01
6.586736610795281166e+00 9.499992478428910259e-01
6.622880557513119548e+00 9.499964651968746399e-01
6.659034400945368581e+00 9.500001033392994065e-01
6.695198040516848970e+00 9.500032007343222062e-01
6.731371449066967827e+00 9.499980246461778854e-01
6.767554584836707576e+00 9.499862476446179205e-01
6.803747395096761075e+00 9.500020852109968272e-01
6.839949834728474620e+00 9.500107209575682221e-01
6.876161919193511274e+00 9.500000558561830788e-01
6.912383420469525142e+00 9.499884066830818208e-01
6.948614466222934105e+00 9.499996422468078849e-01
6.984854967053154340e+00 9.500160188946340512e-01
7.021104871626353550e+00 9.500023861149854421e-01
7.057364195160181986e+00 9.500386385756119934e-01
7.093629812469358420e+00 9.499988580336442556e-01
7.129910574439089821e+00 9.499582154819988800e-01
7.166197662215830100e+00 9.500353230072065003e-01
