4.952537249168800131e-14 5.953753082774380598e-08
1.566129790419824970e-13 8.807631695151540973e-08
4.952537249168799248e-13 1.775938083076173131e-07
1.566129790419824970e-12 3.580934868326825599e-07
4.952537249168799652e-12 7.220460163935500205e-07
1.566129790419824889e-11 1.455904986976095134e-06
4.952537249168800136e-11 2.935625099187386551e-06
1.566129790419825019e-10 5.919253550845612130e-06
4.952537249168800007e-10 1.193523185168752067e-05
1.566129790419824915e-09 2.310632178805170544e-05
3.933813962751799886e-09 3.995049528762279975e-05
9.881553117908999810e-09 6.440544139696226570e-05
2.482168066167650184e-08 8.548651529247659037e-05
3.124612660451331381e-08 1.009600823465522750e-04
6.233537723851918373e-08 1.392687824821815161e-04
1.243988713191675034e-07 1.826656129576688750e-04
2.482560254491556392e-07 2.364061018494339290e-04
4.952616027829143434e-07 3.030571839274861113e-04
9.881337893590936638e-07 3.413062486315273552e-04
1.243957541030774934e-06 3.767370200458285850e-04
1.971873096645012567e-06 4.677034532231630240e-04
3.124588003555318517e-06 5.397580298661452470e-04
3.934116182577537338e-06 5.877797932251982785e-04
4.560796609296512675e-06 5.662552517610264062e-04
6.037319665913205982e-06 5.899846344310423095e-04
9.569187525984062723e-06 7.166741297601607764e-04
1.566016637073268708e-05 8.212843287665268395e-04
2.482133623565399593e-05 9.690521918971534187e-04
3.017046428836487582e-05 1.050481943126845095e-03
3.798351780013543632e-05 1.049746733282806710e-03
4.953909156798886964e-05 1.110549448854354897e-03
6.235647561714818842e-05 1.274692804387391127e-03
7.850564708489312282e-05 1.373209491728674724e-03
9.508971239428749248e-05 1.357474016263519184e-03
1.244012114487081289e-04 1.426287157906978983e-03
1.565992869034256278e-04 1.641314187219465462e-03
1.890232902614931139e-04 1.610229797450246593e-03
2.482181019558905898e-04 1.686474617056527275e-03
3.125357532454887304e-04 1.953963714098205882e-03
3.844472621892106100e-04 1.230558790032391155e-03
4.090877015401512564e-04 1.150411675740492697e-03
5.303396193119243405e-04 2.019877008809303764e-03
6.371996827170499627e-04 2.248916680703849300e-03
6.907302163385187904e-04 2.037966755720215135e-03
7.849026174205499902e-04 1.890557388037480578e-03
1.021699744273462567e-03 2.288577739840507407e-03
1.244002361131006087e-03 2.370648071809531784e-03
1.566155531546768688e-03 2.503526881908693484e-03
1.607571058279393811e-03 2.685057757784495985e-03
1.620681019503531287e-03 2.700124493528047783e-03
1.691332589502593693e-03 2.736561897477970181e-03
1.803392749993281254e-03 2.786946858418187876e-03
1.861496914504118727e-03 2.820466996193944382e-03
1.911281023401756362e-03 2.420038795224628992e-03
2.136031695263393773e-03 1.456556305387988678e-03
7.884999999999999648e-03 1.044599292945896495e-03
1.184187499999999997e-02 1.442846455362575137e-03
1.670374999999999985e-02 1.675034789655844561e-03
2.253874999999999976e-02 1.896583734229679522e-03
2.943562499999999998e-02 2.136306956211641260e-03
4.685187500000000116e-02 2.478404834430556359e-03
6.998124999999999485e-02 2.819880107596329719e-03
9.999374999999999236e-02 3.142126834311018569e-03
1.379562500000000025e-01 3.485194689045051537e-03
1.842312499999999853e-01 3.960582710418376721e-03
2.667749999999999844e-01 4.921842564098722651e-03
3.887499999999999845e-01 6.455298255581986069e-03
4.573375000000000079e-01 7.445608270927609601e-03
4.747437499999999644e-01 2.202636891844395733e-02
5.000000000000000000e-01 2.995175535141326312e-02
5.356312500000000032e-01 1.744202332198101224e-02
5.712625000000000064e-01 1.956598084082393496e-02
6.068937500000000096e-01 2.183500489795586405e-02
6.424999999999999600e-01 2.423848938638907893e-02
6.781249999999999778e-01 2.678391067858599400e-02
7.138125000000000719e-01 2.945734449983548886e-02
7.494374999999999787e-01 3.203496047755147180e-02
7.850624999999999964e-01 3.442269259294440664e-02
8.206875000000000142e-01 3.700964919560629368e-02
8.563124999999999210e-01 3.984078635200960505e-02
8.919375000000000497e-01 4.282746361230688192e-02
9.275624999999998455e-01 4.598767187753176333e-02
9.631874999999999742e-01 4.917942358448203904e-02
9.988124999999999920e-01 5.240280705631152752e-02
1.145361206286671818e+00 5.952311963192938316e-02
1.285785173013850091e+00 6.884865065565984321e-02
1.421825316785297666e+00 7.794453993439691419e-02
1.553908177512898003e+00 8.703769584520826275e-02
1.682374082425609485e+00 9.612889667730790955e-02
1.807502023030707505e+00 1.052186503808085344e-01
1.929525731809579314e+00 1.143073033216564227e-01
2.048644536919405290e+00 1.233950989617496746e-01
2.165030958691127605e+00 1.324820821202692678e-01
2.278836187531694701e+00 1.415687048005100368e-01
2.390194135754736049e+00 1.506550315914230165e-01
2.499224500813652217e+00 1.597405945127090554e-01
2.606035125593263224e+00 1.688260622401737410e-01
2.710723847697398714e+00 1.779113478571693052e-01
2.813379969961869786e+00 1.869961644113481425e-01
2.914085445317164957e+00 1.960808888863365129e-01
3.012915842881510375e+00 2.051654786698501598e-01
3.109941144165209170e+00 2.142498249888411255e-01
3.205226405679727275e+00 2.233339158232571509e-01
3.298832315286282402e+00 2.324184312200288649e-01
3.390815663140536174e+00 2.415030085305739926e-01
3.481229743336915927e+00 2.505866678987067608e-01
3.570124698822444653e+00 2.596700863473243026e-01
3.657547819491056007e+00 2.687540149591647887e-01
3.743543801344864086e+00 2.778376095984511629e-01
3.828154973053146115e+00 2.869216265494450857e-01
3.911421495031162987e+00 2.960056730017516236e-01
3.993381535213658129e+00 3.050888844212560902e-01
4.074071424951251075e+00 3.141715999236514567e-01
4.153525797861151503e+00 3.232559892515834976e-01
4.231777713986963008e+00 3.323403907527686107e-01
4.308858771236066865e+00 3.414227952651506248e-01
4.384799205749867035e+00 3.505059928843575756e-01
4.459627982605737451e+00 3.595897338743676563e-01
4.533372878038419707e+00 3.686734337377768345e-01
4.606060554194433720e+00 3.777563578932307542e-01
4.677716627287969331e+00 3.868393500151475761e-01
4.748365729905361654e+00 3.959239121163807273e-01
4.818031568103940288e+00 4.050047101975576824e-01
4.886736973865022371e+00 4.140885000117664472e-01
4.954503953388270432e+00 4.231743385479408981e-01
5.021353731652928865e+00 4.322563998165528942e-01
5.087306793618981082e+00 4.413398898113679025e-01
5.152382922395694287e+00 4.504218291281284481e-01
5.216601234666722320e+00 4.595059646127655495e-01
5.279980213627259999e+00 4.685889432109845432e-01
5.342537739659583451e+00 4.776708132336445201e-01
5.404291118948746586e+00 4.867544688983622692e-01
5.465257110217634384e+00 4.958377930641937326e-01
5.525451949742008040e+00 5.049211421983438308e-01
5.584891374789138219e+00 5.140036065698931900e-01
5.643590645609134704e+00 5.230871866753683541e-01
5.701564566094704745e+00 5.321711439747077721e-01
5.758827503214771326e+00 5.412536652086021860e-01
5.815393405315220754e+00 5.503363250769909287e-01
5.871275819373799720e+00 5.594191597305119279e-01
5.926487907285781453e+00 5.685024668612164156e-01
5.981042461251401043e+00 5.775898248788521316e-01
6.034951918329200637e+00 5.866650827757011744e-01
6.088228374213842997e+00 5.957474169949715792e-01
6.140883596291898172e+00 6.048372177706921038e-01
6.192929036024577449e+00 6.139182629678078262e-01
6.244375840702229397e+00 6.230018498934886129e-01
6.295234864611848558e+00 6.320827579764621840e-01
6.345516679655303527e+00 6.411654684285722494e-01
6.395231585453295509e+00 6.502497513856205780e-01
6.444389618966952504e+00 6.593314431016271682e-01
6.493000563666853076e+00 6.684157766174556592e-01
6.541073958276726330e+00 6.774994838594151636e-01
6.588619105117262897e+00 6.865792427092640704e-01
6.635645078073470593e+00 6.956663076977922522e-01
6.682160730207304056e+00 7.047191863299883119e-01
6.728174701035914751e+00 7.138294759658191380e-01
6.773695423494071832e+00 7.229583865139892485e-01
6.818731130598576051e+00 7.319928893044519436e-01
6.863289861830609517e+00 7.410680679832177820e-01
6.907379469251546666e+00 7.501677291105220968e-01
6.951007623366141530e+00 7.592437592241209066e-01
6.994181818746519674e+00 7.683228724034293355e-01
7.036909379429302724e+00 7.774063893063325459e-01
7.079197464097490844e+00 7.864971596643198781e-01
7.121053071057938055e+00 7.955786345529149983e-01
7.162483043024749918e+00 8.046595483387688486e-01
7.203494071717972069e+00 8.137475863780677665e-01
7.244092702286806684e+00 8.228282636768511349e-01
7.284285337565522767e+00 8.319101858559674323e-01
7.324078242170328323e+00 8.409888284329298802e-01
7.363477546444463506e+00 8.500699104317150923e-01
7.402489250258650344e+00 8.591535546350314023e-01
7.441119226673594156e+00 8.682400282133804215e-01
7.479373225470813402e+00 8.773267273562558310e-01
7.517256876557564915e+00 8.864044641520063550e-01
7.554775693251734481e+00 8.954956655144979960e-01
7.591935075451809567e+00 9.045740560723710688e-01
7.628740312697019021e+00 9.137022588552436986e-01
7.665196587122307115e+00 9.227403400256281030e-01
7.701308976312770227e+00 9.317470798827812706e-01
7.737082456061713742e+00 9.409109151678094474e-01
7.772521903036332169e+00 9.474513491150872158e-01
7.854359384999785476e+00 9.499929379031453180e-01
7.902178459229958207e+00 9.499979145438770534e-01
7.950012008697382448e+00 9.499793804679161902e-01
7.997859947346827703e+00 9.499934964003693416e-01
8.045722205932818838e+00 9.500218022278209551e-01
8.093598713034221959e+00 9.499931632052917019e-01
8.141489369166098555e+00 9.499816859453634743e-01
8.189394124880100989e+00 9.500144490224601279e-01
8.237312889283519013e+00 9.499964766670617733e-01
8.285245600006271971e+00 9.499861093273018753e-01
8.333192183707367917e+00 9.500109693775203867e-01
8.381152558567444899e+00 9.500045020881924263e-01
8.429126658904042557e+00 9.500035737728849128e-01
8.477114420983737020e+00 9.500091168715387724e-01
8.525115766135831663e+00 9.500159936273954164e-01
8.573130630296487809e+00 9.500029147252955219e-01
8.621158942713181617e+00 9.499907483956312459e-01
8.669200651548164771e+00 9.499964469457491401e-01
8.717255650946803769e+00 9.500114928118708058e-01
8.765323910116133987e+00 9.500065643900148515e-01
8.813405359026070585e+00 9.499976253197958131e-01
8.861499926362618851e+00 9.499461396085042697e-01
8.909607534177085952e+00 9.499973308424825014e-01
8.957728148271304036e+00 9.500513622005259950e-01
9.005861689856150321e+00 9.499960341771856998e-01
9.054008085369030567e+00 9.499990847841167652e-01
9.102167318307984090e+00 9.500023341251238040e-01
9.150339229632999505e+00 9.500044436189386543e-01
9.198523882651441497e+00 9.499983285861000049e-01
9.246721163522693132e+00 9.499975911973250753e-01
9.294930965476051909e+00 9.499853617149963680e-01
9.343153303471311233e+00 9.500130724774559221e-01
9.391388092634960216e+00 9.500043604119843277e-01
9.439635242613105603e+00 9.499654157995518489e-01
9.487894750456362658e+00 9.500114037497803254e-01
9.536166521279261232e+00 9.500274215425745794e-01
9.584450519472186514e+00 9.500026974364204069e-01
9.632746684541897864e+00 9.499953743234377246e-01
9.681054958449104575e+00 9.499946804168420966e-01
9.729375291274903859e+00 9.499977893740707557e-01
9.777707619310664455e+00 9.500035213663556855e-01
9.826051902108549285e+00 9.500016125203939454e-01
9.874408173286385093e+00 9.499965765439716270e-01
9.922776082879837034e+00 9.499945759923718036e-01
9.971155903954738164e+00 9.499998578594321952e-01
1.001954744368789108e+01 9.500044814603321175e-01
1.006795069246980745e+01 9.500028851962462051e-01
1.011636557002110237e+01 9.500001981294385889e-01
1.016479201797748289e+01 9.500023132280790428e-01
1.021323003830033116e+01 9.500020559574063883e-01
1.026167954478129474e+01 9.499969045142513391e-01
1.031014045299215809e+01 9.500021658415824799e-01
1.035861278871798774e+01 9.500035050749352505e-01
1.040709645128705851e+01 9.500010774282866555e-01
1.045559141996716868e+01 9.499954686619137556e-01
1.050409776000739726e+01 9.499980129684313379e-01
1.055261504996711075e+01 9.500036835845349081e-01
1.060114363176782604e+01 9.499957153249244390e-01
1.064968330719189993e+01 9.500003211006073922e-01
1.069823405316176945e+01 9.500023462867330792e-01
1.074679580514693278e+01 9.499992549310675161e-01
1.079536855649663529e+01 9.499972254039941166e-01
1.084395222579508378e+01 9.499942457976561228e-01
1.089254675069340017e+01 9.500032544190085693e-01
1.094115217867677359e+01 9.500085347048031759e-01
1.098976837807428097e+01 9.499986881652213722e-01
1.103839534430511726e+01 9.500093230685482393e-01
1.108703299108348972e+01 9.500020779181078678e-01
1.113568132972286051e+01 9.499899304098715636e-01
1.118434029216680692e+01 9.500006010108877907e-01
1.123300984561109317e+01 9.500021955337925039e-01
1.128168994998659436e+01 9.500079394799609833e-01
1.133038054203469791e+01 9.500032684323628240e-01
1.137908161433874987e+01 9.499924353123245790e-01
1.142779310536327309e+01 9.499929795864433535e-01
1.147651496860404841e+01 9.499983496593102927e-01
1.152524720795635105e+01 9.499990600877473712e-01
1.157398978034104076e+01 9.499580121325565951e-01
1.162274251385983170e+01 9.500000486997424165e-01
1.167150548541676969e+01 9.500382187877108864e-01
1.172027873819716426e+01 9.500035926779759610e-01
1.176906211841098049e+01 9.500008272388692498e-01
1.181785556183821306e+01 9.500050982545948930e-01
1.186665911159851206e+01 9.500160867913781670e-01
1.191547273947336905e+01 9.499830400303588274e-01
1.196429627643418847e+01 9.499903773311353383e-01
1.201312981892659870e+01 9.500043444228926104e-01
1.206197329290316311e+01 9.500169961849279643e-01
1.211082666293795818e+01 9.499967032905759501e-01
1.215968988066818746e+01 9.499732055481909798e-01
1.220856291921714210e+01 9.501182908668623917e-01
1.225744576464272662e+01 9.500685203588890015e-01
1.230633831785826970e+01 9.499391954829410345e-01
1.235524060651925460e+01 9.499660761739660009e-01
1.240415257597835463e+01 9.499575894297555001e-01
1.245307418970204338e+01 9.499902968391001901e-01
1.250200551576683594e+01 9.499948761162279043e-01
1.255094621969383617e+01 9.499877733595766260e-01
1.259989658771378807e+01 9.500457717420358605e-01
1.264885641763000024e+01 9.501168338276559933e-01
