3.691737094893214011e-12 5.282267534424092865e-06
4.197829129008909428e-12 5.281344446849648820e-06
4.773300195382800990e-12 5.281184287571955404e-06
5.427661311364711036e-12 5.282008996958731624e-06
6.171727338536427091e-12 5.283976601936162700e-06
7.017795723819891350e-12 5.287295658938216358e-06
7.979849743806703296e-12 5.292196982237908029e-06
9.073789611401087760e-12 5.298946598654556614e-06
1.031769526435893983e-11 5.307847556305194819e-06
1.173212517892368686e-11 5.319245579239330952e-06
1.334045614715944813e-11 5.333534361063781871e-06
1.516926963360369804e-11 5.351161765438234318e-06
1.724879109669478528e-11 5.372636641505694191e-06
1.961338953579772009e-11 5.398536405649224378e-06
2.230214552002162972e-11 5.429515410439444143e-06
2.535949708684505013e-11 5.466314150912117638e-06
2.883597418554915789e-11 5.509769337113767755e-06
3.278903380386802767e-11 5.560824848714251756e-06
3.728400958029668115e-11 5.620543564224050240e-06
4.239519159663880341e-11 5.690120027322933712e-06
4.820705419691656780e-11 5.770893873222436141e-06
5.481565212524455567e-11 5.864363887795805343e-06
6.233020805714419266e-11 5.972202509986302811e-06
7.087491776199576697e-11 6.096270513120041141e-06
8.059100273120159214e-11 6.238631513187618793e-06
9.163904419658034857e-11 6.401565853284938866e-06
1.042016371141583120e-10 6.587583306714749740e-06
1.184864079766988555e-10 6.799433932665507349e-06
1.347294463314451836e-10 7.040116317585906612e-06
1.531992067170055498e-10 7.312882356086497156e-06
1.742009455080942691e-10 7.621237685808831116e-06
1.980817659974580232e-10 7.968936913807071222e-06
2.252363550968705125e-10 8.359972883311705158e-06
2.561135064697195799e-10 8.798559454678651703e-06
2.912235379053444467e-10 9.289107633329632803e-06
3.311467255247353385e-10 9.836195378275141622e-06
3.765428942127482197e-10 1.044453205338554973e-05
4.281623227813616122e-10 1.111891919471165964e-05
4.868581440975291187e-10 1.186420997698699035e-05
5.536004451170013355e-10 1.268527034866213066e-05
6.294922998604457113e-10 1.358694511752083078e-05
7.157880003146391872e-10 1.457403215698797065e-05
8.139137865673892238e-10 1.565126725686965994e-05
9.254914187905795302e-10 1.682332094156018098e-05
1.052364980653981947e-09 1.809480693762024922e-05
1.196631357159511916e-09 1.947030015257305874e-05
1.360674890614051825e-09 2.095436040321136024e-05
1.547206787512561239e-09 2.255155710686663863e-05
1.759309927623216964e-09 2.426649002813428894e-05
2.000489815850479074e-09 2.610380204738954978e-05
2.274732518975789638e-09 2.806818160505637102e-05
2.586570544817355150e-09 3.016435456293747966e-05
2.941157752617492189e-09 3.239706719513829668e-05
3.344354532728512380e-09 3.477106342949011790e-05
3.802824663392453376e-09 3.729106007798421946e-05
4.324145445401523064e-09 3.996172362124610691e-05
4.916932934874333731e-09 4.278765147395909788e-05
5.590984343915156226e-09 4.577335946576287787e-05
6.357439962663074634e-09 4.892327737887466269e-05
7.228967278875071165e-09 5.224174961647656140e-05
8.219970338053519903e-09 5.573305371848174671e-05
9.346827804288280272e-09 5.940138474648878089e-05
1.062816365633064087e-08 6.325101019533700090e-05
1.208515499279048582e-08 6.728577543055439284e-05
1.374188203366385079e-08 7.151122654351611081e-05
1.562572610279200337e-08 7.592631383821166224e-05
1.776782216885149851e-08 8.053768607381712032e-05
2.020357342418299558e-08 8.535594537689616327e-05
2.297323640608785994e-08 9.038039724908223337e-05
2.612258633110308344e-08 9.561731215833832486e-05
2.970367363847354772e-08 1.010715029888077990e-04
3.377568424648749690e-08 1.067485818481708965e-04
3.840591773944127045e-08 1.126543622465027959e-04
4.367089965208101407e-08 1.187950709785681058e-04
4.965764623464707877e-08 1.251773245744647962e-04
5.646510260174707096e-08 1.318081686434530121e-04
6.420577803386276394e-08 1.386950922512038135e-04
7.300760545870497262e-08 1.458460532605375132e-04
8.301605584473697977e-08 1.532694612858595117e-04
9.439654245220493799e-08 1.609743063105921869e-04
1.073371546776015884e-07 1.689696911667654101e-04
1.220517666747892324e-07 1.772667262456853953e-04
1.387835721300869128e-07 1.858709869572187044e-04
1.578091036118159578e-07 1.948126053760008112e-04
1.794428029235459600e-07 2.040262210592590068e-04
2.040422179969061774e-07 2.138298608547592916e-04
2.320139122148880771e-07 2.230145714205960920e-04
2.638201838311417800e-07 2.364651981575361902e-04
2.999867065395370021e-07 2.347596039491203898e-04
3.411112174724190037e-07 2.954432109547902000e-04
3.878733962172448685e-07 3.215729053206573115e-04
4.410460981256470433e-07 2.791091171571722968e-04
5.015081275718838539e-07 3.077038189810834081e-04
5.702587622688949317e-07 3.166545119411815932e-04
6.484342686905729528e-07 3.318429133531729854e-04
7.373266815565616621e-07 3.458920957209163155e-04
8.384051577549133061e-07 3.608524574890747201e-04
9.533402576265257780e-07 3.762400451770434918e-04
1.084031554916898579e-06 3.922953451042831196e-04
1.232639031714853546e-06 4.089027056255748935e-04
1.401618777253589684e-06 4.261186981606629237e-04
1.593763580581069805e-06 4.439511079992618150e-04
1.812249087989369279e-06 4.624217543381814064e-04
2.060686288063447261e-06 4.815490546276045844e-04
2.343181191788577431e-06 5.013508465603528676e-04
2.664402694071165261e-06 5.218518604359173281e-04
3.029659738244516642e-06 5.430482513071761006e-04
3.444989058885356487e-06 5.650503547233919283e-04
3.917254953097962883e-06 5.875124551173113458e-04
4.454262729221975648e-06 6.105797651731121375e-04
5.064887707971411238e-06 6.347285637996107153e-04
5.759221908053189556e-06 6.596362146330466986e-04
6.548740840590992250e-06 6.853604461386044507e-04
7.446493169026290928e-06 7.119153077770648238e-04
8.467316369073296935e-06 7.392761339405069885e-04
9.628081953018366484e-06 7.676287944531118203e-04
1.094797431127325932e-05 7.962979626500503406e-04
1.244880777969739662e-05 8.254526216258487340e-04
1.415538717297474231e-05 8.560442009494363767e-04
1.609591774271008520e-05 8.875377383350376232e-04
1.830247133576941380e-05 9.198450738641466510e-04
2.081151645723193161e-05 9.532833797359771197e-04
2.366452099849312597e-05 9.866263839863741603e-04
2.690863759202519770e-05 1.020154281862379903e-03
3.059748291989758482e-05 1.055593035245823040e-03
3.479202385597123654e-05 1.091755067385338004e-03
3.956158508735667265e-05 1.129272231380635096e-03
4.498499486845899872e-05 1.165424987763536086e-03
5.115188784389740584e-05 1.201682860644516081e-03
5.816418647252572161e-05 1.240833139796466067e-03
6.613778553657757885e-05 1.280627942762767053e-03
7.520446757642695185e-05 1.318246608260771960e-03
8.551408090804547618e-05 1.355423041032431056e-03
9.723701622002994859e-05 1.396956860204104107e-03
1.105670226818143400e-04 1.435652481481632927e-03
1.257244101058974746e-04 1.472390049358542931e-03
1.429596900873750047e-04 1.512815648339695986e-03
1.625577162991960326e-04 1.550766074538949095e-03
1.848423923712997881e-04 1.585455484575677048e-03
2.101820251624338511e-04 1.625051373571409019e-03
2.389954119001177850e-04 1.658210836419103055e-03
2.717587617930893127e-04 1.691185434709337968e-03
3.090135665122226757e-04 1.724735362556990967e-03
3.513755496181835553e-04 1.753016960401571024e-03
3.995448428462367008e-04 1.782221288798262063e-03
4.543175574353119743e-04 1.806882440728058105e-03
5.165989417448737641e-04 1.829399777320104984e-03
5.874183426202356012e-04 1.849669251239629978e-03
6.679462177781887028e-04 1.864929358398999910e-03
7.595134803827931864e-04 1.878506516570795960e-03
8.636334955260537190e-04 1.888046980869972045e-03
9.820270921572585038e-04 1.889215729158175974e-03
1.116651003842108027e-03 1.895431286210845978e-03
1.269730208402347843e-03 1.889349278374992998e-03
1.443794700924688279e-03 1.880268236555521092e-03
1.641721307899824192e-03 1.873168368625358028e-03
1.866781233568808474e-03 1.853233817524539088e-03
2.122694124292456158e-03 1.831907538933062046e-03
2.413689544484932080e-03 1.806242037697487063e-03
2.744576880146501995e-03 1.810247356651897973e-03
3.120824825316180322e-03 1.684638002256803055e-03
3.548651765145627301e-03 1.205641903465186912e-03
4.035128549387694864e-03 8.162418741392223715e-04
4.588295354874146609e-03 7.107716373890499758e-04
5.217294568410804460e-03 6.240912825757975171e-04
5.932521886293293592e-03 5.455857854063694053e-04
6.745798127719931751e-03 5.863157083601996120e-04
7.670564601723244523e-03 6.668174468743118559e-04
8.722105256520158376e-03 6.318052914255794551e-04
9.917799282822747572e-03 6.181964506959948492e-04
1.127740834597574203e-02 5.961869986540174055e-04
1.282340319410922233e-02 5.735292507573044917e-04
1.458133504027725284e-02 5.476587208527552205e-04
1.658025785654832981e-02 5.147558901453174688e-04
1.885320855945476007e-02 4.793207244306039766e-04
2.143775302299756949e-02 4.348731309365878070e-04
2.437660694336127656e-02 3.932488461185933886e-04
2.771834181659208959e-02 3.005609404793747799e-04
4.075202746728949499e-02 4.172707138570145918e-04
4.633863234871205689e-02 5.476474226551911835e-04
5.269109247810193492e-02 4.931446286290590113e-04
5.991439724942725781e-02 4.957251207204998143e-04
6.812792881935519906e-02 4.912656338678705794e-04
7.746743517910421872e-02 5.049087876479954216e-04
8.808727371033432674e-02 5.387757541571698908e-04
1.001629623051253498e-01 6.043904681478461235e-04
1.138940802133258240e-01 7.138373851455644646e-04
1.295075665606155446e-01 8.828642928940206918e-04
1.472614710530835425e-01 1.130138411138837968e-03
1.674492188575572027e-01 1.479967858579967974e-03
1.904044601448992013e-01 1.956168692812313044e-03
2.165065844464194589e-01 2.614670142752420056e-03
2.461869909611469620e-01 3.435985768306979143e-03
2.799362184456010150e-01 4.820534876686601369e-03
3.183120525242970622e-01 5.788364184072222578e-03
3.619487444134382725e-01 8.728421910537320985e-03
4.115674934189431089e-01 1.347049982950843973e-02
4.679883664568471602e-01 1.728271704644585016e-02
5.321438515942515934e-01 2.269796230931797956e-02
6.050942696150919398e-01 2.925069362327212957e-02
6.880452983231941655e-01 3.752337045748835309e-02
7.823678992131140042e-01 4.728004238563592726e-02
8.896209758439783677e-01 6.086551152987868668e-02
1.011577138399455622e+00 7.077307985170817883e-02
1.150252000253972451e+00 8.422138707857497464e-02
1.307937490740130437e+00 1.074615456666945940e-01
1.487239734689328685e+00 1.293380657318382032e-01
1.691122124794468329e+00 1.567015631131457865e-01
1.922954298667088890e+00 1.881506079533906972e-01
2.186567830050502703e+00 2.246414635019849948e-01
2.486319554617499872e+00 2.663540748234298206e-01
2.827163576960980418e+00 3.135694074336690118e-01
3.214733148862840117e+00 3.663062943827268270e-01
3.655433772072902876e+00 4.243089848507797246e-01
4.156549064340778976e+00 4.871043003309685204e-01
4.726361138386869776e+00 5.540102675823930234e-01
5.374287483358830109e+00 6.238723421479004383e-01
6.111036611062971247e+00 6.954224969164568559e-01
6.948785039391339069e+00 7.672260945932209975e-01
7.901378538013725361e+00 8.383689128306511806e-01
8.984560962394114725e+00 9.044673941218184243e-01
