3.728473966537522420e-13 9.555112615151003871e-06
4.352758150314897285e-13 9.396232947222458071e-06
5.081570552771679920e-13 1.061609512857537931e-05
5.932413056518653672e-13 8.823551334276520222e-06
6.925718005422042450e-13 5.162674435254643773e-06
8.085338871999346909e-13 4.965483747250631707e-06
9.439123080651610995e-13 5.016143554287012400e-06
1.101958074265088781e-12 4.995333930397986371e-06
1.286466536205168396e-12 4.995234764359986832e-06
1.501868526059364211e-12 4.989331357421419176e-06
1.753336760877870171e-12 4.985371597320546849e-06
2.046910061503056970e-12 4.981236584412679949e-06
2.389638370317798038e-12 4.977677676019490779e-06
2.789752050318176835e-12 4.974645327326816204e-06
3.256859531101121879e-12 4.972353263466726593e-06
3.802178048086579728e-12 4.970977473606025233e-06
4.438803016003485267e-12 4.970749091129154733e-06
5.182022505441894018e-12 4.971934189616220732e-06
6.049684374388788478e-12 4.974848563185503051e-06
7.062624871136661872e-12 4.979863535252105728e-06
8.245169001141160605e-12 4.987415750319307337e-06
9.625714673762289468e-12 4.998017548304792911e-06
1.123741465673531181e-11 5.012269050702313580e-06
1.311897271499439559e-11 5.030872363209696763e-06
1.531557305252701787e-11 5.054647358513522102e-06
1.787996537710564071e-11 5.084548926469728904e-06
2.087373164491196873e-11 5.121687412893275964e-06
2.436876490497625400e-11 5.167351513876280619e-06
2.844899575676721267e-11 5.223033483076820197e-06
3.321240788051943597e-11 5.290457042684939029e-06
3.877339104174211705e-11 5.371607790519064377e-06
4.526548807554643329e-11 5.468766159195410299e-06
5.284460181756108545e-11 5.584542449647226974e-06
6.169273899346655932e-11 5.721912044731313290e-06
7.202238097385377574e-11 5.884251146967783589e-06
8.408158635479472829e-11 6.075372090036349225e-06
9.815994789876863744e-11 6.299555440701458410e-06
1.145955468874141580e-10 6.561575849118411765e-06
1.337830718896518494e-10 6.866722977415370201e-06
1.561832969113170430e-10 7.220802428986070321e-06
1.823341465369326883e-10 7.630156817986821939e-06
2.128636137846980773e-10 8.101572619824574248e-06
2.485048408872944873e-10 8.642294464944808149e-06
2.901137251521156118e-10 9.260051150075766788e-06
3.386894726924408535e-10 9.962640211171396677e-06
3.953985936119988899e-10 1.075869082945859940e-05
4.616029148692071291e-10 1.165462211225443931e-05
5.388922835290589741e-10 1.265788689091322948e-05
6.291227457466350597e-10 1.378930658663566966e-05
7.344611183218768645e-10 1.504450096477418072e-05
8.574370231780909339e-10 1.642274767906520900e-05
1.001003634333044600e-09 1.795259014264485878e-05
1.168608596155567601e-09 1.963569445823073930e-05
1.364276815956424012e-09 2.147355436521916137e-05
1.592707119115194435e-09 2.347898720263961995e-05
1.859385087843673292e-09 2.566200515643334097e-05
2.170714793323778254e-09 2.802737701149436155e-05
2.534172584668388239e-09 3.058704052295824308e-05
2.958486627831725385e-09 3.334980479487247680e-05
3.453846505961000302e-09 3.632351236577992790e-05
4.032147914584904117e-09 3.951923079476182723e-05
4.707278327809703605e-09 4.294164831575520764e-05
5.495450495582309833e-09 4.659925515479353277e-05
6.415591780706987381e-09 5.050527355874896170e-05
7.489798685251075124e-09 5.466162345121103729e-05
8.743867481451091373e-09 5.908443792710245764e-05
1.020791368982108276e-08 6.377829378567907769e-05
1.191709528076506699e-08 6.874144872935732651e-05
1.391245696683816797e-08 7.399983873110956966e-05
1.624191586069926484e-08 7.955590410281357676e-05
1.896141216859319214e-08 8.541971024252446442e-05
2.213625255240039287e-08 9.156912442252601039e-05
2.584267842008547581e-08 9.821613032460620543e-05
3.016969680586414885e-08 1.044705016863935941e-04
3.522121780729694546e-08 1.137547731105955978e-04
4.111854990826178029e-08 1.152791314186460040e-04
4.800331311110855453e-08 1.325950341726961942e-04
5.604083983467793640e-08 1.945603621775915002e-04
6.542414524820124766e-08 1.520421262887725088e-04
7.637856238565951186e-08 8.754077116558679728e-05
8.916715334940459083e-08 2.040226729865998983e-04
1.040970265490241221e-07 2.463482255831585103e-04
1.215267116792006322e-07 1.295354098577872887e-04
1.418747695411297254e-07 2.119618739991788962e-04
1.656298434658749446e-07 2.984065723329458767e-04
1.933623937170682393e-07 1.911448268192646096e-04
2.257383966658028499e-07 1.645145777294914886e-04
2.635353377131348411e-07 2.528653418148415263e-04
3.076608820182035983e-07 2.640216303806935255e-04
3.591746713955038329e-07 2.028893340854656061e-04
4.193137708174258946e-07 2.922090807221210248e-04
4.895223756007028404e-07 3.006279588415190209e-04
5.714864926725618130e-07 3.072343448299803045e-04
6.671744287611172638e-07 3.324032785621065908e-04
7.788840578035541603e-07 3.024807749971503211e-04
9.092980026633207931e-07 4.574611414938917881e-04
1.061548056303960912e-06 3.881611701340510930e-04
1.239290389445591115e-06 5.102305966850086659e-04
1.446793350759454905e-06 4.845353160066372209e-04
1.689039968056401573e-06 2.281603821817528087e-04
1.971847611958140728e-06 5.407509232427264081e-04
2.302007695684787394e-06 3.966046912584490270e-04
2.687448765743930469e-06 5.277903534692499499e-04
3.137426900021745858e-06 5.136499178607579130e-04
3.662747985543568989e-06 5.639677047424756021e-04
4.276027213736960748e-06 5.836862587838373851e-04
4.991992024781794991e-06 6.092845900606002913e-04
5.827835776027911955e-06 6.385332198187269621e-04
6.803630627561990050e-06 6.713354062376314336e-04
7.942809560060977428e-06 7.260709551219523324e-04
9.272729100227863154e-06 7.536709921871438721e-04
1.082532626723994413e-05 8.665651028748659829e-04
1.263788551628411362e-05 7.341786771871017941e-04
1.475393409675256793e-05 6.190688191310733711e-04
1.722428732645483760e-05 8.803316168503531707e-04
2.010826888331911471e-05 9.105231880726153120e-04
2.347513541897486321e-05 9.552017379029048268e-04
2.740573970523937190e-05 1.003261781513209916e-03
3.199447225272440606e-05 1.051645083765639097e-03
3.735152802807410033e-05 1.110448504455903039e-03
4.360555270334852250e-05 1.141533676168207060e-03
5.090673198524420413e-05 1.262361908999575085e-03
5.943039821207176835e-05 1.108239370055702023e-03
6.938124082821157208e-05 1.093460624230704979e-03
8.099822184742625235e-05 1.443930198467730918e-03
9.456031434619696998e-05 1.096867814426580930e-03
1.103932017926844892e-04 1.063360125237606917e-03
1.288770990906770492e-04 1.831407094279627031e-03
1.504558831550155851e-04 1.840558495120350052e-03
1.756477522824166388e-04 1.351494087866449102e-03
2.050576702944747359e-04 1.616598712669914959e-03
2.393918942895954870e-04 2.008407942995065962e-03
2.794749348769191930e-04 1.424426817899007106e-03
3.262693561795039303e-04 1.413145206365633982e-03
3.808988910889967100e-04 2.147025495014347977e-03
4.446754268672590497e-04 2.084962213729683791e-03
5.191305091339292691e-04 1.980251935718272110e-03
6.060521207844938880e-04 1.652035083381660999e-03
7.075276190570112776e-04 2.111631272239909967e-03
8.259938618488716928e-04 2.255358590360188962e-03
9.642957270294699344e-04 2.270618595203974938e-03
1.125754430046153063e-03 2.239469008093436086e-03
1.314247280419410507e-03 2.375378552590177213e-03
1.534300792419714208e-03 2.349511626942124825e-03
1.791199385908948940e-03 1.144234246371374957e-03
2.091112287715574895e-03 5.009600357125479917e-04
2.441241680984666471e-03 7.697522483981907547e-04
2.849995660198354017e-03 6.083351586502302099e-04
3.327190145251525920e-03 6.543159028672684016e-04
3.884284603397733689e-03 7.813418733338501829e-04
4.534657239750919736e-03 7.674278566924881044e-04
5.293926264836024652e-03 8.096746737993015374e-04
6.180324954187737564e-03 8.363518398415325161e-04
7.215139506771871616e-03 8.705700377685413136e-04
8.423220217070597968e-03 9.098433215376351907e-04
9.833578236245520479e-03 9.191362691234470283e-04
1.148008225314941372e-02 9.429476276848350672e-04
1.340227182545859243e-02 1.004246848219277023e-03
1.564630689246184619e-02 1.027160644200220997e-03
1.826607627134313808e-02 1.046031469028794103e-03
2.132449175666317406e-02 1.066673824584379914e-03
2.489499889986818149e-02 1.093073565248863952e-03
2.906334074906070930e-02 1.105310913946927010e-03
3.392961690391887997e-02 1.103552913743754103e-03
3.961068733242267825e-02 1.100564256473317900e-03
4.624297867523899375e-02 1.141248848767602081e-03
5.398576042906089167e-02 1.215035571407977084e-03
6.302496968398166310e-02 1.288823148902946102e-03
7.357767626310192377e-02 1.408806675182451909e-03
8.589729549134184072e-02 1.595177138377448962e-03
1.002796737741909472e-01 1.882310336132390904e-03
1.170701931269975127e-01 2.308344424794773943e-03
1.366720652647338552e-01 2.919333178522014963e-03
1.595560144285788351e-01 3.756893383719418084e-03
1.862715814751206289e-01 4.868154898589012632e-03
2.174603206874019257e-01 6.399846555988976914e-03
2.538712062193119179e-01 6.778171987132834177e-03
2.963786181475173143e-01 7.843319092606245227e-03
3.460033400524734071e-01 1.091750744161134982e-02
4.039370723696399379e-01 1.306781727635569941e-02
4.715710501806448240e-01 1.506975428936518056e-02
5.505294526791486565e-01 1.728416674567087932e-02
6.427084066146601105e-01 2.026287518110339927e-02
7.503215203526933941e-01 2.441445675654084144e-02
8.759530420175708487e-01 3.100501623953384051e-02
1.022619918270723405e+00 4.197948976835527701e-02
1.193844244019464762e+00 5.950585145559755818e-02
1.393737842881616729e+00 8.548059119011035267e-02
1.627101009542271326e+00 1.209412028691320001e-01
1.899537785226337094e+00 1.659461485581885110e-01
2.217590534540704539e+00 2.204401674148734891e-01
2.588897055447928697e+00 2.853072708825948878e-01
3.022373995249361567e+00 3.621784423168286082e-01
3.528430977174989991e+00 4.487516905124330768e-01
4.119220579669155669e+00 5.350859456044364526e-01
4.808930171437022061e+00 6.124929695684182551e-01
5.614122610451415696e+00 6.836269138294625014e-01
6.554133988550594481e+00 7.556914818210582752e-01
7.651537973165159379e+00 8.397115670197543569e-01
8.932687896991787113e+00 9.497602993846341324e-01
