3.728473966537522420e-13 3.108048759522259008e-06
4.012305572291006481e-13 3.184889499467265211e-06
4.317743975127625133e-13 3.263766710212344952e-06
4.646434001313053004e-13 3.344559398796488817e-06
5.000145690185322092e-13 3.427362592927505139e-06
5.380783826051066664e-13 3.512212842121754860e-06
5.790398195701268792e-13 3.599164496096633066e-06
6.231194626784899325e-13 3.688268557378492105e-06
6.705546866482969812e-13 3.779578594414079946e-06
7.216009364451428826e-13 3.873149139733709974e-06
7.765331028871265021e-13 3.969036176358033596e-06
8.356470029683092176e-13 4.067297045233293393e-06
8.992609728724269466e-13 4.167990514519356399e-06
9.677175822553944718e-13 4.271176805028942592e-06
1.041385479028320390e-12 4.376917628848005730e-06
1.120661374575337044e-12 4.485276225826508185e-06
1.205972180096935679e-12 4.596317400276369862e-06
1.297777305583386544e-12 4.710107564786494582e-06
1.396571133798384556e-12 4.826714760090774889e-06
1.502885682595696439e-12 4.946208772682537690e-06
1.617293469905847027e-12 5.068660878448414188e-06
1.740410596821001316e-12 5.194145040247955204e-06
1.872900065380929782e-12 5.322733477219453615e-06
2.015475348926904763e-12 5.454514046049115586e-06
2.168904234250138034e-12 5.589523116959951770e-06
2.334012956225320248e-12 5.728005871385435416e-06
2.511690647194978587e-12 5.869408007800523225e-06
2.702894125064898908e-12 6.016282620529059696e-06
2.908653045895252600e-12 6.159153214943759184e-06
3.130075448735007922e-12 6.335162301684966183e-06
3.368353722558936708e-12 6.400837291104322743e-06
3.624771027440259445e-12 6.912510780513395166e-06
3.900708204537541273e-12 5.715126646762530419e-06
4.197651212107432405e-12 4.270368624261177018e-06
4.517199127586660497e-12 4.667310983963285580e-06
4.861072758835804744e-12 4.556273303478400965e-06
5.231123910917785106e-12 4.586686479981266743e-06
5.629345358313385867e-12 4.578239098595240343e-06
6.057881576275721453e-12 4.581009748833392384e-06
6.519040289113818291e-12 4.581161190682887601e-06
7.015304897593655875e-12 4.582609181818327131e-06
7.549347852380170922e-12 4.584255541266432382e-06
8.124045045538409790e-12 4.586527873568744339e-06
8.742491297593152192e-12 4.589334225602804763e-06
9.408017023547557715e-12 4.592755793133245415e-06
1.012420616760892994e-11 4.596866436185603332e-06
1.089491550320349564e-11 4.601709165401571146e-06
1.172429540221209967e-11 4.607356731792921926e-06
1.261681218527237301e-11 4.613877624883359785e-06
1.357727217350760584e-11 4.621356835345197833e-06
1.461084757120251791e-11 4.629857814688922382e-06
1.572310431880828775e-11 4.639473672124624386e-06
1.692003206626986931e-11 4.650312208973258218e-06
1.820807642808423789e-11 4.662462989129293794e-06
1.959417369378799883e-11 4.676039461106532702e-06
2.108578818079626228e-11 4.691157276143530262e-06
2.269095243074051162e-11 4.707942591445227071e-06
2.441831046576896754e-11 4.726530085996108367e-06
2.627716433775202550e-11 4.747064322296984792e-06
2.827752422106357315e-11 4.769700144853012087e-06
3.043016231869550179e-11 4.794603377471837672e-06
3.274667087199924880e-11 4.821951481409172210e-06
3.523952458644045747e-11 4.851934256133065320e-06
3.792214780954113645e-11 4.884754550875271223e-06
4.080898682276845892e-11 4.920629028028807383e-06
4.391558763667647842e-11 4.959788915534613374e-06
4.725867970823012777e-11 5.002480758479616143e-06
5.085626603114958851e-11 5.048967362917224284e-06
5.472772008441532942e-11 5.099528247260033739e-06
5.889389016102005037e-11 5.154461227956894402e-06
6.337721163878676835e-11 5.214081808265210093e-06
6.820182779785317828e-11 5.278724656778558418e-06
7.339371983543282427e-11 5.348738694589664631e-06
7.898084677800273995e-11 5.424507235401826072e-06
8.499329604436796297e-11 5.506486206141236674e-06
9.146344547039691378e-11 5.594985714366691851e-06
9.842613766795495155e-11 5.690469406982312754e-06
1.059188676569892287e-10 5.793479315184058695e-06
1.139819847811770000e-10 5.904505164751604161e-06
1.226589099944846671e-10 6.023992368746373774e-06
1.319963696887620966e-10 6.152457838113338635e-06
1.420446473215502124e-10 6.290585490397051831e-06
1.528578541991639383e-10 6.438874981810083750e-06
1.644942208732408711e-10 6.597967009112519271e-06
1.770164107199834418e-10 6.768497491038485766e-06
1.904918573907389107e-10 6.951127026165451606e-06
2.049931279511412110e-10 7.146538969907521589e-06
2.205983136643821572e-10 7.355444309798108774e-06
2.373914505230054576e-10 7.578556014253171856e-06
2.554629717938554752e-10 7.816645301473366638e-06
2.749101950132099451e-10 8.070491240472250989e-06
2.958378460546016689e-10 8.340785429612414370e-06
3.183586230915156567e-10 8.628364977397726604e-06
3.425938034919964376e-10 8.934093187963243853e-06
3.686738969133349939e-10 9.258731363254265234e-06
3.967393481138682128e-10 9.603107255361406264e-06
4.269412932665987261e-10 9.968058727020803346e-06
4.594423738475296808e-10 1.035441476974049994e-05
4.944176124815380512e-10 1.076301216713585974e-05
5.320553554624175464e-10 1.119468585754076065e-05
5.725582870226127767e-10 1.165027051203382949e-05
6.161445208146716541e-10 1.213059831055908025e-05
6.630487744821426706e-10 1.263649865926882068e-05
7.135236336452107058e-10 1.316879767718168938e-05
7.678409121077110306e-10 1.372831825636810069e-05
8.262931156104595689e-10 1.431588032258616035e-05
8.891950170134520268e-10 1.493230196076378027e-05
9.568853513894022030e-10 1.557839891254139897e-05
1.029728640156967097e-09 1.625499101421799158e-05
1.108117154076918485e-09 1.696288849142457919e-05
1.192473025682144264e-09 1.770293092095612982e-05
1.283250522517235435e-09 1.847593163797036083e-05
1.380938493429449341e-09 1.928268978620407994e-05
1.486063001084485750e-09 2.012410232399315991e-05
1.599190154883656534e-09 2.100100267957546852e-05
1.720929159537968707e-09 2.191421641940479082e-05
1.851935595716283030e-09 2.286462933725405951e-05
1.992914950433979298e-09 2.385310682362621847e-05
2.144626416194084557e-09 2.488052998721918978e-05
2.307886979339438552e-09 2.594778408695808157e-05
2.483575819632416457e-09 2.705576187182562130e-05
2.672639044754361450e-09 2.820536601323611937e-05
2.876094785220896780e-09 2.939746758348242084e-05
3.095038677149593934e-09 3.063308442510718056e-05
3.330649762405556652e-09 3.191308877285995083e-05
3.584196837898197007e-09 3.323785587959304208e-05
3.857045288220605402e-09 3.460905348673972277e-05
4.150664438426534707e-09 3.602753050315168117e-05
4.466635466540358941e-09 3.749373254621355051e-05
4.806659918410426125e-09 3.900791061013277733e-05
5.172568870758643516e-09 4.057507650162022112e-05
5.566332791771428343e-09 4.218241585743549328e-05
5.990072152331842866e-09 4.387409663729839040e-05
6.446068845036295834e-09 4.551388644378168922e-05
6.936778472488307053e-09 4.752264916861280306e-05
7.464843571044209253e-09 4.868845813310283685e-05
8.033107841221124220e-09 5.220285126270321014e-05
8.644631461401331275e-09 5.106339563760929184e-05
9.302707567298139180e-09 5.382060904739184131e-05
1.001087998592806222e-08 9.355608337816850189e-05
1.077296231958857937e-08 8.400635694210745793e-05
1.159305848261212629e-08 5.716992127695277751e-05
1.247558480148834311e-08 7.255665466896443988e-05
1.342529379736703990e-08 7.020942657418154109e-05
1.444729977901471559e-08 7.434601166661554557e-05
1.554710638404453734e-08 7.643163654965327977e-05
1.673063621673423361e-08 7.923902645089134103e-05
1.800426274203434384e-08 8.192338221278097805e-05
1.937484460752215868e-08 8.472889134068067299e-05
2.084976257812666638e-08 8.759095559034470733e-05
2.243695928252641135e-08 9.052871767578744855e-05
2.414498198525671958e-08 9.353703914694715420e-05
2.598302861486193188e-08 9.661831114372837872e-05
2.796099729595846717e-08 9.977455038516914575e-05
3.008953965194856929e-08 1.030063793329722018e-04
3.238011816542194199e-08 1.063154817322315939e-04
3.484506790514457916e-08 1.097027612155803029e-04
3.749766295203741890e-08 1.131694357141211960e-04
4.035218788186134692e-08 1.167166875505873039e-04
4.342401468954886610e-08 1.203461015388381991e-04
4.672968556943525409e-08 1.240605085993382105e-04
5.028700199716581408e-08 1.278601496563692053e-04
5.411512059299954457e-08 1.317465174726390072e-04
5.823465628274935972e-08 1.357218296871864915e-04
6.266779331188750293e-08 1.397873023630951956e-04
6.743840471064711123e-08 1.439462658316052030e-04
7.257218085345114163e-08 1.481978488981728975e-04
7.809676780498566559e-08 1.525456937235616115e-04
8.404191619791679741e-08 1.569932030730648127e-04
9.043964144399290211e-08 1.615400413774086084e-04
9.732439614127628018e-08 1.661891408131321954e-04
1.047332556059495174e-07 1.709427791556764921e-04
1.127061175278024069e-07 1.758038954090072046e-04
1.212859168245821583e-07 1.807737877781068116e-04
1.305188568522079077e-07 1.858554051671761108e-04
1.404546582159690224e-07 1.910511347735848950e-04
1.511468265225689044e-07 1.963641008369905103e-04
1.626529405149077699e-07 2.017949505225426871e-04
1.750349621412367616e-07 2.073541287977915041e-04
1.883595702284654877e-07 2.130182948025787100e-04
2.026985195564757214e-07 2.188707256808629994e-04
2.181290272671132686e-07 2.246705607167563126e-04
2.347341886887351782e-07 2.311384893573681940e-04
2.526034248155564667e-07 2.362873093176516071e-04
2.718329638515546947e-07 2.451478783860501238e-04
2.925263594120890598e-07 2.470650142390880787e-04
3.147950481738527940e-07 2.553638232226759959e-04
3.387589499761239942e-07 3.031657507269736843e-04
3.645471136050036867e-07 2.150653021839970042e-05
4.221622887928857352e-07 3.163850966856049168e-04
4.542995657035051154e-07 2.346311821154696878e-04
4.888833059639996134e-07 2.671794945337883074e-04
5.260997475975439071e-07 2.673466202083627061e-04
5.661493060730144463e-07 2.759118138690355823e-04
6.092476535688271883e-07 2.828421935750486229e-04
6.556268803962004153e-07 2.901018375639444896e-04
7.055367448362121521e-07 2.973739515773672236e-04
7.592460181212595762e-07 3.045516571934598813e-04
8.170439318037421339e-07 3.119719892858113905e-04
8.792417353062712029e-07 3.200431302875910984e-04
9.461743720410830423e-07 3.287580303445099034e-04
1.018202283124665431e-06 3.376892128563693156e-04
1.095713348400936353e-06 3.466252747537770036e-04
1.179124975225563319e-06 3.556393057623843121e-04
1.268886346259928003e-06 3.648181024876355006e-04
1.365480838379201660e-06 3.741965881953309087e-04
1.469428625720922273e-06 3.837933324452266239e-04
1.581289480891602511e-06 3.936193362464017074e-04
1.701665789416401438e-06 4.036816978561555934e-04
1.831205793664938317e-06 4.139874550729635166e-04
1.970607083722402844e-06 4.245446145229477800e-04
2.120620354004559585e-06 4.353578567621427167e-04
2.282053445846580347e-06 4.464345455696941867e-04
2.455775697835754802e-06 4.577753033919462777e-04
2.642722627314896505e-06 4.693998032012343196e-04
2.843900968267215720e-06 4.813128661317966168e-04
3.060394092712114274e-06 4.935112399389727416e-04
3.293367844807187164e-06 5.060149919933777923e-04
3.544076819073297107e-06 5.188267126523014383e-04
3.813871116552442369e-06 5.319562489827442398e-04
4.104203615280652199e-06 5.454126955589136362e-04
4.416637794228740268e-06 5.592061201591423192e-04
4.752856152843601645e-06 5.733444532338668239e-04
5.114669271530820667e-06 5.878474965512919034e-04
5.504025561869825781e-06 6.027161505209050873e-04
5.923021759068571264e-06 6.181545321349158750e-04
6.373914213160305929e-06 6.345380096742770336e-04
6.859131039747485977e-06 6.513154447632276247e-04
7.381285195726006904e-06 6.675775422617308882e-04
7.943188550404148006e-06 6.839942446897171076e-04
8.547867027791396295e-06 7.012981806462424781e-04
9.198576901600266276e-06 7.192428969682194626e-04
9.898822330711501213e-06 7.377601657579545193e-04
1.065237422953391480e-05 7.568211708820571718e-04
1.146329057487821044e-05 7.763939410393832499e-04
1.233593825869937011e-05 7.964577359217017054e-04
1.327501660438898510e-05 8.169800285143490048e-04
1.428558267325360612e-05 8.378424760187544625e-04
1.537307849746051197e-05 8.591989681135249295e-04
1.654336038610157360e-05 8.804784637626640901e-04
1.780273046219381087e-05 9.032121239059199462e-04
1.915797060044625367e-05 9.263821722837148635e-04
2.061637894855467863e-05 9.483632174606168152e-04
2.218580922869277836e-05 9.719344464193149617e-04
2.387471303084756353e-05 9.957167505864061852e-04
2.569218532575057905e-05 1.021616783462549107e-03
2.764801344250042249e-05 1.043173188482267007e-03
2.975272977462681918e-05 1.079643485984648063e-03
3.201766849842458708e-05 1.080499108983970892e-03
3.445502660899492955e-05 1.156012244167752088e-03
3.707792960268052233e-05 1.175238877221308070e-03
3.990050215960160105e-05 5.939367189571476005e-04
4.293794420692992000e-05 7.945804930484197176e-04
4.620661277251076346e-05 1.943252005309775970e-03
4.972411006962356838e-05 1.012977984171486903e-03
5.350937828723488244e-05 6.369418693481789743e-04
5.758280159619273534e-05 1.441964278847236106e-03
6.196631592068983221e-05 1.196244373750219962e-03
6.668352706612026598e-05 1.313355676869522011e-03
7.175983783946874466e-05 1.318917902084319966e-03
7.722258484679215727e-05 1.357175293520947960e-03
8.310118570446564244e-05 1.387485219686392058e-03
8.942729745694250987e-05 1.420124039996734045e-03
9.623498705413478414e-05 1.453398914108494037e-03
1.035609148064500518e-04 1.487297908397343946e-03
1.114445318054206629e-04 1.520227672379665046e-03
1.199282923730596084e-04 1.556593521224022923e-03
1.290578826840070169e-04 1.571162817138233025e-03
1.388824667916342930e-04 1.614605974232456937e-03
1.494549513829866966e-04 1.553324296487386099e-03
1.608322706882990539e-04 1.494320667863715006e-03
1.730756930793728838e-04 1.513550111341696938e-03
1.862511510078716966e-04 1.980881095381466055e-03
2.004295960603099845e-04 1.798726137026187980e-03
2.156873810417491214e-04 1.063456998533088968e-05
2.321066711457639268e-04 2.698379865431596927e-03
2.497758864248979336e-04 2.922108296078790909e-03
2.687901779443633795e-04 8.486493089481320909e-04
2.892519401831278292e-04 2.326599945946306036e-03
3.112713624417560868e-04 2.095716849917750833e-03
3.349670222263859674e-04 1.352669196047372917e-03
3.604665238043116529e-04 1.242126575978604952e-03
3.879071853698723362e-04 2.372888190170951983e-03
4.174367785211143076e-04 2.166114403918392023e-03
4.492143240294283694e-04 2.258826893276309061e-03
4.834109481874747523e-04 2.266730757421240097e-03
5.202108043469332510e-04 2.279141501160754976e-03
5.598120646087091428e-04 2.280828316763941835e-03
6.024279870059435528e-04 2.262790139968477981e-03
6.482880639267770773e-04 2.234623609929574980e-03
6.976392579612739845e-04 2.087730696025121100e-03
7.507473318276752143e-04 1.907964236061552091e-03
8.078982795398503966e-04 1.967964435875763866e-03
8.693998665229649018e-04 2.126640113228354164e-03
9.355832869710496019e-04 2.181803021230673857e-03
1.006804947371623240e-03 2.195383370888080200e-03
1.083448385801858869e-03 2.174103940872989041e-03
1.165926337331916161e-03 2.055516589879429010e-03
1.254682956658007822e-03 1.895907086651573998e-03
1.350196209934254347e-03 2.013670860051908120e-03
1.452980448683759834e-03 2.460404650506905957e-03
1.563589179649723911e-03 1.324439970840357930e-03
1.682618045502557759e-03 7.090900412268005132e-04
1.810708032454589212e-03 1.130124673437893921e-03
1.948548922055761854e-03 6.793176222158884333e-04
2.096883005758620917e-03 7.930589526726605082e-04
2.256509082256184361e-03 7.752308108207211276e-04
2.428286759118683698e-03 7.838096787640956055e-04
2.613141081894239468e-03 7.943038978594911840e-04
2.812067515601715095e-03 8.082891459791543415e-04
3.026137305441685323e-03 8.251218351117527031e-04
3.256503245593783159e-03 8.441861703397232543e-04
3.504405887166126519e-03 8.653418877849478183e-04
3.771180218727309547e-03 8.882744027606379782e-04
4.058262855396814993e-03 9.129086223238326928e-04
4.367199775207671053e-03 9.394586207366384173e-04
4.699654644403008542e-03 9.679164225262663424e-04
5.057417776499256203e-03 9.971756689975326028e-04
5.442415773361528389e-03 1.028075521768661085e-03
5.856721900209939206e-03 1.061348800852466093e-03
6.302567250427579086e-03 1.094991064474184041e-03
6.782352760293837608e-03 1.130858229654418956e-03
7.298662138344417551e-03 1.167622943025446898e-03
7.854275778984200901e-03 1.206243723458617087e-03
8.452185735279277648e-03 1.246132865659255054e-03
9.095611831559356070e-03 1.286856781099621032e-03
9.788019002598145890e-03 1.330472073581003998e-03
1.053313595274625245e-02 1.372926038296826004e-03
1.133497523549823437e-02 1.418733243922941020e-03
1.219785486162454878e-02 1.466674312004944943e-03
1.312642155223174914e-02 1.513216980288224897e-03
1.412567576197139296e-02 1.561803338540378953e-03
1.520099860715051071e-02 1.612765370598391980e-03
1.635818084375626619e-02 1.663504724363814051e-03
1.760345405144375305e-02 1.714078074430280037e-03
1.894352419141818317e-02 1.768028101794048065e-03
2.038560771892465248e-02 1.825457362749020006e-03
2.193747044481532404e-02 1.881607669091242031e-03
2.360746935546988168e-02 1.937650500033784090e-03
2.540459761627467811e-02 1.994499671220368187e-03
2.733853300100919093e-02 2.051509191295319834e-03
2.941969000794075403e-02 2.109507857882544132e-03
3.165927594327679062e-02 2.168009041951445177e-03
3.406935127399385310e-02 2.226820086037154846e-03
3.666289457505055721e-02 2.286012068857313975e-03
3.945387242073242900e-02 2.345546934396684161e-03
4.245731459650521622e-02 2.405461094611810804e-03
4.568939503640123689e-02 2.465427795227769989e-03
4.916751892179610506e-02 2.526740339853828215e-03
5.291041641061738909e-02 2.590443454363620945e-03
5.693824350172568827e-02 2.654378460071501935e-03
6.127269057763906623e-02 2.717636629496567122e-03
6.593709921011746411e-02 2.780841363507017064e-03
7.095658785761775611e-02 2.844137953104698083e-03
7.635818713152089932e-02 2.907795026878528828e-03
8.217098535955637273e-02 2.972059269109884969e-03
8.842628523029916199e-02 3.037243364854301953e-03
9.515777236229572278e-02 3.103763951024688956e-03
1.024016967055835919e-01 3.172064253260949152e-03
1.101970677524729270e-01 3.242770907335525143e-03
1.185858646088332885e-01 3.316640577634794203e-03
1.276132620571381882e-01 3.394551796765492117e-03
1.373278738286545231e-01 3.477696990027920061e-03
1.477820143948278542e-01 3.567167657198733795e-03
1.590319806876389352e-01 3.665294411449893184e-03
1.711383552660425966e-01 3.772162011145842840e-03
1.841663325610758684e-01 3.893605944512355983e-03
1.981860699565024253e-01 4.029710872885582974e-03
2.132730655956237842e-01 4.163808074050790418e-03
2.295085649487793589e-01 4.456983328342187071e-03
2.469799983309693692e-01 4.185648740747762754e-03
2.657814517256875675e-01 3.235294451396076004e-03
2.860141734504025313e-01 2.768106477831538004e-03
3.077871193921631887e-01 3.633337568935691899e-03
3.312175397494894202e-01 5.343157174896798721e-03
3.564316104402173724e-01 5.962215213161218587e-03
3.835651125755433766e-01 6.487854639730916174e-03
4.127641636592868091e-01 7.698149341227006337e-03
4.441860044500133275e-01 8.654555916367139695e-03
4.779998457233527454e-01 9.880482882638725456e-03
5.143877794944379245e-01 1.142177592191098018e-02
5.535457596075351594e-01 1.317407174719223938e-02
5.956846569734597363e-01 1.525658705235214026e-02
6.410313951373612928e-01 1.770317833005420963e-02
6.898301722920792134e-01 2.057150381968628899e-02
7.423437763177770377e-01 2.392429408028289017e-02
7.988549999294707327e-01 2.784059271102453867e-02
8.596681635532887888e-01 3.241254809317656305e-02
9.251107541322662886e-01 3.771847441149436819e-02
9.955351886869270306e-01 4.384830271939046259e-02
1.071320712127641350e+00 5.091621972437127691e-02
1.152875439538693536e+00 5.904134400098794838e-02
1.240638553932086552e+00 6.835681264687065717e-02
1.335082671306266233e+00 7.900659473959197043e-02
1.436716385745853364e+00 9.114651455131334012e-02
1.546087008268209884e+00 1.049431957493637962e-01
1.663783514165744659e+00 1.205731052915492013e-01
1.790439714715908126e+00 1.382205359205528061e-01
1.926737670338910302e+00 1.580748093032295909e-01
2.073411363583415934e+00 1.803266861648459007e-01
2.231250651719821398e+00 2.051633240152614113e-01
2.401105520226331169e+00 2.327618837558023956e-01
2.583890660073314471e+00 2.632817732453919812e-01
2.780590393455426579e+00 2.968554535500959046e-01
2.992263974496981671e+00 3.335779111662108831e-01
3.220051293475766574e+00 3.734951077614175885e-01
3.465179015283252006e+00 4.165917349890658206e-01
3.728967185177470167e+00 4.627790391330223185e-01
4.012836337401660458e+00 5.118835196770171736e-01
4.318315144949408158e+00 5.636365090378465670e-01
4.647048651671144448e+00 6.176670975800673258e-01
5.000807131053351284e+00 6.734910989521238900e-01
5.381495619375705530e+00 7.305184569004065098e-01
5.791164174583887991e+00 7.880986563657421673e-01
6.232018916123287511e+00 8.454433385209575436e-01
6.706433905184373323e+00 9.017147695661155149e-01
7.216963929336799310e+00 9.560202714551838676e-01
7.766358260399012892e+00 9.800999999999999712e-01
8.357575459631082282e+00 9.800999999999999712e-01
8.993799309979142009e+00 9.800999999999999712e-01
9.678455961168449306e+00 9.800999999999999712e-01
1.041523237997334839e+01 9.800999999999999712e-01
1.120809620502211246e+01 9.800999999999999712e-01
1.206131711305634013e+01 9.800999999999999712e-01
1.297948981170599936e+01 9.800999999999999712e-01
1.396755878259889805e+01 9.800999999999999712e-01
1.503084490804904583e+01 9.800999999999999712e-01
1.617507412471299588e+01 9.800999999999999712e-01
1.740640825851750861e+01 9.800999999999999712e-01
1.873147820690815024e+01 9.800999999999999712e-01
2.015741964711101630e+01 9.800999999999999712e-01
2.169191146269952952e+01 9.800999999999999712e-01
2.334321709539998224e+01 9.800999999999999712e-01
2.512022904482034136e+01 9.800999999999999712e-01
2.703251675573824286e+01 9.800999999999999712e-01
2.909037815082919209e+01 9.800999999999999712e-01
3.130489508634466844e+01 9.800999999999999712e-01
3.368799302937627971e+01 9.800999999999999712e-01
3.625250527807507694e+01 9.800999999999999712e-01
3.901224207066390193e+01 9.800999999999999712e-01
