1.025819194288007524e-01 2.000000000000000000e+01
1.074940246255400023e-01 2.000000000000000000e+01
1.128340502229265713e-01 2.000000000000000000e+01
1.186170521337953920e-01 2.000000000000000000e+01
1.248580338235699694e-01 1.990367528107085349e+01
1.315723474355119105e-01 1.869437167697489244e+01
1.387760822120124027e-01 1.768861646662005072e+01
1.464873443965477862e-01 1.684304848425669121e+01
1.547253860736688136e-01 1.612740391321087330e+01
1.635104424328225614e-01 1.551741220064703164e+01
1.728635808852022338e-01 1.500431371020529880e+01
1.828062877731769509e-01 1.455723548408274937e+01
1.933600807955039858e-01 1.418378710761785300e+01
2.045486082499203273e-01 1.384732479486810597e+01
2.163972505329816998e-01 1.357326555801004275e+01
2.289310492820744725e-01 1.332498065095232676e+01
2.421746964823512371e-01 1.311593367961743795e+01
2.561534614968897228e-01 1.293643597345214857e+01
2.708927637131467447e-01 1.277845470594876609e+01
2.864186000252575970e-01 1.264823094890850363e+01
3.027581692353943366e-01 1.253830308030245710e+01
3.199379769496776271e-01 1.245250764052612880e+01
3.379835043937490235e-01 1.237375058128579042e+01
3.569204390748587641e-01 1.231302331022797247e+01
3.767757472292967424e-01 1.226348803586302694e+01
3.975749770077986467e-01 1.222578071913900466e+01
4.193420501727623817e-01 1.220349764195032449e+01
4.421001848013155766e-01 1.218366288773621875e+01
4.658726326355203118e-01 1.217363938638146870e+01
4.906808372843387556e-01 1.217347124927343494e+01
5.165444968404694359e-01 1.217355364130435724e+01
5.434820676218814484e-01 1.218370059410078277e+01
5.715119522940184105e-01 1.220407209161023232e+01
6.006490601835655641e-01 1.222407022117250541e+01
6.309046706628580470e-01 1.224439936435895504e+01
6.622877701268433670e-01 1.227416357158398164e+01
6.948048485654467754e-01 1.230595347309644261e+01
7.284593988360643646e-01 1.234391857493827160e+01
7.632523033403940671e-01 1.238440087489880703e+01
7.991789097169518241e-01 1.242466088682114211e+01
8.362284318814113826e-01 1.246474702772007959e+01
8.743880074569724270e-01 1.250562992361591874e+01
9.136420510478211465e-01 1.255538937996120730e+01
9.539664182058803510e-01 1.259623095441087948e+01
9.953288642578477230e-01 1.264478343600163512e+01
1.037694405333618786e+00 1.269478561664105598e+01
1.081023278686055633e+00 1.273690033672152744e+01
1.125267720883142086e+00 1.278542039227413873e+01
1.170373192398514783e+00 1.283540160518596807e+01
1.216275941850526454e+00 1.287668663733729346e+01
1.262905325340495377e+00 1.292570460933981558e+01
1.310187223310510518e+00 1.296632443400600820e+01
1.358042048305356797e+00 1.301293938815486584e+01
1.406378958268094781e+00 1.305461180475605865e+01
1.455102537692679388e+00 1.309423188411373928e+01
1.504113347634655762e+00 1.312735784767387592e+01
1.553306980779273205e+00 1.316605856697338872e+01
1.602572201534807839e+00 1.319688488551688010e+01
1.651795154826538381e+00 1.322749272277274812e+01
1.700859878424896721e+00 1.325670889699836152e+01
1.749646200607265722e+00 1.328617148444777385e+01
1.798032432324136121e+00 1.330635209291786225e+01
1.845895099373757731e+00 1.332637028175142291e+01
1.893111798600594309e+00 1.334527586646448327e+01
1.939560619759306270e+00 1.335658156658592510e+01
1.985123963333238262e+00 1.336658963403969302e+01
2.029688772698149624e+00 1.337535748914802802e+01
2.073140587827452919e+00 1.337658029088314215e+01
2.115370941374749680e+00 1.337657894509690060e+01
2.156279538930617967e+00 1.337458329962844061e+01
2.195773597331462046e+00 1.336718773373130986e+01
2.233766444053746802e+00 1.335562221300757813e+01
2.270173643518061724e+00 1.334390201357033767e+01
2.304922393196607189e+00 1.332428016316786845e+01
2.337949105676786044e+00 1.330396783618430767e+01
2.369198018130996619e+00 1.327715264919594951e+01
2.398621403203610392e+00 1.325406219558257170e+01
2.426181729176100532e+00 1.321657706988013281e+01
2.451850702047426722e+00 1.318335557828273075e+01
2.475606441630699095e+00 1.314433705327889434e+01
2.497436560710702302e+00 1.310385452272455353e+01
2.517337315310079759e+00 1.305719634051354383e+01
2.535311895878305855e+00 1.300833555608619463e+01
2.551370590654893800e+00 1.295866653565903803e+01
2.565532531042196585e+00 1.290817894289726731e+01
2.577822307799174428e+00 1.285379040750484059e+01
2.588271003452316421e+00 1.279630276730178373e+01
2.596915693751717491e+00 1.273747587812812831e+01
2.603798278137117173e+00 1.267507085304349168e+01
2.608965312936364800e+00 1.260858027748951393e+01
2.612466728142432082e+00 1.254687985916354975e+01
2.614357073157066669e+00 1.247446008661041716e+01
2.614694359086523257e+00 1.240666213320706746e+01
2.613538003114618480e+00 1.355074027405229920e+248
5.626583879554116763e-01 2.463430467222264202e-154
5.899207112315330015e-01 3.758767523536190156e+199
6.171830345076543267e-01 1.120808197915188391e+142
6.444453577837760960e-01 8.697649996999700085e-153
6.717076810598974212e-01 2.135075890872036023e+161
6.989700043360188575e-01 6.808211329394907311e-310
