1.567664512068225602e-01 2.000000000000000000e+01
1.629199634779172068e-01 2.000000000000000000e+01
1.693818011304510651e-01 2.000000000000000000e+01
1.761717343011523496e-01 2.000000000000000000e+01
1.833113693454194726e-01 2.000000000000000000e+01
1.908153683928290600e-01 2.000000000000000000e+01
1.986985989013729526e-01 2.000000000000000000e+01
2.069790603689345698e-01 2.000000000000000000e+01
2.156784356062720343e-01 2.000000000000000000e+01
2.248226726162556866e-01 2.000000000000000000e+01
2.344393074286753309e-01 2.000000000000000000e+01
2.445474110028127701e-01 2.000000000000000000e+01
2.551658555877949208e-01 1.497857604850150182e+01
2.663165237040923117e-01 1.475712708053305988e+01
2.780246037236341894e-01 1.455689146175948245e+01
2.903188046586840931e-01 1.439183737770586546e+01
3.032309161946346587e-01 1.420594995621032375e+01
3.167864766875533311e-01 1.405498329900556342e+01
3.310054667246352111e-01 1.391494649160350328e+01
3.459102533908059440e-01 1.379448255962766900e+01
3.615259430501248650e-01 1.367791582152059249e+01
3.778803134707950928e-01 1.357822677492712771e+01
3.950035211849737271e-01 1.349425570351028014e+01
4.129264846789716392e-01 1.341445252211917882e+01
4.316712933613981451e-01 1.334444288440280246e+01
4.512559870247500049e-01 1.328395305501950041e+01
4.717003888329552308e-01 1.322444203031711396e+01
4.930258707885136205e-01 1.318415521889328090e+01
5.152547523301514998e-01 1.314450940290524095e+01
5.384092992943969591e-01 1.310776015537222960e+01
5.625098157468345628e-01 1.308430917686849249e+01
5.875678600999595380e-01 1.306413095867273810e+01
6.135897197203160625e-01 1.304405533215493662e+01
6.405821656186593271e-01 1.303413890022308941e+01
6.685520549076873209e-01 1.302417487205925717e+01
6.975054029472780304e-01 1.302445535771624741e+01
7.274459716670657050e-01 1.302428652950203336e+01
7.583732224818519052e-01 1.302411403105129928e+01
7.902794884106941753e-01 1.303344997050022336e+01
8.231519078101313669e-01 1.303545654456789116e+01
8.569753254281411436e-01 1.304565490758711377e+01
8.917310946066109301e-01 1.306386249217990070e+01
9.273950322719858308e-01 1.307428487791639782e+01
9.639346376190784937e-01 1.308668433794812991e+01
1.001305426154273759e+00 1.310436029378685774e+01
1.039467366292659456e+00 1.312429789802903457e+01
1.078421450850177488e+00 1.313618628943910949e+01
1.118152970002423974e+00 1.315485013343453247e+01
1.158608062777045200e+00 1.317498980566394451e+01
1.199678440479597041e+00 1.318859072493177464e+01
1.241183207366972407e+00 1.320582166799725066e+01
1.282848492921408567e+00 1.322553533203377363e+01
1.324325176179944386e+00 1.323513923638633294e+01
1.365308636227624328e+00 1.324622055268104859e+01
1.405562844137046241e+00 1.325553746215191708e+01
1.444931158740436761e+00 1.325861235637059998e+01
1.483352344095834718e+00 1.326488468463376869e+01
1.520834728474024455e+00 1.326451073560962257e+01
1.557324828407783190e+00 1.326374635701454530e+01
1.592761694516525717e+00 1.325428806809810212e+01
1.627104805697703327e+00 1.324465790304669888e+01
1.660336891649667024e+00 1.322532406417069240e+01
1.692452607695898337e+00 1.320523419677415156e+01
1.723434747593831640e+00 1.318415336843134789e+01
1.753265996560601891e+00 1.315777376104847818e+01
1.781930872107065689e+00 1.312706461775340117e+01
1.809414736373910593e+00 1.309436332234746558e+01
1.835704200148526199e+00 1.305430555996741937e+01
1.860788803246671952e+00 1.301443297435890400e+01
1.884660229826846445e+00 1.297589014789565631e+01
1.907311185319620073e+00 1.292765719596732765e+01
1.928734596370349497e+00 1.287812604247242554e+01
1.948926449210524714e+00 1.282752261029312457e+01
1.967886190215041520e+00 1.277616394487164797e+01
1.985615109651909904e+00 1.272389532528684342e+01
2.002115258828734312e+00 1.266421368309426754e+01
2.017389794237451017e+00 1.260405952274507158e+01
2.031445880431540729e+00 1.253494767848185809e+01
2.044293309486270527e+00 1.247371736079317195e+01
2.055943244429890182e+00 1.240368619617848367e+01
2.066407420451285226e+00 1.233396737500512685e+01
2.075699958247549048e+00 1.226364215993440254e+01
2.083838324549298626e+00 1.219388894290537628e+01
2.090841598181238936e+00 1.211693215659384038e+01
2.096729557479161343e+00 1.204392492063470321e+01
2.101522693147727328e+00 1.196357151931127838e+01
2.105244334077943869e+00 1.188477666868679350e+01
2.107919802607673976e+00 1.180616044478572491e+01
2.109575252491722619e+00 1.172768945836763876e+01
2.110237108783313609e+00 1.164654951727098364e+01
2.109933067788656746e+00 1.558186088123433657e-152
4.199557989650595626e-322 9.927479008947491893e-124
4.248964554234720280e-322 1.831778315417654995e-104
4.298371118818844934e-322 2.782163804190480137e-308
4.347777683402969589e-322 8.986407043164456060e-76
4.397184247987094243e-322 4.025274081945840272e-297
4.446590812571218898e-322 2.781395583525227377e-308
4.594810506323592861e-322 6.784895837591804480e-225
4.495997377155343552e-322 3.482322673117798575e-308
4.545403941739468206e-322 1.558186013422364948e-152
