1.645349885396985845e-01 1.841240274418173684e+01
1.705015542609425450e-01 1.793243396946969881e+01
1.767811735702102816e-01 1.748240432703137515e+01
1.833849155021777810e-01 1.706625376120057069e+01
1.903263758391237626e-01 1.668516491680810532e+01
1.976221114181131999e-01 1.633433165446470170e+01
2.052902072329713112e-01 1.600763433262403623e+01
2.133433797340693328e-01 1.571291511472147029e+01
2.217936028617994715e-01 1.543639528427116581e+01
2.306541930211341851e-01 1.518449903613887564e+01
2.399397005621593526e-01 1.494594525705462296e+01
2.496656198010889782e-01 1.472815075420393605e+01
2.598478643704190127e-01 1.452834099086618558e+01
2.705008288465881594e-01 1.435580138852753151e+01
2.816344983507368949e-01 1.418591536674602871e+01
2.932592292894309338e-01 1.403550548096225015e+01
3.053870815982578923e-01 1.389562623598969182e+01
3.180318328658256477e-01 1.377481690068633036e+01
3.312088490343661484e-01 1.365470130999874243e+01
3.449347707241751659e-01 1.354824900488899431e+01
3.592252359699034114e-01 1.345461605765098767e+01
3.740891703674512070e-01 1.336436833756272513e+01
3.895349232616901469e-01 1.328429489617690784e+01
4.055723451950155045e-01 1.321448529043602349e+01
4.222126149309967102e-01 1.314424536385656594e+01
4.394678493681544174e-01 1.308421294262626944e+01
4.573504409972720119e-01 1.303426405338860583e+01
4.758708506822086903e-01 1.298446681305708772e+01
4.950318086982714583e-01 1.293596723020224104e+01
5.148345350608166671e-01 1.289668279903684400e+01
5.352815912412873800e-01 1.286410660038750464e+01
5.563766583719825798e-01 1.283427180679705515e+01
5.781240688043217668e-01 1.280412382495452484e+01
6.005280232506282623e-01 1.277497041135659828e+01
6.235905134089746449e-01 1.275414127877535186e+01
6.473045152268654956e-01 1.273416433840891315e+01
6.716598775477548022e-01 1.271501069147046969e+01
6.966474100486896859e-01 1.270453816474625341e+01
7.222585602459210552e-01 1.268527698585987196e+01
7.484847570641034453e-01 1.267425068041777436e+01
7.753163901233101063e-01 1.266418372518627145e+01
8.027407450596145688e-01 1.265421799813128878e+01
8.307357046432470860e-01 1.264425998658989592e+01
8.592751817671040460e-01 1.263444552030917123e+01
8.883339091436398549e-01 1.262548418586345811e+01
9.178871084856585760e-01 1.261836410932429331e+01
9.479097430786478373e-01 1.261479854898157171e+01
9.783753808729294121e-01 1.260443185014792356e+01
1.009254147311931638e+00 1.259493213549596113e+01
1.040507111065818391e+00 1.258584726215037541e+01
1.072091556105404520e+00 1.257665704122327810e+01
1.103965881087298539e+00 1.256708044685026593e+01
1.136089245173801610e+00 1.255698616168209192e+01
1.168420747650047220e+00 1.254636065400283229e+01
1.200918201183350353e+00 1.253546290596486124e+01
1.233536095974824054e+00 1.252591222111367131e+01
1.266221377200671405e+00 1.250701351757505186e+01
1.298919028952366439e+00 1.249577266262733310e+01
1.331576138018342625e+00 1.247592839789195729e+01
1.364141522004957752e+00 1.245687146224328679e+01
1.396564868232682333e+00 1.243710890125672464e+01
1.428795526202762067e+00 1.241649663766681755e+01
1.460780541908448749e+00 1.239590753443601479e+01
1.492462049229123622e+00 1.236865840250360726e+01
1.523782897511184453e+00 1.234629364007794194e+01
1.554689373337305280e+00 1.231629045356237206e+01
1.585130705499499859e+00 1.228648929401418854e+01
1.615058189995475901e+00 1.225632832701525032e+01
1.644423994063470840e+00 1.222456759656508574e+01
1.673179354357866799e+00 1.218684897553374746e+01
1.701273893089244593e+00 1.215356762517378186e+01
1.728660527230935662e+00 1.211435688638032815e+01
1.755296676771388675e+00 1.207427385233190797e+01
1.781143692583821547e+00 1.202850265885977521e+01
1.806165951115177082e+00 1.198693333363120850e+01
1.830329685492642966e+00 1.194406374967316431e+01
1.853601568046413739e+00 1.189572936589728336e+01
1.875949597213880216e+00 1.184706321173886145e+01
1.897346301847700145e+00 1.179591949866075851e+01
1.917768915021484277e+00 1.174460953739431446e+01
1.937198673231791402e+00 1.169336101316052989e+01
1.955619930625696501e+00 1.163559719683830629e+01
1.973019047622694311e+00 1.158371698666278071e+01
1.989383671645349683e+00 1.152367154269208704e+01
2.004704483084178257e+00 1.146423530246575062e+01
2.018976488878910125e+00 1.140414598598861851e+01
2.032198652229451952e+00 1.134383922798348898e+01
2.044373190147894981e+00 1.127785941784709323e+01
2.055504740312773304e+00 1.121506936656991016e+01
2.065599434607403140e+00 1.115391401149019046e+01
2.074664979710922452e+00 1.108463509902240141e+01
2.082712225878583734e+00 1.101748776495586668e+01
2.089755180861620598e+00 1.095412025434912273e+01
2.095810475963503894e+00 1.088452429681762368e+01
2.100896766198447452e+00 1.081560379222701584e+01
2.105034024178975116e+00 1.074652094753597531e+01
2.108242676187438214e+00 1.067648411115654739e+01
2.110541445422059681e+00 1.060726491451188025e+01
2.111949391585091540e+00 1.054384368277404604e+01
2.112489481512336731e+00 1.046832799459307317e+01
