1.627985732538255181e-01 2.000000000000000000e+01
1.687180031597577123e-01 2.000000000000000000e+01
1.749496146265691610e-01 1.998403560163765391e+01
1.814990311206598206e-01 1.933914349528206600e+01
1.883773127508102940e-01 1.874385457729236037e+01
1.956029456734530991e-01 1.820940665511023226e+01
2.031958131663720579e-01 1.772581543510186819e+01
2.111701293143170011e-01 1.728923996036782640e+01
2.195403447521917517e-01 1.688310802441680281e+01
2.283212580027534078e-01 1.651952748753276978e+01
2.375272506618141821e-01 1.617943975933670941e+01
2.471706557836876594e-01 1.587358419084206496e+01
2.572624019865897838e-01 1.558935395657992551e+01
2.678148198792971169e-01 1.533652158520906283e+01
2.788419255127143059e-01 1.509944791795652819e+01
2.903593371556444924e-01 1.488547270335707928e+01
3.023823199410919926e-01 1.468707090108223134e+01
3.149222009836126213e-01 1.450407443171220656e+01
3.279908287117260235e-01 1.434396706078902817e+01
3.416015195049453279e-01 1.419328358972544102e+01
3.557687994033987833e-01 1.405319196223779521e+01
3.705071001424047328e-01 1.392608985288428691e+01
3.858263769629149409e-01 1.380686666047844824e+01
4.017358986569259383e-01 1.370403395342441932e+01
4.182461586364579764e-01 1.360761392647852297e+01
4.353685045478752347e-01 1.352316003622328466e+01
4.531141903298145923e-01 1.343703216189243577e+01
4.714898518639232816e-01 1.336938930595817254e+01
4.904995782204844557e-01 1.330876666759135496e+01
5.101485324550140144e-01 1.323656760656994180e+01
5.304426865522953172e-01 1.318603299603507573e+01
5.513881107883544797e-01 1.313333086925987381e+01
5.729868580297146075e-01 1.309415516542668279e+01
5.952359528307157310e-01 1.305392069335938743e+01
6.181328631385757388e-01 1.302343480966926847e+01
6.416755646065005481e-01 1.297959076489722108e+01
6.658618156415040401e-01 1.295299432619127700e+01
6.906862259465558207e-01 1.292954497436030081e+01
7.161367066302632978e-01 1.290919784121789071e+01
7.422004725925930302e-01 1.288262121390005355e+01
7.688648651854246285e-01 1.286293334982603831e+01
7.961165179326114005e-01 1.284260459661450859e+01
8.239392713574595906e-01 1.281588962100303064e+01
8.523096284231460595e-01 1.280276481337831029e+01
8.812022470480338487e-01 1.278347192136373245e+01
9.105921880092330278e-01 1.277317399619396454e+01
9.404542082183678930e-01 1.275554462266805267e+01
9.707612835462979817e-01 1.273000718831066180e+01
1.001479794468299378e+00 1.272388868766213754e+01
1.032572722913473795e+00 1.269318584676498496e+01
1.064003031692927648e+00 1.268000482052027245e+01
1.095732848801048043e+00 1.267535492791873075e+01
1.127722021966955257e+00 1.263956492355723071e+01
1.159924543531441588e+00 1.259882176032192014e+01
1.192291211409597373e+00 1.250689124558818577e+01
1.224774140129986311e+00 1.248814731402758227e+01
1.257326462446570092e+00 1.247689653322083458e+01
1.289901344955475260e+00 1.245708997735800239e+01
1.322447527384114974e+00 1.243726151751412878e+01
1.354909286588183770e+00 1.241764594086110307e+01
1.387233677519250863e+00 1.239756056749333446e+01
1.419371054940709476e+00 1.237681437109127458e+01
1.451274648037216508e+00 1.235583134944352146e+01
1.482912695655284496e+00 1.233534045516103106e+01
1.514270462108555426e+00 1.230537034444538946e+01
1.545304608685252656e+00 1.227590485265401909e+01
1.575925835683220644e+00 1.224620636818916353e+01
1.605985979177513290e+00 1.221572220306578949e+01
1.635292607129636977e+00 1.218474606105644575e+01
1.663694594121536641e+00 1.215447188582607119e+01
1.691071794030149400e+00 1.211446296400288070e+01
1.717327284821462463e+00 1.207459386562425863e+01
1.742386020989768136e+00 1.203445731629675741e+01
1.766161989921735120e+00 1.198824360835970637e+01
1.788584595248020603e+00 1.194532527154419732e+01
1.809638227443337355e+00 1.189652396117833710e+01
1.829367550214660909e+00 1.184692984734301824e+01
1.847828528667665893e+00 1.179561053406644078e+01
1.865053555498445315e+00 1.174485527401701646e+01
1.881074576466381654e+00 1.168558932787551541e+01
1.895924704253132642e+00 1.162690226407675809e+01
1.909638290036700603e+00 1.156695368515598688e+01
1.922248289526432341e+00 1.150580008119596798e+01
1.933781596225505162e+00 1.144435205615178930e+01
1.944256658769400792e+00 1.137669863545059634e+01
1.953684415989854983e+00 1.131415972529611835e+01
1.962079598711284678e+00 1.124452302078068300e+01
1.969459363797926521e+00 1.117510303655679493e+01
1.975840376050058689e+00 1.110511151016437381e+01
1.981238034968047179e+00 1.103453453356340397e+01
1.985669335811758751e+00 1.096422631252399604e+01
1.989153895423348084e+00 1.088782788259211820e+01
1.991712013965275085e+00 1.081551091924153063e+01
1.993363824025799813e+00 1.074423785747695170e+01
1.994128897574111603e+00 1.066617350375312334e+01
1.994028212786272514e+00 1.957490159548713748e-13
4.743030200075966824e-322 6.808191533327696950e-310
4.792436764660091479e-322 5.582941798006085949e-322
4.841843329244216133e-322 5.306706729397091610e-310
4.891249893828340787e-322 6.808290254321132048e-310
