1.557198865408412070e-01 2.000000000000000000e+01
1.618394766381738570e-01 2.000000000000000000e+01
1.682705551478730910e-01 2.000000000000000000e+01
1.750293300198376423e-01 2.000000000000000000e+01
1.821328706620131410e-01 2.000000000000000000e+01
1.895992143695043042e-01 2.000000000000000000e+01
1.974472866620352041e-01 2.000000000000000000e+01
2.056967910403490474e-01 2.000000000000000000e+01
2.143682110240288097e-01 2.000000000000000000e+01
2.234827879209973500e-01 2.000000000000000000e+01
2.330625256604834106e-01 2.000000000000000000e+01
2.431301935052083418e-01 2.000000000000000000e+01
2.537092881737202932e-01 1.528852684265160811e+01
2.648238797052664406e-01 1.503796863909715142e+01
2.764985238142405599e-01 1.480766362687393922e+01
2.887582284114066922e-01 1.460629384140449716e+01
3.016284114398563032e-01 1.441717115402275873e+01
3.151348466927412217e-01 1.425497651734798943e+01
3.293036109238434150e-01 1.409624287035144086e+01
3.441609815958613372e-01 1.396458083975179321e+01
3.597331797519431329e-01 1.383487898988449238e+01
3.760461587705877795e-01 1.372449129240570720e+01
3.931254729600319187e-01 1.362444050206760338e+01
4.109961492166277486e-01 1.353453328180460780e+01
4.296825376270449470e-01 1.345565517807933276e+01
4.492081518608968538e-01 1.338636448577995530e+01
4.695954944589763036e-01 1.332461666173882442e+01
4.908658714980330684e-01 1.327409421211143581e+01
5.130391996578389513e-01 1.322696136661220478e+01
5.361337911157735281e-01 1.319370187837413866e+01
5.601661326765495774e-01 1.315472174477883982e+01
5.851506486256361494e-01 1.313409283422209484e+01
6.110994522858409495e-01 1.310851426679373510e+01
6.380220941653360622e-01 1.309407502485441555e+01
6.659253036947504478e-01 1.308436984669982728e+01
6.948127074663087432e-01 1.307407075771464733e+01
7.246845650647865122e-01 1.307359134930033839e+01
7.555374902489264688e-01 1.306776814491066574e+01
7.873641970024181092e-01 1.307442969011143674e+01
8.201532388223684578e-01 1.307463569677406312e+01
8.538887674160295926e-01 1.308421183569280011e+01
8.885502916059349054e-01 1.309428870776799414e+01
9.241125230029009208e-01 1.310429307201380844e+01
9.605454040078837963e-01 1.311507256159388035e+01
9.978141040121160099e-01 1.313392571779115059e+01
1.035878908290557954e+00 1.314443297401466104e+01
1.074695158911913806e+00 1.315848711606594712e+01
1.114213197106848074e+00 1.317464323947692861e+01
1.154378382872030873e+00 1.319379881066356930e+01
1.195131114456757349e+00 1.320503785942447372e+01
1.236407026793252317e+00 1.322358219054753015e+01
1.278137325055005880e+00 1.323505143759779301e+01
1.320249041233174214e+00 1.324613840638967410e+01
1.362665261693058572e+00 1.325774394953283952e+01
1.405305401919833885e+00 1.327400059144264333e+01
1.448085523922860940e+00 1.328327169792567197e+01
1.490918696515089570e+00 1.328686487836656127e+01
1.533715430377490252e+00 1.329566459359732988e+01
1.576384425478819074e+00 1.329742542078253109e+01
1.618833181170039826e+00 1.330434872757922271e+01
1.660968527609051781e+00 1.330450240515903459e+01
1.702697116256896459e+00 1.329819115691818077e+01
1.743925929448580270e+00 1.329616730590718454e+01
1.784562796865487355e+00 1.328736684114761246e+01
1.824516960626163309e+00 1.327794963210963353e+01
1.863699810567458925e+00 1.326690557561926020e+01
1.902025506896281470e+00 1.325573734794017788e+01
1.939411452607020525e+00 1.323661407489920272e+01
1.975778760390630717e+00 1.321670218616162096e+01
2.011052631188369411e+00 1.319564848749048203e+01
2.045162753080472573e+00 1.316728448448287025e+01
2.078043655149677260e+00 1.313855001675575096e+01
2.109635142907921423e+00 1.310787324858991632e+01
2.139882537048875211e+00 1.307729860270943512e+01
2.168736877145653441e+00 1.303809925810982229e+01
2.196155057199950189e+00 1.300346563728119520e+01
2.222099945266069021e+00 1.295794202251169835e+01
2.246540393805891878e+00 1.291617193825885757e+01
2.269451320479643375e+00 1.286778638977472866e+01
2.290813714003908430e+00 1.281828816697881912e+01
2.310614454437573517e+00 1.276784713905729873e+01
2.328846296712459907e+00 1.271555555259484649e+01
2.345507625844209354e+00 1.265819111826028021e+01
2.360602301447750850e+00 1.260441204718000918e+01
2.374139368092945901e+00 1.254412514275382762e+01
2.386132770923202973e+00 1.248421764542033685e+01
2.396601086243756562e+00 1.241790128215022015e+01
2.405567287619974959e+00 1.235422571926391555e+01
2.413058436326299017e+00 1.228571215729277277e+01
2.419105351559156958e+00 1.221714462333098972e+01
2.423742227622891932e+00 1.214864970330386562e+01
2.427006384753297219e+00 1.207735140417557496e+01
2.428937877712306737e+00 1.200601671878969867e+01
2.429579291157593968e+00 1.193486309624220176e+01
2.428975421167141935e+00 5.306706809441259772e-310
4.495997377155343552e-322 3.211426697968102537e-322
4.545403941739468206e-322 5.306706733700601012e-310
4.594810506323592861e-322 5.306706744302064014e-310
4.693623635491842170e-322 1.581010066691988941e-322
4.644217070907717515e-322 1.581010066691988941e-322
