1.665988631483050209e-01 1.947354505521215629e+01
1.723316697734455505e-01 1.890649583938990475e+01
1.783934349311849243e-01 1.838714788957175728e+01
1.848001911076267156e-01 1.790845168123461661e+01
1.915672722820060125e-01 1.746593292783218487e+01
1.987080100464569954e-01 1.706402238792729165e+01
2.062328341786456298e-01 1.668443649448947141e+01
2.141525470471431492e-01 1.633771613413727408e+01
2.224789671319241935e-01 1.602378165079205630e+01
2.312242822146126642e-01 1.572672364591526417e+01
2.404004923285345818e-01 1.545830238774907528e+01
2.500185475803921031e-01 1.521389588260976744e+01
2.600870852626096519e-01 1.498445677417520905e+01
2.706104027127780864e-01 1.477509944356329008e+01
2.815892037959934480e-01 1.458440036291340647e+01
2.930261203562736783e-01 1.440709615602995264e+01
3.049275085574805755e-01 1.424606108583986774e+01
3.173046857510130603e-01 1.410369888762344814e+01
3.301753998017313285e-01 1.396429982202873354e+01
3.435655334860915344e-01 1.383764667823151306e+01
3.575006092087641418e-01 1.372442486218270652e+01
3.719925026789903111e-01 1.361832942265244917e+01
3.870530842690654283e-01 1.352407542891431724e+01
4.026962858170022863e-01 1.342853456627029907e+01
4.189379742244467297e-01 1.334784109122814577e+01
4.357955893154255578e-01 1.327825799075273494e+01
4.532874880104056925e-01 1.320698301310214973e+01
4.714282383218866279e-01 1.314659466202347815e+01
4.902241954336444274e-01 1.308748218012189568e+01
5.096818338122912628e-01 1.303686581857282434e+01
5.298087858181488308e-01 1.299575861291007683e+01
5.506133367745078555e-01 1.295382881742799519e+01
5.721035647950374337e-01 1.291602091006381059e+01
5.942860515003399735e-01 1.287756241423391756e+01
6.171630765443045785e-01 1.284678595531011958e+01
6.407296802886851550e-01 1.282415461369149590e+01
6.649797201368404798e-01 1.279464725375540546e+01
6.899070288413473584e-01 1.277657865569157991e+01
7.155045588912218868e-01 1.275358001029872135e+01
7.417631028229989543e-01 1.273514160100606674e+01
7.686694526469790567e-01 1.271762586639397696e+01
7.962040550050496490e-01 1.270506474402029617e+01
8.243413316110443922e-01 1.269486931558228626e+01
8.530546437475681198e-01 1.267732451465151478e+01
8.823171234591483669e-01 1.266595999500610326e+01
9.121009021396591088e-01 1.265562863306834451e+01
9.423759108555863628e-01 1.264551033964940707e+01
9.731082408248987736e-01 1.263562530123286720e+01
1.004257918221665546e+00 1.262573707127636879e+01
1.035778313124681382e+00 1.261560206660198347e+01
1.067621733138410800e+00 1.260542384349535006e+01
1.099741558386757800e+00 1.259521478859442034e+01
1.132091899997609730e+00 1.258525032529124132e+01
1.164626826996894682e+00 1.257509031890035800e+01
1.197299263491145904e+00 1.255686789958512506e+01
1.230059093527900549e+00 1.254560969515674707e+01
1.262848871590854127e+00 1.252739415975068482e+01
1.295609552635873740e+00 1.251594109032015467e+01
1.328285326540414868e+00 1.249569459287555873e+01
1.360823588079312918e+00 1.247589861250498267e+01
1.393174515065071395e+00 1.245592639315473171e+01
1.425290330230983171e+00 1.243590391458157640e+01
1.457123118788581362e+00 1.240751009207672695e+01
1.488617935687782667e+00 1.238648405552630472e+01
1.519719653223357447e+00 1.235621608419783080e+01
1.550377095857877752e+00 1.232669309288318260e+01
1.580542666800330842e+00 1.229663518145531675e+01
1.610171654292056775e+00 1.226685912923089461e+01
1.639221187417692960e+00 1.222851467417759252e+01
1.667648273900157907e+00 1.219647061263210830e+01
1.695408601259595471e+00 1.215682577930083141e+01
1.722460333756284712e+00 1.211694384592001938e+01
1.748764401855459338e+00 1.207745283328624808e+01
1.774283506969156488e+00 1.203423587683927920e+01
1.798980795140583844e+00 1.198742376871770432e+01
1.822818327286699125e+00 1.194324585865790489e+01
1.845759498369679230e+00 1.189424541951147418e+01
1.867775284518391921e+00 1.184425268411044563e+01
1.888840298546179408e+00 1.179372849758574837e+01
1.908930742230545041e+00 1.173775871618836852e+01
1.928022970456338969e+00 1.168530694216568477e+01
1.946091873881997891e+00 1.162798421009341787e+01
1.963109792508705764e+00 1.157345663432287175e+01
1.979055712082654850e+00 1.151400929527766692e+01
1.993919377120817904e+00 1.145414846610630200e+01
2.007693825882449268e+00 1.139406413229571235e+01
2.020373334713726265e+00 1.132838377880196390e+01
2.031952066587182859e+00 1.126582426944378668e+01
2.042422564100144555e+00 1.120380152284061026e+01
2.051777615719777792e+00 1.113583473207809504e+01
2.060020620735977026e+00 1.107328102186754393e+01
2.067161267636325128e+00 1.100407620284872401e+01
2.073211701501987303e+00 1.093490060063120417e+01
2.078185115449182607e+00 1.086582953251899930e+01
2.082094721757755451e+00 1.079617352708818778e+01
2.084953235396593829e+00 1.072729480238860411e+01
2.086776209975065743e+00 1.066361722264760381e+01
2.087584608797115049e+00 1.058824963627023408e+01
2.087404272196266675e+00 0.000000000000000000e+00
4.594810506323592861e-322 3.211426697968102537e-322
