1.566899945488931245e-01 2.000000000000000000e+01
1.628627220208402893e-01 1.981362127211593460e+01
1.693539882355707682e-01 1.912812431034016569e+01
1.761779045291187729e-01 1.851528419928981606e+01
1.833478990658764796e-01 1.796416419433730738e+01
1.908754521615126931e-01 1.746684909818251086e+01
1.987694991834643155e-01 1.702331378393406780e+01
2.070391485908835982e-01 1.661506133808883234e+01
2.156946422733014568e-01 1.624704046308163186e+01
2.247472240410967048e-01 1.591539446858535278e+01
2.342088966554885798e-01 1.561444750867025988e+01
2.440919900409795340e-01 1.534368871661841993e+01
2.544084778713400219e-01 1.509367663069015819e+01
2.651682378467278833e-01 1.486424957223803922e+01
2.763754483790712424e-01 1.465557214055608881e+01
2.880342279955139806e-01 1.446646100402999657e+01
3.001516245886663992e-01 1.429534118853452185e+01
3.127384197808072974e-01 1.413859498087794542e+01
3.258100491446234703e-01 1.399529176013457210e+01
3.393876787655273342e-01 1.386477758557179918e+01
3.534987076051527843e-01 1.374488984781729251e+01
3.681628548130361778e-01 1.363512748518868456e+01
3.833899676538995993e-01 1.353505753834642888e+01
3.991915048984432945e-01 1.344440729774769316e+01
4.155810293327735772e-01 1.336382013952614933e+01
4.325740693897252576e-01 1.328450201495964755e+01
4.501877715539325253e-01 1.321484886017820592e+01
4.684402688299361128e-01 1.315398081188550172e+01
4.873475061883075221e-01 1.309456959953210742e+01
5.069155825790075953e-01 1.304410631236061668e+01
5.271489842320515873e-01 1.299508523717513597e+01
5.480533059608887481e-01 1.295418498543473440e+01
5.696347813776467817e-01 1.291452557700337245e+01
5.918994799094892123e-01 1.288390769831911875e+01
6.148520893781063146e-01 1.284780911926177183e+01
6.384941575413016768e-01 1.282384476172288679e+01
6.628205977429670881e-01 1.279538206583938553e+01
6.878203769506511245e-01 1.277420750811536898e+01
7.134823434548894783e-01 1.275421346237668452e+01
7.397954015997734167e-01 1.273627430336867938e+01
7.667477185650017901e-01 1.272365787503747292e+01
7.943255250498055808e-01 1.270592524820300895e+01
8.225114199671298421e-01 1.269470960380393443e+01
8.512821939907563307e-01 1.268362123304653366e+01
8.806100876252790366e-01 1.266763523848041118e+01
9.104667833848408831e-01 1.265725715416367869e+01
9.408221986245340895e-01 1.264713726641763358e+01
9.716429310368378536e-01 1.263705096147107376e+01
1.002890240584427106e+00 1.262700993806929795e+01
1.034517400397492626e+00 1.261690819834549870e+01
1.066466328255280427e+00 1.260669783040037473e+01
1.098662882336969959e+00 1.259640276278839899e+01
1.131019734783661024e+00 1.258612728680582649e+01
1.163457113201004756e+00 1.257405072302861448e+01
1.195910680864870512e+00 1.255673520929249598e+01
1.228335526624031893e+00 1.254567639215870578e+01
1.260710453688022259e+00 1.252629952005774960e+01
1.293042830764667750e+00 1.250814083042032365e+01
1.325397831115067371e+00 1.249465481854685756e+01
1.358082861556595411e+00 1.247486590916845728e+01
1.391449580001082431e+00 1.245412296717367084e+01
1.425679846112256399e+00 1.242731851092005435e+01
1.460698950512535843e+00 1.240634659425485431e+01
1.496073061269258098e+00 1.238531781675830601e+01
1.530911362086995853e+00 1.236424280758193106e+01
1.563825049728581940e+00 1.233862693059869997e+01
1.589379112216571244e+00 1.231435507924987682e+01
1.605373186214643422e+00 1.227865623336605161e+01
1.619952239025874929e+00 1.224393155963678659e+01
1.634063958702890451e+00 1.219376827703193911e+01
1.648123217716698674e+00 1.213850736937195229e+01
1.662453965333207329e+00 1.208438013534392752e+01
1.677336272014075869e+00 1.202447663359744823e+01
1.693016197521744814e+00 1.195840744480793916e+01
1.709699722238142483e+00 1.189555686183831007e+01
1.727534617200440881e+00 1.182819770413858862e+01
1.746580404177322743e+00 1.176434157550255222e+01
1.766766557261585158e+00 1.169609166142249279e+01
1.787841601545740122e+00 1.162826267648709155e+01
1.809393826050490262e+00 1.156519025316227456e+01
1.831189230910743371e+00 1.149819498753016411e+01
1.853105383340750034e+00 1.143544239654209882e+01
1.875036436348911817e+00 1.137416892991016582e+01
1.896881913317861379e+00 1.131443703937503287e+01
1.918540548678796975e+00 1.124808663432804323e+01
1.939905082314899776e+00 1.118694535231152720e+01
1.960857942719975933e+00 1.112673410599644974e+01
1.981266341510114826e+00 1.106708460099760138e+01
2.000978090364645912e+00 1.101304247907813227e+01
2.019817270149290689e+00 1.095417933402460697e+01
2.037592753977746529e+00 1.089444549021673758e+01
2.054154360485280773e+00 1.083533621288964177e+01
2.069389406024273459e+00 1.077681999322446060e+01
2.083212791992561819e+00 1.072433230104702595e+01
2.095566567282724169e+00 1.066444732641650361e+01
2.106419714304227586e+00 1.060531558215183523e+01
2.115767536146706096e+00 1.054697532585375264e+01
2.123629763733693832e+00 1.048746134645316985e+01
2.130030454890507574e+00 1.043348068948439611e+01
2.134990248624655695e+00 1.037401006670391546e+01
