1.589412611601528080e-01 2.256787785193917628e+01
1.652667762240832283e-01 2.157335939031564465e+01
1.718876381676548992e-01 2.069783371552975382e+01
1.788098076554249793e-01 1.992641159075577306e+01
1.860436535716539774e-01 1.924264731625864400e+01
1.935991703000668196e-01 1.863348855053165565e+01
2.014854625943819366e-01 1.809401157286452744e+01
2.097139942467453610e-01 1.759764065429324020e+01
2.182976826481076438e-01 1.715830021262289407e+01
2.272486184426691092e-01 1.676352602108618228e+01
2.365788354821155570e-01 1.640347011438935354e+01
2.463001450217841837e-01 1.607690351270569451e+01
2.564196271564789797e-01 1.578422672119444670e+01
2.669237209874542049e-01 1.551416469214796834e+01
2.777953557222009318e-01 1.526363439966497992e+01
2.890226945074966247e-01 1.504324669381318991e+01
3.006018217418259253e-01 1.483588307019136288e+01
3.125397977867734323e-01 1.465366977268912230e+01
3.248483067004818148e-01 1.447708183066508525e+01
3.375320625013414344e-01 1.432382071162801118e+01
3.505936154183345033e-01 1.417305147854031766e+01
3.640328083877514831e-01 1.404365670920312859e+01
3.778459369329127959e-01 1.391368608758130598e+01
3.920313376085702850e-01 1.380366266970979261e+01
4.065889694203627669e-01 1.368804105099802371e+01
4.215173370729322633e-01 1.358836967331833279e+01
4.368129861939152314e-01 1.350292679805133389e+01
4.524741334300511619e-01 1.341352666399031257e+01
4.684992335645601913e-01 1.333377269545343324e+01
4.848846198150849052e-01 1.325340011074457358e+01
5.016263521974092532e-01 1.318390595507651675e+01
5.187218008417705528e-01 1.311396992856865928e+01
5.361663755573368162e-01 1.304419047808459986e+01
5.539548487670172827e-01 1.298345723906687788e+01
5.720830064622415279e-01 1.292380351868462185e+01
5.905445279176885220e-01 1.286695866900261720e+01
6.093332630940393457e-01 1.281362521036772861e+01
6.284428247008637669e-01 1.276414934563401360e+01
6.478651550344126653e-01 1.271364032093136487e+01
6.675928883939278302e-01 1.266398869514320324e+01
6.876168145293048983e-01 1.261387232017888316e+01
7.079279985291113686e-01 1.256406497336766392e+01
7.285161166973285196e-01 1.251730580251354397e+01
7.493706599611628105e-01 1.247393595852539327e+01
7.704799614210631198e-01 1.243340600583517741e+01
7.918320557835573092e-01 1.238541616822617542e+01
8.134137649294332917e-01 1.234441586875680841e+01
8.352116096179442728e-01 1.229625562309162490e+01
8.572109846664734967e-01 1.225431402073997944e+01
8.793967156632443993e-01 1.221497458767121991e+01
9.017528705675591505e-01 1.216669628735317410e+01
9.242626304648761115e-01 1.212492269475253615e+01
9.469085547843421047e-01 1.208498944850802914e+01
9.696724377428335151e-01 1.203662198241870840e+01
9.925353329063897334e-01 1.199499246292457499e+01
1.015477603580037025e+00 1.194741166223269069e+01
1.038478952087792617e+00 1.190530696843311276e+01
1.061518469895127215e+00 1.185730852802219459e+01
1.084574599429107611e+00 1.181578560069143791e+01
1.107625269995166306e+00 1.176608259962836556e+01
1.130647855292137294e+00 1.171803623260989724e+01
1.153619280815818549e+00 1.167558193066985517e+01
1.176516053403568351e+00 1.162596591734184592e+01
1.199314319979923882e+00 1.157584029307515294e+01
1.221989939127171798e+00 1.152592418568695720e+01
1.244518569200506297e+00 1.147601859086891984e+01
1.266875655130051515e+00 1.142676420633755896e+01
1.289036594566210558e+00 1.137432928221591055e+01
1.310976790242848855e+00 1.131750686898840108e+01
1.332671701642609730e+00 1.126627637400754800e+01
1.354096915655160327e+00 1.121393730621218232e+01
1.375228310538214815e+00 1.115646295926073961e+01
1.396042044896485423e+00 1.110362521674728953e+01
1.416514665946501106e+00 1.104671100044479992e+01
1.436623256809864024e+00 1.098685417673286757e+01
1.456345445196565391e+00 1.092792889728492511e+01
1.475659528116387786e+00 1.087360098657835117e+01
1.494544551111430808e+00 1.081409698169183997e+01
1.512980331546760482e+00 1.075428455510776615e+01
1.530947651612349247e+00 1.069417804989301679e+01
1.548428212481222088e+00 1.063357258492159119e+01
1.565404788341923981e+00 1.056751449604505311e+01
1.581861220456604489e+00 1.050670478143528719e+01
1.597782569334610159e+00 1.044509576552332142e+01
1.613155067404258736e+00 1.038418731522868654e+01
1.627966232172035177e+00 1.031774438750527167e+01
1.642204929406023473e+00 1.025439616599252979e+01
1.655861320674930193e+00 1.019426747455443660e+01
1.668927025656147034e+00 1.012487127443775314e+01
1.681394968439450688e+00 1.005743726802517735e+01
1.693259569719371083e+00 9.994411121609985571e+00
1.704516689375488170e+00 9.927798990225955578e+00
1.715163604307712975e+00 9.863968200247212437e+00
1.725198938639894930e+00 9.795590423678675052e+00
1.734622872292538753e+00 9.733563977162750902e+00
1.743436936307871443e+00 9.664313181802551611e+00
1.751643133113576445e+00 9.596732473085571868e+00
1.759227710018636204e+00 9.533802034964692140e+00
1.766157575051822581e+00 9.465458763534689623e+00
1.772398112151871707e+00 9.403823064606967819e+00
