1.589412611601528080e-01 2.256787785193917628e+01
1.652667762240832283e-01 2.157335939031564465e+01
1.718876381676548992e-01 2.069783371552975382e+01
1.788098076554249793e-01 1.992641159075577306e+01
1.860436535716539774e-01 1.924264731625864400e+01
1.935991703000668196e-01 1.863348855053165565e+01
2.014854625943819366e-01 1.809401157286452744e+01
2.097139942467453610e-01 1.759764065429324020e+01
2.182976826481076438e-01 1.715830021262289407e+01
2.272486184426691092e-01 1.676352602108618228e+01
2.365788392618834168e-01 1.640347007621270947e+01
2.463001849946891697e-01 1.607690248193946658e+01
2.564194636866832799e-01 1.578422855391774071e+01
2.669241514376076152e-01 1.551415995014012061e+01
2.778044592153767756e-01 1.526355472431993299e+01
2.890653622534347655e-01 1.504409483166579165e+01
3.007301321081536916e-01 1.483378425707258330e+01
3.128217141168827542e-01 1.464612490472898543e+01
3.253558555512710559e-01 1.447337512236322787e+01
3.383436669240865169e-01 1.431349087970518497e+01
3.517931399672555304e-01 1.416748770893280884e+01
3.657158030087918066e-01 1.402826373480209554e+01
3.801222487847089049e-01 1.390823847530661617e+01
3.950214103149878309e-01 1.379287118126259948e+01
4.104240333963845022e-01 1.368698563907125276e+01
4.263394900285339406e-01 1.359371939727902401e+01
4.427760679638478303e-01 1.349857765252996344e+01
4.597431248390057013e-01 1.341378562465708768e+01
4.772478724222919966e-01 1.333645683579096541e+01
4.952979826205116121e-01 1.326379991554611770e+01
5.138999767818505093e-01 1.319753309562763732e+01
5.330595692077678693e-01 1.313429092435110590e+01
5.527819666803313048e-01 1.307783534872006292e+01
5.730710596921588795e-01 1.302392230160343978e+01
5.939301250568949087e-01 1.297397648520506763e+01
6.153611500021048952e-01 1.292763488116685089e+01
6.373650493996416699e-01 1.288396099344479850e+01
6.599416831884781232e-01 1.284381282112416400e+01
6.830893167273811573e-01 1.280423580059401800e+01
7.068052260347946758e-01 1.277369262697529884e+01
7.310850353990409056e-01 1.273460339534768160e+01
7.559228736139403937e-01 1.270396760769211930e+01
7.813114483786328668e-01 1.267402836506807517e+01
8.072417745009223822e-01 1.264501319851758154e+01
8.337031423499258187e-01 1.261583405736477026e+01
8.606831581608445081e-01 1.259438178284132448e+01
8.881676539199856446e-01 1.256429033306285525e+01
9.161406167517855970e-01 1.254424537770817594e+01
9.445842072700478820e-01 1.251532923629041605e+01
9.734786835651521031e-01 1.249540306263017264e+01
1.002802433817068684e+00 1.246746139534348430e+01
1.032531937729229243e+00 1.244547004362304854e+01
1.062641789125362335e+00 1.242537022139452674e+01
1.093104718059429992e+00 1.240356668493991954e+01
1.123891570359592418e+00 1.237619355497910334e+01
1.154971442070110488e+00 1.235555428703287362e+01
1.186311651810358470e+00 1.232819790475936550e+01
1.217877848556333298e+00 1.230592481354209689e+01
1.249634061163438448e+00 1.228446231762506535e+01
1.281542848020006398e+00 1.225601769045012368e+01
1.313565333061800233e+00 1.223374575999601888e+01
1.345661387851648350e+00 1.220585204406165047e+01
1.377789735197420429e+00 1.217656423160340040e+01
1.409908073694619679e+00 1.214772406712538988e+01
1.441973290180793343e+00 1.212356312909311917e+01
1.473941587493590610e+00 1.209375939483324558e+01
1.505768666773179332e+00 1.206339710686475186e+01
1.537409940153164900e+00 1.202751602750508653e+01
1.568820656997015783e+00 1.199645568470833368e+01
1.599956166967526405e+00 1.196557202236812323e+01
1.630772120703907424e+00 1.192705373995013751e+01
1.661224615517952419e+00 1.189506922240457953e+01
1.691270475572572041e+00 1.185664369052151912e+01
1.720867377626696060e+00 1.181692160887729770e+01
1.749974154002271520e+00 1.177733038390596221e+01
1.778550824777688000e+00 1.173738892310372428e+01
1.806559001227668881e+00 1.169696729078734165e+01
1.833961885533786917e+00 1.165677744318082709e+01
1.860724551980039720e+00 1.161437118713853245e+01
1.886814050585902347e+00 1.157356791475880442e+01
1.912199545923645605e+00 1.152511554473186273e+01
1.936852520615790052e+00 1.148416180488198890e+01
1.960746847491413591e+00 1.143373001672343037e+01
1.983858817870922886e+00 1.138465712096973448e+01
2.006166209640634968e+00 1.133554975094261863e+01
2.027620453257482414e+00 1.128579950041341640e+01
2.048138720077809616e+00 1.123557441097572607e+01
2.067639029214126456e+00 1.118498366942071165e+01
2.086046413706318603e+00 1.113437388548872242e+01
2.103294767042408697e+00 1.108370638545535591e+01
2.119327795314595697e+00 1.102701853894636130e+01
2.134099356268932990e+00 1.097531246742303068e+01
2.147573628400038626e+00 1.092369859291941836e+01
2.159724556294448039e+00 1.086579590874768186e+01
2.170535798025261087e+00 1.081353864046803892e+01
2.180000061790609678e+00 1.075644067710570262e+01
2.188118504515783602e+00 1.069492252563293100e+01
2.194900115050735234e+00 1.063748515132754058e+01
2.200360922157062138e+00 1.057848142941540814e+01
2.204523524190226347e+00 1.052411217066185323e+01
