1.589412611601528080e-01 2.256787785193917628e+01
1.652667762240832283e-01 2.157335939031564465e+01
1.718876381676548992e-01 2.069783371552975382e+01
1.788098076554249793e-01 1.992641159075577306e+01
1.860436535716539774e-01 1.924264731625864400e+01
1.935991703000668196e-01 1.863348855053165565e+01
2.014854625943819366e-01 1.809401157286452744e+01
2.097139942467453610e-01 1.759764065429324020e+01
2.182976826481076438e-01 1.715830021262289407e+01
2.272486184426691092e-01 1.676352602108618228e+01
2.365788441397772834e-01 1.640347002695196110e+01
2.463002365809406902e-01 1.607690115196659164e+01
2.564192118326478753e-01 1.578423136241647740e+01
2.669243206060610829e-01 1.551415739206116484e+01
2.778147877624613793e-01 1.526344785565522066e+01
2.891159822314235406e-01 1.504368616259016989e+01
3.008645894167895074e-01 1.483337717666218403e+01
3.130867846191344728e-01 1.464350565698343054e+01
3.258014781268714910e-01 1.447416376939503024e+01
3.390259473376233124e-01 1.431426178830633766e+01
3.527802102960486685e-01 1.415856933776878890e+01
3.670822154823499273e-01 1.402786832753782065e+01
3.819511039814619813e-01 1.390317500692257191e+01
3.974052237623509343e-01 1.379393325632785761e+01
4.134621863543994635e-01 1.368384831682378966e+01
4.301400072369371275e-01 1.358802626536361657e+01
4.474551813125420274e-01 1.350403452144700367e+01
4.654245973844184925e-01 1.342337751849292005e+01
4.840635907967686391e-01 1.334377471422295436e+01
5.033874408026532965e-01 1.327640716251037567e+01
5.234100489954759405e-01 1.321387029600006358e+01
5.441446119289428118e-01 1.315824236979907269e+01
5.656032520953456766e-01 1.310657050921073719e+01
5.877966880984282216e-01 1.306430741368556347e+01
6.107346079941763373e-01 1.301779849908362685e+01
6.344251393285034180e-01 1.298406168210180844e+01
6.588748311348325837e-01 1.294414816535280188e+01
6.840886465816591322e-01 1.291388721795837391e+01
7.100697589682236632e-01 1.288461546670664859e+01
7.368194055329129188e-01 1.286410363094585563e+01
7.643367745029296945e-01 1.283765476634850522e+01
7.926189072509538525e-01 1.281856253227800302e+01
8.216605869357092029e-01 1.280439412494336970e+01
8.514542075122762954e-01 1.278549952581393434e+01
8.819896610369840628e-01 1.277424601439701846e+01
9.132542747251002346e-01 1.275608908511180850e+01
9.452326726474752361e-01 1.274525586337058947e+01
9.779067708816513438e-01 1.273511573942174024e+01
1.011255616857782647e+00 1.272538562397541106e+01
1.045255422715554161e+00 1.271633565870184945e+01
1.079879464299162484e+00 1.270748386061354473e+01
1.115098155059629503e+00 1.270501421633709782e+01
1.150878929635929193e+00 1.269518786964523827e+01
1.187186343566634772e+00 1.268621444110862484e+01
1.223982116575488277e+00 1.267793652995808529e+01
1.261225140915879450e+00 1.267572319424639637e+01
1.298871617392767019e+00 1.266574300803510589e+01
1.336875158437215161e+00 1.265607078258225826e+01
1.375186894213459521e+00 1.264685451995437582e+01
1.413755640087923870e+00 1.263752026325859568e+01
1.452528097034528454e+00 1.262769065718348216e+01
1.491449043826598153e+00 1.261729705448356675e+01
1.530461543345742248e+00 1.260658362410754485e+01
1.569507193228165898e+00 1.259636962246513825e+01
1.608526373765596595e+00 1.258407890755190017e+01
1.647458619129871904e+00 1.256657377932955200e+01
1.686242782894022518e+00 1.255388745866579470e+01
1.724817368015927999e+00 1.253659663987700412e+01
1.763120944049207051e+00 1.251669591408947468e+01
1.801092352755366388e+00 1.249679890197874776e+01
1.838671079282871768e+00 1.247664563678900862e+01
1.875797594653681566e+00 1.245660182231813629e+01
1.912413646942960677e+00 1.243417945962287163e+01
1.948462564880152348e+00 1.240676314620296949e+01
1.983889614373976595e+00 1.238429459867074556e+01
2.018642236590979966e+00 1.235600475075087701e+01
2.052670298350492750e+00 1.232707810134551529e+01
2.085926153455833987e+00 1.229731926261970898e+01
2.118337556363671048e+00 1.226559385473564312e+01
2.149781320335509172e+00 1.223409426146334589e+01
2.180131710674501733e+00 1.220427041367865684e+01
2.209271968377063189e+00 1.216442670005089077e+01
2.237096439936048675e+00 1.212665092009079082e+01
2.263511579014875430e+00 1.208794179433825455e+01
2.288436815497684851e+00 1.204866780606569421e+01
2.311804664834871126e+00 1.200708210159209344e+01
2.333560562150371887e+00 1.196466190253877926e+01
2.353662693428528296e+00 1.192345952624345706e+01
2.372081270911388984e+00 1.187450203340198840e+01
2.388798278448851065e+00 1.182641854782611190e+01
2.403806416804844304e+00 1.177616021109414923e+01
2.417108556418531506e+00 1.172523638115386824e+01
2.428716804068485224e+00 1.167585403018204993e+01
2.438651832649723072e+00 1.162342754136382972e+01
2.446941848804805808e+00 1.156478404582509256e+01
2.453621795843934805e+00 1.150824117491374743e+01
2.458732694114053263e+00 1.145486706374981445e+01
2.462320673208242994e+00 1.139344438788276470e+01
2.464436365043117583e+00 1.133412928420286470e+01
2.465134058151561280e+00 1.127406488589435263e+01
