1.589412611601528080e-01 2.256787785193917628e+01
1.652667762240832283e-01 2.157335939031564465e+01
1.718876381676548992e-01 2.069783371552975382e+01
1.788098076554249793e-01 1.992641159075577306e+01
1.860436535716539774e-01 1.924264731625864400e+01
1.935991703000668196e-01 1.863348855053165565e+01
2.014854625943819366e-01 1.809401157286452744e+01
2.097139942467453610e-01 1.759764065429324020e+01
2.182976826481076438e-01 1.715830021262289407e+01
2.272486184426691092e-01 1.676352602108618228e+01
2.365788563271232769e-01 1.640346990391038062e+01
2.463003654689732425e-01 1.607689783032030206e+01
2.564186182845984430e-01 1.578423798595027705e+01
2.669248228957326607e-01 1.551415035995876046e+01
2.778397407893964388e-01 1.526287978567498982e+01
2.892169753517738751e-01 1.503736843697960524e+01
3.010989585044884786e-01 1.483331198684688701e+01
3.135155574501758968e-01 1.464392326499553221e+01
3.264971870533761034e-01 1.446376825779196551e+01
3.400742534586160826e-01 1.430345695936075678e+01
3.542774259428903005e-01 1.415636677908640628e+01
3.691367271855166554e-01 1.402261848139512068e+01
3.846822217075840933e-01 1.389747376210891083e+01
4.009431777444048550e-01 1.378389640770885904e+01
4.179489621837655933e-01 1.367817555259482276e+01
4.357279424429564840e-01 1.358817275111541178e+01
4.543082684423176421e-01 1.350357165294115802e+01
4.737172933210488934e-01 1.342691634274748402e+01
4.939814621970534114e-01 1.336324028715571721e+01
5.151264526637870933e-01 1.329721882748355632e+01
5.371768365825969616e-01 1.324339925666685858e+01
5.601559354028452509e-01 1.319417180355986829e+01
5.840856987632130348e-01 1.315359176472872527e+01
6.089865406512872115e-01 1.311726902436023323e+01
6.348771414036422645e-01 1.308593249940429359e+01
6.617742592218557318e-01 1.306403810353679340e+01
6.896925130348781074e-01 1.304386779234005012e+01
7.186442026724809695e-01 1.302370188184893429e+01
7.486390687971327118e-01 1.301355167383472455e+01
7.796841213168452800e-01 1.300414155022545870e+01
8.117833989435510045e-01 1.299413432002343072e+01
8.449377620108540210e-01 1.299417765409997827e+01
8.791446812683744172e-01 1.299443205084678432e+01
9.143980560308205829e-01 1.299558622048816581e+01
9.506880153659140742e-01 1.299638750879475424e+01
9.880007118761456875e-01 1.300426343678387475e+01
1.026318241034767320e+00 1.301463935815842810e+01
1.065618394433117677e+00 1.302433253760382215e+01
1.105874624079278501e+00 1.303491121653667939e+01
1.147055910890495856e+00 1.304565898267677682e+01
1.189126704458828732e+00 1.305732938495569684e+01
1.232046895589115287e+00 1.307559899345510956e+01
1.275771790845148468e+00 1.308618386949077284e+01
1.320252246080021674e+00 1.310463416221963939e+01
1.365434592694666271e+00 1.311592661705299001e+01
1.411260884394175186e+00 1.313304393940271630e+01
1.457668979671355114e+00 1.314582434498274921e+01
1.504592769985094058e+00 1.315688909524768668e+01
1.551962463607712062e+00 1.317418452300245946e+01
1.599704777602358519e+00 1.318650283207717067e+01
1.647743359814407782e+00 1.319627150127399950e+01
1.695999103351287118e+00 1.320625528971792129e+01
1.744390567189567642e+00 1.321629289676720020e+01
1.792834394450830038e+00 1.322648320134529065e+01
1.841245743794885037e+00 1.323312419310150823e+01
1.889538917422060926e+00 1.323658636722676896e+01
1.937627650319482919e+00 1.323860635806673258e+01
1.985425832038269389e+00 1.324571950560404154e+01
2.032847851894482805e+00 1.324650305795210414e+01
2.079809293934785419e+00 1.324536102912874291e+01
2.126210994173886704e+00 1.324397663099311906e+01
2.171884642979185376e+00 1.323674020779873750e+01
2.216643683178660673e+00 1.323443494540686594e+01
2.260310162993499628e+00 1.322514259543033432e+01
2.302717370445339640e+00 1.321468910302429478e+01
2.343711654242942810e+00 1.320366463397731138e+01
2.383153707002174659e+00 1.318763300124138027e+01
2.420919263011542810e+00 1.317411466449261326e+01
2.456899547614478596e+00 1.314817064540914870e+01
2.491001429213672402e+00 1.312621138600595927e+01
2.523147321608441462e+00 1.309829072605754696e+01
2.553274922637331912e+00 1.307417358520929440e+01
2.581336581371990402e+00 1.304384609396651484e+01
2.607299046099233131e+00 1.300821305743889589e+01
2.631142361714712496e+00 1.297377532075877760e+01
2.652859302541425990e+00 1.293406375785228946e+01
2.672454351609601098e+00 1.289364523349001423e+01
2.689942793047163327e+00 1.284624479974355360e+01
2.705349898255843044e+00 1.279856652282964191e+01
2.718709782667999786e+00 1.275370715100824981e+01
2.730064563250435672e+00 1.270340025883209201e+01
2.739463477243012868e+00 1.264520042359257523e+01
2.746961821899877698e+00 1.259375690188735319e+01
2.752620174123354246e+00 1.253467167335877086e+01
2.756503646309568456e+00 1.247435297377438701e+01
2.758680949154140638e+00 1.241409297679042112e+01
2.759223880529747763e+00 1.235422761410567993e+01
2.758206392082242164e+00 1.228705723673897765e+01
2.755704337235512558e+00 1.222418506312276065e+01
2.751794606570990620e+00 1.215639047934969597e+01
