1.557549701853458701e-01 2.000000000000000000e+01
1.638545955374131613e-01 2.000000000000000000e+01
1.723253320807831279e-01 2.000000000000000000e+01
1.811806900724067249e-01 2.000000000000000000e+01
1.904347791710430393e-01 2.000000000000000000e+01
2.001006717558199421e-01 2.000000000000000000e+01
2.101895577252151925e-01 2.000000000000000000e+01
2.207134635205312834e-01 2.000000000000000000e+01
2.316854891111840564e-01 1.373726989794467990e+01
2.431196381428848696e-01 1.360708727132834461e+01
2.550305148082049889e-01 1.349666639593954898e+01
2.674340246381137765e-01 1.340566126167701633e+01
2.803486686972228026e-01 1.331568531771233843e+01
2.937903798168909342e-01 1.324587614398967972e+01
3.077692408759408194e-01 1.317597524521224983e+01
3.222860420693278716e-01 1.312551110447997971e+01
3.373277194858744221e-01 1.307456702700448048e+01
3.528645185177281540e-01 1.303451487872514036e+01
3.688647571977879402e-01 1.299753236558598068e+01
3.853077365869158055e-01 1.296854900514236775e+01
4.021890452815544137e-01 1.294432246052308244e+01
4.195270194046631929e-01 1.292424895347157232e+01
4.373683880311743377e-01 1.290463084771140778e+01
4.557537262856409255e-01 1.289426250323755418e+01
4.747026261863330765e-01 1.288455172854273734e+01
4.942313370635053049e-01 1.287420193212299502e+01
5.143509170001184794e-01 1.286443293767800000e+01
5.350638320177930618e-01 1.286441197366268696e+01
5.563619303703494223e-01 1.286363936957541654e+01
5.782375001139841153e-01 1.285701854478927508e+01
6.006855223651144104e-01 1.285752973878304140e+01
6.237018743381255170e-01 1.286392767761933875e+01
6.472828035152597970e-01 1.286426213051810130e+01
6.714240644065220254e-01 1.286429790572443466e+01
6.961167220787064513e-01 1.286769833850519440e+01
7.213467176868855191e-01 1.287425121490464086e+01
7.471004359387971583e-01 1.287485219371436784e+01
7.733647531077363357e-01 1.288417796049227171e+01
8.001262672034377132e-01 1.288427686594031663e+01
8.273693669687111063e-01 1.288589945014935445e+01
8.550713835743184443e-01 1.289439589360859273e+01
8.832078426726112097e-01 1.289432960257737371e+01
9.117549781091663919e-01 1.289462000478481585e+01
9.406890950909948534e-01 1.289523364437128983e+01
9.699854559619954797e-01 1.289536313121189792e+01
9.996141083440636121e-01 1.289498433496863683e+01
1.029540070211321545e+00 1.289455438480226590e+01
1.059729009462801352e+00 1.289423507723510554e+01
1.090147151609520915e+00 1.288533461125577517e+01
1.120760344082749160e+00 1.288391212550304843e+01
1.151531802624973899e+00 1.287526979335078714e+01
1.182418633676080022e+00 1.286507514571064270e+01
1.213377637954230925e+00 1.285528565612118790e+01
1.244366847560096190e+00 1.284471004710162134e+01
1.275344637161313743e+00 1.282630473904491630e+01
1.306268482661098851e+00 1.281534055833219554e+01
1.337091335069570563e+00 1.279555763471120500e+01
1.367764643899014754e+00 1.277566664651322270e+01
1.398241694014852099e+00 1.275586807828913294e+01
1.428477117922130502e+00 1.273341972323513893e+01
1.458425888552708827e+00 1.270595030482862420e+01
1.488040907228570076e+00 1.267716194780526529e+01
1.517273237180823964e+00 1.264781386225727644e+01
1.546076283564616460e+00 1.261711607246398970e+01
1.574405656496539185e+00 1.258628445078523228e+01
1.602218208946242450e+00 1.254782709775460781e+01
1.629470627733157873e+00 1.251584392855948202e+01
1.656118817191378323e+00 1.247662458364112048e+01
1.682121351805623277e+00 1.243596430163000655e+01
1.707439671221456789e+00 1.239381091174949212e+01
1.732037504254679616e+00 1.234681682037926720e+01
1.755879382206543715e+00 1.229859135239824219e+01
1.778930631477656288e+00 1.224805550766495443e+01
1.801159342985509060e+00 1.219791597534392125e+01
1.822537157693544296e+00 1.214667127903118526e+01
1.843038504315659631e+00 1.209534231084346345e+01
1.862639475095191566e+00 1.203725491401260506e+01
1.881317536585925154e+00 1.198349840739981964e+01
1.899053565804873500e+00 1.192446595797118114e+01
1.915831906505349291e+00 1.186455381992370484e+01
1.931639943226456602e+00 1.180348874644210611e+01
1.946467051378303781e+00 1.173706885073230133e+01
1.960304336879728160e+00 1.167498355846590741e+01
1.973146034737086385e+00 1.160745580377322206e+01
1.984990064328947534e+00 1.154457780425662428e+01
1.995836819976707810e+00 1.147632829685664113e+01
2.005688779891579010e+00 1.140689947938826876e+01
2.014549642552527775e+00 1.133561383963357905e+01
2.022426102074310617e+00 1.126709411894331048e+01
2.029327789162361118e+00 1.119444758864336187e+01
2.035266897727267654e+00 1.112417907961233254e+01
2.040257026311438349e+00 1.104669319184373144e+01
2.044313093826026329e+00 1.097547492183860207e+01
2.047451675076403355e+00 1.090403467846958563e+01
2.049692056084623015e+00 1.083296841652108000e+01
2.051055235763629803e+00 1.075469153263083655e+01
2.051563340046501871e+00 1.068344382988528984e+01
2.051239116336978086e+00 2.865800858339179191e-13
4.841843329244216133e-322 6.808191639595288583e-310
4.891249893828340787e-322 5.582941798006085949e-322
