1.611499177774779468e-01 1.904150920381854561e+01
1.664331668417972088e-01 1.853088128708150961e+01
1.718841850650438263e-01 1.806330966384189551e+01
1.775168138678951957e-01 1.764001094601141872e+01
1.833512110643743809e-01 1.723267052548812828e+01
1.894036422182235613e-01 1.685577132123067656e+01
1.956830297964596843e-01 1.651311038561479094e+01
2.022013344302667492e-01 1.617850661084135666e+01
2.089751445246484374e-01 1.588308113995046789e+01
2.160268831065153550e-01 1.559604419438613832e+01
2.233851023982489081e-01 1.532681807154834353e+01
2.310707748681481710e-01 1.507358661818848589e+01
2.390981938276598717e-01 1.483501572313921635e+01
2.474843712431733234e-01 1.459838874757876326e+01
2.562498225512935268e-01 1.439686915119655808e+01
2.654190915106153792e-01 1.420633351553063228e+01
2.750212432092036252e-01 1.402617806903467468e+01
2.850845606303319957e-01 1.386506311714712680e+01
2.956265027934494305e-01 1.370533005086359069e+01
3.066645533539826274e-01 1.355547591106631877e+01
3.182186038061660116e-01 1.342474562893058732e+01
3.303109916741727159e-01 1.329455232372311890e+01
3.429663188860795908e-01 1.317452765480379639e+01
3.562109958869528747e-01 1.306448014260217150e+01
3.700697249925254395e-01 1.296430584947955289e+01
3.845579555449997189e-01 1.287405624514201641e+01
3.996903408555494974e-01 1.278423353426295961e+01
4.154831170153507336e-01 1.270417031425578891e+01
4.319537796916594341e-01 1.263388814926108417e+01
4.491204301059582016e-01 1.256415140889386883e+01
4.670007029792848652e-01 1.250469070278856698e+01
4.856100391260402271e-01 1.244430944549649709e+01
5.049571627605751178e-01 1.239423015499046876e+01
5.250461395996578462e-01 1.235392167220006954e+01
5.458815853849814381e-01 1.230853262481031685e+01
5.674685347655317180e-01 1.227410482409988113e+01
5.898117071375933440e-01 1.224388552187825496e+01
6.129143547983304519e-01 1.221444009546948806e+01
6.367765843507697809e-01 1.218429448518917901e+01
6.613929088892587238e-01 1.216415186740544740e+01
6.867504533964937652e-01 1.214415719430627227e+01
7.128341611267858813e-01 1.212457603156807728e+01
7.396289545382924713e-01 1.211444093591315685e+01
7.671191905931116217e-01 1.209592669074206128e+01
7.952877264674297342e-01 1.208513310617474623e+01
8.241145480886299390e-01 1.207557580454272639e+01
8.535748626520219817e-01 1.206810936694114034e+01
8.836365271204352778e-01 1.206445016439050200e+01
9.142609807529488153e-01 1.205451727453257327e+01
9.454090272725670374e-01 1.204753707229449056e+01
9.770416105426225073e-01 1.204510742171119375e+01
1.009119247780438045e+00 1.203598292768483624e+01
1.041601103653536420e+00 1.203471950422112080e+01
1.074443661736440347e+00 1.202808459085619042e+01
1.107598873235555947e+00 1.202336018193674505e+01
1.141011719773455058e+00 1.200742270775414866e+01
1.174624093729284446e+00 1.200458593144990793e+01
1.208379028149178414e+00 1.199793699339599229e+01
1.242220532665618604e+00 1.199341909355285907e+01
1.276092852601292904e+00 1.197783240183425946e+01
1.309939378472590121e+00 1.197356870059854295e+01
1.343701152970268708e+00 1.195615970132192452e+01
1.377315464879208973e+00 1.194435837914696208e+01
1.410718541014194027e+00 1.192415900617436364e+01
1.443848582325667040e+00 1.190426330432064006e+01
1.476645406996546006e+00 1.189351758469216769e+01
1.509049466870414635e+00 1.186740542270450760e+01
1.541000494842227786e+00 1.184490625383763884e+01
1.572435792325279857e+00 1.182442411396409199e+01
1.603289393442463906e+00 1.179727778137393202e+01
1.633501180155849442e+00 1.177436794896687466e+01
1.663017556876377645e+00 1.174447082697303379e+01
1.691787298945726770e+00 1.171412388293308027e+01
1.719760148192763793e+00 1.167863217454790714e+01
1.746885244556184658e+00 1.164575899311759599e+01
1.773109315572105826e+00 1.160758230641456024e+01
1.798376091779168018e+00 1.157415520302198253e+01
1.822639130733348711e+00 1.153420318206148742e+01
1.845862720141471902e+00 1.149391910981421283e+01
1.868015446565254978e+00 1.144427058231711136e+01
1.889068695640784057e+00 1.139815397855782386e+01
1.908995335180307285e+00 1.135525233606789364e+01
1.927768282080843720e+00 1.129735890581928182e+01
1.945361209504099076e+00 1.124694490436550964e+01
1.961757701383580521e+00 1.120412258102724579e+01
1.976949293888980996e+00 1.114514730865623449e+01
1.990932571324955269e+00 1.109443963326983784e+01
2.003708153873006381e+00 1.103483756663155724e+01
2.015279744701339748e+00 1.097563908138662292e+01
2.025653247222424902e+00 1.091608595966557971e+01
2.034837889710892522e+00 1.085576401152524184e+01
2.042848180511902534e+00 1.079443120180064497e+01
2.049703098095226661e+00 1.073403629870878717e+01
2.055425439126710163e+00 1.066767891566185789e+01
2.060041223477666605e+00 1.060495152942596420e+01
2.063579055708952392e+00 1.053767535072407568e+01
2.066068971387425179e+00 1.047443890620544416e+01
2.067541703504740536e+00 1.039724379226427153e+01
2.068030245713926352e+00 1.034342002443906949e+01
2.067570200673389813e+00 1.774283506969156488e+00
