1.291374749087819684e-01 2.000000000000000000e+01
1.340348583510014291e-01 2.000000000000000000e+01
1.392314830837251549e-01 2.000000000000000000e+01
1.447373944110565691e-01 2.000000000000000000e+01
1.505635850167237333e-01 2.000000000000000000e+01
1.567205390271826093e-01 1.952809526712248100e+01
1.632182942081926158e-01 1.874252781399220069e+01
1.700681652861560922e-01 1.803564171729722432e+01
1.772821404430099113e-01 1.740670867442996084e+01
1.848713547823003511e-01 1.685323463858497561e+01
1.928479579161029023e-01 1.635368428976955357e+01
2.012253231625704686e-01 1.590529051302183383e+01
2.100160495917983150e-01 1.550632544248387745e+01
2.192326448348199119e-01 1.514425014580875661e+01
2.288889830457517260e-01 1.481737094131878330e+01
2.389991791499623819e-01 1.452724004321500395e+01
2.495759318580722252e-01 1.426634503075841032e+01
2.606329044305748521e-01 1.403564176006047681e+01
2.721848261973952021e-01 1.381578988724012547e+01
2.842449958314608449e-01 1.362505152366337136e+01
2.968262237172358819e-01 1.345507126435238199e+01
3.099425575680926914e-01 1.329456820122580929e+01
3.236079112768031063e-01 1.315440686040636820e+01
3.378339750666775054e-01 1.302438100476883953e+01
3.526330972922511187e-01 1.290812508529941560e+01
3.680184328128725535e-01 1.280418381135709005e+01
3.840010045984018627e-01 1.270859666596255089e+01
4.005905564033597210e-01 1.262407978679937059e+01
4.177977568439803502e-01 1.254472983458668800e+01
4.356326893492098451e-01 1.247642759280669722e+01
4.541021662925526781e-01 1.241408551593426068e+01
4.732130675159189614e-01 1.236362558431956948e+01
4.929726525136469695e-01 1.230835724257617159e+01
5.133852422512402702e-01 1.226356194661561894e+01
5.344528605924876441e-01 1.222548711354354545e+01
5.561779347055690881e-01 1.218781573086024395e+01
5.785617214093625726e-01 1.215571336562475580e+01
6.016011198662836179e-01 1.213337855885074745e+01
6.252923643862806635e-01 1.210375894813950381e+01
6.496314805775368351e-01 1.208367538809853947e+01
6.746107805321697182e-01 1.206368847735826400e+01
7.002193362937535470e-01 1.204416083147473771e+01
7.264460643617191016e-01 1.203413475999709270e+01
7.532780798984275439e-01 1.201505479128793574e+01
7.806973830402875736e-01 1.200409473621043688e+01
8.086847509743815277e-01 1.199399433838309648e+01
8.372202559654782217e-01 1.198408210765483162e+01
8.662797265973737337e-01 1.197433903023258672e+01
8.958354242901721554e-01 1.196480197385705146e+01
9.258591543613199359e-01 1.195679992439714923e+01
9.563205366555280751e-01 1.195412253992976304e+01
9.871841283008130352e-01 1.194488645328859278e+01
1.018413329460768901e+00 1.193459336212373145e+01
1.049970702165870851e+00 1.192510446352862452e+01
1.081814748246121116e+00 1.191607175682738351e+01
1.113901152150389429e+00 1.190641420140024742e+01
1.146185389854133652e+00 1.189650551383003041e+01
1.178620987166925538e+00 1.188624002828962745e+01
1.211157677922525489e+00 1.187560817466649610e+01
1.243744969661369382e+00 1.186600171183398622e+01
1.276331994351831423e+00 1.184783374794751865e+01
1.308865065092900570e+00 1.183579346802047105e+01
1.341289551282233594e+00 1.181675965031366360e+01
1.373551486423229884e+00 1.179854539769593735e+01
1.405595950420436280e+00 1.178371147430050847e+01
1.437366734926228462e+00 1.176341758971443596e+01
1.468808851284143735e+00 1.173744267176439848e+01
1.499867961432583385e+00 1.171641255833148776e+01
1.530489156190237177e+00 1.169677446357292894e+01
1.560618911134934228e+00 1.166553482719580082e+01
1.590205459762464857e+00 1.163685014698033804e+01
1.619197745347919160e+00 1.160676620264356096e+01
1.647546242341786149e+00 1.157548806584768286e+01
1.675203987784702697e+00 1.154395255762567807e+01
1.702125796188877160e+00 1.150571172733584113e+01
1.728268468047829742e+00 1.147374774139794873e+01
1.753591873192190231e+00 1.143411010856896404e+01
1.778058426223123822e+00 1.139409128987665554e+01
1.801632980495237568e+00 1.134733725262112536e+01
1.824283859870519775e+00 1.130502573493723162e+01
1.845982429324699581e+00 1.126425166165515535e+01
1.866702697252145216e+00 1.121432868119410919e+01
1.886422347074939054e+00 1.116465914340616017e+01
1.905122557971750563e+00 1.111509195661527194e+01
1.922787058526316484e+00 1.106461071123792195e+01
1.939403179415999157e+00 1.101411855446999155e+01
1.954961962328011005e+00 1.095680126747020466e+01
1.969457047654197268e+00 1.090433248582415082e+01
1.982885056561599413e+00 1.084638215889821744e+01
1.995246426812762541e+00 1.079362980911734304e+01
2.006544197003877983e+00 1.073377485008928645e+01
2.016783691968358383e+00 1.067407457587534836e+01
2.025973708858252120e+00 1.061412233115882131e+01
2.034125676796611604e+00 1.055398607791311072e+01
2.041252660181120060e+00 1.049371625636029570e+01
2.047370455366529285e+00 1.042677297030676442e+01
2.052497419429073489e+00 1.036449188591462978e+01
2.056653274495461314e+00 1.029818144349136233e+01
2.059859433131683737e+00 1.023620000973333610e+01
2.062139647429733103e+00 1.017397176840289674e+01
