1.589412611601528080e-01 2.256787785193917628e+01
1.652667762240832283e-01 2.157335939031564465e+01
1.718876381676548992e-01 2.069783371552975382e+01
1.788098076554249793e-01 1.992641159075577306e+01
1.860436535716539774e-01 1.924264731625864400e+01
1.935991703000668196e-01 1.863348855053165565e+01
2.014854625943819366e-01 1.809401157286452744e+01
2.097139942467453610e-01 1.759764065429324020e+01
2.182976826481076438e-01 1.715830021262289407e+01
2.272486184426691092e-01 1.676352602108618228e+01
2.365788918669564089e-01 1.640346954539680624e+01
2.463007413272920165e-01 1.607688815421014183e+01
2.564171060325721729e-01 1.578425485050357402e+01
2.669299622450855836e-01 1.551409456624045724e+01
2.779100664463540205e-01 1.525783335154748599e+01
2.894286943662064404e-01 1.503385561785430902e+01
3.015344606588012399e-01 1.482453827105736366e+01
3.142761662991614413e-01 1.463338858049037938e+01
3.277020881332378122e-01 1.445612922502329312e+01
3.418595337311506333e-01 1.429358769533956419e+01
3.567954185241620779e-01 1.414624522318845479e+01
3.725561827242129809e-01 1.400844030903224180e+01
3.891877566986491344e-01 1.389385247038228499e+01
4.067356649064171603e-01 1.378362284889437994e+01
4.252449876626893666e-01 1.368377676961231337e+01
4.447602891696889604e-01 1.359323163493464470e+01
4.653255100954479806e-01 1.351366103778547689e+01
4.869838367228376819e-01 1.344525224410418396e+01
5.097775439471212700e-01 1.338697517761962530e+01
5.337478222583513787e-01 1.333721095524617617e+01
5.589345554593929677e-01 1.329443237358298724e+01
5.853760960354702503e-01 1.326338049145679854e+01
6.131089818219721543e-01 1.323551539339271343e+01
6.421676602958507063e-01 1.321724144810045232e+01
6.725841822336423581e-01 1.320412019580105323e+01
7.043878745825645771e-01 1.320364173375714323e+01
7.376049804171025404e-01 1.319859001388048725e+01
7.722583252853456592e-01 1.320390538073814568e+01
8.083669024328525854e-01 1.321408367157313890e+01
8.459455341055445166e-01 1.323367089400792196e+01
8.850044652872334217e-01 1.324775924206166167e+01
9.255489951281349326e-01 1.327424565303126691e+01
9.675790731387963195e-01 1.329718787925597923e+01
1.011088979452740455e+00 1.332708062463095722e+01
1.056066959220993251e+00 1.336507744503772699e+01
1.102494896941638602e+00 1.339584775210307477e+01
1.150348052630932871e+00 1.343492501000356576e+01
1.199594801917122977e+00 1.347493756395185116e+01
1.250196437585873399e+00 1.351559334747371999e+01
1.302107025869511769e+00 1.355678604531257569e+01
1.355273298513912650e+00 1.360549478072387330e+01
1.409634707196240289e+00 1.364606245899479475e+01
1.465123347686622335e+00 1.369501316012570591e+01
1.521664152713775087e+00 1.373621840774759306e+01
1.579175096897373898e+00 1.378576599032516192e+01
1.637567440991194001e+00 1.382658951378066625e+01
1.696746100967369442e+00 1.387544034218641187e+01
1.756610104674441564e+00 1.391626857660710392e+01
1.817053070775493051e+00 1.395791437600257723e+01
1.877963807573689525e+00 1.400437903799128136e+01
1.939226912824113747e+00 1.404596076049225672e+01
2.000693841646433491e+00 1.408513569863942649e+01
2.123304830388233810e+00 1.415662573285864489e+01
2.183962407332365352e+00 1.418820162978011190e+01
2.243872436428961059e+00 1.422344737326341502e+01
2.302808460592055351e+00 1.424743070555306623e+01
2.360554687408773944e+00 1.427606773086873737e+01
2.416907752680534482e+00 1.429684686520852921e+01
2.471678121291587260e+00 1.431537244850406054e+01
2.524691518270286927e+00 1.432723914972246604e+01
2.575789614268941818e+00 1.433792735865817747e+01
2.624830895110294993e+00 1.434660034344051738e+01
2.671691062856563104e+00 1.435303432563882353e+01
2.716263119122081626e+00 1.434701416098460136e+01
2.758457454501087369e+00 1.433800222404685343e+01
2.798201609829740200e+00 1.432830181794598268e+01
2.835439643071367755e+00 1.431601165870603332e+01
2.870131833455622061e+00 1.430272906346746531e+01
2.902253809117806060e+00 1.427534453083528732e+01
2.931795552036493113e+00 1.424848834790813434e+01
2.958760873129255842e+00 1.422362801393266096e+01
2.983166001221971175e+00 1.418458469984842552e+01
3.005038879262813545e+00 1.414767465669289059e+01
3.024417788366924764e+00 1.410678622551746209e+01
3.041350694215375405e+00 1.406370123335433142e+01
3.055893813934304148e+00 1.401461505259839946e+01
3.068110798767789138e+00 1.396426622672556306e+01
3.078071788799702002e+00 1.390771914678761689e+01
3.085852286991539017e+00 1.385510283274254384e+01
3.091532393338770834e+00 1.379522206913281401e+01
3.095195904705860812e+00 1.373564465734381379e+01
3.096929632494950901e+00 1.366785446254088932e+01
3.096822477153449160e+00 1.360385742645190810e+01
3.094964981116869129e+00 1.353589653177372476e+01
3.091448732630252216e+00 1.346674336874591482e+01
3.086365500334451006e+00 1.339682342472246113e+01
3.079807137653228111e+00 1.332627712811677156e+01
3.071865079989349656e+00 1.325474511759157359e+01
3.062629663405310065e+00 1.317852309470726269e+01
