0.000000000000000000e+00 0.000000000000000000e+00
3.200000000000000178e+00 1.666045921411914233e-07
6.400000000000000355e+00 3.289887396690917215e-07
9.599999999999999645e+00 4.881523177873014289e-07
1.280000000000000071e+01 6.438007841445830907e-07
1.600000000000000000e+01 7.961645167203738083e-07
1.919999999999999929e+01 9.451793889298418005e-07
2.239999999999999858e+01 1.090968015392305143e-06
2.560000000000000142e+01 1.233523693855442925e-06
2.880000000000000071e+01 1.372934972202107603e-06
3.200000000000000000e+01 1.509217867923954341e-06
3.520000000000000284e+01 1.642446104917337630e-06
3.839999999999999858e+01 1.772647004371229572e-06
4.160000000000000142e+01 1.899886569962344938e-06
4.479999999999999716e+01 2.024198548256516577e-06
4.800000000000000000e+01 2.145644395607607699e-06
5.120000000000000284e+01 2.264261816087773416e-06
5.439999999999999858e+01 2.380109310531244646e-06
5.760000000000000142e+01 2.493227129882483983e-06
6.079999999999999716e+01 2.603671677004729212e-06
6.400000000000000000e+01 2.711484863536664871e-06
6.720000000000000284e+01 2.816721475426346983e-06
7.040000000000000568e+01 2.919424484703279425e-06
7.359999999999999432e+01 3.019647333249288921e-06
7.679999999999999716e+01 3.117433620337189826e-06
8.000000000000000000e+01 3.212835595030410624e-06
8.320000000000000284e+01 3.305897155762275369e-06
8.640000000000000568e+01 3.396669437169644192e-06
8.959999999999999432e+01 3.485196377950002494e-06
9.279999999999999716e+01 3.571528030489726770e-06
9.600000000000000000e+01 3.655708162734088475e-06
9.920000000000000284e+01 3.737785749451898747e-06
1.024000000000000057e+02 3.817804213023942270e-06
1.055999999999999943e+02 3.895811437615140652e-06
1.087999999999999972e+02 3.971850351077697521e-06
1.120000000000000000e+02 4.045967723233269284e-06
1.152000000000000028e+02 4.118205860556269717e-06
1.184000000000000057e+02 4.188610390010744410e-06
1.215999999999999943e+02 4.257222887136353026e-06
1.247999999999999972e+02 4.324087804425378296e-06
1.280000000000000000e+02 4.389245891816860756e-06
1.311999999999999886e+02 4.452740396721928035e-06
1.344000000000000057e+02 4.514611162678107881e-06
1.375999999999999943e+02 4.574900202813725615e-06
1.408000000000000114e+02 4.633646384171366309e-06
1.440000000000000000e+02 4.690890458730173912e-06
1.471999999999999886e+02 4.746670257926717372e-06
1.504000000000000057e+02 4.801025250201101900e-06
1.535999999999999943e+02 4.853992182375304461e-06
1.568000000000000114e+02 4.905609220729514830e-06
1.600000000000000000e+02 4.955911986409158759e-06
1.631999999999999886e+02 5.004937328509964680e-06
1.664000000000000057e+02 5.052719709640013172e-06
1.695999999999999943e+02 5.099294652149883443e-06
1.728000000000000114e+02 5.144695435911956873e-06
1.760000000000000000e+02 5.188956251918355250e-06
1.791999999999999886e+02 5.232109179758634687e-06
1.824000000000000057e+02 5.274187078643031172e-06
1.855999999999999943e+02 5.315220817063391917e-06
1.888000000000000114e+02 5.355241926930800939e-06
1.920000000000000000e+02 5.394280061099546438e-06
1.951999999999999886e+02 5.432365432944024822e-06
1.984000000000000057e+02 5.469526480884853205e-06
2.015999999999999943e+02 5.505792112850947141e-06
2.048000000000000114e+02 5.541189559097055912e-06
2.080000000000000000e+02 5.575746438559862453e-06
2.111999999999999886e+02 5.609488784073267723e-06
2.144000000000000057e+02 5.642442946096917621e-06
2.175999999999999943e+02 5.674633775834986518e-06
2.208000000000000114e+02 5.706086379185524062e-06
2.240000000000000000e+02 5.736824444681252521e-06
2.271999999999999886e+02 5.766871859834210870e-06
2.304000000000000057e+02 5.796251172894829536e-06
2.335999999999999943e+02 5.824985082354860235e-06
2.368000000000000114e+02 5.853095022044756231e-06
2.400000000000000000e+02 5.880602533126214526e-06
2.431999999999999886e+02 5.907527963147910252e-06
2.464000000000000057e+02 5.933891729115367599e-06
2.495999999999999943e+02 5.959713122245715619e-06
2.528000000000000114e+02 5.985011470194831741e-06
2.560000000000000000e+02 6.009805040025716033e-06
2.591999999999999886e+02 6.034112106414512555e-06
2.623999999999999773e+02 6.057949945420774064e-06
2.656000000000000227e+02 6.081335815073148619e-06
2.688000000000000114e+02 6.104286034002029592e-06
2.720000000000000000e+02 6.126816880747361493e-06
2.751999999999999886e+02 6.148943751413237414e-06
2.783999999999999773e+02 6.170681982779376323e-06
2.816000000000000227e+02 6.192046083371291547e-06
2.848000000000000114e+02 6.213050485561089577e-06
2.880000000000000000e+02 6.233708845450561314e-06
2.911999999999999886e+02 6.254034729017274232e-06
2.943999999999999773e+02 6.274040976445620616e-06
2.976000000000000227e+02 6.293740326486103255e-06
3.008000000000000114e+02 6.313144840443465566e-06
3.040000000000000000e+02 6.332266467993374762e-06
3.071999999999999886e+02 6.351116526192221502e-06
3.103999999999999773e+02 6.369706210295569238e-06
3.136000000000000227e+02 6.388046124432599736e-06
3.168000000000000114e+02 6.406146741786632295e-06
3.200000000000000000e+02 6.424017984614778889e-06
3.231999999999999886e+02 6.441669638127491019e-06
3.263999999999999773e+02 6.459110977072882980e-06
3.296000000000000227e+02 6.476351135939831159e-06
3.328000000000000114e+02 6.493398777599209386e-06
3.360000000000000000e+02 6.510262420631132509e-06
3.391999999999999886e+02 6.526950145208579567e-06
3.423999999999999773e+02 6.543469879538015647e-06
3.456000000000000227e+02 6.559829141176698701e-06
3.488000000000000114e+02 6.576035287750040910e-06
3.520000000000000000e+02 6.592095294413120028e-06
3.551999999999999886e+02 6.608015974023837004e-06
3.583999999999999773e+02 6.623803789825331209e-06
3.616000000000000227e+02 6.639465046913719180e-06
3.648000000000000114e+02 6.655005735957780778e-06
3.680000000000000000e+02 6.670431696741340500e-06
3.711999999999999886e+02 6.685748490558811065e-06
3.743999999999999773e+02 6.700961532348649445e-06
3.776000000000000227e+02 6.716075951443887259e-06
3.808000000000000114e+02 6.731096581407466053e-06
3.840000000000000000e+02 6.746027660177737416e-06
3.871999999999999886e+02 6.760872851955895126e-06
3.903999999999999773e+02 6.775636096601323560e-06
3.936000000000000227e+02 6.790324764714555792e-06
3.968000000000000114e+02 6.804954909049334459e-06
4.000000000000000000e+02 6.819554711356979110e-06
4.031999999999999886e+02 6.834156261275041956e-06
4.063999999999999773e+02 6.848763809588130423e-06
4.096000000000000227e+02 6.863300223876815118e-06
4.128000000000000114e+02 6.877586017486512441e-06
4.160000000000000000e+02 6.891464999491308529e-06
4.191999999999999886e+02 6.905060299862876115e-06
4.223999999999999773e+02 6.918777225809780873e-06
4.256000000000000227e+02 6.932914904862990203e-06
4.288000000000000114e+02 6.947888545667422425e-06
4.320000000000000000e+02 6.965102013208904605e-06
4.351999999999999886e+02 6.985351086885647360e-06
4.383999999999999773e+02 7.005435083521491272e-06
4.416000000000000227e+02 7.021411456819244622e-06
4.448000000000000114e+02 7.036187552597564191e-06
4.480000000000000000e+02 7.054859465191037080e-06
4.511999999999999886e+02 7.074177589722945886e-06
4.543999999999999773e+02 7.090030323725518316e-06
4.576000000000000227e+02 7.108307647762567335e-06
4.608000000000000114e+02 7.133370692800516603e-06
4.640000000000000000e+02 7.158396738068719534e-06
4.671999999999999886e+02 7.177908775495773983e-06
4.703999999999999773e+02 7.194570108443287172e-06
4.736000000000000227e+02 7.210349156626505627e-06
4.768000000000000114e+02 7.224339371456670407e-06
4.800000000000000000e+02 7.237535843634794712e-06
4.831999999999999886e+02 7.251848945696806314e-06
4.863999999999999773e+02 7.267119230230239582e-06
4.896000000000000227e+02 7.282038960975015169e-06
4.928000000000000114e+02 7.296037260530073387e-06
4.960000000000000000e+02 7.309349864586492479e-06
4.991999999999999886e+02 7.322456765819838487e-06
5.023999999999999773e+02 7.335862698611846982e-06
5.056000000000000227e+02 7.349687881578773901e-06
5.088000000000000114e+02 7.363533560278216095e-06
5.120000000000000000e+02 7.377087655146568743e-06
5.152000000000000455e+02 7.390428450928794575e-06
5.183999999999999773e+02 7.403714984101887139e-06
5.216000000000000227e+02 7.416998397836463139e-06
5.247999999999999545e+02 7.430271603065134550e-06
5.280000000000000000e+02 7.443518282980407608e-06
5.312000000000000455e+02 7.456736461398989073e-06
5.343999999999999773e+02 7.469912451485844336e-06
5.376000000000000227e+02 7.482967354434954093e-06
5.407999999999999545e+02 7.495789784716724214e-06
5.440000000000000000e+02 7.508344927440061347e-06
5.472000000000000455e+02 7.520705958041681285e-06
5.503999999999999773e+02 7.532977925054247368e-06
5.536000000000000227e+02 7.545229679336266118e-06
5.567999999999999545e+02 7.557495377205540719e-06
5.600000000000000000e+02 7.569796092885916570e-06
5.632000000000000455e+02 7.582153383523227497e-06
5.663999999999999773e+02 7.594583156205493987e-06
5.696000000000000227e+02 7.607086992354900677e-06
5.727999999999999545e+02 7.619678812309271932e-06
5.760000000000000000e+02 7.632542154117441546e-06
5.792000000000000455e+02 7.646452899856922802e-06
5.823999999999999773e+02 7.663837966428901143e-06
5.856000000000000227e+02 7.691294850373295159e-06
5.887999999999999545e+02 7.745331907741241921e-06
5.920000000000000000e+02 7.864201331534317576e-06
5.952000000000000455e+02 8.130045570689251047e-06
5.983999999999999773e+02 8.704302264177929001e-06
6.016000000000000227e+02 9.873962758122190896e-06
6.047999999999999545e+02 1.209252380363277416e-05
6.080000000000000000e+02 1.598588117422903286e-05
6.112000000000000455e+02 2.228786056318489276e-05
6.143999999999999773e+02 3.169135198859037968e-05
6.176000000000000227e+02 4.463550103963569301e-05
6.207999999999999545e+02 6.108384159648701012e-05
6.240000000000000000e+02 8.035943455879761819e-05
6.272000000000000455e+02 1.011134317543047317e-04
6.303999999999999773e+02 1.215095041964543406e-04
6.336000000000000227e+02 1.396663704132414621e-04
6.367999999999999545e+02 1.542595322777457660e-04
6.400000000000000000e+02 1.650049198273999111e-04
6.432000000000000455e+02 1.727204735898620015e-04
6.463999999999999773e+02 1.788843441594997578e-04
6.496000000000000227e+02 1.849421216403890919e-04
6.527999999999999545e+02 1.917621597774582163e-04
6.560000000000000000e+02 1.994916018111613887e-04
6.592000000000000455e+02 2.077714930263976076e-04
6.623999999999999773e+02 2.160868614112022065e-04
6.656000000000000227e+02 2.240373934988681569e-04
6.687999999999999545e+02 2.314422463560121394e-04
6.720000000000000000e+02 2.383071822103788860e-04
6.752000000000000455e+02 2.447324750510056408e-04
6.783999999999999773e+02 2.508317133913181575e-04
6.816000000000000227e+02 2.566951193878658937e-04
6.847999999999999545e+02 2.623922150997979631e-04
6.880000000000000000e+02 2.679856918840720515e-04
6.912000000000000455e+02 2.735317771279241125e-04
6.943999999999999773e+02 2.790647852058907421e-04
6.976000000000000227e+02 2.845834931215030319e-04
7.007999999999999545e+02 2.900565218126578779e-04
7.040000000000000000e+02 2.954459927318690143e-04
7.072000000000000455e+02 3.007332836088271464e-04
7.103999999999999773e+02 3.059305998048591482e-04
7.136000000000000227e+02 3.110737779091459886e-04
7.167999999999999545e+02 3.162039290041620447e-04
7.200000000000000000e+02 3.213505637897112917e-04
7.232000000000000455e+02 3.265254577561806527e-04
7.263999999999999773e+02 3.317276062294022667e-04
7.296000000000000227e+02 3.369521898859907834e-04
7.327999999999999545e+02 3.421956855633627513e-04
7.360000000000000000e+02 3.474550825788110171e-04
7.392000000000000455e+02 3.527249299914994520e-04
7.423999999999999773e+02 3.579971465551340577e-04
7.456000000000000227e+02 3.632644830740501323e-04
7.487999999999999545e+02 3.685247270030195363e-04
7.520000000000000000e+02 3.737818396025463464e-04
7.552000000000000455e+02 3.790433996244780093e-04
7.583999999999999773e+02 3.843164638912267535e-04
7.616000000000000227e+02 3.896050065099644502e-04
7.647999999999999545e+02 3.949098593618652342e-04
7.680000000000000000e+02 4.002302515816575333e-04
7.712000000000000455e+02 4.055648675238391373e-04
7.743999999999999773e+02 4.109118313925462485e-04
7.776000000000000227e+02 4.162680170798118686e-04
7.807999999999999545e+02 4.216290948332825279e-04
7.840000000000000000e+02 4.269905294794731541e-04
7.872000000000000455e+02 4.323492361277648599e-04
7.903999999999999773e+02 4.377046330765222175e-04
7.936000000000000227e+02 4.430588311319279553e-04
7.967999999999999545e+02 4.484158964860287719e-04
8.000000000000000000e+02 4.537810437570314161e-04
8.032000000000000455e+02 4.591597932385291692e-04
8.063999999999999773e+02 4.645571887927836974e-04
8.096000000000000227e+02 4.699765002125165232e-04
8.127999999999999545e+02 4.754177808478878193e-04
8.160000000000000000e+02 4.808767326675281368e-04
8.192000000000000455e+02 4.863449328307815770e-04
8.223999999999999773e+02 4.918114306685471412e-04
8.256000000000000227e+02 4.972653639298925052e-04
8.287999999999999545e+02 5.026984276387304069e-04
8.320000000000000000e+02 5.081067098301702591e-04
8.352000000000000455e+02 5.134914985709135380e-04
8.383999999999999773e+02 5.188593212397308750e-04
8.416000000000000227e+02 5.242210972232266017e-04
8.447999999999999545e+02 5.295905814386621131e-04
8.480000000000000000e+02 5.349821277000656183e-04
8.512000000000000455e+02 5.404085610688153570e-04
8.543999999999999773e+02 5.458799776763041548e-04
8.576000000000000227e+02 5.514042847681772681e-04
8.607999999999999545e+02 5.569889907547429094e-04
8.640000000000000000e+02 5.626429721890202846e-04
8.672000000000000455e+02 5.683764595676066202e-04
8.703999999999999773e+02 5.741987487366596345e-04
8.736000000000000227e+02 5.801144511305432504e-04
8.767999999999999545e+02 5.861203168744682666e-04
8.800000000000000000e+02 5.922042124077848664e-04
8.832000000000000455e+02 5.983467589282955674e-04
8.863999999999999773e+02 6.045248315277545852e-04
8.896000000000000227e+02 6.107157464150202424e-04
8.927999999999999545e+02 6.169011221037924578e-04
8.960000000000000000e+02 6.230696376889476203e-04
8.992000000000000455e+02 6.292182148348965821e-04
9.023999999999999773e+02 6.353513960544651933e-04
9.056000000000000227e+02 6.414793788013915419e-04
9.087999999999999545e+02 6.476153851806175843e-04
9.120000000000000000e+02 6.537732267577543548e-04
9.152000000000000455e+02 6.599653584710311665e-04
9.183999999999999773e+02 6.662016428757841285e-04
9.216000000000000227e+02 6.724887503069607161e-04
9.247999999999999545e+02 6.788304538269713953e-04
9.280000000000000000e+02 6.852286496993495154e-04
9.312000000000000455e+02 6.916848444144410666e-04
9.343999999999999773e+02 6.982011942237756992e-04
9.376000000000000227e+02 7.047806207436815113e-04
9.407999999999999545e+02 7.114256559922122782e-04
9.440000000000000000e+02 7.181366780788351299e-04
9.472000000000000455e+02 7.249101617161108225e-04
9.503999999999999773e+02 7.317379577864582081e-04
9.536000000000000227e+02 7.386077672215634726e-04
9.567999999999999545e+02 7.455048897635627647e-04
9.600000000000000000e+02 7.524145208482235694e-04
9.632000000000000455e+02 7.593243445386539236e-04
9.663999999999999773e+02 7.662268108864274006e-04
9.696000000000000227e+02 7.731209391493953746e-04
9.727999999999999545e+02 7.800127933489584258e-04
9.760000000000000000e+02 7.869143744037887826e-04
9.792000000000000455e+02 7.938407156199824097e-04
9.823999999999999773e+02 8.008062122223896621e-04
9.856000000000000227e+02 8.078210590867649027e-04
9.887999999999999545e+02 8.148889961386346272e-04
9.920000000000000000e+02 8.220065838041222496e-04
9.952000000000000455e+02 8.291641970132432489e-04
9.983999999999999773e+02 8.363481775406789859e-04
1.001600000000000023e+03 8.435439068904302491e-04
1.004799999999999955e+03 8.507390758544083539e-04
1.008000000000000000e+03 8.579266874878013456e-04
1.011200000000000045e+03 8.651069811460920323e-04
1.014399999999999977e+03 8.722880379268059363e-04
1.017600000000000023e+03 8.794847575608592425e-04
1.020799999999999955e+03 8.867164375205069783e-04
1.024000000000000000e+03 8.940033454560174014e-04
1.027200000000000045e+03 9.013636433644585735e-04
1.030400000000000091e+03 9.088120799908304187e-04
1.033599999999999909e+03 9.163613257675516915e-04
1.036799999999999955e+03 9.240248107609396822e-04
1.040000000000000000e+03 9.318186218446241351e-04
1.043200000000000045e+03 9.397599855685461259e-04
1.046400000000000091e+03 9.478621873822687177e-04
1.049599999999999909e+03 9.561283338182440883e-04
1.052799999999999955e+03 9.645475821670557257e-04
1.056000000000000000e+03 9.730960276539828450e-04
1.059200000000000045e+03 9.817417980085318182e-04
1.062400000000000091e+03 9.904519301996228889e-04
1.065599999999999909e+03 9.991982099810813207e-04
1.068799999999999955e+03 1.007960212326606403e-03
1.072000000000000000e+03 1.016725149494464775e-03
1.075200000000000045e+03 1.025485756999880123e-03
1.078400000000000091e+03 1.034237997804683196e-03
1.081599999999999909e+03 1.042980319576552496e-03
1.084799999999999955e+03 1.051714731212634747e-03
1.088000000000000000e+03 1.060448958361912474e-03
1.091200000000000045e+03 1.069197831567464223e-03
1.094400000000000091e+03 1.077982527373671758e-03
1.097599999999999909e+03 1.086826820115166254e-03
1.100799999999999955e+03 1.095751291236074596e-03
1.104000000000000000e+03 1.104767262093554097e-03
1.107200000000000045e+03 1.113873107843813774e-03
1.110400000000000091e+03 1.123054448497760047e-03
1.113599999999999909e+03 1.132288611364967506e-03
1.116799999999999955e+03 1.141551558554267055e-03
1.120000000000000000e+03 1.150825070864438301e-03
1.123200000000000045e+03 1.160101613107416586e-03
1.126400000000000091e+03 1.169385821564853474e-03
1.129599999999999909e+03 1.178692145681666664e-03
1.132799999999999955e+03 1.188039727071896288e-03
1.136000000000000000e+03 1.197445762462055838e-03
1.139200000000000045e+03 1.206919534884257636e-03
1.142400000000000091e+03 1.216458672091294416e-03
1.145599999999999909e+03 1.226048974030392999e-03
1.148799999999999955e+03 1.235667539334853442e-03
1.152000000000000000e+03 1.245288342556385378e-03
1.155200000000000045e+03 1.254888397794537988e-03
1.158400000000000091e+03 1.264452968532733942e-03
1.161599999999999909e+03 1.273978197391250526e-03
1.164799999999999955e+03 1.283470898943368625e-03
1.168000000000000000e+03 1.292946150723320873e-03
1.171200000000000045e+03 1.302424258028573711e-03
1.174400000000000091e+03 1.311927622207181019e-03
1.177599999999999909e+03 1.321477251066406101e-03
1.180799999999999955e+03 1.331088540499064362e-03
1.184000000000000000e+03 1.340767930272206794e-03
1.187200000000000045e+03 1.350513571724016888e-03
1.190400000000000091e+03 1.360322494383392261e-03
1.193599999999999909e+03 1.370202496806390132e-03
1.196799999999999955e+03 1.380182247496883211e-03
1.200000000000000000e+03 1.390311746802652031e-03
1.203200000000000045e+03 1.400649817578644447e-03
1.206400000000000091e+03 1.411242954398411048e-03
1.209599999999999909e+03 1.422105545709312488e-03
1.212799999999999955e+03 1.433211068146520318e-03
1.216000000000000000e+03 1.444497716051496841e-03
1.219200000000000045e+03 1.455884901272699872e-03
1.222400000000000091e+03 1.467293136581924312e-03
1.225599999999999909e+03 1.478660385300749553e-03
1.228799999999999955e+03 1.489950478967413993e-03
1.232000000000000000e+03 1.501152966947132128e-03
1.235200000000000045e+03 1.512276570723982512e-03
1.238400000000000091e+03 1.523340458627824717e-03
1.241599999999999909e+03 1.534366792289441200e-03
1.244799999999999955e+03 1.545376460078957135e-03
1.248000000000000000e+03 1.556387293422357163e-03
1.251200000000000045e+03 1.567413312980528786e-03
1.254400000000000091e+03 1.578463415096017239e-03
1.257599999999999909e+03 1.589539716575352713e-03
1.260799999999999955e+03 1.600636527397106138e-03
1.264000000000000000e+03 1.611741644932921389e-03
1.267200000000000045e+03 1.622840161083769763e-03
1.270400000000000091e+03 1.633919994427746698e-03
1.273599999999999909e+03 1.644976843483411406e-03
1.276799999999999955e+03 1.656016934340405998e-03
1.280000000000000000e+03 1.667056308094553869e-03
1.283200000000000045e+03 1.678116903685196448e-03
1.286400000000000091e+03 1.689219959660321745e-03
1.289599999999999909e+03 1.700378486092067641e-03
1.292799999999999955e+03 1.711590718276770990e-03
1.296000000000000000e+03 1.722837095923103945e-03
1.299200000000000045e+03 1.734082316882487769e-03
1.302400000000000091e+03 1.745283043271571039e-03
1.305599999999999909e+03 1.756399444452457761e-03
1.308799999999999955e+03 1.767407093875748890e-03
1.312000000000000000e+03 1.778304566996354898e-03
1.315200000000000045e+03 1.789113698189248331e-03
1.318400000000000091e+03 1.799872255658378469e-03
1.321599999999999909e+03 1.810622194546419135e-03
1.324799999999999955e+03 1.821397979162461172e-03
1.328000000000000000e+03 1.832219417145323007e-03
1.331200000000000045e+03 1.843091969393819600e-03
1.334400000000000091e+03 1.854015556463814137e-03
1.337599999999999909e+03 1.864999261602626060e-03
1.340799999999999955e+03 1.876074959958323046e-03
1.344000000000000000e+03 1.887300454443209801e-03
1.347200000000000045e+03 1.898746314118180886e-03
1.350400000000000091e+03 1.910469992207187214e-03
1.353599999999999909e+03 1.922489784185072229e-03
1.356799999999999955e+03 1.934772579415888500e-03
1.360000000000000000e+03 1.947241593308795269e-03
1.363200000000000045e+03 1.959799650094440869e-03
1.366400000000000091e+03 1.972356724691980666e-03
1.369599999999999909e+03 1.984850600731326471e-03
1.372799999999999955e+03 1.997254015969320874e-03
1.376000000000000000e+03 2.009568371324827862e-03
1.379200000000000045e+03 2.021809304600136626e-03
1.382400000000000091e+03 2.033992232342918434e-03
1.385599999999999909e+03 2.046124082135398602e-03
1.388799999999999955e+03 2.058203471477495269e-03
1.392000000000000000e+03 2.070226594932077224e-03
1.395200000000000045e+03 2.082194068450807407e-03
1.398400000000000091e+03 2.094114091105267212e-03
1.401599999999999909e+03 2.106000543064069207e-03
1.404799999999999955e+03 2.117867386171236321e-03
1.408000000000000000e+03 2.129723110943960215e-03
1.411200000000000045e+03 2.141568170893773035e-03
1.414400000000000091e+03 2.153396811592294367e-03
1.417599999999999909e+03 2.165201755969688602e-03
1.420799999999999955e+03 2.176979245515333651e-03
1.424000000000000000e+03 2.188731602660717521e-03
1.427200000000000045e+03 2.200466395905985393e-03
1.430400000000000091e+03 2.212192664180863497e-03
1.433599999999999909e+03 2.223916310197120855e-03
1.436799999999999955e+03 2.235636408713476738e-03
1.440000000000000000e+03 2.247343602434892073e-03
1.443200000000000045e+03 2.259020304969067833e-03
1.446400000000000091e+03 2.270642437574337241e-03
1.449599999999999909e+03 2.282182488946650750e-03
1.452799999999999955e+03 2.293614236269318155e-03
1.456000000000000000e+03 2.304918676765744558e-03
1.459200000000000045e+03 2.316089959499100740e-03
1.462400000000000091e+03 2.327139401093860586e-03
1.465599999999999909e+03 2.338096325880130617e-03
1.468799999999999955e+03 2.349005462057799070e-03
1.472000000000000000e+03 2.359921641358189714e-03
1.475200000000000045e+03 2.370902895517492445e-03
1.478400000000000091e+03 2.382003323296065424e-03
1.481599999999999909e+03 2.393267122898620671e-03
1.484799999999999955e+03 2.404724741822062122e-03
1.488000000000000000e+03 2.416391069358750452e-03
1.491200000000000045e+03 2.428264899620295649e-03
1.494400000000000091e+03 2.440329318613515541e-03
1.497599999999999909e+03 2.452553619285491055e-03
1.500799999999999955e+03 2.464897676689624222e-03
1.504000000000000000e+03 2.477318395106536085e-03
1.507200000000000045e+03 2.489776377524939664e-03
1.510400000000000091e+03 2.502240280783919312e-03
1.513599999999999909e+03 2.514687655604937785e-03
1.516799999999999955e+03 2.527102633321034325e-03
1.520000000000000000e+03 2.539472518564174757e-03
1.523200000000000045e+03 2.551785363764860672e-03
1.526400000000000091e+03 2.564030109984977417e-03
1.529599999999999909e+03 2.576198944489430705e-03
1.532799999999999955e+03 2.588290370317817245e-03
1.536000000000000000e+03 2.600310625999739667e-03
1.539200000000000045e+03 2.612272392265445504e-03
1.542400000000000091e+03 2.624191048877826376e-03
1.545599999999999909e+03 2.636080422192570681e-03
1.548799999999999955e+03 2.647949649706631946e-03
1.552000000000000000e+03 2.659802321167574479e-03
1.555200000000000045e+03 2.671637578393394954e-03
1.558400000000000091e+03 2.683452625787206142e-03
1.561599999999999909e+03 2.695245485387191570e-03
1.564799999999999955e+03 2.707017247141639549e-03
1.568000000000000000e+03 2.718772781101007601e-03
1.571200000000000045e+03 2.730519638030839795e-03
1.574400000000000091e+03 2.742265216746826023e-03
1.577599999999999909e+03 2.754013325377266831e-03
1.580799999999999955e+03 2.765761153806197640e-03
1.584000000000000000e+03 2.777497674215206967e-03
1.587200000000000045e+03 2.789203843994020153e-03
1.590400000000000091e+03 2.800855126408991012e-03
1.593599999999999909e+03 2.812426423328264185e-03
1.596799999999999955e+03 2.823899003960800378e-03
1.600000000000000000e+03 2.835267692108719984e-03
1.603200000000000045e+03 2.846546033089562919e-03
1.606400000000000091e+03 2.857767464548422072e-03
1.609599999999999909e+03 2.868982038863356933e-03
1.612799999999999955e+03 2.880249671744646977e-03
1.616000000000000000e+03 2.891631949914198058e-03
1.619200000000000045e+03 2.903184646047882785e-03
1.622400000000000091e+03 2.914952432231738416e-03
1.625599999999999909e+03 2.926965833429282307e-03
1.628799999999999955e+03 2.939239369395785836e-03
1.632000000000000000e+03 2.951770164100476525e-03
1.635200000000000045e+03 2.964537760202836606e-03
1.638400000000000091e+03 2.977506870421889069e-03
1.641599999999999909e+03 2.990633711249438605e-03
1.644799999999999955e+03 3.003874438034349805e-03
1.648000000000000000e+03 3.017192420761287495e-03
1.651200000000000045e+03 3.030561567664479851e-03
1.654400000000000091e+03 3.043964591833255278e-03
1.657599999999999909e+03 3.057387716700288912e-03
1.660799999999999955e+03 3.070814750139984253e-03
1.664000000000000000e+03 3.084223983860641047e-03
1.667200000000000045e+03 3.097589699392016942e-03
1.670400000000000091e+03 3.110888002472379527e-03
1.673599999999999909e+03 3.124104237600123547e-03
1.676799999999999955e+03 3.137238798386916567e-03
1.680000000000000000e+03 3.150308635453434331e-03
1.683200000000000045e+03 3.163344075169206588e-03
1.686400000000000091e+03 3.176382096428889776e-03
1.689599999999999909e+03 3.189458628259425870e-03
1.692799999999999955e+03 3.202601859662000672e-03
1.696000000000000000e+03 3.215828180616707357e-03
1.699200000000000045e+03 3.229141242650584564e-03
1.702400000000000091e+03 3.242534426388348281e-03
1.705599999999999909e+03 3.255995806465770276e-03
1.708799999999999955e+03 3.269513959242147886e-03
1.712000000000000000e+03 3.283081906536678383e-03
1.715200000000000045e+03 3.296697375826402460e-03
1.718400000000000091e+03 3.310359113926872841e-03
1.721599999999999909e+03 3.324061364463266541e-03
1.724799999999999955e+03 3.337789313989442813e-03
1.728000000000000000e+03 3.351518078321695428e-03
1.731200000000000045e+03 3.365216148787864708e-03
1.734400000000000091e+03 3.378852780912430537e-03
1.737599999999999909e+03 3.392407236502896755e-03
1.740799999999999955e+03 3.405877288891676503e-03
1.744000000000000000e+03 3.419284714255521346e-03
1.747200000000000045e+03 3.432676751754674960e-03
1.750400000000000091e+03 3.446123414764897062e-03
1.753599999999999909e+03 3.459710793759702887e-03
1.756799999999999955e+03 3.473530546223645588e-03
1.760000000000000000e+03 3.487666662025999502e-03
1.763200000000000045e+03 3.502182148627084983e-03
1.766400000000000091e+03 3.517109162099069011e-03
1.769599999999999909e+03 3.532445473911551004e-03
1.772799999999999955e+03 3.548158210381216395e-03
1.776000000000000000e+03 3.564193821839576649e-03
1.779200000000000045e+03 3.580491424249724643e-03
1.782400000000000091e+03 3.596995601070789462e-03
1.785599999999999909e+03 3.613664257806130983e-03
1.788799999999999955e+03 3.630468703166241790e-03
1.792000000000000000e+03 3.647386128412037805e-03
1.795200000000000045e+03 3.664388788242847923e-03
1.798400000000000091e+03 3.681436042458448819e-03
1.801599999999999909e+03 3.698474548108273384e-03
1.804799999999999955e+03 3.715447463631953336e-03
1.808000000000000000e+03 3.732309265074674511e-03
1.811200000000000045e+03 3.749039866917117970e-03
1.814400000000000091e+03 3.765652749323156884e-03
1.817599999999999909e+03 3.782194289148851571e-03
1.820799999999999955e+03 3.798735078376986023e-03
1.824000000000000000e+03 3.815355704807309178e-03
1.827200000000000045e+03 3.832130731691726737e-03
1.830400000000000091e+03 3.849114431041748569e-03
1.833599999999999909e+03 3.866332008066283420e-03
1.836799999999999955e+03 3.883778571232455925e-03
1.840000000000000000e+03 3.901426110012996048e-03
1.843200000000000045e+03 3.919235349194780810e-03
1.846400000000000091e+03 3.937167578194981574e-03
1.849599999999999909e+03 3.955191560377831206e-03
1.852799999999999955e+03 3.973283825831294171e-03
1.856000000000000000e+03 3.991424246555769217e-03
1.859200000000000045e+03 4.009591549691737290e-03
1.862400000000000091e+03 4.027762891762338288e-03
1.865599999999999909e+03 4.045919093789655981e-03
1.868799999999999955e+03 4.064053757478904016e-03
1.872000000000000000e+03 4.082182817243102356e-03
1.875200000000000045e+03 4.100351077014816742e-03
1.878400000000000091e+03 4.118633514187343761e-03
1.881599999999999909e+03 4.137130320808589910e-03
1.884799999999999955e+03 4.155955828918907712e-03
1.888000000000000000e+03 4.175222739508846655e-03
1.891200000000000045e+03 4.195024482486595270e-03
1.894400000000000091e+03 4.215419674431078456e-03
1.897599999999999909e+03 4.236422592205121851e-03
1.900799999999999955e+03 4.258002239201885177e-03
1.904000000000000000e+03 4.280089962284115181e-03
1.907200000000000045e+03 4.302593265448689461e-03
1.910400000000000091e+03 4.325411689098342984e-03
1.913599999999999909e+03 4.348450741355948217e-03
1.916799999999999955e+03 4.371630966280220382e-03
1.920000000000000000e+03 4.394891851849214159e-03
1.923200000000000045e+03 4.418191905199994086e-03
1.926400000000000091e+03 4.441507154273822804e-03
1.929599999999999909e+03 4.464829107242648809e-03
1.932799999999999955e+03 4.488162527812499837e-03
1.936000000000000000e+03 4.511522668283599047e-03
1.939200000000000045e+03 4.534932556447619952e-03
1.942400000000000091e+03 4.558420912907981508e-03
1.945599999999999909e+03 4.582021374218161157e-03
1.948799999999999955e+03 4.605772228606468989e-03
1.952000000000000000e+03 4.629715338647489783e-03
1.955200000000000045e+03 4.653892371018147379e-03
1.958400000000000091e+03 4.678337971550270216e-03
1.961599999999999909e+03 4.703071006673704632e-03
1.964799999999999955e+03 4.728087060666326738e-03
1.968000000000000000e+03 4.753355468485736222e-03
1.971200000000000045e+03 4.778823375230501803e-03
1.974400000000000091e+03 4.804426575312477875e-03
1.977599999999999909e+03 4.830104385231201967e-03
1.980799999999999955e+03 4.855813845904062565e-03
1.984000000000000000e+03 4.881539368951132510e-03
1.987200000000000045e+03 4.907296548990259730e-03
1.990400000000000091e+03 4.933131864991782516e-03
1.993599999999999909e+03 4.959120575156765985e-03
1.996799999999999955e+03 4.985363135599623144e-03
2.000000000000000000e+03 5.011977875944074144e-03
2.003200000000000045e+03 5.039087388218514013e-03
2.006400000000000091e+03 5.066799213125778613e-03
2.009599999999999909e+03 5.095185565700826799e-03
2.012799999999999955e+03 5.124269138187170780e-03
2.016000000000000000e+03 5.154020280760993056e-03
2.019200000000000045e+03 5.184366797882549241e-03
2.022400000000000091e+03 5.215212832665401359e-03
2.025599999999999909e+03 5.246460821106012709e-03
2.028799999999999955e+03 5.278029903170095190e-03
2.032000000000000000e+03 5.309866429874366030e-03
2.035200000000000045e+03 5.341945050111209306e-03
2.038400000000000091e+03 5.374262498585585454e-03
2.041599999999999909e+03 5.406827650065191247e-03
2.044799999999999955e+03 5.439651871469290169e-03
2.048000000000000000e+03 5.472742008788964406e-03
2.051199999999999818e+03 5.506097404205456160e-03
2.054400000000000091e+03 5.539710786087215059e-03
2.057599999999999909e+03 5.573572541235955087e-03
2.060800000000000182e+03 5.607676620321832769e-03
2.064000000000000000e+03 5.642026124137818587e-03
2.067199999999999818e+03 5.676635924194961200e-03
2.070400000000000091e+03 5.711530593366755289e-03
2.073599999999999909e+03 5.746736979982955580e-03
2.076800000000000182e+03 5.782273629489991483e-03
2.080000000000000000e+03 5.818141484972299930e-03
2.083199999999999818e+03 5.854321499498788689e-03
2.086400000000000091e+03 5.890782282489185478e-03
2.089599999999999909e+03 5.927496527350415920e-03
2.092800000000000182e+03 5.964460195605444590e-03
2.096000000000000000e+03 6.001706617269385660e-03
2.099199999999999818e+03 6.039309197018053431e-03
2.102400000000000091e+03 6.077371158532561893e-03
2.105599999999999909e+03 6.116006392005028484e-03
2.108800000000000182e+03 6.155319155055532891e-03
2.112000000000000000e+03 6.195389981061285960e-03
2.115199999999999818e+03 6.236270822717900238e-03
2.118400000000000091e+03 6.277987817967315039e-03
2.121599999999999909e+03 6.320547580734075556e-03
2.124800000000000182e+03 6.363944088027640583e-03
2.128000000000000000e+03 6.408164969533686889e-03
2.131199999999999818e+03 6.453197338363468247e-03
2.134400000000000091e+03 6.499032299005452415e-03
2.137599999999999909e+03 6.545666947886217765e-03
2.140800000000000182e+03 6.593102549016315039e-03
2.144000000000000000e+03 6.641339533877426218e-03
2.147199999999999818e+03 6.690371003539707234e-03
2.150400000000000091e+03 6.740177950857803059e-03
2.153599999999999909e+03 6.790728850735863915e-03
2.156800000000000182e+03 6.841985432120145302e-03
2.160000000000000000e+03 6.893912981991366998e-03
2.163199999999999818e+03 6.946491105005910167e-03
2.166400000000000091e+03 6.999719566175716286e-03
2.169599999999999909e+03 7.053617074632438123e-03
2.172800000000000182e+03 7.108214898801219067e-03
2.176000000000000000e+03 7.163550717762130413e-03
2.179199999999999818e+03 7.219667150747049317e-03
2.182400000000000091e+03 7.276616473058222442e-03
2.185599999999999909e+03 7.334469386688278331e-03
2.188800000000000182e+03 7.393324460516973243e-03
2.192000000000000000e+03 7.453314637116522680e-03
2.195199999999999818e+03 7.514607526264137707e-03
2.198400000000000091e+03 7.577396843418434183e-03
2.201599999999999909e+03 7.641884923466370910e-03
2.204800000000000182e+03 7.708260905732718625e-03
2.208000000000000000e+03 7.776682433413566360e-03
2.211199999999999818e+03 7.847267425467230675e-03
2.214400000000000091e+03 7.920095845141443200e-03
2.217599999999999909e+03 7.995216038530657265e-03
2.220800000000000182e+03 8.072650071219466747e-03
2.224000000000000000e+03 8.152398632034929538e-03
2.227199999999999818e+03 8.234449817977664357e-03
2.230400000000000091e+03 8.318794464962826068e-03
2.233599999999999909e+03 8.405443194444717561e-03
2.236800000000000182e+03 8.494436907258595681e-03
2.240000000000000000e+03 8.585844787918293572e-03
2.243199999999999818e+03 8.679752329006680187e-03
2.246400000000000091e+03 8.776246791650382101e-03
2.249599999999999909e+03 8.875407863385037163e-03
2.252800000000000182e+03 8.977305338973000370e-03
2.256000000000000000e+03 9.082001219726529642e-03
2.259199999999999818e+03 9.189552005916399452e-03
2.262400000000000091e+03 9.300011326944758114e-03
2.265599999999999909e+03 9.413437029702790768e-03
2.268800000000000182e+03 9.529906991129880739e-03
2.272000000000000000e+03 9.649540607832012007e-03
2.275199999999999818e+03 9.772514487801694377e-03
2.278400000000000091e+03 9.899058957493489519e-03
2.281599999999999909e+03 1.002943054229260382e-02
2.284800000000000182e+03 1.016386926085823678e-02
2.288000000000000000e+03 1.030255738978974774e-02
2.291199999999999818e+03 1.044559436683962193e-02
2.294400000000000091e+03 1.059299182926553076e-02
2.297599999999999909e+03 1.074468413266433525e-02
2.300800000000000182e+03 1.090054544398913472e-02
2.304000000000000000e+03 1.106040839070344256e-02
2.307199999999999818e+03 1.122408240442045700e-02
2.310400000000000091e+03 1.139137155523970921e-02
2.313599999999999909e+03 1.156208515196163571e-02
2.316800000000000182e+03 1.173602987351836380e-02
2.320000000000000000e+03 1.191297410472563420e-02
2.323199999999999818e+03 1.209259138214593444e-02
2.326400000000000091e+03 1.227440615359264887e-02
2.329599999999999909e+03 1.245776924321822902e-02
2.332800000000000182e+03 1.264187441381383475e-02
2.336000000000000000e+03 1.282580534772593921e-02
2.339199999999999818e+03 1.300859100644571713e-02
2.342400000000000091e+03 1.318925194364446545e-02
2.345599999999999909e+03 1.336683345502342329e-02
2.348800000000000182e+03 1.354042915010864566e-02
2.352000000000000000e+03 1.370920072800409055e-02
2.355199999999999818e+03 1.387239483971217102e-02
2.358400000000000091e+03 1.402935613877323226e-02
2.361599999999999909e+03 1.417953478777612616e-02
2.364800000000000182e+03 1.432249277553670694e-02
2.368000000000000000e+03 1.445791629444327826e-02
2.371199999999999818e+03 1.458563986752435364e-02
2.374400000000000091e+03 1.470567765430983061e-02
2.377599999999999909e+03 1.481824944919814951e-02
2.380800000000000182e+03 1.492378863581462524e-02
2.384000000000000000e+03 1.502292579109709876e-02
2.387199999999999818e+03 1.511644598971905937e-02
2.390400000000000091e+03 1.520521610801957128e-02
2.393599999999999909e+03 1.529008041164201144e-02
2.396800000000000182e+03 1.537173474536289615e-02
2.400000000000000000e+03 1.545061052229098134e-02
2.403199999999999818e+03 1.552680890907098821e-02
2.406400000000000091e+03 1.560011461434312845e-02
2.409599999999999909e+03 1.567008874569082374e-02
2.412800000000000182e+03 1.573621322642876005e-02
2.416000000000000000e+03 1.579804523563470633e-02
2.419199999999999818e+03 1.585534263253078613e-02
2.422400000000000091e+03 1.590813103841838203e-02
2.425599999999999909e+03 1.595669724281684534e-02
2.428800000000000182e+03 1.600151182365714200e-02
2.432000000000000000e+03 1.604310443383740944e-02
2.435199999999999818e+03 1.608193289707077894e-02
2.438400000000000091e+03 1.611828991340533840e-02
2.441599999999999909e+03 1.615227786931625401e-02
2.444800000000000182e+03 1.618385570398514148e-02
2.448000000000000000e+03 1.621293773614350398e-02
2.451199999999999818e+03 1.623950983171200055e-02
2.454400000000000091e+03 1.626372735040408288e-02
2.457599999999999909e+03 1.628596627284055465e-02
2.460800000000000182e+03 1.630681058024304950e-02
2.464000000000000000e+03 1.632697521487502801e-02
2.467199999999999818e+03 1.634718404537876743e-02
2.470400000000000091e+03 1.636804248367655645e-02
2.473599999999999909e+03 1.638995134960435571e-02
2.476800000000000182e+03 1.641309492941512432e-02
2.480000000000000000e+03 1.643750330913498758e-02
2.483199999999999818e+03 1.646315670687550567e-02
2.486400000000000091e+03 1.649008505710312239e-02
2.489599999999999909e+03 1.651842723117271511e-02
2.492800000000000182e+03 1.654843997526166469e-02
2.496000000000000000e+03 1.658047027287414335e-02
2.499199999999999818e+03 1.661491460031693998e-02
2.502400000000000091e+03 1.665218317298135936e-02
2.505599999999999909e+03 1.669267554484120744e-02
2.508800000000000182e+03 1.673676338820073717e-02
2.512000000000000000e+03 1.678477469714775155e-02
2.515199999999999818e+03 1.683697887985597177e-02
2.518400000000000091e+03 1.689358073172115074e-02
2.521599999999999909e+03 1.695473221342444839e-02
2.524800000000000182e+03 1.702056239479086269e-02
2.528000000000000000e+03 1.709121148185865566e-02
2.531199999999999818e+03 1.716684690500440771e-02
2.534400000000000091e+03 1.724764472477979121e-02
2.537599999999999909e+03 1.733373634697277579e-02
2.540800000000000182e+03 1.742514053984731831e-02
2.544000000000000000e+03 1.752171162135822760e-02
2.547199999999999818e+03 1.762313084880961708e-02
2.550400000000000091e+03 1.772894769563282402e-02
2.553599999999999909e+03 1.783865457520308201e-02
2.556800000000000182e+03 1.795176379175913647e-02
2.560000000000000000e+03 1.806785970210630574e-02
2.563199999999999818e+03 1.818661583125998418e-02
2.566400000000000091e+03 1.830778684540848231e-02
2.569599999999999909e+03 1.843119463701695104e-02
2.572800000000000182e+03 1.855672127415456882e-02
2.576000000000000000e+03 1.868430457492134891e-02
2.579199999999999818e+03 1.881391871209770611e-02
2.582400000000000091e+03 1.894552601434417241e-02
2.585599999999999909e+03 1.907900442210566302e-02
2.588800000000000182e+03 1.921407726913391956e-02
2.592000000000000000e+03 1.935028058765558487e-02
2.595199999999999818e+03 1.948699392029640265e-02
2.598400000000000091e+03 1.962353501070231501e-02
2.601599999999999909e+03 1.975929179966801758e-02
2.604800000000000182e+03 1.989384769966391978e-02
2.608000000000000000e+03 2.002705803694091249e-02
2.611199999999999818e+03 2.015905413322229348e-02
2.614400000000000091e+03 2.029017933717585515e-02
2.617599999999999909e+03 2.042088515432529880e-02
2.620800000000000182e+03 2.055162431070401904e-02
2.624000000000000000e+03 2.068276908093969954e-02
2.627199999999999818e+03 2.081456483460523282e-02
2.630400000000000091e+03 2.094711483755267931e-02
2.633599999999999909e+03 2.108038722772167389e-02
2.636800000000000182e+03 2.121423770122788169e-02
2.640000000000000000e+03 2.134844338573043884e-02
2.643199999999999818e+03 2.148274526034963522e-02
2.646400000000000091e+03 2.161689707731149004e-02
2.649599999999999909e+03 2.175071943028948282e-02
2.652800000000000182e+03 2.188415391644422253e-02
2.656000000000000000e+03 2.201730647094706297e-02
2.659199999999999818e+03 2.215046489994573070e-02
2.662400000000000091e+03 2.228407880137801833e-02
2.665599999999999909e+03 2.241869951475921122e-02
2.668800000000000182e+03 2.255488834151680999e-02
2.672000000000000000e+03 2.269310953335819045e-02
2.675199999999999818e+03 2.283362855760150134e-02
2.678400000000000091e+03 2.297643845765777459e-02
2.681599999999999909e+03 2.312123571338137520e-02
2.684800000000000182e+03 2.326746099817393956e-02
2.688000000000000000e+03 2.341440470371818766e-02
2.691199999999999818e+03 2.356135580970405985e-02
2.694400000000000091e+03 2.370775221265915625e-02
2.697599999999999909e+03 2.385328440690643800e-02
2.700800000000000182e+03 2.399791745241734719e-02
2.704000000000000000e+03 2.414182503986574135e-02
2.707199999999999818e+03 2.428525982065118938e-02
2.710400000000000091e+03 2.442840316672196740e-02
2.713599999999999909e+03 2.457124053084104240e-02
2.716800000000000182e+03 2.471349781817308577e-02
2.720000000000000000e+03 2.485465430070984277e-02
2.723199999999999818e+03 2.499402071010123697e-02
2.726400000000000091e+03 2.513084763439926358e-02
2.729599999999999909e+03 2.526442176739388326e-02
2.732800000000000182e+03 2.539412483007501622e-02
2.736000000000000000e+03 2.551945880248071910e-02
2.739199999999999818e+03 2.564006019446242457e-02
2.742400000000000091e+03 2.575572084331103836e-02
2.745599999999999909e+03 2.586641194221452750e-02
2.748800000000000182e+03 2.597229033995120465e-02
2.752000000000000000e+03 2.607366511883408081e-02
2.755199999999999818e+03 2.617091807755449889e-02
2.758400000000000091e+03 2.626439449435805790e-02
2.761599999999999909e+03 2.635429964535432670e-02
2.764800000000000182e+03 2.644064027099891218e-02
2.768000000000000000e+03 2.652323479787152896e-02
2.771199999999999818e+03 2.660178732230010501e-02
2.774400000000000091e+03 2.667599591996588568e-02
2.777599999999999909e+03 2.674565826892004450e-02
2.780800000000000182e+03 2.681074713943425170e-02
2.784000000000000000e+03 2.687144293051306129e-02
2.787199999999999818e+03 2.692812131669910722e-02
2.790400000000000091e+03 2.698130069906265818e-02
2.793599999999999909e+03 2.703156049017049409e-02
2.796800000000000182e+03 2.707944828065624379e-02
2.800000000000000000e+03 2.712539792550230228e-02
2.803199999999999818e+03 2.716967843348662079e-02
2.806400000000000091e+03 2.721238444538610218e-02
2.809599999999999909e+03 2.725346695184868370e-02
2.812800000000000182e+03 2.729279217110995581e-02
2.816000000000000000e+03 2.733021148434771827e-02
2.819199999999999818e+03 2.736562594649709704e-02
2.822400000000000091e+03 2.739903307526955073e-02
2.825599999999999909e+03 2.743054848692747308e-02
2.828800000000000182e+03 2.746040008952937983e-02
2.832000000000000000e+03 2.748889828091159032e-02
2.835199999999999818e+03 2.751639112765410719e-02
2.838400000000000091e+03 2.754321654786245563e-02
2.841599999999999909e+03 2.756966230205840432e-02
2.844800000000000182e+03 2.759594009989115374e-02
2.848000000000000000e+03 2.762217478559507791e-02
2.851199999999999818e+03 2.764840608311510198e-02
2.854400000000000091e+03 2.767459958952842372e-02
2.857599999999999909e+03 2.770066528152050067e-02
2.860800000000000182e+03 2.772648373838705604e-02
2.864000000000000000e+03 2.775194027647094608e-02
2.867199999999999818e+03 2.777696349900437428e-02
2.870400000000000091e+03 2.780155878915037751e-02
2.873599999999999909e+03 2.782582365588781581e-02
2.876800000000000182e+03 2.784993538164409060e-02
2.880000000000000000e+03 2.787411210871476933e-02
2.883199999999999818e+03 2.789856015819977206e-02
2.886400000000000091e+03 2.792342562244714069e-02
2.889599999999999909e+03 2.794876439089622952e-02
2.892800000000000182e+03 2.797453551383359202e-02
2.896000000000000000e+03 2.800061447712178658e-02
2.899199999999999818e+03 2.802681982067693062e-02
2.902400000000000091e+03 2.805294820336974582e-02
2.905599999999999909e+03 2.807881539657685818e-02
2.908800000000000182e+03 2.810429964517119350e-02
2.912000000000000000e+03 2.812937896342248070e-02
2.915199999999999818e+03 2.815414969287918096e-02
2.918400000000000091e+03 2.817881560827944706e-02
2.921599999999999909e+03 2.820364664157273479e-02
2.924800000000000182e+03 2.822891896910272383e-02
2.928000000000000000e+03 2.825485581573063121e-02
2.931199999999999818e+03 2.828158631934229658e-02
2.934400000000000091e+03 2.830913051143690504e-02
2.937599999999999909e+03 2.833740862278657374e-02
2.940800000000000182e+03 2.836626756889919915e-02
2.944000000000000000e+03 2.839551737105708296e-02
2.947199999999999818e+03 2.842497236624497506e-02
2.950400000000000091e+03 2.845449306989715141e-02
2.953599999999999909e+03 2.848402261670157642e-02
2.956800000000000182e+03 2.851360870973858666e-02
2.960000000000000000e+03 2.854340199149665511e-02
2.963199999999999818e+03 2.857362787335901433e-02
2.966400000000000091e+03 2.860453887323522945e-02
2.969599999999999909e+03 2.863636201979638182e-02
2.972800000000000182e+03 2.866925591562812306e-02
2.976000000000000000e+03 2.870328556256428534e-02
2.979199999999999818e+03 2.873841583660372012e-02
2.982400000000000091e+03 2.877452082573967590e-02
2.985599999999999909e+03 2.881140656722201016e-02
2.988800000000000182e+03 2.884884560306984896e-02
2.992000000000000000e+03 2.888662081519959360e-02
2.995199999999999818e+03 2.892457205969522355e-02
2.998400000000000091e+03 2.896263450428671060e-02
3.001599999999999909e+03 2.900085564383023465e-02
3.004800000000000182e+03 2.903938244557902060e-02
3.008000000000000000e+03 2.907842028320174743e-02
3.011199999999999818e+03 2.911817599197721873e-02
3.014400000000000091e+03 2.915880215534868980e-02
3.017599999999999909e+03 2.920035654246979848e-02
3.020800000000000182e+03 2.924278341321494973e-02
3.024000000000000000e+03 2.928591676909021377e-02
3.027199999999999818e+03 2.932950251537327913e-02
3.030400000000000091e+03 2.937323561167984320e-02
3.033599999999999909e+03 2.941680829949539985e-02
3.036800000000000182e+03 2.945996358843901847e-02
3.040000000000000000e+03 2.950254437947232716e-02
3.043199999999999818e+03 2.954452458982689128e-02
3.046400000000000091e+03 2.958600953605690365e-02
3.049599999999999909e+03 2.962720107315377355e-02
3.052800000000000182e+03 2.966833605258914486e-02
3.056000000000000000e+03 2.970961732221159488e-02
3.059199999999999818e+03 2.975115828522941624e-02
3.062400000000000091e+03 2.979295486546379781e-02
3.065599999999999909e+03 2.983488722102458149e-02
3.068800000000000182e+03 2.987674500401364674e-02
3.072000000000000000e+03 2.991826673386631733e-02
3.075199999999999818e+03 2.995918541197298626e-02
3.078400000000000091e+03 2.999927414938954873e-02
3.081599999999999909e+03 3.003838576941403327e-02
3.084800000000000182e+03 3.007647883346077980e-02
3.088000000000000000e+03 3.011362271806741070e-02
3.091199999999999818e+03 3.014997801897973881e-02
3.094400000000000091e+03 3.018575582201240767e-02
3.097599999999999909e+03 3.022116704074073734e-02
3.100800000000000182e+03 3.025637653109784775e-02
3.104000000000000000e+03 3.029147385035911230e-02
3.107199999999999818e+03 3.032646451135899771e-02
3.110400000000000091e+03 3.036127835801882141e-02
3.113599999999999909e+03 3.039578876123249021e-02
3.116800000000000182e+03 3.042983845322464950e-02
3.120000000000000000e+03 3.046326983209636172e-02
3.123199999999999818e+03 3.049595723469057662e-02
3.126400000000000091e+03 3.052783576031274301e-02
3.129599999999999909e+03 3.055891989013987536e-02
3.132800000000000182e+03 3.058930653307955286e-02
3.136000000000000000e+03 3.061916102709584878e-02
3.139199999999999818e+03 3.064868885722714376e-02
3.142400000000000091e+03 3.067809941014633043e-02
3.145599999999999909e+03 3.070757019097824364e-02
3.148800000000000182e+03 3.073721914793992385e-02
3.152000000000000000e+03 3.076708961119605304e-02
3.155199999999999818e+03 3.079714812141056551e-02
3.158400000000000091e+03 3.082729377653665656e-02
3.161599999999999909e+03 3.085737776440379554e-02
3.164800000000000182e+03 3.088723215812940945e-02
3.168000000000000000e+03 3.091670446059933616e-02
3.171199999999999818e+03 3.094569110273797871e-02
3.174400000000000091e+03 3.097416127965016072e-02
3.177599999999999909e+03 3.100216472504947404e-02
3.180800000000000182e+03 3.102982123765500935e-02
3.184000000000000000e+03 3.105729413811391185e-02
3.187199999999999818e+03 3.108475349542299052e-02
3.190400000000000091e+03 3.111233776555732619e-02
3.193599999999999909e+03 3.114012368060578920e-02
3.196800000000000182e+03 3.116811141451697464e-02
3.200000000000000000e+03 3.119622682058451058e-02
3.203199999999999818e+03 3.122433719398288315e-02
3.206400000000000091e+03 3.125227562021331423e-02
3.209599999999999909e+03 3.127986963320283920e-02
3.212800000000000182e+03 3.130697107275950269e-02
3.216000000000000000e+03 3.133348292533427726e-02
3.219199999999999818e+03 3.135937790945823173e-02
3.222400000000000091e+03 3.138470377034605074e-02
3.225599999999999909e+03 3.140957307632467194e-02
3.228800000000000182e+03 3.143413922602537880e-02
3.232000000000000000e+03 3.145856413032464827e-02
3.235199999999999818e+03 3.148298545235744816e-02
3.238400000000000091e+03 3.150749099545852722e-02
3.241599999999999909e+03 3.153210530882654544e-02
3.244800000000000182e+03 3.155678919504514846e-02
3.248000000000000000e+03 3.158145000536447672e-02
3.251199999999999818e+03 3.160595939775568547e-02
3.254400000000000091e+03 3.163017624878446121e-02
3.257599999999999909e+03 3.165397218131888596e-02
3.260800000000000182e+03 3.167725618370052093e-02
3.264000000000000000e+03 3.169999293302375176e-02
3.267199999999999818e+03 3.172220980107800375e-02
3.270400000000000091e+03 3.174399006410268120e-02
3.273599999999999909e+03 3.176545403432344539e-02
3.276800000000000182e+03 3.178673344619607766e-02
3.280000000000000000e+03 3.180794576178462563e-02
3.283199999999999818e+03 3.182917405407988121e-02
3.286400000000000091e+03 3.185045497653420793e-02
3.289599999999999909e+03 3.187177480177025984e-02
3.292800000000000182e+03 3.189307201280793674e-02
3.296000000000000000e+03 3.191424597819882830e-02
3.299199999999999818e+03 3.193517194849494756e-02
3.302400000000000091e+03 3.195572254703622078e-02
3.305599999999999909e+03 3.197579297357244776e-02
3.308800000000000182e+03 3.199532411583012881e-02
3.312000000000000000e+03 3.201431609347885066e-02
3.315199999999999818e+03 3.203282709722121702e-02
3.318400000000000091e+03 3.205095732730108005e-02
3.321599999999999909e+03 3.206882319674835696e-02
3.324800000000000182e+03 3.208652998074092849e-02
3.328000000000000000e+03 3.210415017209202609e-02
3.331199999999999818e+03 3.212171142791980100e-02
3.334400000000000091e+03 3.213919367276743544e-02
3.337599999999999909e+03 3.215653329725734477e-02
3.340800000000000182e+03 3.217363259993315933e-02
3.344000000000000000e+03 3.219037451326873384e-02
3.347199999999999818e+03 3.220664231543499817e-02
3.350400000000000091e+03 3.222234206221510910e-02
3.353599999999999909e+03 3.223742204427212932e-02
3.356800000000000182e+03 3.225188284565388280e-02
3.360000000000000000e+03 3.226577430147643116e-02
3.363199999999999818e+03 3.227918107313362123e-02
3.366400000000000091e+03 3.229220273746643416e-02
3.369599999999999909e+03 3.230493472845528957e-02
3.372800000000000182e+03 3.231745393039821973e-02
3.376000000000000000e+03 3.232980923048275890e-02
3.379199999999999818e+03 3.234201601446134305e-02
3.382400000000000091e+03 3.235405391340660103e-02
3.385599999999999909e+03 3.236586914208767346e-02
3.388800000000000182e+03 3.237738326119211918e-02
3.392000000000000000e+03 3.238850910864306265e-02
3.395199999999999818e+03 3.239917088897533576e-02
3.398400000000000091e+03 3.240932248497402357e-02
3.401599999999999909e+03 3.241895748125394466e-02
3.404800000000000182e+03 3.242810795457660988e-02
3.408000000000000000e+03 3.243683402067987914e-02
3.411199999999999818e+03 3.244520954670517682e-02
3.414400000000000091e+03 3.245330924138493944e-02
3.417599999999999909e+03 3.246119930127201736e-02
3.420800000000000182e+03 3.246893092878370968e-02
3.424000000000000000e+03 3.247653486753664803e-02
3.427199999999999818e+03 3.248401669121946805e-02
3.430400000000000091e+03 3.249135441073866537e-02
3.433599999999999909e+03 3.249850124484345709e-02
3.436800000000000182e+03 3.250539499569202878e-02
3.440000000000000000e+03 3.251197298488951032e-02
3.443199999999999818e+03 3.251818827532644562e-02
3.446400000000000091e+03 3.252402178215476475e-02
3.449599999999999909e+03 3.252948614622849788e-02
3.452800000000000182e+03 3.253462101758337194e-02
3.456000000000000000e+03 3.253948283447812700e-02
3.459199999999999818e+03 3.254413334593003748e-02
3.462400000000000091e+03 3.254862980580425919e-02
3.465599999999999909e+03 3.255301756070223818e-02
3.468800000000000182e+03 3.255732483208628736e-02
3.472000000000000000e+03 3.256155950278734335e-02
3.475199999999999818e+03 3.256570856854345414e-02
3.478400000000000091e+03 3.256974084420838356e-02
3.481599999999999909e+03 3.257361333153893646e-02
3.484800000000000182e+03 3.257728048365355483e-02
3.488000000000000000e+03 3.258070472053922750e-02
3.491199999999999818e+03 3.258386547819952517e-02
3.494400000000000091e+03 3.258676428455098417e-02
3.497599999999999909e+03 3.258942447567612227e-02
3.500800000000000182e+03 3.259188607641201607e-02
3.504000000000000000e+03 3.259419780095902663e-02
3.507199999999999818e+03 3.259640851370389225e-02
3.510400000000000091e+03 3.259856010645097862e-02
3.513599999999999909e+03 3.260068270115875494e-02
3.516800000000000182e+03 3.260279236017944726e-02
3.520000000000000000e+03 3.260489077714453371e-02
3.523199999999999818e+03 3.260696656008577748e-02
3.526400000000000091e+03 3.260899782883926179e-02
3.529599999999999909e+03 3.261095634021057843e-02
3.532800000000000182e+03 3.261281309273166007e-02
3.536000000000000000e+03 3.261454476781976142e-02
3.539199999999999818e+03 3.261613930437020498e-02
3.542400000000000091e+03 3.261759875006389753e-02
3.545599999999999909e+03 3.261893845931203295e-02
3.548800000000000182e+03 3.262018332366714568e-02
3.552000000000000000e+03 3.262136273891975968e-02
3.555199999999999818e+03 3.262250586831375726e-02
3.558400000000000091e+03 3.262363796049504161e-02
3.561599999999999909e+03 3.262477763746628179e-02
3.564800000000000182e+03 3.262593489100433508e-02
3.568000000000000000e+03 3.262710965731726448e-02
3.571199999999999818e+03 3.262829140863996585e-02
3.574400000000000091e+03 3.262946041063047309e-02
3.577599999999999909e+03 3.263059129335255798e-02
3.580800000000000182e+03 3.263165866049314717e-02
3.584000000000000000e+03 3.263264344710116449e-02
3.587199999999999818e+03 3.263353787444909365e-02
3.590400000000000091e+03 3.263434729643976961e-02
3.593599999999999909e+03 3.263508847029905624e-02
3.596800000000000182e+03 3.263578530070168626e-02
3.600000000000000000e+03 3.263646381458844975e-02
3.603199999999999818e+03 3.263714783809128911e-02
3.606400000000000091e+03 3.263785602718267259e-02
3.609599999999999909e+03 3.263860002079695122e-02
3.612800000000000182e+03 3.263938333144426884e-02
3.616000000000000000e+03 3.264020075123567205e-02
3.619199999999999818e+03 3.264103871661236389e-02
3.622400000000000091e+03 3.264187718236948726e-02
3.625599999999999909e+03 3.264269337638057294e-02
3.628800000000000182e+03 3.264346680448903387e-02
3.632000000000000000e+03 3.264418411558113464e-02
3.635199999999999818e+03 3.264484213973447430e-02
3.638400000000000091e+03 3.264544817180183023e-02
3.641599999999999909e+03 3.264601771440510392e-02
3.644800000000000182e+03 3.264657074515586038e-02
3.648000000000000000e+03 3.264712775713406873e-02
3.651199999999999818e+03 3.264770632615733581e-02
3.654400000000000091e+03 3.264831852099511766e-02
3.657599999999999909e+03 3.264896910334873226e-02
3.660800000000000182e+03 3.264965463627543529e-02
3.664000000000000000e+03 3.265036370591099107e-02
3.667199999999999818e+03 3.265107863084255185e-02
3.670400000000000091e+03 3.265177868303260206e-02
3.673599999999999909e+03 3.265244437001309230e-02
3.676800000000000182e+03 3.265306167630140782e-02
3.680000000000000000e+03 3.265362502026269292e-02
3.683199999999999818e+03 3.265413807912780769e-02
3.686400000000000091e+03 3.265461248332972299e-02
3.689599999999999909e+03 3.265506505244635677e-02
3.692800000000000182e+03 3.265551441843967534e-02
3.696000000000000000e+03 3.265597769580066978e-02
3.699199999999999818e+03 3.265646760869325704e-02
3.702400000000000091e+03 3.265699043360802828e-02
3.705599999999999909e+03 3.265754501459296189e-02
3.708800000000000182e+03 3.265812305357548850e-02
3.712000000000000000e+03 3.265871065777797150e-02
3.715199999999999818e+03 3.265929105358579554e-02
3.718400000000000091e+03 3.265984803342731474e-02
3.721599999999999909e+03 3.266036949473351270e-02
3.724800000000000182e+03 3.266085016105441802e-02
3.728000000000000000e+03 3.266129284174993513e-02
3.731199999999999818e+03 3.266170791991713368e-02
3.734400000000000091e+03 3.266211125890988720e-02
3.737599999999999909e+03 3.266252100494287242e-02
3.740800000000000182e+03 3.266295397322470373e-02
3.744000000000000000e+03 3.266342239907420175e-02
3.747199999999999818e+03 3.266393163168421210e-02
3.750400000000000091e+03 3.266447918492682706e-02
3.753599999999999909e+03 3.266505518146789466e-02
3.756800000000000182e+03 3.266564419570605615e-02
3.760000000000000000e+03 3.266622814153807147e-02
3.763199999999999818e+03 3.266678975364175480e-02
3.766400000000000091e+03 3.266731588717791679e-02
3.769599999999999909e+03 3.266780000379455179e-02
3.772800000000000182e+03 3.266824334147238468e-02
3.776000000000000000e+03 3.266865457156865188e-02
3.779199999999999818e+03 3.266904798935824084e-02
3.782400000000000091e+03 3.266944050767467411e-02
3.785599999999999909e+03 3.266984812305329111e-02
3.788800000000000182e+03 3.267028264626942874e-02
3.792000000000000000e+03 3.267074955973642975e-02
3.795199999999999818e+03 3.267124732828004252e-02
3.798400000000000091e+03 3.267176814048306649e-02
3.801599999999999909e+03 3.267229965477860820e-02
3.804800000000000182e+03 3.267282740848576061e-02
3.808000000000000000e+03 3.267333751820408055e-02
3.811199999999999818e+03 3.267381927249238954e-02
3.814400000000000091e+03 3.267426708363380811e-02
3.817599999999999909e+03 3.267468129531694854e-02
3.820800000000000182e+03 3.267506767799380901e-02
3.824000000000000000e+03 3.267543585223216251e-02
3.827199999999999818e+03 3.267579723941690939e-02
3.830400000000000091e+03 3.267616309680589082e-02
3.833599999999999909e+03 3.267654295041803186e-02
3.836800000000000182e+03 3.267694343859921247e-02
3.840000000000000000e+03 3.267736751015882374e-02
3.843199999999999818e+03 3.267781401395737639e-02
3.846400000000000091e+03 3.267827779643913549e-02
3.849599999999999909e+03 3.267875038528358922e-02
3.852800000000000182e+03 3.267922126278807737e-02
3.856000000000000000e+03 3.267967962012981176e-02
3.859199999999999818e+03 3.268011638680645009e-02
3.862400000000000091e+03 3.268052605431019664e-02
3.865599999999999909e+03 3.268090777574993167e-02
3.868800000000000182e+03 3.268126532773428516e-02
3.872000000000000000e+03 3.268160608121398192e-02
3.875199999999999818e+03 3.268193945719895938e-02
3.878400000000000091e+03 3.268227549710780999e-02
3.881599999999999909e+03 3.268262383895427503e-02
3.884800000000000182e+03 3.268299301497934461e-02
3.888000000000000000e+03 3.268338973977086975e-02
3.891199999999999818e+03 3.268381786682427598e-02
3.894400000000000091e+03 3.268427713365554266e-02
3.897599999999999909e+03 3.268476220509609897e-02
3.900800000000000182e+03 3.268526292189961185e-02
3.904000000000000000e+03 3.268576618397511097e-02
3.907199999999999818e+03 3.268625916405656223e-02
3.910400000000000091e+03 3.268673256318026243e-02
3.913599999999999909e+03 3.268718266179503756e-02
3.916800000000000182e+03 3.268761160040880437e-02
3.920000000000000000e+03 3.268802636738366019e-02
3.923199999999999818e+03 3.268843732748834968e-02
3.926400000000000091e+03 3.268885676853672262e-02
3.929599999999999909e+03 3.268929742954081175e-02
3.932800000000000182e+03 3.268977072048379756e-02
3.936000000000000000e+03 3.269028471256396617e-02
3.939199999999999818e+03 3.269084226947462091e-02
3.942400000000000091e+03 3.269143998047482208e-02
3.945599999999999909e+03 3.269206833862155215e-02
3.948800000000000182e+03 3.269271337384624387e-02
3.952000000000000000e+03 3.269335939762978149e-02
3.955199999999999818e+03 3.269399210849842363e-02
3.958400000000000091e+03 3.269460109098390466e-02
3.961599999999999909e+03 3.269518114683442334e-02
3.964800000000000182e+03 3.269573255045072485e-02
3.968000000000000000e+03 3.269626075134157012e-02
3.971199999999999818e+03 3.269677579684144436e-02
3.974400000000000091e+03 3.269729127001378549e-02
3.977599999999999909e+03 3.269782234217367967e-02
3.980800000000000182e+03 3.269838301336076142e-02
3.984000000000000000e+03 3.269898316652651571e-02
3.987199999999999818e+03 3.269962631310361495e-02
3.990400000000000091e+03 3.270030862803013916e-02
3.993599999999999909e+03 3.270101945736391541e-02
3.996800000000000182e+03 3.270174321359312075e-02
4.000000000000000000e+03 3.270246226817193069e-02
4.003199999999999818e+03 3.270316034287327339e-02
4.006400000000000091e+03 3.270382564550938786e-02
4.009599999999999909e+03 3.270445329292213238e-02
4.012800000000000182e+03 3.270504656858991971e-02
4.016000000000000000e+03 3.270561688637044911e-02
4.019199999999999818e+03 3.270618221311046014e-02
4.022400000000000091e+03 3.270676410381759963e-02
4.025599999999999909e+03 3.270738379554471303e-02
4.028800000000000182e+03 3.270805822584457040e-02
4.032000000000000000e+03 3.270879688386282153e-02
4.035199999999999818e+03 3.270960006575642648e-02
4.038400000000000091e+03 3.271045884086651312e-02
4.041599999999999909e+03 3.271135652963642892e-02
4.044800000000000182e+03 3.271227154862246800e-02
4.048000000000000000e+03 3.271318114198505655e-02
4.051199999999999818e+03 3.271406568440226453e-02
4.054400000000000091e+03 3.271491275950551975e-02
4.057599999999999909e+03 3.271572018846971575e-02
4.060800000000000182e+03 3.271649694652395413e-02
4.064000000000000000e+03 3.271726151154361051e-02
4.067199999999999818e+03 3.271803797122172647e-02
4.070400000000000091e+03 3.271885105183803405e-02
4.073599999999999909e+03 3.271972147314163720e-02
4.076800000000000182e+03 3.272066248706567704e-02
4.080000000000000000e+03 3.272167790422264577e-02
4.083199999999999818e+03 3.272276138654070521e-02
4.086400000000000091e+03 3.272389712112589583e-02
4.089599999999999909e+03 3.272506201689779487e-02
4.092800000000000182e+03 3.272622966163543645e-02
4.096000000000000000e+03 3.272737545855173430e-02
4.099199999999999818e+03 3.272848188382000700e-02
4.102399999999999636e+03 3.272954234106354582e-02
4.105600000000000364e+03 3.273056256931521080e-02
4.108800000000000182e+03 3.273155919114058982e-02
4.112000000000000000e+03 3.273255593840153355e-02
4.115199999999999818e+03 3.273357864361763070e-02
4.118399999999999636e+03 3.273465026565729186e-02
4.121600000000000364e+03 3.273578688453640528e-02
4.124800000000000182e+03 3.273699498865532964e-02
4.128000000000000000e+03 3.273827008495686086e-02
4.131199999999999818e+03 3.273959665947639985e-02
4.134399999999999636e+03 3.274094999718694249e-02
4.137600000000000364e+03 3.274230014456421672e-02
4.140800000000000182e+03 3.274361776860600093e-02
4.144000000000000000e+03 3.274488039626389374e-02
4.147199999999999818e+03 3.274607728116218225e-02
4.150399999999999636e+03 3.274721133290672825e-02
4.153600000000000364e+03 3.274829793016579421e-02
4.156800000000000182e+03 3.274936126908763179e-02
4.160000000000000000e+03 3.275042963338173352e-02
4.163199999999999818e+03 3.275153066733756807e-02
4.166399999999999636e+03 3.275268727187448381e-02
4.169600000000000364e+03 3.275391421443273055e-02
4.172800000000000182e+03 3.275521539993424269e-02
4.176000000000000000e+03 3.275658235025587228e-02
4.179199999999999818e+03 3.275799468145866589e-02
4.182399999999999636e+03 3.275942355469624312e-02
4.185600000000000364e+03 3.276083773208175731e-02
4.188800000000000182e+03 3.276221097401926102e-02
4.192000000000000000e+03 3.276352837999243345e-02
4.195199999999999818e+03 3.276478995491764051e-02
4.198399999999999636e+03 3.276601043709571198e-02
4.201600000000000364e+03 3.276721593896597673e-02
4.204800000000000182e+03 3.276843861009909320e-02
4.208000000000000000e+03 3.276971080488550597e-02
4.211199999999999818e+03 3.277105983610392737e-02
4.214399999999999636e+03 3.277250369613231989e-02
4.217600000000000364e+03 3.277404800114105260e-02
4.220800000000000182e+03 3.277568433915715312e-02
4.224000000000000000e+03 3.277739086464575430e-02
4.227199999999999818e+03 3.277913556340607271e-02
4.230399999999999636e+03 3.278088222929884804e-02
4.233600000000000364e+03 3.278259775166251361e-02
4.236800000000000182e+03 3.278425897571869696e-02
4.240000000000000000e+03 3.278585719311943869e-02
4.243199999999999818e+03 3.278739940274983528e-02
4.246399999999999636e+03 3.278890625758716648e-02
4.249600000000000364e+03 3.279040756446222060e-02
4.252800000000000182e+03 3.279193646977441451e-02
4.256000000000000000e+03 3.279352348078181517e-02
4.259199999999999818e+03 3.279519122956054550e-02
4.262399999999999636e+03 3.279695047379184436e-02
4.265600000000000364e+03 3.279879785229593975e-02
4.268800000000000182e+03 3.280071574400884871e-02
4.272000000000000000e+03 3.280267487295675244e-02
4.275199999999999818e+03 3.280463956017158622e-02
4.278399999999999636e+03 3.280657501714378393e-02
4.281600000000000364e+03 3.280845477343414390e-02
4.284800000000000182e+03 3.281026642921740233e-02
4.288000000000000000e+03 3.281201405336722082e-02
4.291199999999999818e+03 3.281371697340951243e-02
4.294399999999999636e+03 3.281540541849853332e-02
4.297600000000000364e+03 3.281711435075979760e-02
4.300800000000000182e+03 3.281887677715961127e-02
4.304000000000000000e+03 3.282071765065044944e-02
4.307199999999999818e+03 3.282264917298219342e-02
4.310399999999999636e+03 3.282466793024717278e-02
4.313600000000000364e+03 3.282675456143332310e-02
4.316800000000000182e+03 3.282887624673169052e-02
4.320000000000000000e+03 3.283099238419626142e-02
4.323199999999999818e+03 3.283306244010700953e-02
4.326399999999999636e+03 3.283505454535265433e-02
4.329600000000000364e+03 3.283695237047420251e-02
4.332800000000000182e+03 3.283875867284911931e-02
4.336000000000000000e+03 3.284049448781284353e-02
4.339199999999999818e+03 3.284219449706982097e-02
4.342399999999999636e+03 3.284389983474577529e-02
4.345600000000000364e+03 3.284565009633152316e-02
4.348800000000000182e+03 3.284747621065664536e-02
4.352000000000000000e+03 3.284939509990578155e-02
4.355199999999999818e+03 3.285140683438059206e-02
4.358399999999999636e+03 3.285349435133797652e-02
4.361600000000000364e+03 3.285562633494491097e-02
4.364800000000000182e+03 3.285776307533042756e-02
4.368000000000000000e+03 3.285986488660552762e-02
4.371199999999999818e+03 3.286190103180051253e-02
4.374399999999999636e+03 3.286385700814326016e-02
4.377600000000000364e+03 3.286573800297984405e-02
4.380800000000000182e+03 3.286756783103810670e-02
4.384000000000000000e+03 3.286938381801766257e-02
4.387199999999999818e+03 3.287122918552893430e-02
4.390399999999999636e+03 3.287314486538625569e-02
4.393600000000000364e+03 3.287516222128492732e-02
4.396800000000000182e+03 3.287729773785542237e-02
4.400000000000000000e+03 3.287954989710678566e-02
4.403199999999999818e+03 3.288189879101588442e-02
4.406399999999999636e+03 3.288430874201196674e-02
4.409600000000000364e+03 3.288673440637603779e-02
4.412800000000000182e+03 3.288912941184458233e-02
4.416000000000000000e+03 3.289145584347214629e-02
4.419199999999999818e+03 3.289369192356941113e-02
4.422399999999999636e+03 3.289583609035549167e-02
4.425600000000000364e+03 3.289790650841536990e-02
4.428800000000000182e+03 3.289993651980704231e-02
4.432000000000000000e+03 3.290196726753860657e-02
4.435199999999999818e+03 3.290403930994019455e-02
4.438399999999999636e+03 3.290618502553843694e-02
4.441600000000000364e+03 3.290842304356775966e-02
4.444800000000000182e+03 3.291075545593556001e-02
4.448000000000000000e+03 3.291316775516457682e-02
4.451199999999999818e+03 3.291563161586656683e-02
4.454399999999999636e+03 3.291810999334621873e-02
4.457600000000000364e+03 3.292056423274031945e-02
4.460800000000000182e+03 3.292296176613629388e-02
4.464000000000000000e+03 3.292528314069050749e-02
4.467199999999999818e+03 3.292752638451448138e-02
4.470399999999999636e+03 3.292970761936125923e-02
4.473600000000000364e+03 3.293185732866641541e-02
4.476800000000000182e+03 3.293401334430642174e-02
4.480000000000000000e+03 3.293621249781329696e-02
4.483199999999999818e+03 3.293848306829016970e-02
4.486399999999999636e+03 3.294083955139417291e-02
4.489600000000000364e+03 3.294327998759009196e-02
4.492800000000000182e+03 3.294578606658383341e-02
4.496000000000000000e+03 3.294832566965070347e-02
4.499199999999999818e+03 3.295085820654652942e-02
4.502399999999999636e+03 3.295334187994191505e-02
4.505600000000000364e+03 3.295574194478607249e-02
4.508800000000000182e+03 3.295803766979070459e-02
4.512000000000000000e+03 3.296022641442188789e-02
4.515199999999999818e+03 3.296232348769854298e-02
4.518399999999999636e+03 3.296435810120742355e-02
4.521600000000000364e+03 3.296636666791445680e-02
4.524800000000000182e+03 3.296838534026276524e-02
4.528000000000000000e+03 3.297044360895695636e-02
4.531199999999999818e+03 3.297255969903613304e-02
4.534399999999999636e+03 3.297473820429393937e-02
4.537600000000000364e+03 3.297696952888380661e-02
4.540800000000000182e+03 3.297923156464038080e-02
4.544000000000000000e+03 3.298149345539887201e-02
4.547199999999999818e+03 3.298372167167962221e-02
4.550399999999999636e+03 3.298588711724864675e-02
4.553600000000000364e+03 3.298797184293985468e-02
4.556800000000000182e+03 3.298997330347967077e-02
4.560000000000000000e+03 3.299190506345552054e-02
4.563199999999999818e+03 3.299379372190686804e-02
4.566399999999999636e+03 3.299567303727585221e-02
4.569600000000000364e+03 3.299757700138632177e-02
4.572800000000000182e+03 3.299953341515324962e-02
4.576000000000000000e+03 3.300155916255218674e-02
4.579199999999999818e+03 3.300365726283904094e-02
4.582399999999999636e+03 3.300581594078189074e-02
4.585600000000000364e+03 3.300800967656742496e-02
4.588800000000000182e+03 3.301020290764669629e-02
4.592000000000000000e+03 3.301235615745383434e-02
4.595199999999999818e+03 3.301443393653687164e-02
4.598399999999999636e+03 3.301641228950887713e-02
4.601600000000000364e+03 3.301828399961091037e-02
4.604800000000000182e+03 3.302005969873760688e-02
4.608000000000000000e+03 3.302176481282442094e-02
4.611199999999999818e+03 3.302343341438811197e-02
4.614399999999999636e+03 3.302510096474512574e-02
4.617600000000000364e+03 3.302679773782496442e-02
4.620800000000000182e+03 3.302854386510774981e-02
4.624000000000000000e+03 3.303034639299808756e-02
4.627199999999999818e+03 3.303219813472859506e-02
4.630399999999999636e+03 3.303407869763508309e-02
4.633600000000000364e+03 3.303595767796150412e-02
4.636800000000000182e+03 3.303780035217396965e-02
4.640000000000000000e+03 3.303957480453716816e-02
4.643199999999999818e+03 3.304125925476435188e-02
4.646399999999999636e+03 3.304284727855646975e-02
4.649600000000000364e+03 3.304434951329027204e-02
4.652800000000000182e+03 3.304579106154915263e-02
4.656000000000000000e+03 3.304720560785159855e-02
4.659199999999999818e+03 3.304862812326071764e-02
4.662399999999999636e+03 3.305008816961858831e-02
4.665600000000000364e+03 3.305160511553079106e-02
4.668800000000000182e+03 3.305318526737810458e-02
4.672000000000000000e+03 3.305482092498000096e-02
4.675199999999999818e+03 3.305649105343255734e-02
4.678399999999999636e+03 3.305816430683385099e-02
4.681600000000000364e+03 3.305980422343698238e-02
4.684800000000000182e+03 3.306137635444909156e-02
4.688000000000000000e+03 3.306285542700303226e-02
4.691199999999999818e+03 3.306423086410866657e-02
4.694399999999999636e+03 3.306550880835354422e-02
4.697600000000000364e+03 3.306671024241484430e-02
4.700800000000000182e+03 3.306786588194934179e-02
4.704000000000000000e+03 3.306900951088020263e-02
4.707199999999999818e+03 3.307017167953062858e-02
4.710399999999999636e+03 3.307137470361933701e-02
4.713600000000000364e+03 3.307262951179884558e-02
4.716800000000000182e+03 3.307393398619357106e-02
4.720000000000000000e+03 3.307527328207189588e-02
4.723199999999999818e+03 3.307662221251937013e-02
4.726399999999999636e+03 3.307795017529521764e-02
4.729600000000000364e+03 3.307922772112586313e-02
4.732800000000000182e+03 3.308043349765194679e-02
4.736000000000000000e+03 3.308155946775719058e-02
4.739199999999999818e+03 3.308261293137935294e-02
4.742399999999999636e+03 3.308361470329010401e-02
4.745600000000000364e+03 3.308459414633675710e-02
4.748800000000000182e+03 3.308558270718497951e-02
4.752000000000000000e+03 3.308660760684310059e-02
4.755199999999999818e+03 3.308768698449988249e-02
4.758399999999999636e+03 3.308882681520593227e-02
4.761600000000000364e+03 3.309001988842583120e-02
4.764800000000000182e+03 3.309124671398511880e-02
4.768000000000000000e+03 3.309247864229846597e-02
4.771199999999999818e+03 3.309368279579468636e-02
4.774399999999999636e+03 3.309482840472745963e-02
4.777600000000000364e+03 3.309589312456179266e-02
4.780800000000000182e+03 3.309686798804886004e-02
4.784000000000000000e+03 3.309775935125185142e-02
4.787199999999999818e+03 3.309858728145730761e-02
4.790399999999999636e+03 3.309938077195720418e-02
4.793600000000000364e+03 3.310017134234273517e-02
4.796800000000000182e+03 3.310098684197404495e-02
4.800000000000000000e+03 3.310184666614839066e-02
4.803199999999999818e+03 3.310275901462864101e-02
4.806399999999999636e+03 3.310371997658035498e-02
4.809600000000000364e+03 3.310471459662600591e-02
4.812800000000000182e+03 3.310571962342252761e-02
4.816000000000000000e+03 3.310670808005576615e-02
4.819199999999999818e+03 3.310765478392007494e-02
4.822399999999999636e+03 3.310854202501920668e-02
4.825600000000000364e+03 3.310936374741839383e-02
4.828800000000000182e+03 3.311012718544503047e-02
4.832000000000000000e+03 3.311085123566902960e-02
4.835199999999999818e+03 3.311156214424415545e-02
4.838399999999999636e+03 3.311228784061992503e-02
4.841600000000000364e+03 3.311305239405569478e-02
4.844800000000000182e+03 3.311387178088061323e-02
4.848000000000000000e+03 3.311475117638765231e-02
4.851199999999999818e+03 3.311568408277353048e-02
4.854399999999999636e+03 3.311665305101070544e-02
4.857600000000000364e+03 3.311763241058569840e-02
4.860800000000000182e+03 3.311859259182590304e-02
4.864000000000000000e+03 3.311950580466400951e-02
4.867199999999999818e+03 3.312035169580783422e-02
4.870399999999999636e+03 3.312112177055692719e-02
4.873600000000000364e+03 3.312182110587177930e-02
4.876800000000000182e+03 3.312246688898567298e-02
4.880000000000000000e+03 3.312308426295643843e-02
4.883199999999999818e+03 3.312370077559606552e-02
4.886399999999999636e+03 3.312434103387995599e-02
4.889600000000000364e+03 3.312502238778244901e-02
4.892800000000000182e+03 3.312575226113528143e-02
4.896000000000000000e+03 3.312652700055964544e-02
4.899199999999999818e+03 3.312733264306606806e-02
4.902399999999999636e+03 3.312814744701667036e-02
4.905600000000000364e+03 3.312894628197472768e-02
4.908800000000000182e+03 3.312970600786211556e-02
4.912000000000000000e+03 3.313041093995323233e-02
4.915199999999999818e+03 3.313105684383340493e-02
4.918399999999999636e+03 3.313165235670529479e-02
4.921600000000000364e+03 3.313221719597730236e-02
4.924800000000000182e+03 3.313277768932953310e-02
4.928000000000000000e+03 3.313336098167937727e-02
4.931199999999999818e+03 3.313398944219864833e-02
4.934399999999999636e+03 3.313467651012098891e-02
4.937600000000000364e+03 3.313542433292159667e-02
4.940800000000000182e+03 3.313622346624348763e-02
4.944000000000000000e+03 3.313705435116788556e-02
4.947199999999999818e+03 3.313789070903001149e-02
4.950399999999999636e+03 3.313870422586002312e-02
4.953600000000000364e+03 3.313947008980010211e-02
4.956800000000000182e+03 3.314017198450080331e-02
4.960000000000000000e+03 3.314080554291143343e-02
4.963199999999999818e+03 3.314137907389674148e-02
4.966399999999999636e+03 3.314191147900161921e-02
4.969600000000000364e+03 3.314242791621611200e-02
4.972800000000000182e+03 3.314295449265742405e-02
4.976000000000000000e+03 3.314351337401889169e-02
4.979199999999999818e+03 3.314411905539729752e-02
4.982399999999999636e+03 3.314477638484594063e-02
4.985600000000000364e+03 3.314548010113863713e-02
4.988800000000000182e+03 3.314621618584683710e-02
4.992000000000000000e+03 3.314696461631196772e-02
4.995199999999999818e+03 3.314770366600720830e-02
4.998399999999999636e+03 3.314841479144801928e-02
5.001600000000000364e+03 3.314908734284205405e-02
5.004800000000000182e+03 3.314972153145091111e-02
5.008000000000000000e+03 3.315032883443446571e-02
5.011199999999999818e+03 3.315092953571251166e-02
5.014399999999999636e+03 3.315154816219630096e-02
5.017600000000000364e+03 3.315220819777426470e-02
5.020800000000000182e+03 3.315292720331265014e-02
5.024000000000000000e+03 3.315371342354916928e-02
5.027199999999999818e+03 3.315456397715626363e-02
5.030399999999999636e+03 3.315546506866502707e-02
5.033600000000000364e+03 3.315639386852474446e-02
5.036800000000000182e+03 3.315732226969694135e-02
5.040000000000000000e+03 3.315822176832283752e-02
5.043199999999999818e+03 3.315906895739934718e-02
5.046399999999999636e+03 3.315985024062590575e-02
5.049600000000000364e+03 3.316056474264330450e-02
5.052800000000000182e+03 3.316122441418570266e-02
5.056000000000000000e+03 3.316185125726332089e-02
5.059199999999999818e+03 3.316247239286908982e-02
5.062399999999999636e+03 3.316311421782984492e-02
5.065600000000000364e+03 3.316379714828119468e-02
5.068800000000000182e+03 3.316453180886450025e-02
5.072000000000000000e+03 3.316531740476000301e-02
5.075199999999999818e+03 3.316614217039968310e-02
5.078399999999999636e+03 3.316698602432790327e-02
5.081600000000000364e+03 3.316782475011102738e-02
5.084800000000000182e+03 3.316863530394131843e-02
5.088000000000000000e+03 3.316940093439598586e-02
5.091199999999999818e+03 3.317011523421671548e-02
5.094399999999999636e+03 3.317078381712599416e-02
5.097600000000000364e+03 3.317142333351040528e-02
5.100800000000000182e+03 3.317205789005834432e-02
5.104000000000000000e+03 3.317271397184169690e-02
5.107199999999999818e+03 3.317341512598492165e-02
5.110399999999999636e+03 3.317417746681688290e-02
5.113600000000000364e+03 3.317500676199776344e-02
5.116800000000000182e+03 3.317589713509652705e-02
5.120000000000000000e+03 3.317683182050066432e-02
5.123199999999999818e+03 3.317778567324179695e-02
5.126399999999999636e+03 3.317872964189157170e-02
5.129600000000000364e+03 3.317963603215873247e-02
5.132800000000000182e+03 3.318048383141307400e-02
5.136000000000000000e+03 3.318126243955470123e-02
5.139199999999999818e+03 3.318197333236723445e-02
5.142399999999999636e+03 3.318262914366782584e-02
5.145600000000000364e+03 3.318325074404076397e-02
5.148800000000000182e+03 3.318386300906563113e-02
5.152000000000000000e+03 3.318449013641870671e-02
5.155199999999999818e+03 3.318515143295507064e-02
5.158399999999999636e+03 3.318585787753174782e-02
5.161600000000000364e+03 3.318661029674758317e-02
5.164800000000000182e+03 3.318739912915508183e-02
5.168000000000000000e+03 3.318820654369600970e-02
5.171199999999999818e+03 3.318901025355280865e-02
5.174399999999999636e+03 3.318978884657208805e-02
5.177600000000000364e+03 3.319052698906117815e-02
5.180800000000000182e+03 3.319121955499434312e-02
5.184000000000000000e+03 3.319187326211570782e-02
5.187199999999999818e+03 3.319250547562187237e-02
5.190399999999999636e+03 3.319314039880289641e-02
5.193600000000000364e+03 3.319380360007104236e-02
5.196800000000000182e+03 3.319451643602657626e-02
5.200000000000000000e+03 3.319529135482346405e-02
5.203199999999999818e+03 3.319612928394427565e-02
5.206399999999999636e+03 3.319701909239903409e-02
5.209600000000000364e+03 3.319793960212046730e-02
5.212800000000000182e+03 3.319886337197539006e-02
5.216000000000000000e+03 3.319976193192304692e-02
5.219199999999999818e+03 3.320061104175817818e-02
5.222399999999999636e+03 3.320139525674720149e-02
5.225600000000000364e+03 3.320211069587045843e-02
5.228800000000000182e+03 3.320276569238488767e-02
5.232000000000000000e+03 3.320337899337358345e-02
5.235199999999999818e+03 3.320397584756205195e-02
5.238399999999999636e+03 3.320458279366580306e-02
5.241600000000000364e+03 3.320522226187776899e-02
5.244800000000000182e+03 3.320590831749738181e-02
5.248000000000000000e+03 3.320664416979657307e-02
5.251199999999999818e+03 3.320742211046168180e-02
5.254399999999999636e+03 3.320822545960626371e-02
5.257600000000000364e+03 3.320903247185862106e-02
5.260800000000000182e+03 3.320982097411932787e-02
5.264000000000000000e+03 3.321057328002309517e-02
5.267199999999999818e+03 3.321128003073640922e-02
5.270399999999999636e+03 3.321194268243925218e-02
5.273600000000000364e+03 3.321257371456053792e-02
5.276800000000000182e+03 3.321319458952489562e-02
5.280000000000000000e+03 3.321383152304036024e-02
5.283199999999999818e+03 3.321451001210420917e-02
5.286399999999999636e+03 3.321524948958975987e-02
5.289600000000000364e+03 3.321605912627185325e-02
5.292800000000000182e+03 3.321693589575574340e-02
5.296000000000000000e+03 3.321786473354082503e-02
5.299199999999999818e+03 3.321882120821415679e-02
5.302399999999999636e+03 3.321977568014389953e-02
5.305600000000000364e+03 3.322069881935922619e-02
5.308800000000000182e+03 3.322156688073116954e-02
5.312000000000000000e+03 3.322236625881109379e-02
5.315199999999999818e+03 3.322309589699149607e-02
5.318399999999999636e+03 3.322376731748054313e-02
5.321600000000000364e+03 3.322440189406208888e-02
5.324800000000000182e+03 3.322502608694342247e-02
5.328000000000000000e+03 3.322566588696908296e-02
5.331199999999999818e+03 3.322634164514277205e-02
5.334399999999999636e+03 3.322706466521357233e-02
5.337600000000000364e+03 3.322783553244813143e-02
5.340800000000000182e+03 3.322864481118693869e-02
5.344000000000000000e+03 3.322947522146547927e-02
5.347199999999999818e+03 3.323030565738876313e-02
5.350399999999999636e+03 3.323111573582347017e-02
5.353600000000000364e+03 3.323189072036759895e-02
5.356800000000000182e+03 3.323262521754329069e-02
5.360000000000000000e+03 3.323332512735106825e-02
5.363199999999999818e+03 3.323400687464551917e-02
5.366399999999999636e+03 3.323469407120595298e-02
5.369600000000000364e+03 3.323541243785581994e-02
5.372800000000000182e+03 3.323618411602819595e-02
5.376000000000000000e+03 3.323702305620371278e-02
5.379199999999999818e+03 3.323793190214604371e-02
5.382399999999999636e+03 3.323890135359534870e-02
5.385600000000000364e+03 3.323991137464140516e-02
5.388800000000000182e+03 3.324093467613221248e-02
5.392000000000000000e+03 3.324194123273970652e-02
5.395199999999999818e+03 3.324290367735609902e-02
5.398399999999999636e+03 3.324380201101083399e-02
5.401600000000000364e+03 3.324462726292671394e-02
5.404800000000000182e+03 3.324538293445120779e-02
5.408000000000000000e+03 3.324608412542116864e-02
5.411199999999999818e+03 3.324675421037664308e-02
5.414399999999999636e+03 3.324741982698289217e-02
5.417600000000000364e+03 3.324810549551743266e-02
5.420800000000000182e+03 3.324882888503391531e-02
5.424000000000000000e+03 3.324959804813240605e-02
5.427199999999999818e+03 3.325041040887265209e-02
5.430399999999999636e+03 3.325125417381735726e-02
5.433600000000000364e+03 3.325211107198931815e-02
5.436800000000000182e+03 3.325296082075518411e-02
5.440000000000000000e+03 3.325378573148614347e-02
5.443199999999999818e+03 3.325457540956171243e-02
5.446399999999999636e+03 3.325532980028390179e-02
5.449600000000000364e+03 3.325606027530109143e-02
5.452800000000000182e+03 3.325678780073803437e-02
5.456000000000000000e+03 3.325753860308425236e-02
5.459199999999999818e+03 3.325833840663831170e-02
5.462399999999999636e+03 3.325920654908291058e-02
5.465600000000000364e+03 3.326015182621778338e-02
5.468800000000000182e+03 3.326117017215387411e-02
5.472000000000000000e+03 3.326224510077851332e-02
5.475199999999999818e+03 3.326334976571745233e-02
5.478399999999999636e+03 3.326445124233280010e-02
5.481600000000000364e+03 3.326551548196741287e-02
5.484800000000000182e+03 3.326651311507464182e-02
5.488000000000000000e+03 3.326742424121227615e-02
5.491199999999999818e+03 3.326824193600395885e-02
5.494399999999999636e+03 3.326897299969965721e-02
5.497600000000000364e+03 3.326963594983918526e-02
5.500800000000000182e+03 3.327025655627343509e-02
5.504000000000000000e+03 3.327086217464064050e-02
5.507199999999999818e+03 3.327147679428635318e-02
5.510399999999999636e+03 3.327211731287836594e-02
5.513600000000000364e+03 3.327279207324304600e-02
5.516800000000000182e+03 3.327350047953025330e-02
5.520000000000000000e+03 3.327423459099500963e-02
5.523199999999999818e+03 3.327498144609441350e-02
5.526399999999999636e+03 3.327572710721823229e-02
5.529600000000000364e+03 3.327646072837579794e-02
5.532800000000000182e+03 3.327717869311291876e-02
5.536000000000000000e+03 3.327788689416142504e-02
5.539199999999999818e+03 3.327860084566230947e-02
5.542399999999999636e+03 3.327934303341984618e-02
5.545600000000000364e+03 3.328013814823919947e-02
5.548800000000000182e+03 3.328100770114052892e-02
5.552000000000000000e+03 3.328196489824284537e-02
5.555199999999999818e+03 3.328301146579417530e-02
5.558399999999999636e+03 3.328413593090068234e-02
5.561600000000000364e+03 3.328531456296156266e-02
5.564800000000000182e+03 3.328651372004585302e-02
5.568000000000000000e+03 3.328769461740339192e-02
5.571199999999999818e+03 3.328881863926039242e-02
5.574399999999999636e+03 3.328985352874848369e-02
5.577600000000000364e+03 3.329077815973516263e-02
5.580800000000000182e+03 3.329158582722679255e-02
5.584000000000000000e+03 3.329228446240319050e-02
5.587199999999999818e+03 3.329289419650148518e-02
5.590399999999999636e+03 3.329344272281110906e-02
5.593600000000000364e+03 3.329395965669479374e-02
5.596800000000000182e+03 3.329447180713469151e-02
5.600000000000000000e+03 3.329499938134723031e-02
5.603199999999999818e+03 3.329555469240903787e-02
5.606399999999999636e+03 3.329614171925589228e-02
5.609600000000000364e+03 3.329675816119808535e-02
5.612800000000000182e+03 3.329739779424813889e-02
5.616000000000000000e+03 3.329805460598894706e-02
5.619199999999999818e+03 3.329872616581330824e-02
5.622399999999999636e+03 3.329941692687920368e-02
5.625600000000000364e+03 3.330013929818981949e-02
5.628800000000000182e+03 3.330091256396666699e-02
5.632000000000000000e+03 3.330175925420504612e-02
5.635199999999999818e+03 3.330269962577731002e-02
5.638399999999999636e+03 3.330374651699687105e-02
5.641600000000000364e+03 3.330490092118907480e-02
5.644800000000000182e+03 3.330615062078012834e-02
5.648000000000000000e+03 3.330747008233202883e-02
5.651199999999999818e+03 3.330882335886292678e-02
5.654399999999999636e+03 3.331016746170219200e-02
5.657600000000000364e+03 3.331145794650202524e-02
5.660800000000000182e+03 3.331265405318004774e-02
5.664000000000000000e+03 3.331372454284190626e-02
5.667199999999999818e+03 3.331465168210134831e-02
5.670399999999999636e+03 3.331543365978848620e-02
5.673600000000000364e+03 3.331608382402785618e-02
5.676800000000000182e+03 3.331662711304645558e-02
5.680000000000000000e+03 3.331709485709034857e-02
5.683199999999999818e+03 3.331751886763497511e-02
5.686399999999999636e+03 3.331792749326393382e-02
5.689600000000000364e+03 3.331834243067142293e-02
5.692800000000000182e+03 3.331877849479240178e-02
5.696000000000000000e+03 3.331924336520105528e-02
5.699199999999999818e+03 3.331974007100484830e-02
5.702399999999999636e+03 3.332026893544444424e-02
5.705600000000000364e+03 3.332083166058502632e-02
5.708800000000000182e+03 3.332143388899942715e-02
5.712000000000000000e+03 3.332208779352387185e-02
5.715199999999999818e+03 3.332281168085828721e-02
5.718399999999999636e+03 3.332362766012966077e-02
5.721600000000000364e+03 3.332455708822946311e-02
5.724800000000000182e+03 3.332561494136941638e-02
5.728000000000000000e+03 3.332680552280856828e-02
5.731199999999999818e+03 3.332811876960519587e-02
5.734399999999999636e+03 3.332953044440943591e-02
5.737600000000000364e+03 3.333100241880893044e-02
5.740800000000000182e+03 3.333248755602088997e-02
5.744000000000000000e+03 3.333393294738899726e-02
5.747199999999999818e+03 3.333528769562388999e-02
5.750399999999999636e+03 3.333650665120525824e-02
5.753600000000000364e+03 3.333755792833698745e-02
5.756800000000000182e+03 3.333842397847890798e-02
5.760000000000000000e+03 3.333910542475077704e-02
5.763199999999999818e+03 3.333961739863602197e-02
5.766399999999999636e+03 3.333998831022080139e-02
5.769600000000000364e+03 3.334025342983944207e-02
5.772800000000000182e+03 3.334045110390832650e-02
5.776000000000000000e+03 3.334061966386953763e-02
