0.000000000000000000e+00 -inf
3.830766908212560051e-02 -4.635676007216834371e+00
7.661533816425120103e-02 -4.465905275161366816e+00
1.149230072463768015e-01 -4.067345573563364347e+00
1.532306763285024021e-01 -3.653974831332680306e+00
1.915383454106279748e-01 -3.329194357436501051e+00
2.298460144927536031e-01 -3.114920561486693273e+00
2.681536835748792313e-01 -2.899696300689900585e+00
3.064613526570048041e-01 -2.673257842407011697e+00
3.447690217391303769e-01 -2.466231360650877669e+00
3.830766908212559496e-01 -2.326028007428697642e+00
4.213843599033815779e-01 -2.227135311212351976e+00
4.596920289855072062e-01 -2.140092233665392918e+00
4.979996980676327789e-01 -2.052711079465690869e+00
5.363073671497584627e-01 -1.883326253128372096e+00
5.746150362318840354e-01 -1.672921575834723118e+00
6.129227053140096082e-01 -1.515435807746456032e+00
6.512303743961351810e-01 -1.408837776504010764e+00
6.895380434782607537e-01 -1.362341388732662306e+00
7.278457125603863265e-01 -1.384021475933319811e+00
7.661533816425118992e-01 -1.471625906444981258e+00
8.044610507246374720e-01 -1.509845310035026200e+00
8.427687198067631558e-01 -1.459590476266237502e+00
8.810763888888888395e-01 -1.498066699807189650e+00
9.193840579710144123e-01 -1.533290078326614347e+00
9.576917270531399851e-01 -1.476728930627212444e+00
9.959993961352655578e-01 -1.536557598892636545e+00
1.034307065217391353e+00 -1.628478965394228206e+00
1.072614734299516925e+00 -1.588439466646452747e+00
1.110922403381642498e+00 -1.656578393370541802e+00
1.149230072463768071e+00 -1.705973828445601637e+00
1.187537741545893644e+00 -1.660875032906421911e+00
1.225845410628019216e+00 -1.773997759595179469e+00
1.264153079710144789e+00 -1.737250424983064478e+00
1.302460748792270362e+00 -1.764761005558813434e+00
1.340768417874395935e+00 -1.846821438132635107e+00
1.379076086956521507e+00 -1.789686813141377453e+00
1.417383756038647080e+00 -1.818644967221926256e+00
1.455691425120772653e+00 -1.858136695001066707e+00
1.493999094202898226e+00 -1.759303343684107457e+00
1.532306763285023798e+00 -1.829436685885807323e+00
1.570614432367149371e+00 -1.736108020464733226e+00
1.608922101449274944e+00 -1.718477866700727441e+00
1.647229770531400517e+00 -1.740986159025778690e+00
1.685537439613526312e+00 -1.665629809278345697e+00
1.723845108695652106e+00 -1.727485813445025054e+00
1.762152777777777679e+00 -1.640500477228218790e+00
1.800460446859903030e+00 -1.721172965773717589e+00
1.838768115942028825e+00 -1.629995827527520369e+00
1.877075785024154619e+00 -1.726161597077993104e+00
1.915383454106279970e+00 -1.870863578260227644e+00
1.953691123188405321e+00 -1.858072050567758593e+00
1.991998792270531116e+00 -2.394414399036153718e+00
2.030306461352656910e+00 -1.868556596545798421e+00
2.068614130434782705e+00 -1.734392880198778908e+00
2.106921799516908056e+00 -1.537926733448255812e+00
2.145229468599033851e+00 -1.552399296642914095e+00
2.183537137681159201e+00 -1.685394040411775762e+00
2.221844806763284996e+00 -1.555699363937496305e+00
2.260152475845410347e+00 -1.381221208562600111e+00
2.298460144927536142e+00 -1.377250102499397499e+00
2.336767814009661937e+00 -1.454946419825952963e+00
2.375075483091787287e+00 -1.438654660094344839e+00
2.413383152173912638e+00 -1.559912895995247073e+00
2.451690821256038433e+00 -1.564068827784442117e+00
2.489998490338164228e+00 -1.621833871522635029e+00
2.528306159420289578e+00 -1.743313535071918219e+00
2.566613828502414929e+00 -1.845294393458982940e+00
2.604921497584540724e+00 -1.988747973047860551e+00
2.643229166666666519e+00 -2.001997251602070094e+00
2.681536835748791869e+00 -2.124172791123901671e+00
2.719844504830917220e+00 -2.148436935680552828e+00
2.758152173913043015e+00 -2.281278408516453915e+00
2.796459842995168810e+00 -2.295537572777268220e+00
2.834767512077294160e+00 -2.303634794801133534e+00
2.873075181159419511e+00 -2.486362687907349489e+00
2.911382850241545306e+00 -2.362568197454942176e+00
2.949690519323671101e+00 -2.537799747028231856e+00
2.987998188405796451e+00 -2.467440247197045355e+00
3.026305857487921802e+00 -2.546780934860683576e+00
3.064613526570047597e+00 -2.667181005529045912e+00
3.102921195652173392e+00 -2.571869926648211013e+00
3.141228864734298742e+00 -2.948261027160451686e+00
3.179536533816424093e+00 -2.789794068438326669e+00
3.217844202898549888e+00 -3.123525948592025703e+00
3.256151871980675683e+00 -3.294604622162799146e+00
3.294459541062801033e+00 -3.018434008775350730e+00
3.332767210144926828e+00 -3.522673932741009040e+00
3.371074879227052623e+00 -3.071992892315541290e+00
3.409382548309178418e+00 -3.315921388384421409e+00
3.447690217391304213e+00 -3.164776000695962654e+00
3.485997886473429563e+00 -3.097752730397873133e+00
3.524305555555555358e+00 -2.813935202060896312e+00
3.562613224637680709e+00 -2.869900168521096084e+00
3.600920893719806060e+00 -2.714007725002801408e+00
3.639228562801931854e+00 -2.948101887649642538e+00
3.677536231884057649e+00 -2.834562037237345677e+00
3.715843900966183444e+00 -3.038492850195229966e+00
3.754151570048309239e+00 -2.902965150455339316e+00
3.792459239130434145e+00 -2.963599158365304298e+00
3.830766908212559940e+00 -3.071758556526711814e+00
3.869074577294685735e+00 -3.076099668190833913e+00
3.907382246376810642e+00 -3.455233960863899778e+00
3.945689915458936436e+00 -3.260734193478177279e+00
3.983997584541062231e+00 -3.731875072340913313e+00
4.022305253623188470e+00 -3.321477042349013864e+00
4.060612922705313821e+00 -3.777115442758324448e+00
4.098920591787439172e+00 -3.366483596134049350e+00
4.137228260869565410e+00 -3.870080367988813386e+00
4.175535929951690761e+00 -3.399438103316995363e+00
4.213843599033816112e+00 -3.789481226886092013e+00
4.252151268115941463e+00 -3.556540059592460779e+00
4.290458937198067702e+00 -3.589803835685275502e+00
4.328766606280193052e+00 -3.954642711081226558e+00
4.367074275362318403e+00 -3.631234260961823335e+00
4.405381944444443754e+00 -3.593890251724386253e+00
4.443689613526569993e+00 -3.866797023142813483e+00
4.481997282608695343e+00 -3.500098568760839690e+00
4.520304951690820694e+00 -3.927941862044871613e+00
4.558612620772946045e+00 -3.686668964854538988e+00
4.596920289855072284e+00 -3.504651707394730309e+00
4.635227958937197634e+00 -3.457201592681846680e+00
4.673535628019323873e+00 -3.378972287676075492e+00
4.711843297101448336e+00 -3.665752351315332724e+00
4.750150966183574575e+00 -3.317822304956946411e+00
4.788458635265699925e+00 -3.484037420270417407e+00
4.826766304347825276e+00 -3.568359424327538942e+00
4.865073973429950627e+00 -3.568855341422116023e+00
4.903381642512076866e+00 -3.691223206523040812e+00
4.941689311594202216e+00 -3.579019089130647924e+00
4.979996980676328455e+00 -3.972852164369417682e+00
5.018304649758452918e+00 -3.817000609235417397e+00
5.056612318840579157e+00 -3.793092331730500977e+00
5.094919987922704507e+00 -3.950521436330082015e+00
5.133227657004829858e+00 -3.650680475688792725e+00
5.171535326086955209e+00 -3.832965552431597533e+00
5.209842995169081448e+00 -3.773070550686209668e+00
5.248150664251206798e+00 -3.780924943009633221e+00
5.286458333333333037e+00 -3.898349130825060183e+00
5.324766002415458388e+00 -3.784604418899187195e+00
5.363073671497583739e+00 -3.916627666988692802e+00
5.401381340579709089e+00 -3.867660117502107919e+00
5.439689009661834440e+00 -4.046680958443640286e+00
5.477996678743960679e+00 -4.138138180124811605e+00
5.516304347826086030e+00 -4.079907628937816888e+00
5.554612016908211380e+00 -4.315008746643853144e+00
5.592919685990337619e+00 -4.120390932902874503e+00
5.631227355072462970e+00 -4.104009636374972736e+00
5.669535024154588321e+00 -4.189755078348247785e+00
5.707842693236714560e+00 -4.180525718416291170e+00
5.746150362318839022e+00 -4.334354292444150047e+00
5.784458031400965261e+00 -4.522238812530416929e+00
5.822765700483090612e+00 -4.253586165127798857e+00
5.861073369565216851e+00 -4.166583084744841514e+00
5.899381038647342201e+00 -4.281429121657300385e+00
5.937688707729467552e+00 -4.551895324184180858e+00
5.975996376811592903e+00 -4.268462874986820310e+00
6.014304045893719142e+00 -4.135584067051039980e+00
6.052611714975843604e+00 -4.386719095456192541e+00
6.090919384057969843e+00 -4.560855794733358337e+00
6.129227053140095194e+00 -4.319994168269365886e+00
6.167534722222221433e+00 -4.209947982093841468e+00
6.205842391304346783e+00 -4.390730245599603343e+00
6.244150060386472134e+00 -4.989188107305512432e+00
6.282457729468597485e+00 -4.543752787510989322e+00
6.320765398550723724e+00 -4.620936911197370378e+00
6.359073067632848186e+00 -4.620903063573709169e+00
6.397380736714974425e+00 -4.560547609621235843e+00
6.435688405797099776e+00 -5.462832467711669082e+00
6.473996074879226015e+00 -4.745984479914794107e+00
6.512303743961351365e+00 -4.552919885553271762e+00
6.550611413043477604e+00 -4.605236532922255321e+00
6.588919082125602067e+00 -4.641804060868158999e+00
6.627226751207727418e+00 -5.078026573072624394e+00
6.665534420289853657e+00 -4.827569000455937065e+00
6.703842089371979895e+00 -5.005258142768077789e+00
6.742149758454105246e+00 -4.735368201927052212e+00
6.780457427536231485e+00 -4.593907112498087031e+00
6.818765096618356836e+00 -5.301291809247119069e+00
6.857072765700483075e+00 -4.680808465621938197e+00
6.895380434782608425e+00 -5.243164598124721465e+00
6.933688103864732888e+00 -4.900946743451894960e+00
6.971995772946859127e+00 -4.918561524795173945e+00
7.010303442028984477e+00 -5.228343107072511486e+00
7.048611111111110716e+00 -4.945445671835865475e+00
7.086918780193236067e+00 -5.279605138485014670e+00
7.125226449275361418e+00 -4.892909609629184864e+00
7.163534118357487657e+00 -5.159799819974192125e+00
7.201841787439612119e+00 -4.991343330068961137e+00
7.240149456521737470e+00 -4.924378956068133917e+00
7.278457125603863709e+00 -5.072379992607929822e+00
7.316764794685989060e+00 -5.003188942417413188e+00
7.355072463768115298e+00 -5.279160224583720584e+00
7.393380132850240649e+00 -5.105240064555632173e+00
7.431687801932366888e+00 -5.051259201288882394e+00
7.469995471014492239e+00 -5.126968864111255186e+00
7.508303140096618478e+00 -5.181517665764369340e+00
7.546610809178742052e+00 -5.173989364512044276e+00
7.584918478260868291e+00 -5.362319814454008515e+00
7.623226147342993642e+00 -5.119641514173869368e+00
7.661533816425119880e+00 -5.310800448868572055e+00
7.699841485507245231e+00 -5.199553786737530992e+00
7.738149154589371470e+00 -5.410825438983679625e+00
7.776456823671496821e+00 -5.333531434076711264e+00
7.814764492753621283e+00 -5.241327099989384841e+00
7.853072161835747522e+00 -5.409510116491484055e+00
7.891379830917872873e+00 -5.299931525635103391e+00
7.929687499999998224e+00 -5.443474212775966770e+00
7.967995169082124463e+00 -5.388545602717792704e+00
8.006302838164248925e+00 -5.418485404875910127e+00
8.044610507246376940e+00 -5.452730226261842006e+00
8.082918176328501403e+00 -5.315636765444773815e+00
8.121225845410627642e+00 -5.552885346940112932e+00
8.159533514492752104e+00 -5.300025669220874036e+00
8.197841183574878343e+00 -5.433578611043418327e+00
8.236148852657002806e+00 -5.423908028421640992e+00
8.274456521739130821e+00 -5.487409659687195074e+00
8.312764190821255283e+00 -5.532257847876854484e+00
8.351071859903381522e+00 -5.451742855812402588e+00
8.389379528985505985e+00 -5.486983531672376735e+00
8.427687198067632224e+00 -5.509397717806976402e+00
8.465994867149756686e+00 -5.578241510315687712e+00
8.504302536231882925e+00 -5.543375415912796811e+00
8.542610205314007388e+00 -5.642331850363497381e+00
8.580917874396135403e+00 -5.707152790778141416e+00
8.619225543478259866e+00 -5.597015836194498384e+00
8.657533212560386104e+00 -5.665117205924763866e+00
8.695840881642510567e+00 -5.699646319449265697e+00
8.734148550724636806e+00 -5.839698858226611833e+00
8.772456219806761268e+00 -5.852223567955163297e+00
8.810763888888887507e+00 -5.850982768829566361e+00
8.849071557971011970e+00 -5.889482763924237751e+00
8.887379227053139985e+00 -5.794131526018626133e+00
8.925686896135264448e+00 -5.896353718021430268e+00
8.963994565217390686e+00 -5.861009963624100649e+00
9.002302234299515149e+00 -5.834853212287241853e+00
9.040609903381641388e+00 -5.843096554775643270e+00
9.078917572463765850e+00 -5.894421317711184827e+00
9.117225241545892089e+00 -5.829042525394718233e+00
9.155532910628016552e+00 -5.851341434389564888e+00
9.193840579710144567e+00 -5.874401766267220104e+00
9.232148248792269030e+00 -5.887509323095133418e+00
9.270455917874395269e+00 -5.841075718895693214e+00
9.308763586956519731e+00 -5.911607943794072284e+00
9.347071256038647746e+00 -5.881046602365174181e+00
9.385378925120770432e+00 -5.890393069216392163e+00
9.423686594202896671e+00 -6.002707810797897281e+00
9.461994263285022910e+00 -5.886739864555218915e+00
9.500301932367149149e+00 -5.998050338725448682e+00
9.538609601449273612e+00 -6.014109249031593052e+00
9.576917270531399851e+00 -5.964769409557040269e+00
9.615224939613524313e+00 -6.105535978513921158e+00
9.653532608695650552e+00 -6.075835267524838379e+00
9.691840277777775015e+00 -6.141817583034308470e+00
9.730147946859901253e+00 -6.117559510695943281e+00
9.768455615942027492e+00 -6.223089871963224162e+00
9.806763285024153731e+00 -6.131910165222001829e+00
9.845070954106278194e+00 -6.173423010128960442e+00
9.883378623188404433e+00 -6.227704549578933602e+00
9.921686292270528895e+00 -6.253800214084095366e+00
9.959993961352656910e+00 -6.268880759461050722e+00
9.998301630434779597e+00 -6.279471521232079745e+00
1.003660929951690584e+01 -6.284760672517270663e+00
1.007491696859903207e+01 -6.259620284873419926e+00
1.011322463768115831e+01 -6.342755059409970642e+00
1.015153230676328278e+01 -6.317296118531154470e+00
1.018983997584540901e+01 -6.244122829052282775e+00
1.022814764492753525e+01 -6.323357857511160418e+00
1.026645531400965972e+01 -6.278576694125716173e+00
1.030476298309178418e+01 -6.291505585591714578e+00
1.034307065217391042e+01 -6.271909497084721785e+00
1.038137832125603666e+01 -6.376383238781608398e+00
1.041968599033816290e+01 -6.308287807315064555e+00
1.045799365942028736e+01 -6.381538725631431319e+00
1.049630132850241360e+01 -6.380504759169459916e+00
1.053460899758453984e+01 -6.523279882718924227e+00
1.057291666666666607e+01 -6.441273737901249241e+00
1.061122433574878876e+01 -6.429563554261195968e+00
1.064953200483091678e+01 -6.462130842086674321e+00
1.068783967391304301e+01 -6.429146409354629554e+00
1.072614734299516748e+01 -6.414674157554277834e+00
1.076445501207729372e+01 -6.380340038622356325e+00
1.080276268115941818e+01 -6.421405916720998697e+00
1.084107035024154619e+01 -6.402841899476333865e+00
1.087937801932366888e+01 -6.395749441518495004e+00
1.091768568840579512e+01 -6.398790601019030966e+00
1.095599335748792136e+01 -6.425786248834665315e+00
1.099430102657004760e+01 -6.433581392682146571e+00
1.103260869565217206e+01 -6.386532519852814893e+00
1.107091636473429830e+01 -6.441728819340514889e+00
1.110922403381642276e+01 -6.405875379543521042e+00
1.114753170289855078e+01 -6.491658158296404579e+00
1.118583937198067524e+01 -6.467669566530176439e+00
1.122414704106279970e+01 -6.437225788074179889e+00
1.126245471014492594e+01 -6.490300144989181064e+00
1.130076237922705218e+01 -6.504966969932408638e+00
1.133907004830917664e+01 -6.579103824391051347e+00
1.137737771739130288e+01 -6.499497010070737879e+00
1.141568538647342912e+01 -6.418215546697044971e+00
1.145399305555555536e+01 -6.454282808690393836e+00
1.149230072463767804e+01 -6.486091235254885845e+00
1.153060839371980428e+01 -6.492341901947122906e+00
1.156891606280193052e+01 -6.530923361616091327e+00
1.160722373188405676e+01 -6.484618890200918528e+00
1.164553140096618122e+01 -6.463937537617711726e+00
1.168383907004830746e+01 -6.498882996556852198e+00
1.172214673913043370e+01 -6.515520999900500598e+00
1.176045440821255994e+01 -6.520876258539062498e+00
1.179876207729468440e+01 -6.525432780943440925e+00
1.183706974637680887e+01 -6.513306938376429045e+00
1.187537741545893510e+01 -6.566647835911158637e+00
1.191368508454106134e+01 -6.563715795430523414e+00
1.195199275362318581e+01 -6.592995956830358217e+00
1.199030042270531204e+01 -6.590439369097222055e+00
1.202860809178743828e+01 -6.590251847138709707e+00
1.206691576086956452e+01 -6.648408706943288671e+00
1.210522342995168721e+01 -6.658082808974323363e+00
1.214353109903381522e+01 -6.626046905956379796e+00
1.218183876811593969e+01 -6.631711613567568442e+00
1.222014643719806593e+01 -6.628018103744501843e+00
1.225845410628019039e+01 -6.664580292363603498e+00
1.229676177536231663e+01 -6.700980501294851344e+00
1.233506944444444287e+01 -6.736111233703862666e+00
1.237337711352656910e+01 -6.744192794198861307e+00
1.241168478260869357e+01 -6.750460118738355497e+00
1.244999245169081981e+01 -6.761563846165999259e+00
1.248830012077294427e+01 -6.777364617713977246e+00
1.252660778985507051e+01 -6.777529735523794230e+00
1.256491545893719497e+01 -6.771220196141335634e+00
1.260322312801932298e+01 -6.844727982578810987e+00
1.264153079710144745e+01 -6.908065195185066010e+00
1.267983846618357369e+01 -6.892988679189079981e+00
1.271814613526569637e+01 -6.899436078388457183e+00
1.275645380434782439e+01 -6.906470680035699417e+00
1.279476147342994885e+01 -6.926754944542603987e+00
1.283306914251207687e+01 -6.934112383225506271e+00
1.287137681159419955e+01 -6.985694984267148300e+00
1.290968448067632579e+01 -7.043830804588918859e+00
1.294799214975845203e+01 -7.065435690170681404e+00
1.298629981884057649e+01 -7.070026943839554434e+00
1.302460748792270273e+01 -7.102917094127422004e+00
1.306291515700482897e+01 -7.107304578296836262e+00
1.310122282608695521e+01 -7.113191064338173497e+00
1.313953049516907967e+01 -7.144476236667051339e+00
1.317783816425120413e+01 -7.263691630395686438e+00
1.321614583333333215e+01 -7.366692097506209791e+00
1.325445350241545484e+01 -7.284064882512440775e+00
1.329276117149758285e+01 -7.292698155482991496e+00
1.333106884057970731e+01 -7.316853111645087004e+00
1.336937650966183533e+01 -7.327219203788867929e+00
1.340768417874395979e+01 -7.391073391731435294e+00
1.344599184782608603e+01 -7.455563149300654224e+00
1.348429951690821049e+01 -7.544824740516204997e+00
1.352260718599033495e+01 -7.584499171482255164e+00
1.356091485507246297e+01 -7.627361467867308065e+00
1.359922252415458566e+01 -7.561516934491097963e+00
1.363753019323671367e+01 -7.518076571499212157e+00
1.367583786231883813e+01 -7.588294529492524809e+00
1.371414553140096615e+01 -7.699572203031039841e+00
1.375245320048308884e+01 -7.802567267152146435e+00
1.379076086956521685e+01 -7.827641089874367353e+00
1.382906853864734131e+01 -7.774605026388962337e+00
1.386737620772946578e+01 -7.787126751587359230e+00
1.390568387681159201e+01 -7.864340735903198265e+00
1.394399154589371825e+01 -7.932868929804360647e+00
1.398229921497584449e+01 -7.976664259587098904e+00
1.402060688405796895e+01 -8.029996625457345161e+00
1.405891455314009519e+01 -8.233125598835693282e+00
1.409722222222222143e+01 -8.203715833510980104e+00
1.413552989130434412e+01 -8.119743708598688769e+00
1.417383756038647213e+01 -8.031730586696808061e+00
1.421214522946859482e+01 -8.121418347573467145e+00
1.425045289855072284e+01 -8.387392102836965790e+00
1.428876056763284730e+01 -8.298459114208805332e+00
1.432706823671497531e+01 -8.510043481438623658e+00
1.436537590579709800e+01 -8.735777245226579169e+00
1.440368357487922424e+01 -8.521556535746031003e+00
1.444199124396135048e+01 -8.403441917811411699e+00
1.448029891304347494e+01 -8.569330426122759192e+00
1.451860658212560118e+01 -8.517498397112904129e+00
1.455691425120772742e+01 -8.623547033167259457e+00
1.459522192028985366e+01 -8.863963321496179049e+00
1.463352958937197812e+01 -9.082052393879262553e+00
1.467183725845410436e+01 -8.945888291449564989e+00
1.471014492753623060e+01 -8.953350302152228934e+00
1.474845259661835328e+01 -9.409192017217767656e+00
1.478676026570048130e+01 -8.907449097530372839e+00
1.482506793478260576e+01 -8.701093471664840706e+00
1.486337560386473378e+01 -8.745937398191950152e+00
1.490168327294685646e+01 -8.662617971494212199e+00
1.493999094202898448e+01 -8.633435102590180321e+00
1.497829861111110894e+01 -8.849752970329118895e+00
1.501660628019323696e+01 -8.905886253714642820e+00
1.505491394927535964e+01 -8.663034013544917755e+00
1.509322161835748410e+01 -8.557932441621598940e+00
1.513152928743961034e+01 -8.511373458330250941e+00
1.516983695652173658e+01 -8.526610004775596607e+00
1.520814462560386282e+01 -8.593463121174071517e+00
1.524645229468598728e+01 -8.710888702546126794e+00
1.528475996376811352e+01 -8.831395580151973235e+00
1.532306763285023976e+01 -8.763988226371976609e+00
1.536137530193236245e+01 -8.649025845899677378e+00
1.539968297101449046e+01 -8.612924398229756306e+00
1.543799064009661492e+01 -8.679282543015872875e+00
1.547629830917874294e+01 -8.759308097013727590e+00
1.551460597826086563e+01 -9.061635551398092403e+00
1.555291364734299364e+01 -9.107104422641990382e+00
1.559122131642511810e+01 -8.892371634469913744e+00
1.562952898550724257e+01 -8.717578095319922227e+00
1.566783665458936881e+01 -8.628344419446078106e+00
1.570614432367149504e+01 -8.742909117646213701e+00
1.574445199275362128e+01 -8.970420575285482201e+00
1.578275966183574575e+01 -9.127159350086740730e+00
1.582106733091787198e+01 -9.127244008135722453e+00
1.585937499999999645e+01 -8.958750986306286634e+00
1.589768266908212269e+01 -8.776370629616888408e+00
1.593599033816424893e+01 -8.684961167584292596e+00
1.597429800724637161e+01 -8.763412404641952591e+00
1.601260567632849785e+01 -8.876815959171704407e+00
1.605091334541062409e+01 -9.005039917659502180e+00
1.608922101449275388e+01 -9.089281828037719890e+00
1.612752868357487657e+01 -9.108913979161084029e+00
1.616583635265700281e+01 -8.978792128424293750e+00
1.620414402173912904e+01 -8.930436017367590296e+00
1.624245169082125528e+01 -9.037036590423609184e+00
1.628075935990337797e+01 -9.195885627894003989e+00
1.631906702898550421e+01 -9.381791155317847242e+00
1.635737469806763045e+01 -9.461948805621592129e+00
1.639568236714975669e+01 -9.220569457694582027e+00
1.643399003623188293e+01 -9.024640404452512144e+00
1.647229770531400561e+01 -8.995791124901762359e+00
1.651060537439613540e+01 -8.999790644153856434e+00
1.654891304347826164e+01 -9.026944520979881759e+00
1.658722071256038078e+01 -9.051418294128612985e+00
1.662552838164251057e+01 -9.066914670867745940e+00
1.666383605072463325e+01 -9.036948747937632476e+00
1.670214371980676304e+01 -8.994710324794839451e+00
1.674045138888888573e+01 -8.988309939644560487e+00
1.677875905797101197e+01 -8.999739710069347254e+00
1.681706672705313821e+01 -9.032670361642875179e+00
1.685537439613526445e+01 -9.087799463418845036e+00
1.689368206521738713e+01 -9.158193928534169359e+00
1.693198973429951337e+01 -9.198725652227086158e+00
1.697029740338163961e+01 -9.229562226193900543e+00
1.700860507246376585e+01 -9.252225325977097015e+00
1.704691274154589209e+01 -9.269849626771799578e+00
1.708522041062801478e+01 -9.290350096134780244e+00
1.712352807971014457e+01 -9.311528501432736249e+00
1.716183574879227081e+01 -9.306005864434352404e+00
1.720014341787438994e+01 -9.253654812726349377e+00
1.723845108695651973e+01 -9.202115583900202012e+00
1.727675875603864597e+01 -9.158234326801792946e+00
1.731506642512077221e+01 -9.124225659460224236e+00
1.735337409420289490e+01 -9.103174618429292764e+00
1.739168176328502113e+01 -9.097772840268346428e+00
1.742998943236714737e+01 -9.100443594140909198e+00
1.746829710144927361e+01 -9.105022704278013634e+00
1.750660477053139630e+01 -9.114215229569776255e+00
1.754491243961352254e+01 -9.129567488131849373e+00
1.758322010869564878e+01 -9.149614386220275009e+00
1.762152777777777501e+01 -9.177187927944093104e+00
1.765983544685990125e+01 -9.216197136324048245e+00
1.769814311594202394e+01 -9.263680002479713238e+00
1.773645078502415373e+01 -9.313592740577613327e+00
1.777475845410627997e+01 -9.360326233673148977e+00
1.781306612318839910e+01 -9.391682834453293438e+00
1.785137379227052890e+01 -9.398475448935958099e+00
1.788968146135265513e+01 -9.383546620986622955e+00
1.792798913043478137e+01 -9.356213617496807800e+00
1.796629679951690406e+01 -9.323056901699368737e+00
1.800460446859903030e+01 -9.288306939004860041e+00
1.804291213768115654e+01 -9.256897363741773077e+00
1.808121980676328278e+01 -9.229799104949858446e+00
1.811952747584540546e+01 -9.208025670817939101e+00
1.815783514492753170e+01 -9.193655937955254487e+00
1.819614281400965794e+01 -9.187392503137258970e+00
1.823445048309178418e+01 -9.189431291506599209e+00
1.827275815217391042e+01 -9.199180973683976248e+00
1.831106582125603310e+01 -9.216571946120202696e+00
1.834937349033816290e+01 -9.241396885267317174e+00
1.838768115942028913e+01 -9.272550616735902196e+00
1.842598882850240827e+01 -9.309001207657590982e+00
1.846429649758453806e+01 -9.350415876944703442e+00
1.850260416666666430e+01 -9.394086506484015331e+00
1.854091183574879054e+01 -9.434971979819742671e+00
1.857921950483091322e+01 -9.466651797681182146e+00
1.861752717391303946e+01 -9.480304382529853413e+00
1.865583484299516570e+01 -9.471482160263230199e+00
1.869414251207729549e+01 -9.444799044745264993e+00
1.873245018115941463e+01 -9.409520674624060277e+00
1.877075785024154086e+01 -9.373461349940676257e+00
1.880906551932367066e+01 -9.341172292569728697e+00
1.884737318840579334e+01 -9.315198286495961710e+00
1.888568085748792313e+01 -9.295801023732444435e+00
1.892398852657004582e+01 -9.283263902133192857e+00
1.896229619565217206e+01 -9.277465215052934866e+00
1.900060386473429830e+01 -9.278691807221395749e+00
1.903891153381642098e+01 -9.286855663193733790e+00
1.907721920289854722e+01 -9.302269549290873130e+00
1.911552687198067346e+01 -9.325043329918788260e+00
1.915383454106279970e+01 -9.355045850924634365e+00
1.919214221014492594e+01 -9.391560220681011373e+00
1.923044987922704863e+01 -9.433020008533567591e+00
1.926875754830917487e+01 -9.476252567173855113e+00
1.930706521739130110e+01 -9.516009737108911182e+00
1.934537288647342734e+01 -9.545004751805629795e+00
1.938368055555555003e+01 -9.556446755437690399e+00
1.942198822463767982e+01 -9.548173684891194668e+00
1.946029589371980251e+01 -9.524009541063804818e+00
1.949860356280193230e+01 -9.491364907142402885e+00
1.953691123188405498e+01 -9.456941072164424256e+00
1.957521890096618122e+01 -9.425322708780623060e+00
1.961352657004830746e+01 -9.399110678566549026e+00
1.965183423913043370e+01 -9.379577159891049121e+00
1.969014190821255639e+01 -9.367125788510762163e+00
1.972844957729468263e+01 -9.361697980557003973e+00
1.976675724637680887e+01 -9.363156136136066010e+00
1.980506491545893510e+01 -9.371289576911543406e+00
1.984337258454105779e+01 -9.386071651675980121e+00
1.988168025362318403e+01 -9.407545095406415925e+00
1.991998792270531382e+01 -9.435677918852908519e+00
1.995829559178743651e+01 -9.470095791981506750e+00
1.999660326086955919e+01 -9.509594653396359121e+00
2.003491092995168898e+01 -9.551452160631946242e+00
2.007321859903381167e+01 -9.590588614907996856e+00
2.011152626811594146e+01 -9.619703970725140607e+00
2.014983393719806415e+01 -9.631750452292429543e+00
2.018814160628019039e+01 -9.624274726104804500e+00
2.022644927536231663e+01 -9.601319926816849204e+00
2.026475694444444287e+01 -9.570102509647920641e+00
2.030306461352656555e+01 -9.537017026660079111e+00
2.034137228260869179e+01 -9.506304622984899311e+00
2.037967995169081803e+01 -9.480396026337558624e+00
2.041798762077294427e+01 -9.460576509758611863e+00
2.045629528985507051e+01 -9.447551036093493337e+00
2.049460295893719319e+01 -9.441626999036660806e+00
2.053291062801931943e+01 -9.442837806641529497e+00
2.057121829710144567e+01 -9.451053541182234952e+00
2.060952596618356836e+01 -9.465986889276388538e+00
2.064783363526569815e+01 -9.487293527513505964e+00
2.068614130434782084e+01 -9.514640130310228372e+00
2.072444897342995063e+01 -9.547482499892330665e+00
2.076275664251207331e+01 -9.584726478869221467e+00
2.080106431159419955e+01 -9.624039936562853725e+00
2.083937198067632579e+01 -9.661130519520792603e+00
2.087767964975845203e+01 -9.689480659154860120e+00
2.091598731884057472e+01 -9.702220616773610473e+00
2.095429498792270095e+01 -9.696365039983273704e+00
2.099260265700482719e+01 -9.675081253479644872e+00
2.103091032608695343e+01 -9.645232939112435844e+00
2.106921799516907967e+01 -9.613350762144630579e+00
2.110752566425120236e+01 -9.583738381392715056e+00
2.114583333333333215e+01 -9.558697138702143548e+00
2.118414100241545839e+01 -9.539342570745679595e+00
2.122244867149757752e+01 -9.526237196296969856e+00
2.126075634057970731e+01 -9.519668198408579585e+00
2.129906400966183355e+01 -9.519871442655762905e+00
2.133737167874395979e+01 -9.527017976081125994e+00
2.137567934782608603e+01 -9.541153026206723453e+00
2.141398701690820872e+01 -9.562049978373055481e+00
2.145229468599033495e+01 -9.589191142693824332e+00
2.149060235507246119e+01 -9.621725033598647059e+00
2.152891002415458743e+01 -9.658145260775350849e+00
2.156721769323671012e+01 -9.695865370441685727e+00
2.160552536231883636e+01 -9.730835665024926584e+00
2.164383303140096260e+01 -9.757501212886634079e+00
2.168214070048309239e+01 -9.770009862804853285e+00
2.172044836956521152e+01 -9.765401281669364053e+00
2.175875603864733776e+01 -9.745953378785182863e+00
2.179706370772946755e+01 -9.717611732580172301e+00
2.183537137681159024e+01 -9.686620250171271707e+00
2.187367904589371648e+01 -9.657534604304329307e+00
2.191198671497584272e+01 -9.632974622270500831e+00
2.195029438405796895e+01 -9.614134320428821212e+00
2.198860205314009519e+01 -9.601467476772223009e+00
2.202690972222221788e+01 -9.595106124266600034e+00
2.206521739130434412e+01 -9.595080061622974554e+00
2.210352506038647036e+01 -9.601480039547487522e+00
2.214183272946859660e+01 -9.614420914578667876e+00
2.218014039855071928e+01 -9.633934666363867194e+00
2.221844806763284552e+01 -9.659787657922819903e+00
2.225675573671497176e+01 -9.691283414498524706e+00
2.229506340579710155e+01 -9.726958380079846478e+00
2.233337107487922069e+01 -9.764098246991547825e+00
2.237167874396135048e+01 -9.798373447239896450e+00
2.240998641304347672e+01 -9.824150852148761714e+00
2.244829408212559940e+01 -9.836141275178951204e+00
2.248660175120772564e+01 -9.832068128684435138e+00
2.252490942028985188e+01 -9.814111294302156452e+00
2.256321708937197812e+01 -9.787491717223961274e+00
2.260152475845410436e+01 -9.757783070717856333e+00
2.263983242753622704e+01 -9.729294569998462094e+00
2.267814009661835328e+01 -9.704795294579311005e+00
2.271644776570047952e+01 -9.685821305308945028e+00
2.275475543478260576e+01 -9.673064957934258246e+00
2.279306310386472845e+01 -9.666718252208957196e+00
2.283137077294685824e+01 -9.666747973418262418e+00
2.286967844202898092e+01 -9.673055001069483794e+00
2.290798611111111072e+01 -9.685540789977896026e+00
2.294629378019322985e+01 -9.704120796734535759e+00
2.298460144927535609e+01 -9.728604185286911843e+00
2.302290911835748588e+01 -9.758489120047279641e+00
2.306121678743960857e+01 -9.792558437878414068e+00
2.309952445652173481e+01 -9.828402731075074783e+00
2.313783212560386104e+01 -9.861925086086840153e+00
2.317613979468598728e+01 -9.887530448143062145e+00
2.321444746376811352e+01 -9.899844245242171326e+00
2.325275513285023621e+01 -9.896504932525669318e+00
2.329106280193236245e+01 -9.879633623964858558e+00
2.332937047101448869e+01 -9.854342030983671563e+00
2.336767814009661492e+01 -9.825957627707229136e+00
2.340598580917873761e+01 -9.798494380516181934e+00
2.344429347826086740e+01 -9.774520408124947934e+00
2.348260114734299009e+01 -9.755553838612906148e+00
2.352090881642511988e+01 -9.742429639747040682e+00
2.355921648550724257e+01 -9.735586834015816038e+00
2.359752415458936881e+01 -9.735156929386281632e+00
2.363583182367149504e+01 -9.741078445518182249e+00
2.367413949275361773e+01 -9.753195972217939769e+00
2.371244716183574397e+01 -9.771295943833521846e+00
2.375075483091787021e+01 -9.795023185011922706e+00
2.378906249999999645e+01 -9.823720973555879254e+00
2.382737016908212269e+01 -9.856202740825446895e+00
2.386567783816424537e+01 -9.890320661423933402e+00
2.390398550724637161e+01 -9.922476261755326377e+00
2.394229317632849785e+01 -9.947597157702302795e+00
2.398060084541062409e+01 -9.960452274725906108e+00
2.401890851449274678e+01 -9.958333625005458600e+00
2.405721618357487657e+01 -9.942829945730736085e+00
2.409552385265699925e+01 -9.918721302440303589e+00
2.413383152173912904e+01 -9.891289975952489044e+00
2.417213919082125528e+01 -9.864592983405012561e+00
2.421044685990337442e+01 -9.841202539345754730e+00
2.424875452898550421e+01 -9.822566332402026035e+00
2.428706219806763045e+01 -9.809474091806155371e+00
2.432536986714975669e+01 -9.802325272053089122e+00
2.436367753623187937e+01 -9.801299275740817052e+00
2.440198520531400561e+01 -9.806455502083126774e+00
2.444029287439613185e+01 -9.817774674700723736e+00
2.447860054347826164e+01 -9.835097760753237495e+00
2.451690821256038078e+01 -9.858024364707624443e+00
2.455521588164250701e+01 -9.885814932211241413e+00
2.459352355072463325e+01 -9.917184576611409952e+00
2.463183121980675949e+01 -9.949980227783687070e+00
2.467013888888888573e+01 -9.980794168640780839e+00
2.470844655797100842e+01 -1.000503781855694641e+01
2.474675422705313821e+01 -1.001802914445771187e+01
2.478506189613526445e+01 -1.001709143404120361e+01
2.482336956521738713e+01 -1.000325380882734905e+01
2.486167723429951337e+01 -9.980647633083703951e+00
2.489998490338163961e+01 -9.954259448557339240e+00
2.493829257246376585e+01 -9.928186548854213811e+00
2.497660024154588854e+01 -9.905132151596360401e+00
2.501490791062801478e+01 -9.886647796432715296e+00
2.505321557971014101e+01 -9.873536543597163373e+00
2.509152324879227081e+01 -9.866190839732210449e+00
2.512983091787438994e+01 -9.864774626271721303e+00
2.516813858695651618e+01 -9.869328967806005437e+00
2.520644625603864597e+01 -9.879818592117874942e+00
2.524475392512076866e+01 -9.896115023648885511e+00
2.528306159420289490e+01 -9.917903550931173484e+00
2.532136926328501758e+01 -9.944521943994462987e+00
2.535967693236714737e+01 -9.974716538865212812e+00
2.539798460144927361e+01 -1.000636076210081349e+01
2.543629227053139275e+01 -1.003618530967384359e+01
2.547459993961352254e+01 -1.005984860546138293e+01
2.551290760869564878e+01 -1.007294542422357786e+01
2.555121527777777146e+01 -1.007295092656940660e+01
2.558952294685989770e+01 -1.006063981094885662e+01
2.562783061594202394e+01 -1.003962631997026200e+01
2.566613828502415373e+01 -1.001449726994384370e+01
2.570444595410627642e+01 -9.989209634851739850e+00
2.574275362318839910e+01 -9.966506332046691341e+00
2.578106129227052890e+01 -9.948051747166351433e+00
2.581936896135265158e+01 -9.934762735800321209e+00
2.585767663043477782e+01 -9.927083327192567808e+00
2.589598429951690406e+01 -9.925183444312247971e+00
2.593429196859903030e+01 -9.929103837079349404e+00
2.597259963768115298e+01 -9.938804034919401786e+00
2.601090730676328278e+01 -9.954126495446731226e+00
2.604921497584540546e+01 -9.974740827853747049e+00
2.608752264492752815e+01 -1.000002524750758326e+01
2.612583031400965794e+01 -1.002883051536660375e+01
2.616413798309178418e+01 -1.005917551041900460e+01
2.620244565217391042e+01 -1.008799958340413028e+01
2.624075332125603310e+01 -1.011124022997894656e+01
2.627906099033815934e+01 -1.012470461902053742e+01
2.631736865942028913e+01 -1.012581164003121437e+01
2.635567632850240827e+01 -1.011502747871469587e+01
2.639398399758453451e+01 -1.009556523870308986e+01
2.643229166666666430e+01 -1.007170611883668698e+01
2.647059933574879054e+01 -1.004726482105728458e+01
2.650890700483090967e+01 -1.002498774938724679e+01
2.654721467391303946e+01 -1.000660052852666304e+01
2.658552234299516570e+01 -9.993083272879941248e+00
2.662383001207729549e+01 -9.984944014398356771e+00
2.666213768115941463e+01 -9.982413976179083548e+00
2.670044535024154086e+01 -9.985558036337204513e+00
2.673875301932367066e+01 -9.994331207112276516e+00
2.677706068840579334e+01 -1.000857920380373933e+01
2.681536835748791958e+01 -1.002797621616682733e+01
2.685367602657004582e+01 -1.005189937575269887e+01
2.689198369565217206e+01 -1.007925808346329077e+01
2.693029136473429475e+01 -1.010821887987885148e+01
2.696859903381642098e+01 -1.013597262478446126e+01
2.700690670289854722e+01 -1.015877569318582374e+01
2.704521437198066991e+01 -1.017268917248569871e+01
2.708352204106279615e+01 -1.017509087321929151e+01
2.712182971014492594e+01 -1.016604540400514978e+01
2.716013737922704863e+01 -1.014827070540356857e+01
2.719844504830917131e+01 -1.012572916879662444e+01
2.723675271739130110e+01 -1.010213650204323521e+01
2.727506038647342734e+01 -1.008026226593939256e+01
2.731336805555554648e+01 -1.006189690892333743e+01
2.735167572463767627e+01 -1.004809211501818567e+01
2.738998339371980251e+01 -1.003941532279546855e+01
2.742829106280193230e+01 -1.003613945477581204e+01
2.746659873188405143e+01 -1.003836050560663296e+01
2.750490640096617767e+01 -1.004605130914650779e+01
2.754321407004830746e+01 -1.005906321565996819e+01
2.758152173913043370e+01 -1.007708002545759030e+01
2.761982940821255283e+01 -1.009951918990316244e+01
2.765813707729468263e+01 -1.012535977810023979e+01
2.769644474637680887e+01 -1.015291282253566685e+01
2.773475241545893155e+01 -1.017960954511433691e+01
2.777306008454105779e+01 -1.020202192053292833e+01
2.781136775362318403e+01 -1.021646352909011846e+01
2.784967542270531382e+01 -1.022028000398779213e+01
2.788798309178743651e+01 -1.021314809880035135e+01
2.792629076086955919e+01 -1.019724925020852702e+01
2.796459842995168898e+01 -1.017616595213084274e+01
2.800290609903381167e+01 -1.015347809489810871e+01
2.804121376811593791e+01 -1.013198279413177261e+01
2.807952143719806415e+01 -1.011356245180633451e+01
2.811782910628019039e+01 -1.009935661146147901e+01
2.815613677536231307e+01 -1.009000542172167769e+01
2.819444444444444287e+01 -1.008583278149449391e+01
2.823275211352656555e+01 -1.008696766182487892e+01
2.827105978260868824e+01 -1.009340156832655744e+01
2.830936745169081803e+01 -1.010500243558864497e+01
2.834767512077294427e+01 -1.012147639466599536e+01
2.838598278985507051e+01 -1.014228541106898973e+01
2.842429045893718964e+01 -1.016649622305251732e+01
2.846259812801931943e+01 -1.019258438033004133e+01
2.850090579710144567e+01 -1.021823405025378939e+01
2.853921346618356480e+01 -1.024033249797109946e+01
2.857752113526569460e+01 -1.025543269376187006e+01
2.861582880434782084e+01 -1.026083481886148263e+01
2.865413647342995063e+01 -1.025580924699757901e+01
2.869244414251206976e+01 -1.024197657260796746e+01
2.873075181159419600e+01 -1.022249165161903406e+01
2.876905948067632579e+01 -1.020077047735106568e+01
2.880736714975844848e+01 -1.017963904836086542e+01
2.884567481884057116e+01 -1.016107762283717442e+01
2.888398248792270095e+01 -1.014633669366529212e+01
2.892229015700482719e+01 -1.013614363917625560e+01
2.896059782608694988e+01 -1.013088461420691289e+01
2.899890549516907612e+01 -1.013073108625185448e+01
2.903721316425120236e+01 -1.013570593135746734e+01
2.907552083333333215e+01 -1.014570148342432354e+01
2.911382850241545484e+01 -1.016046128916505431e+01
2.915213617149757752e+01 -1.017950158524772064e+01
2.919044384057970731e+01 -1.020199152235128004e+01
2.922875150966183000e+01 -1.022657436306726630e+01
2.926705917874395624e+01 -1.025119441606549842e+01
2.930536684782608603e+01 -1.027305303106444079e+01
2.934367451690820872e+01 -1.028893944074423139e+01
2.938198218599033140e+01 -1.029610843937040165e+01
2.942028985507246119e+01 -1.029340824288977174e+01
2.945859752415458743e+01 -1.028185504161325525e+01
2.949690519323670657e+01 -1.026412300051789828e+01
2.953521286231883636e+01 -1.024343290178014954e+01
2.957352053140096260e+01 -1.022263000236171493e+01
2.961182820048309239e+01 -1.020381791513492686e+01
2.965013586956521152e+01 -1.018837958334759897e+01
2.968844353864733776e+01 -1.017715001108741113e+01
2.972675120772946755e+01 -1.017059343249135139e+01
2.976505887681159024e+01 -1.016893510141424173e+01
2.980336654589371292e+01 -1.017224185917300261e+01
2.984167421497584272e+01 -1.018044257601680336e+01
2.987998188405796895e+01 -1.019332689040204443e+01
2.991828955314009164e+01 -1.021047985131054325e+01
2.995659722222221788e+01 -1.023118024741012810e+01
2.999490489130434412e+01 -1.025425098185763240e+01
3.003321256038647391e+01 -1.027789122433780200e+01
3.007152022946859304e+01 -1.029960182308018801e+01
3.010982789855071928e+01 -1.031639922577980428e+01
3.014813556763284552e+01 -1.032549429926221229e+01
3.018644323671496821e+01 -1.032531838078596209e+01
3.022475090579709800e+01 -1.031624693839655826e+01
3.026305857487922069e+01 -1.030042341178552867e+01
3.030136624396135048e+01 -1.028082154498680900e+01
3.033967391304347316e+01 -1.026030455633405758e+01
3.037798158212559940e+01 -1.024111367406448991e+01
3.041628925120772564e+01 -1.022479301043993338e+01
3.045459692028984833e+01 -1.021231208266835644e+01
3.049290458937197457e+01 -1.020423726366781914e+01
3.053121225845410436e+01 -1.020086539631343747e+01
3.056951992753622704e+01 -1.020231332330063800e+01
3.060782759661834973e+01 -1.020856229012044913e+01
3.064613526570047952e+01 -1.021945222895381811e+01
3.068444293478260576e+01 -1.023464750449565486e+01
3.072275060386472489e+01 -1.025354281704813175e+01
3.076105827294685469e+01 -1.027513814925086422e+01
3.079936594202898092e+01 -1.029787605137139117e+01
3.083767361111111072e+01 -1.031954017397924162e+01
3.087598128019322985e+01 -1.033735820474236888e+01
3.091428894927535609e+01 -1.034850373970652093e+01
3.095259661835748588e+01 -1.035100191289866167e+01
3.099090428743960857e+01 -1.034457723427586018e+01
3.102921195652173125e+01 -1.033078451620019145e+01
3.106751962560386104e+01 -1.031231196621750534e+01
3.110582729468598728e+01 -1.029201924459371398e+01
3.114413496376810997e+01 -1.027230979774195596e+01
3.118244263285023621e+01 -1.025491834763158394e+01
3.122075030193236245e+01 -1.024098051875036042e+01
3.125905797101448513e+01 -1.023118641633180381e+01
3.129736564009661492e+01 -1.022592093564839111e+01
3.133567330917873761e+01 -1.022536821560074749e+01
3.137398097826086740e+01 -1.022956339058367980e+01
3.141228864734299009e+01 -1.023841175200607623e+01
3.145059631642511633e+01 -1.025165217300134479e+01
3.148890398550724257e+01 -1.026879495085385230e+01
3.152721165458936881e+01 -1.028900475503678535e+01
3.156551932367149149e+01 -1.031094861897964066e+01
3.160382699275361773e+01 -1.033266725475243497e+01
3.164213466183574397e+01 -1.035158272144677838e+01
3.168044233091786666e+01 -1.036484253447151893e+01
3.171874999999999289e+01 -1.037009460989504106e+01
