0.000000000000000000e+00 0.000000000000000000e+00
3.200000000000000178e+00 1.199120562447679202e-05
6.400000000000000355e+00 2.367210417182825412e-05
9.599999999999999645e+00 3.511142895607765875e-05
1.280000000000000071e+01 4.628860514709274952e-05
1.600000000000000000e+01 5.721940765198824482e-05
1.919999999999999929e+01 6.789926018174789963e-05
2.239999999999999858e+01 7.833650670236882811e-05
2.560000000000000142e+01 8.853057363401743761e-05
2.880000000000000071e+01 9.848747462655800696e-05
3.200000000000000000e+01 1.082082340108014504e-04
3.520000000000000284e+01 1.176978674751210952e-04
3.839999999999999858e+01 1.269582070214110136e-04
4.160000000000000142e+01 1.359937619992078429e-04
4.479999999999999716e+01 1.448068346732610181e-04
4.800000000000000000e+01 1.534016474178699966e-04
5.120000000000000284e+01 1.617808020722111783e-04
5.439999999999999858e+01 1.699483438506169857e-04
5.760000000000000142e+01 1.779070764841622545e-04
6.079999999999999716e+01 1.856609269452176938e-04
6.400000000000000000e+01 1.932128392865151297e-04
6.720000000000000284e+01 2.005666549664751293e-04
7.040000000000000568e+01 2.077254163746734491e-04
7.359999999999999432e+01 2.146928976620337594e-04
7.679999999999999716e+01 2.214722090023676145e-04
8.000000000000000000e+01 2.280670669312093374e-04
8.320000000000000284e+01 2.344806259529010214e-04
8.640000000000000568e+01 2.407165494809259060e-04
8.959999999999999432e+01 2.467780175409567660e-04
9.279999999999999716e+01 2.526686416479397511e-04
9.600000000000000000e+01 2.583916117459097474e-04
9.920000000000000284e+01 2.639504866143435385e-04
1.024000000000000057e+02 2.693484528368872205e-04
1.055999999999999943e+02 2.745890143009521289e-04
1.087999999999999972e+02 2.796753426858865116e-04
1.120000000000000000e+02 2.846108840086352559e-04
1.152000000000000028e+02 2.893987848807244427e-04
1.184000000000000057e+02 2.940424300087791281e-04
1.215999999999999943e+02 2.985449319150404500e-04
1.247999999999999972e+02 3.029096103310467388e-04
1.280000000000000000e+02 3.071395356233313340e-04
1.311999999999999886e+02 3.112379588038813034e-04
1.344000000000000057e+02 3.152079008389503298e-04
1.375999999999999943e+02 3.190525403365504671e-04
1.408000000000000114e+02 3.227748423901812751e-04
1.440000000000000000e+02 3.263779096946794848e-04
1.471999999999999886e+02 3.298646456991234264e-04
1.504000000000000057e+02 3.332380738884904562e-04
1.535999999999999943e+02 3.365010309254072639e-04
1.568000000000000114e+02 3.396564580492073167e-04
1.600000000000000000e+02 3.427071205984452760e-04
1.631999999999999886e+02 3.456558748376199319e-04
1.664000000000000057e+02 3.485054108179682785e-04
1.695999999999999943e+02 3.512584974307228231e-04
1.728000000000000114e+02 3.539177460262219518e-04
1.760000000000000000e+02 3.564858360739437738e-04
1.791999999999999886e+02 3.589652973320597872e-04
1.824000000000000057e+02 3.613587181527317727e-04
1.855999999999999943e+02 3.636685443085354609e-04
1.888000000000000114e+02 3.658972717028706619e-04
1.920000000000000000e+02 3.680472602128707633e-04
1.951999999999999886e+02 3.701209123238962664e-04
1.984000000000000057e+02 3.721205005610136811e-04
2.015999999999999943e+02 3.740483333749140805e-04
2.048000000000000114e+02 3.759065949184564191e-04
2.080000000000000000e+02 3.776974993457393715e-04
2.111999999999999886e+02 3.794231418376919169e-04
2.144000000000000057e+02 3.810856423318159116e-04
2.175999999999999943e+02 3.826870068280315115e-04
2.208000000000000114e+02 3.842292614483556242e-04
2.240000000000000000e+02 3.857143231676351224e-04
2.271999999999999886e+02 3.871441250042071455e-04
2.304000000000000057e+02 3.885204954150384203e-04
2.335999999999999943e+02 3.898452753269005390e-04
2.368000000000000114e+02 3.911202055118551016e-04
2.400000000000000000e+02 3.923470360913671210e-04
2.431999999999999886e+02 3.935274212814562412e-04
2.464000000000000057e+02 3.946630219401610720e-04
2.495999999999999943e+02 3.957554071332071064e-04
2.528000000000000114e+02 3.968061502361332486e-04
2.560000000000000000e+02 3.978167368236413810e-04
2.591999999999999886e+02 3.987886547881083548e-04
2.623999999999999773e+02 3.997233081014553674e-04
2.656000000000000227e+02 4.006221013644913997e-04
2.688000000000000114e+02 4.014863590291558497e-04
2.720000000000000000e+02 4.023174047589791720e-04
2.751999999999999886e+02 4.031164857445289308e-04
2.783999999999999773e+02 4.038848472272281768e-04
2.816000000000000227e+02 4.046236615681973649e-04
2.848000000000000114e+02 4.053340982437180439e-04
2.880000000000000000e+02 4.060172573447089640e-04
2.911999999999999886e+02 4.066742353282218510e-04
2.943999999999999773e+02 4.073060626668019977e-04
2.976000000000000227e+02 4.079137656324703285e-04
3.008000000000000114e+02 4.084983078364127509e-04
3.040000000000000000e+02 4.090606482836654009e-04
3.071999999999999886e+02 4.096016865484870578e-04
3.103999999999999773e+02 4.101223173198801850e-04
3.136000000000000227e+02 4.106233789905976823e-04
3.168000000000000114e+02 4.111057049087349412e-04
3.200000000000000000e+02 4.115700751744276551e-04
3.231999999999999886e+02 4.120172647887223433e-04
3.263999999999999773e+02 4.124479984600946903e-04
3.296000000000000227e+02 4.128629958291476641e-04
3.328000000000000114e+02 4.132629291057003770e-04
3.360000000000000000e+02 4.136484655389907877e-04
3.391999999999999886e+02 4.140202277154448316e-04
3.423999999999999773e+02 4.143788334248347562e-04
3.456000000000000227e+02 4.147248584526213753e-04
3.488000000000000114e+02 4.150588739818901647e-04
3.520000000000000000e+02 4.153814117367723210e-04
3.551999999999999886e+02 4.156929990747546791e-04
3.583999999999999773e+02 4.159941263662661265e-04
3.616000000000000227e+02 4.162852799188755302e-04
3.648000000000000114e+02 4.165669114473568744e-04
3.680000000000000000e+02 4.168394689087175304e-04
3.711999999999999886e+02 4.171033679083350847e-04
3.743999999999999773e+02 4.173590205669351584e-04
3.776000000000000227e+02 4.176068087738113227e-04
3.808000000000000114e+02 4.178471111233585068e-04
3.840000000000000000e+02 4.180802776564471863e-04
3.871999999999999886e+02 4.183066548986504626e-04
3.903999999999999773e+02 4.185265633049594378e-04
3.936000000000000227e+02 4.187403244393598915e-04
3.968000000000000114e+02 4.189482462591130238e-04
4.000000000000000000e+02 4.191506511690823293e-04
4.031999999999999886e+02 4.193478483059717818e-04
4.063999999999999773e+02 4.195401181201451600e-04
4.096000000000000227e+02 4.197276258638514687e-04
4.128000000000000114e+02 4.199104015815786017e-04
4.160000000000000000e+02 4.200884426292937255e-04
4.191999999999999886e+02 4.202620290048763771e-04
4.223999999999999773e+02 4.204318005491464237e-04
4.256000000000000227e+02 4.205983924628400048e-04
4.288000000000000114e+02 4.207625461530583059e-04
4.320000000000000000e+02 4.209260147117694154e-04
4.351999999999999886e+02 4.210899204941903444e-04
4.383999999999999773e+02 4.212509139691332526e-04
4.416000000000000227e+02 4.214043964766642767e-04
4.448000000000000114e+02 4.215534706634666093e-04
4.480000000000000000e+02 4.217045572586525389e-04
4.511999999999999886e+02 4.218547934086617850e-04
4.543999999999999773e+02 4.219992961315106937e-04
4.576000000000000227e+02 4.221440472854500262e-04
4.608000000000000114e+02 4.222937025941804977e-04
4.640000000000000000e+02 4.224408325488619915e-04
4.671999999999999886e+02 4.225802896123069378e-04
4.703999999999999773e+02 4.227161942967365871e-04
4.736000000000000227e+02 4.228506368086998530e-04
4.768000000000000114e+02 4.229814750505146671e-04
4.800000000000000000e+02 4.231090119943713883e-04
4.831999999999999886e+02 4.232355588851459492e-04
4.863999999999999773e+02 4.233619244936534260e-04
4.896000000000000227e+02 4.234875985754358598e-04
4.928000000000000114e+02 4.236119534397314698e-04
4.960000000000000000e+02 4.237344832055218113e-04
4.991999999999999886e+02 4.238551502471057182e-04
5.023999999999999773e+02 4.239747812301990519e-04
5.056000000000000227e+02 4.240942460830773321e-04
5.088000000000000114e+02 4.242134909054960483e-04
5.120000000000000000e+02 4.243319297275738593e-04
5.152000000000000455e+02 4.244492464051588922e-04
5.183999999999999773e+02 4.245655549503258848e-04
5.216000000000000227e+02 4.246812145437482678e-04
5.247999999999999545e+02 4.247965043798176596e-04
5.280000000000000000e+02 4.249114134747016729e-04
5.312000000000000455e+02 4.250257820713636606e-04
5.343999999999999773e+02 4.251395407880773471e-04
5.376000000000000227e+02 4.252526878948600388e-04
5.407999999999999545e+02 4.253651502569022209e-04
5.440000000000000000e+02 4.254767695074478237e-04
5.472000000000000455e+02 4.255874144940430411e-04
5.503999999999999773e+02 4.256970578927758058e-04
5.536000000000000227e+02 4.258057750380796875e-04
5.567999999999999545e+02 4.259136692862008282e-04
5.600000000000000000e+02 4.260208252344176833e-04
5.632000000000000455e+02 4.261273321951063783e-04
5.663999999999999773e+02 4.262333365120922089e-04
5.696000000000000227e+02 4.263389748372119399e-04
5.727999999999999545e+02 4.264441440527667838e-04
5.760000000000000000e+02 4.265481690383952158e-04
5.792000000000000455e+02 4.266494759470942639e-04
5.823999999999999773e+02 4.267454943634292294e-04
5.856000000000000227e+02 4.268337334162617476e-04
5.887999999999999545e+02 4.269157400259050716e-04
5.920000000000000000e+02 4.270076910800684692e-04
5.952000000000000455e+02 4.271617818725827491e-04
5.983999999999999773e+02 4.275036349173419307e-04
6.016000000000000227e+02 4.282831229274058904e-04
6.047999999999999545e+02 4.299251074000251267e-04
6.080000000000000000e+02 4.330455990604128330e-04
6.112000000000000455e+02 4.383954162623685479e-04
6.143999999999999773e+02 4.467092513127113589e-04
6.176000000000000227e+02 4.584842146274269929e-04
6.207999999999999545e+02 4.737478787628737233e-04
6.240000000000000000e+02 4.918883486597827983e-04
6.272000000000000455e+02 5.116168530410361397e-04
6.303999999999999773e+02 5.311375224579096112e-04
6.336000000000000227e+02 5.485743482277902682e-04
6.367999999999999545e+02 5.625755462654872174e-04
6.400000000000000000e+02 5.728267918309976016e-04
6.432000000000000455e+02 5.801455695426687873e-04
6.463999999999999773e+02 5.860458112865562629e-04
6.496000000000000227e+02 5.920204551838122598e-04
6.527999999999999545e+02 5.989678699769412354e-04
6.560000000000000000e+02 6.070357923177648008e-04
6.592000000000000455e+02 6.158432046634163470e-04
6.623999999999999773e+02 6.248393383449456738e-04
6.656000000000000227e+02 6.335819413584017424e-04
6.687999999999999545e+02 6.418459522270444396e-04
6.720000000000000000e+02 6.495969293631154422e-04
6.752000000000000455e+02 6.569041208161944352e-04
6.783999999999999773e+02 6.638633913328210708e-04
6.816000000000000227e+02 6.705612287247043977e-04
6.847999999999999545e+02 6.770743952728566035e-04
6.880000000000000000e+02 6.834784158227348106e-04
6.912000000000000455e+02 6.898415534744004908e-04
6.943999999999999773e+02 6.962050517766288620e-04
6.976000000000000227e+02 7.025685370132219625e-04
7.007999999999999545e+02 7.088977694879529563e-04
7.040000000000000000e+02 7.151518669516545874e-04
7.072000000000000455e+02 7.213109859239803323e-04
7.103999999999999773e+02 7.273875870478916554e-04
7.136000000000000227e+02 7.334170779554448219e-04
7.167999999999999545e+02 7.394374943309392620e-04
7.200000000000000000e+02 7.454716346242143367e-04
7.232000000000000455e+02 7.515220968284233366e-04
7.263999999999999773e+02 7.575787169569291176e-04
7.296000000000000227e+02 7.636301010017434868e-04
7.327999999999999545e+02 7.696697190594982028e-04
7.360000000000000000e+02 7.756941706246645203e-04
7.392000000000000455e+02 7.816984761973465789e-04
7.423999999999999773e+02 7.876744901706187558e-04
7.456000000000000227e+02 7.936141513643186433e-04
7.487999999999999545e+02 7.995140672327271736e-04
7.520000000000000000e+02 8.053770040784002937e-04
7.552000000000000455e+02 8.112091488640185699e-04
7.583999999999999773e+02 8.170157315563973113e-04
7.616000000000000227e+02 8.227985078032555187e-04
7.647999999999999545e+02 8.285564019119574233e-04
7.680000000000000000e+02 8.342877096381428074e-04
7.712000000000000455e+02 8.399916376488978775e-04
7.743999999999999773e+02 8.456679212577566376e-04
7.776000000000000227e+02 8.513156293876820036e-04
7.807999999999999545e+02 8.569323409637356805e-04
7.840000000000000000e+02 8.625147387256751298e-04
7.872000000000000455e+02 8.680598021468576356e-04
7.903999999999999773e+02 8.735659884560648038e-04
7.936000000000000227e+02 8.790335353806005142e-04
7.967999999999999545e+02 8.844644343160668965e-04
8.000000000000000000e+02 8.898621235992261761e-04
8.032000000000000455e+02 8.952313887012519796e-04
8.063999999999999773e+02 9.005776493484908378e-04
8.096000000000000227e+02 9.059056863386661653e-04
8.127999999999999545e+02 9.112174761516569216e-04
8.160000000000000000e+02 9.165104856165152535e-04
8.192000000000000455e+02 9.217770519441872675e-04
8.223999999999999773e+02 9.270058926329283536e-04
8.256000000000000227e+02 9.321848963999390496e-04
8.287999999999999545e+02 9.373045803563900304e-04
8.320000000000000000e+02 9.423606895310245599e-04
8.352000000000000455e+02 9.473557557667378060e-04
8.383999999999999773e+02 9.522989375160933719e-04
8.416000000000000227e+02 9.572047591509551170e-04
8.447999999999999545e+02 9.620905871898802414e-04
8.480000000000000000e+02 9.669738318245814238e-04
8.512000000000000455e+02 9.718690962648556669e-04
8.543999999999999773e+02 9.767867539820537619e-04
8.576000000000000227e+02 9.817334673707174726e-04
8.607999999999999545e+02 9.867151130551069307e-04
8.640000000000000000e+02 9.917402659932637258e-04
8.672000000000000455e+02 9.968222666297567574e-04
8.703999999999999773e+02 1.001977705891028605e-03
8.736000000000000227e+02 1.007221936119472288e-03
8.767999999999999545e+02 1.012563304228982679e-03
8.800000000000000000e+02 1.017999403305675865e-03
8.832000000000000455e+02 1.023516699536752231e-03
8.863999999999999773e+02 1.029093805923147684e-03
8.896000000000000227e+02 1.034706407715899707e-03
8.927999999999999545e+02 1.040332208396020641e-03
8.960000000000000000e+02 1.045954409780648848e-03
8.992000000000000455e+02 1.051563486032093412e-03
9.023999999999999773e+02 1.057157332276361349e-03
9.056000000000000227e+02 1.062740240018750486e-03
9.087999999999999545e+02 1.068321122548719334e-03
9.120000000000000000e+02 1.073911470098600114e-03
9.152000000000000455e+02 1.079523437655913664e-03
9.183999999999999773e+02 1.085168301663402010e-03
9.216000000000000227e+02 1.090855464893181843e-03
9.247999999999999545e+02 1.096592078478670577e-03
9.280000000000000000e+02 1.102383453103519297e-03
9.312000000000000455e+02 1.108234033798634072e-03
9.343999999999999773e+02 1.114148565998588193e-03
9.376000000000000227e+02 1.120132664853910236e-03
9.407999999999999545e+02 1.126192433062968550e-03
9.440000000000000000e+02 1.132333017292519537e-03
9.472000000000000455e+02 1.138556862382379036e-03
9.503999999999999773e+02 1.144862279215113667e-03
9.536000000000000227e+02 1.151243173804146567e-03
9.567999999999999545e+02 1.157689773142422419e-03
9.600000000000000000e+02 1.164190339012766487e-03
9.632000000000000455e+02 1.170733153795413661e-03
9.663999999999999773e+02 1.177308832766345422e-03
9.696000000000000227e+02 1.183912327311641187e-03
9.727999999999999545e+02 1.190544409892232763e-03
9.760000000000000000e+02 1.197211627553731745e-03
9.792000000000000455e+02 1.203924817493614999e-03
9.823999999999999773e+02 1.210696237835639242e-03
9.856000000000000227e+02 1.217536570028217085e-03
9.887999999999999545e+02 1.224452201775089264e-03
9.920000000000000000e+02 1.231443740217866203e-03
9.952000000000000455e+02 1.238505566124165330e-03
9.983999999999999773e+02 1.245626799316716226e-03
1.001600000000000023e+03 1.252793061365444719e-03
1.004799999999999955e+03 1.259989093552311718e-03
1.008000000000000000e+03 1.267201493021702591e-03
1.011200000000000045e+03 1.274421496752719445e-03
1.014399999999999977e+03 1.281647038893312524e-03
1.017600000000000023e+03 1.288884046972738756e-03
1.020799999999999955e+03 1.296146078864198132e-03
1.024000000000000000e+03 1.303452392324027731e-03
1.027200000000000045e+03 1.310824351648730030e-03
1.030400000000000091e+03 1.318281970119161359e-03
1.033599999999999909e+03 1.325841874565341283e-03
1.036799999999999955e+03 1.333517996805251397e-03
1.040000000000000000e+03 1.341323764630770110e-03
1.043200000000000045e+03 1.349273953671974299e-03
1.046400000000000091e+03 1.357383645947007021e-03
1.049599999999999909e+03 1.365664110306289867e-03
1.052799999999999955e+03 1.374117048281534590e-03
1.056000000000000000e+03 1.382730626251028015e-03
1.059200000000000045e+03 1.391479356981160063e-03
1.062400000000000091e+03 1.400328473911425890e-03
1.065599999999999909e+03 1.409240721261471310e-03
1.068799999999999955e+03 1.418183115628228940e-03
1.072000000000000000e+03 1.427131007259468086e-03
1.075200000000000045e+03 1.436068699929039620e-03
1.078400000000000091e+03 1.444987252169128685e-03
1.081599999999999909e+03 1.453881538295448764e-03
1.084799999999999955e+03 1.462748349182384005e-03
1.088000000000000000e+03 1.471586378286058282e-03
1.091200000000000045e+03 1.480397731173067454e-03
1.094400000000000091e+03 1.489189669420214928e-03
1.097599999999999909e+03 1.497975210777410197e-03
1.100799999999999955e+03 1.506771394743027176e-03
1.104000000000000000e+03 1.515595391574860434e-03
1.107200000000000045e+03 1.524459521084253581e-03
1.110400000000000091e+03 1.533367346441334494e-03
1.113599999999999909e+03 1.542312184688419399e-03
1.116799999999999955e+03 1.551278871319084277e-03
1.120000000000000000e+03 1.560247919465939650e-03
1.123200000000000045e+03 1.569201195325715123e-03
1.126400000000000091e+03 1.578127047327499257e-03
1.129599999999999909e+03 1.587023573627181034e-03
1.132799999999999955e+03 1.595898366391190065e-03
1.136000000000000000e+03 1.604765316314784229e-03
1.139200000000000045e+03 1.613639350524555824e-03
1.142400000000000091e+03 1.622531516532451984e-03
1.145599999999999909e+03 1.631445266189923866e-03
1.148799999999999955e+03 1.640375137003004550e-03
1.152000000000000000e+03 1.649307480542281344e-03
1.155200000000000045e+03 1.658223649948710639e-03
1.158400000000000091e+03 1.667104269966366084e-03
1.161599999999999909e+03 1.675933543898874833e-03
1.164799999999999955e+03 1.684701587571003824e-03
1.168000000000000000e+03 1.693405282261260846e-03
1.171200000000000045e+03 1.702048282569379629e-03
1.174400000000000091e+03 1.710641700870564868e-03
1.177599999999999909e+03 1.719204299935854583e-03
1.180799999999999955e+03 1.727761169851712740e-03
1.184000000000000000e+03 1.736339641579865778e-03
1.187200000000000045e+03 1.744963959144243829e-03
1.190400000000000091e+03 1.753650859336350169e-03
1.193599999999999909e+03 1.762409051458622674e-03
1.196799999999999955e+03 1.771243702601729220e-03
1.200000000000000000e+03 1.780165176403029556e-03
1.203200000000000045e+03 1.789197582725548770e-03
1.206400000000000091e+03 1.798381273076986092e-03
1.209599999999999909e+03 1.807764531805349005e-03
1.212799999999999955e+03 1.817386535542710050e-03
1.216000000000000000e+03 1.827259540039588917e-03
1.219200000000000045e+03 1.837360172172227335e-03
1.222400000000000091e+03 1.847633923961544862e-03
1.225599999999999909e+03 1.858009883176871139e-03
1.228799999999999955e+03 1.868418235824632770e-03
1.232000000000000000e+03 1.878803860955840978e-03
1.235200000000000045e+03 1.889133079285724775e-03
1.238400000000000091e+03 1.899393766211628521e-03
1.241599999999999909e+03 1.909591084206256097e-03
1.244799999999999955e+03 1.919741124501587407e-03
1.248000000000000000e+03 1.929864972585451080e-03
1.251200000000000045e+03 1.939984399471243477e-03
1.254400000000000091e+03 1.950119567599748176e-03
1.257599999999999909e+03 1.960287573782169574e-03
1.260799999999999955e+03 1.970501024665233768e-03
1.264000000000000000e+03 1.980766027846772755e-03
1.267200000000000045e+03 1.991080835400754756e-03
1.270400000000000091e+03 2.001436237096442406e-03
1.273599999999999909e+03 2.011818857877912658e-03
1.276799999999999955e+03 2.022216205048859693e-03
1.280000000000000000e+03 2.032621961210889176e-03
1.283200000000000045e+03 2.043039095527687289e-03
1.286400000000000091e+03 2.053479988987247113e-03
1.289599999999999909e+03 2.063962916790245197e-03
1.292799999999999955e+03 2.074506140415042273e-03
1.296000000000000000e+03 2.085120722808495117e-03
1.299200000000000045e+03 2.095804678936740318e-03
1.302400000000000091e+03 2.106540104527187315e-03
1.305599999999999909e+03 2.117295247049220865e-03
1.308799999999999955e+03 2.128031198454753779e-03
1.312000000000000000e+03 2.138711929052752002e-03
1.315200000000000045e+03 2.149314035314448673e-03
1.318400000000000091e+03 2.159833014770362342e-03
1.321599999999999909e+03 2.170283550728720288e-03
1.324799999999999955e+03 2.180694497819892462e-03
1.328000000000000000e+03 2.191100462419596183e-03
1.331200000000000045e+03 2.201533283551765710e-03
1.334400000000000091e+03 2.212015343414241823e-03
1.337599999999999909e+03 2.222557294055631412e-03
1.340799999999999955e+03 2.233161584631818651e-03
1.344000000000000000e+03 2.243832497521394166e-03
1.347200000000000045e+03 2.254588705752640001e-03
1.350400000000000091e+03 2.265471150237923902e-03
1.353599999999999909e+03 2.276538423587252339e-03
1.356799999999999955e+03 2.287848475048277937e-03
1.360000000000000000e+03 2.299434011189731373e-03
1.363200000000000045e+03 2.311284589197888650e-03
1.366400000000000091e+03 2.323344942772489607e-03
1.369599999999999909e+03 2.335530321753918372e-03
1.372799999999999955e+03 2.347750529720925555e-03
1.376000000000000000e+03 2.359931781203822992e-03
1.379200000000000045e+03 2.372028306703279077e-03
1.382400000000000091e+03 2.384022045800818831e-03
1.385599999999999909e+03 2.395913961450627828e-03
1.388799999999999955e+03 2.407712911428242560e-03
1.392000000000000000e+03 2.419427269857369125e-03
1.395200000000000045e+03 2.431061489199132578e-03
1.398400000000000091e+03 2.442617220432040468e-03
1.401599999999999909e+03 2.454096221349149742e-03
1.404799999999999955e+03 2.465502578452541133e-03
1.408000000000000000e+03 2.476842285789689155e-03
1.411200000000000045e+03 2.488120985966861456e-03
1.414400000000000091e+03 2.499341286493279597e-03
1.417599999999999909e+03 2.510501935557361668e-03
1.420799999999999955e+03 2.521598875990600265e-03
1.424000000000000000e+03 2.532627853099337235e-03
1.427200000000000045e+03 2.543586749078056118e-03
1.430400000000000091e+03 2.554477256647202932e-03
1.433599999999999909e+03 2.565305014850048203e-03
1.436799999999999955e+03 2.576078721801906748e-03
1.440000000000000000e+03 2.586807757040125028e-03
1.443200000000000045e+03 2.597499099639815137e-03
1.446400000000000091e+03 2.608153576977019755e-03
1.449599999999999909e+03 2.618763012532343733e-03
1.452799999999999955e+03 2.629309005689497297e-03
1.456000000000000000e+03 2.639765015825888423e-03
1.459200000000000045e+03 2.650101547648964131e-03
1.462400000000000091e+03 2.660294049189216616e-03
1.465599999999999909e+03 2.670330849606483096e-03
1.468799999999999955e+03 2.680218932663038216e-03
1.472000000000000000e+03 2.689985031904809729e-03
1.475200000000000045e+03 2.699671934171460081e-03
1.478400000000000091e+03 2.709331030030810890e-03
1.481599999999999909e+03 2.719014257842521706e-03
1.484799999999999955e+03 2.728768350386481020e-03
1.488000000000000000e+03 2.738633387053849774e-03
1.491200000000000045e+03 2.748644413214543919e-03
1.494400000000000091e+03 2.758832857423188130e-03
1.497599999999999909e+03 2.769223977001245441e-03
1.500799999999999955e+03 2.779830123837449471e-03
1.504000000000000000e+03 2.790643220630163214e-03
1.507200000000000045e+03 2.801631994711389385e-03
1.510400000000000091e+03 2.812746880095833100e-03
1.513599999999999909e+03 2.823931315183651324e-03
1.516799999999999955e+03 2.835134498190860532e-03
1.520000000000000000e+03 2.846320247912422201e-03
1.523200000000000045e+03 2.857469250196013714e-03
1.526400000000000091e+03 2.868575322940438224e-03
1.529599999999999909e+03 2.879639202313196387e-03
1.532799999999999955e+03 2.890663219452701584e-03
1.536000000000000000e+03 2.901649123625376931e-03
1.539200000000000045e+03 2.912598786117084806e-03
1.542400000000000091e+03 2.923516591630817823e-03
1.545599999999999909e+03 2.934411361475632030e-03
1.548799999999999955e+03 2.945296534845885921e-03
1.552000000000000000e+03 2.956187717978787845e-03
1.555200000000000045e+03 2.967098659776357724e-03
1.558400000000000091e+03 2.978037185096843453e-03
1.561599999999999909e+03 2.989003546525824222e-03
1.564799999999999955e+03 2.999991914958956285e-03
1.568000000000000000e+03 3.010994679820391297e-03
1.571200000000000045e+03 3.022007019710932704e-03
1.574400000000000091e+03 3.033029910527255176e-03
1.577599999999999909e+03 3.044070082227726647e-03
1.580799999999999955e+03 3.055137694879794634e-03
1.584000000000000000e+03 3.066242317597661984e-03
1.587200000000000045e+03 3.077388621836886582e-03
1.590400000000000091e+03 3.088572148378636566e-03
1.593599999999999909e+03 3.099776553874883725e-03
1.596799999999999955e+03 3.110973297720069034e-03
1.600000000000000000e+03 3.122125300596858503e-03
1.603200000000000045e+03 3.133194321781798426e-03
1.606400000000000091e+03 3.144150812937293940e-03
1.609599999999999909e+03 3.154982999525319468e-03
1.612799999999999955e+03 3.165702421323982052e-03
1.616000000000000000e+03 3.176343593101712583e-03
1.619200000000000045e+03 3.186958253489846019e-03
1.622400000000000091e+03 3.197605901738373706e-03
1.625599999999999909e+03 3.208344255467744741e-03
1.628799999999999955e+03 3.219222196896364113e-03
1.632000000000000000e+03 3.230277155621259083e-03
1.635200000000000045e+03 3.241536019935846100e-03
1.638400000000000091e+03 3.253017354534402245e-03
1.641599999999999909e+03 3.264731490164353867e-03
1.644799999999999955e+03 3.276677381991982291e-03
1.648000000000000000e+03 3.288838090591499671e-03
1.651200000000000045e+03 3.301179295475155633e-03
1.654400000000000091e+03 3.313653664662436372e-03
1.657599999999999909e+03 3.326210273972039083e-03
1.660799999999999955e+03 3.338804739791751200e-03
1.664000000000000000e+03 3.351405593790778275e-03
1.667200000000000045e+03 3.363994724641306520e-03
1.670400000000000091e+03 3.376562961981916487e-03
1.673599999999999909e+03 3.389103924614863487e-03
1.676799999999999955e+03 3.401609375188293077e-03
1.680000000000000000e+03 3.414068154368364149e-03
1.683200000000000045e+03 3.426468503719241020e-03
1.686400000000000091e+03 3.438802403158373357e-03
1.689599999999999909e+03 3.451069427095625110e-03
1.692799999999999955e+03 3.463278664848474641e-03
1.696000000000000000e+03 3.475447505859622851e-03
1.699200000000000045e+03 3.487598115158059911e-03
1.702400000000000091e+03 3.499752432554375202e-03
1.705599999999999909e+03 3.511927928646491927e-03
1.708799999999999955e+03 3.524134939329447939e-03
1.712000000000000000e+03 3.536376586603980597e-03
1.715200000000000045e+03 3.548650435999109627e-03
1.718400000000000091e+03 3.560951669166529613e-03
1.721599999999999909e+03 3.573276308979047439e-03
1.724799999999999955e+03 3.585623808482017467e-03
1.728000000000000000e+03 3.597997220641868405e-03
1.731200000000000045e+03 3.610400830728969709e-03
1.734400000000000091e+03 3.622835387679961081e-03
1.737599999999999909e+03 3.635293501285085868e-03
1.740799999999999955e+03 3.647756990919712432e-03
1.744000000000000000e+03 3.660198351451226118e-03
1.747200000000000045e+03 3.672586001880851197e-03
1.750400000000000091e+03 3.684892647489162055e-03
1.753599999999999909e+03 3.697104056983849599e-03
1.756799999999999955e+03 3.709226148490011882e-03
1.760000000000000000e+03 3.721288242739178697e-03
1.763200000000000045e+03 3.733342318044237385e-03
1.766400000000000091e+03 3.745458675844483797e-03
1.769599999999999909e+03 3.757719057940004867e-03
1.772799999999999955e+03 3.770207535338836874e-03
1.776000000000000000e+03 3.782999939247706084e-03
1.779200000000000045e+03 3.796153129566607470e-03
1.782400000000000091e+03 3.809696734960007353e-03
1.785599999999999909e+03 3.823629565199262222e-03
1.788799999999999955e+03 3.837922137856842383e-03
1.792000000000000000e+03 3.852524764199129290e-03
1.795200000000000045e+03 3.867379363050192555e-03
1.798400000000000091e+03 3.882431672105484104e-03
1.801599999999999909e+03 3.897639828780710344e-03
1.804799999999999955e+03 3.912976128404665674e-03
1.808000000000000000e+03 3.928421179126013150e-03
1.811200000000000045e+03 3.943953833828689297e-03
1.814400000000000091e+03 3.959542367733513701e-03
1.817599999999999909e+03 3.975142496418525295e-03
1.820799999999999955e+03 3.990703699147414400e-03
1.824000000000000000e+03 4.006181689832619998e-03
1.827200000000000045e+03 4.021551524856567875e-03
1.830400000000000091e+03 4.036816618912322796e-03
1.833599999999999909e+03 4.052010282672667378e-03
1.836799999999999955e+03 4.067189865624709633e-03
1.840000000000000000e+03 4.082424961555864741e-03
1.843200000000000045e+03 4.097783252446752546e-03
1.846400000000000091e+03 4.113317037612882442e-03
1.849599999999999909e+03 4.129054290675274706e-03
1.852799999999999955e+03 4.144996142094346456e-03
1.856000000000000000e+03 4.161121903320973842e-03
1.859200000000000045e+03 4.177398970619065725e-03
1.862400000000000091e+03 4.193793633107659527e-03
1.865599999999999909e+03 4.210277558739897348e-03
1.868799999999999955e+03 4.226828257487624287e-03
1.872000000000000000e+03 4.243424806907432345e-03
1.875200000000000045e+03 4.260043593066861929e-03
1.878400000000000091e+03 4.276657700859087460e-03
1.881599999999999909e+03 4.293241917917300053e-03
1.884799999999999955e+03 4.309781405772061293e-03
1.888000000000000000e+03 4.326281328598999103e-03
1.891200000000000045e+03 4.342773784096619523e-03
1.894400000000000091e+03 4.359320333126146321e-03
1.897599999999999909e+03 4.376008431702584078e-03
1.900799999999999955e+03 4.392941947756971895e-03
1.904000000000000000e+03 4.410226463413004748e-03
1.907200000000000045e+03 4.427952633291961163e-03
1.910400000000000091e+03 4.446181308242506611e-03
1.913599999999999909e+03 4.464934362820076330e-03
1.916799999999999955e+03 4.484192868764781160e-03
1.920000000000000000e+03 4.503902794247431444e-03
1.923200000000000045e+03 4.523986587554433732e-03
1.926400000000000091e+03 4.544357878169854280e-03
1.929599999999999909e+03 4.564935006160125361e-03
1.932799999999999955e+03 4.585649112971318733e-03
1.936000000000000000e+03 4.606445099222644668e-03
1.939200000000000045e+03 4.627277414711231454e-03
1.942400000000000091e+03 4.648105535027038764e-03
1.945599999999999909e+03 4.668892673466876891e-03
1.948799999999999955e+03 4.689608722549768773e-03
1.952000000000000000e+03 4.710234838211893767e-03
1.955200000000000045e+03 4.730767565244153004e-03
1.958400000000000091e+03 4.751220691866273049e-03
1.961599999999999909e+03 4.771625321417648398e-03
1.964799999999999955e+03 4.792027377433286800e-03
1.968000000000000000e+03 4.812482808622911556e-03
1.971200000000000045e+03 4.833049664948938645e-03
1.974400000000000091e+03 4.853778872168677989e-03
1.977599999999999909e+03 4.874704764574907395e-03
1.980799999999999955e+03 4.895838235760838382e-03
1.984000000000000000e+03 4.917163476395302983e-03
1.987200000000000045e+03 4.938640473951060907e-03
1.990400000000000091e+03 4.960212551631614820e-03
1.993599999999999909e+03 4.981817674733840344e-03
1.996799999999999955e+03 5.003399066491305038e-03
2.000000000000000000e+03 5.024912707696067848e-03
2.003200000000000045e+03 5.046330714620409635e-03
2.006400000000000091e+03 5.067643458368578484e-03
2.009599999999999909e+03 5.088862554146162537e-03
2.012799999999999955e+03 5.110025761149787973e-03
2.016000000000000000e+03 5.131201427321274017e-03
2.019200000000000045e+03 5.152489260282875662e-03
2.022400000000000091e+03 5.174014081707659952e-03
2.025599999999999909e+03 5.195911525966738151e-03
2.028799999999999955e+03 5.218307016562549229e-03
2.032000000000000000e+03 5.241292382439765446e-03
2.035200000000000045e+03 5.264906265286055029e-03
2.038400000000000091e+03 5.289124684622174138e-03
2.041599999999999909e+03 5.313865503646436270e-03
2.044799999999999955e+03 5.339006036734562748e-03
2.048000000000000000e+03 5.364408675416047940e-03
2.051199999999999818e+03 5.389946745499743161e-03
2.054400000000000091e+03 5.415523826066341410e-03
2.057599999999999909e+03 5.441082281709027496e-03
2.060800000000000182e+03 5.466601343582692431e-03
2.064000000000000000e+03 5.492087328646307748e-03
2.067199999999999818e+03 5.517560985664515631e-03
2.070400000000000091e+03 5.543045467703724624e-03
2.073599999999999909e+03 5.568558146016463171e-03
2.076800000000000182e+03 5.594106541869543758e-03
2.080000000000000000e+03 5.619688999424693465e-03
2.083199999999999818e+03 5.645298990686512842e-03
2.086400000000000091e+03 5.670932693140064498e-03
2.089599999999999909e+03 5.696596691435241479e-03
2.092800000000000182e+03 5.722312294269965398e-03
2.096000000000000000e+03 5.748111860498781797e-03
2.099199999999999818e+03 5.774026947282098927e-03
2.102400000000000091e+03 5.800071751844711881e-03
2.105599999999999909e+03 5.826230013952879601e-03
2.108800000000000182e+03 5.852451876388956031e-03
2.112000000000000000e+03 5.878664482618298215e-03
2.115199999999999818e+03 5.904793241791446434e-03
2.118400000000000091e+03 5.930787463138588109e-03
2.121599999999999909e+03 5.956640894328337106e-03
2.124800000000000182e+03 5.982400747325544894e-03
2.128000000000000000e+03 6.008162178007707584e-03
2.131199999999999818e+03 6.034051546132165010e-03
2.134400000000000091e+03 6.060203884502408066e-03
2.137599999999999909e+03 6.086740938559582689e-03
2.140800000000000182e+03 6.113753154920700816e-03
2.144000000000000000e+03 6.141287507365127823e-03
2.147199999999999818e+03 6.169341667111883157e-03
2.150400000000000091e+03 6.197865753921637244e-03
2.153599999999999909e+03 6.226772415483372743e-03
2.156800000000000182e+03 6.255954294952573852e-03
2.160000000000000000e+03 6.285305042559815626e-03
2.163199999999999818e+03 6.314737714223498874e-03
2.166400000000000091e+03 6.344195418807925362e-03
2.169599999999999909e+03 6.373651632255147685e-03
2.172800000000000182e+03 6.403102476992397762e-03
2.176000000000000000e+03 6.432554870955193432e-03
2.179199999999999818e+03 6.462015919779598612e-03
2.182400000000000091e+03 6.491485963390989343e-03
2.185599999999999909e+03 6.520956903172087094e-03
2.188800000000000182e+03 6.550414094783902144e-03
2.192000000000000000e+03 6.579841027030005306e-03
2.195199999999999818e+03 6.609224346294469143e-03
2.198400000000000091e+03 6.638558893614072628e-03
2.201599999999999909e+03 6.667850245253354423e-03
2.204800000000000182e+03 6.697114000395612901e-03
2.208000000000000000e+03 6.726369747769572228e-03
2.211199999999999818e+03 6.755632072014071052e-03
2.214400000000000091e+03 6.784901649361966408e-03
2.217599999999999909e+03 6.814162440154427139e-03
2.220800000000000182e+03 6.843387082183441730e-03
2.224000000000000000e+03 6.872549979593697324e-03
2.227199999999999818e+03 6.901642242938573271e-03
2.230400000000000091e+03 6.930682680989203037e-03
2.233599999999999909e+03 6.959720139561575807e-03
2.236800000000000182e+03 6.988827077477688735e-03
2.240000000000000000e+03 7.018087006964164598e-03
2.243199999999999818e+03 7.047580271831596632e-03
2.246400000000000091e+03 7.077371840997443396e-03
2.249599999999999909e+03 7.107503594227626564e-03
2.252800000000000182e+03 7.137991978611508449e-03
2.256000000000000000e+03 7.168830662565720338e-03
2.259199999999999818e+03 7.199996896971285615e-03
2.262400000000000091e+03 7.231459450271693172e-03
2.265599999999999909e+03 7.263186382043559583e-03
2.268800000000000182e+03 7.295150759842761873e-03
2.272000000000000000e+03 7.327333577166647051e-03
2.275199999999999818e+03 7.359722850583048405e-03
2.278400000000000091e+03 7.392309904373008458e-03
2.281599999999999909e+03 7.425084118161255284e-03
2.284800000000000182e+03 7.458029274285307708e-03
2.288000000000000000e+03 7.491122597443124718e-03
2.291199999999999818e+03 7.524337037895639617e-03
2.294400000000000091e+03 7.557644432052973774e-03
2.297599999999999909e+03 7.591018455726063381e-03
2.300800000000000182e+03 7.624435849697588918e-03
2.304000000000000000e+03 7.657877050848302565e-03
2.307199999999999818e+03 7.691326173875025554e-03
2.310400000000000091e+03 7.724771398777816392e-03
2.313599999999999909e+03 7.758204591310303121e-03
2.316800000000000182e+03 7.791620579106644552e-03
2.320000000000000000e+03 7.825015838612449717e-03
2.323199999999999818e+03 7.858389130256188126e-03
2.326400000000000091e+03 7.891745094860590226e-03
2.329599999999999909e+03 7.925101389002781743e-03
2.332800000000000182e+03 7.958495478142365437e-03
2.336000000000000000e+03 7.991987217584779063e-03
2.339199999999999818e+03 8.025653799012742035e-03
2.342400000000000091e+03 8.059579061144838200e-03
2.345599999999999909e+03 8.093841295766771374e-03
2.348800000000000182e+03 8.128504729403435158e-03
2.352000000000000000e+03 8.163615861667836843e-03
2.355199999999999818e+03 8.199203173931544908e-03
2.358400000000000091e+03 8.235277163002067621e-03
2.361599999999999909e+03 8.271829839165285511e-03
2.364800000000000182e+03 8.308835326070152308e-03
2.368000000000000000e+03 8.346254059528719627e-03
2.371199999999999818e+03 8.384041648995844975e-03
2.374400000000000091e+03 8.422159615119844192e-03
2.377599999999999909e+03 8.460583717491674399e-03
2.380800000000000182e+03 8.499305089331887775e-03
2.384000000000000000e+03 8.538324120292239625e-03
2.387199999999999818e+03 8.577639658654831814e-03
2.390400000000000091e+03 8.617240099456297334e-03
2.393599999999999909e+03 8.657099873087216804e-03
2.396800000000000182e+03 8.697183323643269126e-03
2.400000000000000000e+03 8.737452061821046265e-03
2.403199999999999818e+03 8.777872907545229003e-03
2.406400000000000091e+03 8.818422417925669138e-03
2.409599999999999909e+03 8.859088762135326409e-03
2.412800000000000182e+03 8.899870583931173210e-03
2.416000000000000000e+03 8.940775139504700958e-03
2.419199999999999818e+03 8.981815731072812295e-03
2.422400000000000091e+03 9.023011263805658794e-03
2.425599999999999909e+03 9.064388638700706519e-03
2.428800000000000182e+03 9.105988841820792518e-03
2.432000000000000000e+03 9.147872990934644705e-03
2.435199999999999818e+03 9.190124410929187415e-03
2.438400000000000091e+03 9.232843161371625390e-03
2.441599999999999909e+03 9.276134417202394275e-03
2.444800000000000182e+03 9.320095105700637941e-03
2.448000000000000000e+03 9.364804172236031871e-03
2.451199999999999818e+03 9.410318723739414734e-03
2.454400000000000091e+03 9.456674204241575024e-03
2.457599999999999909e+03 9.503885152533661160e-03
2.460800000000000182e+03 9.551944499240539246e-03
2.464000000000000000e+03 9.600823716091515594e-03
2.467199999999999818e+03 9.650477139472819765e-03
2.470400000000000091e+03 9.700852564490432955e-03
2.473599999999999909e+03 9.751904275525339130e-03
2.476800000000000182e+03 9.803602871073142239e-03
2.480000000000000000e+03 9.855936067212517707e-03
2.483199999999999818e+03 9.908901296380053653e-03
2.486400000000000091e+03 9.962494174479202477e-03
2.489599999999999909e+03 1.001670067949975672e-02
2.492800000000000182e+03 1.007149672242775747e-02
2.496000000000000000e+03 1.012685611452525045e-02
2.499199999999999818e+03 1.018276094304775697e-02
2.502400000000000091e+03 1.023920872793806190e-02
2.505599999999999909e+03 1.029621115504858637e-02
2.508800000000000182e+03 1.035378751257393440e-02
2.512000000000000000e+03 1.041195867245071384e-02
2.515199999999999818e+03 1.047074975228327702e-02
2.518400000000000091e+03 1.053020164040506697e-02
2.521599999999999909e+03 1.059038660469170667e-02
2.524800000000000182e+03 1.065141727948448747e-02
2.528000000000000000e+03 1.071344311232567958e-02
2.531199999999999818e+03 1.077663348362363840e-02
2.534400000000000091e+03 1.084115547862539268e-02
2.537599999999999909e+03 1.090715472504073975e-02
2.540800000000000182e+03 1.097474525517645738e-02
2.544000000000000000e+03 1.104400692909516223e-02
2.547199999999999818e+03 1.111498562740318580e-02
2.550400000000000091e+03 1.118769233638726435e-02
2.553599999999999909e+03 1.126210174780442608e-02
2.556800000000000182e+03 1.133815571577425491e-02
2.560000000000000000e+03 1.141577531378487609e-02
2.563199999999999818e+03 1.149488212838811925e-02
2.566400000000000091e+03 1.157542116391001297e-02
2.569599999999999909e+03 1.165737799997020388e-02
2.572800000000000182e+03 1.174078228018239634e-02
2.576000000000000000e+03 1.182569931146311946e-02
2.579199999999999818e+03 1.191221293425477959e-02
2.582400000000000091e+03 1.200040935206818198e-02
2.585599999999999909e+03 1.209036572706327119e-02
2.588800000000000182e+03 1.218214848496336315e-02
2.592000000000000000e+03 1.227581880906931065e-02
2.595199999999999818e+03 1.237144636726734449e-02
2.598400000000000091e+03 1.246912856944705668e-02
2.601599999999999909e+03 1.256901459559515120e-02
2.604800000000000182e+03 1.267132523065112037e-02
2.608000000000000000e+03 1.277635792977254922e-02
2.611199999999999818e+03 1.288446749668666243e-02
2.614400000000000091e+03 1.299602603811184781e-02
2.617599999999999909e+03 1.311137853058670470e-02
2.620800000000000182e+03 1.323081356423216372e-02
2.624000000000000000e+03 1.335455780801177682e-02
2.627199999999999818e+03 1.348278416950967999e-02
2.630400000000000091e+03 1.361561773679915467e-02
2.633599999999999909e+03 1.375313109754725850e-02
2.636800000000000182e+03 1.389534123148575620e-02
2.640000000000000000e+03 1.404222583850365733e-02
2.643199999999999818e+03 1.419377005001263431e-02
2.646400000000000091e+03 1.435002846488181438e-02
2.649599999999999909e+03 1.451117542072083780e-02
2.652800000000000182e+03 1.467751456240014990e-02
2.656000000000000000e+03 1.484944295560558167e-02
2.659199999999999818e+03 1.502738327754477195e-02
2.662400000000000091e+03 1.521171796796559617e-02
2.665599999999999909e+03 1.540275510511899745e-02
2.668800000000000182e+03 1.560074854294189566e-02
2.672000000000000000e+03 1.580596446299302113e-02
2.675199999999999818e+03 1.601876289064658315e-02
2.678400000000000091e+03 1.623963961189679381e-02
2.681599999999999909e+03 1.646918748623092676e-02
2.684800000000000182e+03 1.670797205739581875e-02
2.688000000000000000e+03 1.695636971963180445e-02
2.691199999999999818e+03 1.721444523597582404e-02
2.694400000000000091e+03 1.748192824898949643e-02
2.697599999999999909e+03 1.775829657276130347e-02
2.700800000000000182e+03 1.804291159414725051e-02
2.704000000000000000e+03 1.833513754474593027e-02
2.707199999999999818e+03 1.863439258416014349e-02
2.710400000000000091e+03 1.894013934435499411e-02
2.713599999999999909e+03 1.925184404373862096e-02
2.716800000000000182e+03 1.956894608376093941e-02
2.720000000000000000e+03 1.989084122775510236e-02
2.723199999999999818e+03 2.021686565277554595e-02
2.726400000000000091e+03 2.054625074738803542e-02
2.729599999999999909e+03 2.087804111507787427e-02
2.732800000000000182e+03 2.121099597941328643e-02
2.736000000000000000e+03 2.154351699800468103e-02
2.739199999999999818e+03 2.187364543066127112e-02
2.742400000000000091e+03 2.219913107983045170e-02
2.745599999999999909e+03 2.251755146420410247e-02
2.748800000000000182e+03 2.282644210285213887e-02
2.752000000000000000e+03 2.312342852705699323e-02
2.755199999999999818e+03 2.340634553663139411e-02
2.758400000000000091e+03 2.367332222452694923e-02
2.761599999999999909e+03 2.392278949808885474e-02
2.764800000000000182e+03 2.415341162878791026e-02
2.768000000000000000e+03 2.436401518217195042e-02
2.771199999999999818e+03 2.455363389861781390e-02
2.774400000000000091e+03 2.472171961028594295e-02
2.777599999999999909e+03 2.486840713437014211e-02
2.780800000000000182e+03 2.499460955996342729e-02
2.784000000000000000e+03 2.510178396520421421e-02
2.787199999999999818e+03 2.519146740381807137e-02
2.790400000000000091e+03 2.526490454083770917e-02
2.793599999999999909e+03 2.532307871059273630e-02
2.796800000000000182e+03 2.536714779914084686e-02
2.800000000000000000e+03 2.539893910713632991e-02
2.803199999999999818e+03 2.542105910325812707e-02
2.806400000000000091e+03 2.543645029763233825e-02
2.809599999999999909e+03 2.544767717553678837e-02
2.812800000000000182e+03 2.545646915100471461e-02
2.816000000000000000e+03 2.546387745604266825e-02
2.819199999999999818e+03 2.547090184313267891e-02
2.822400000000000091e+03 2.547903055241460338e-02
2.825599999999999909e+03 2.549017383457287053e-02
2.828800000000000182e+03 2.550600032901640182e-02
2.832000000000000000e+03 2.552729495768168294e-02
2.835199999999999818e+03 2.555407313975617545e-02
2.838400000000000091e+03 2.558658168987958462e-02
2.841599999999999909e+03 2.562641140598884495e-02
2.844800000000000182e+03 2.567659957320451297e-02
2.848000000000000000e+03 2.574033189681879802e-02
2.851199999999999818e+03 2.581919434209589692e-02
2.854400000000000091e+03 2.591263870453486273e-02
2.857599999999999909e+03 2.601949004459837983e-02
2.860800000000000182e+03 2.614043600213244306e-02
2.864000000000000000e+03 2.627921264358575384e-02
2.867199999999999818e+03 2.644103101412395226e-02
2.870400000000000091e+03 2.662920881293434974e-02
2.873599999999999909e+03 2.684277818101921120e-02
2.876800000000000182e+03 2.707721692168518768e-02
2.880000000000000000e+03 2.732779230861182018e-02
2.883199999999999818e+03 2.759273912560949657e-02
2.886400000000000091e+03 2.787366432505957586e-02
2.889599999999999909e+03 2.817293937534731327e-02
2.892800000000000182e+03 2.849028014816004997e-02
2.896000000000000000e+03 2.882118812121216636e-02
2.899199999999999818e+03 2.915832146884226456e-02
2.902400000000000091e+03 2.949462369639632014e-02
2.905599999999999909e+03 2.982594584936269777e-02
2.908800000000000182e+03 3.015154563790031772e-02
2.912000000000000000e+03 3.047250150962906023e-02
2.915199999999999818e+03 3.078944504672970206e-02
2.918400000000000091e+03 3.110118586705298144e-02
2.921599999999999909e+03 3.140494785256642968e-02
2.924800000000000182e+03 3.169776046799849950e-02
2.928000000000000000e+03 3.197792933129794957e-02
2.931199999999999818e+03 3.224567823965893143e-02
2.934400000000000091e+03 3.250275963694984616e-02
2.937599999999999909e+03 3.275148693292943836e-02
2.940800000000000182e+03 3.299383310399572888e-02
2.944000000000000000e+03 3.323100530029774596e-02
2.947199999999999818e+03 3.346352306520816028e-02
2.950400000000000091e+03 3.369163512088856061e-02
2.953599999999999909e+03 3.391585947190345340e-02
2.956800000000000182e+03 3.413741898048371776e-02
2.960000000000000000e+03 3.435831467625367203e-02
2.963199999999999818e+03 3.458093497077519701e-02
2.966400000000000091e+03 3.480742538374079209e-02
2.969599999999999909e+03 3.503923886706478835e-02
2.972800000000000182e+03 3.527707722259940809e-02
2.976000000000000000e+03 3.552105733953402067e-02
2.979199999999999818e+03 3.577084000785312606e-02
2.982400000000000091e+03 3.602568229993977772e-02
2.985599999999999909e+03 3.628457296337358334e-02
2.988800000000000182e+03 3.654649900178231353e-02
2.992000000000000000e+03 3.681069990161416061e-02
2.995199999999999818e+03 3.707673519470460616e-02
2.998400000000000091e+03 3.734435646845349344e-02
3.001599999999999909e+03 3.761326805789784455e-02
3.004800000000000182e+03 3.788287152015963610e-02
3.008000000000000000e+03 3.815209406386804031e-02
3.011199999999999818e+03 3.841942332863108878e-02
3.014400000000000091e+03 3.868321051796598520e-02
3.017599999999999909e+03 3.894209592257968228e-02
3.020800000000000182e+03 3.919525973680330899e-02
3.024000000000000000e+03 3.944226983459190455e-02
3.027199999999999818e+03 3.968261682794904655e-02
3.030400000000000091e+03 3.991527560040625949e-02
3.033599999999999909e+03 4.013867197235851392e-02
3.036800000000000182e+03 4.035123333135744866e-02
3.040000000000000000e+03 4.055232371738280023e-02
3.043199999999999818e+03 4.074294290300696508e-02
3.046400000000000091e+03 4.092548240319933417e-02
3.049599999999999909e+03 4.110240793515981123e-02
3.052800000000000182e+03 4.127462225443803701e-02
3.056000000000000000e+03 4.144073834974749959e-02
3.059199999999999818e+03 4.159801147241718594e-02
3.062400000000000091e+03 4.174450013253617336e-02
3.065599999999999909e+03 4.188094556563055210e-02
3.068800000000000182e+03 4.201080745077347134e-02
3.072000000000000000e+03 4.213815627256348173e-02
3.075199999999999818e+03 4.226486727032740393e-02
3.078400000000000091e+03 4.238937246702344924e-02
3.081599999999999909e+03 4.250817634166664805e-02
3.084800000000000182e+03 4.261908723837057322e-02
3.088000000000000000e+03 4.272346609058139816e-02
3.091199999999999818e+03 4.282538014813166982e-02
3.094400000000000091e+03 4.292818926983626299e-02
3.097599999999999909e+03 4.303157065709564688e-02
3.100800000000000182e+03 4.313186268484321684e-02
3.104000000000000000e+03 4.322559630698486616e-02
3.107199999999999818e+03 4.331290361717685111e-02
3.110400000000000091e+03 4.339738816299570229e-02
3.113599999999999909e+03 4.348246806388948726e-02
3.116800000000000182e+03 4.356786709418693920e-02
3.120000000000000000e+03 4.364990410612085842e-02
3.123199999999999818e+03 4.372530435923398240e-02
3.126400000000000091e+03 4.379447672195181662e-02
3.129599999999999909e+03 4.386077697328427671e-02
3.132800000000000182e+03 4.392667804007983207e-02
3.136000000000000000e+03 4.399113053022251502e-02
3.139199999999999818e+03 4.405093721714144900e-02
3.142400000000000091e+03 4.410436515542617147e-02
3.145599999999999909e+03 4.415282819452486657e-02
3.148800000000000182e+03 4.419893624935662679e-02
3.152000000000000000e+03 4.424346571901816016e-02
3.155199999999999818e+03 4.428479894220245516e-02
3.158400000000000091e+03 4.432117621325763757e-02
3.161599999999999909e+03 4.435282842025061595e-02
3.164800000000000182e+03 4.438154815098089429e-02
3.168000000000000000e+03 4.440855699393803785e-02
3.171199999999999818e+03 4.443339346321693167e-02
3.174400000000000091e+03 4.445494956154667776e-02
3.177599999999999909e+03 4.447310246207671069e-02
3.180800000000000182e+03 4.448894559615693828e-02
3.184000000000000000e+03 4.450360571955967043e-02
3.187199999999999818e+03 4.451726292009225427e-02
3.190400000000000091e+03 4.452941887474030219e-02
3.193599999999999909e+03 4.453979903540914581e-02
3.196800000000000182e+03 4.454870230724433666e-02
3.200000000000000000e+03 4.455657300577627045e-02
3.203199999999999818e+03 4.456355185731894486e-02
3.206400000000000091e+03 4.456958137781784346e-02
3.209599999999999909e+03 4.457478311800337767e-02
3.212800000000000182e+03 4.457950890126509413e-02
3.216000000000000000e+03 4.458400173401755318e-02
3.219199999999999818e+03 4.458814396611292252e-02
3.222400000000000091e+03 4.459162682079695350e-02
3.225599999999999909e+03 4.459432219431720690e-02
3.228800000000000182e+03 4.459641942057734204e-02
3.232000000000000000e+03 4.459822337645812790e-02
3.235199999999999818e+03 4.459989756535633759e-02
3.238400000000000091e+03 4.460142312748222038e-02
3.241599999999999909e+03 4.460273857395751634e-02
3.244800000000000182e+03 4.460384676485659033e-02
3.248000000000000000e+03 4.460479261620014374e-02
3.251199999999999818e+03 4.460559908073858520e-02
3.254400000000000091e+03 4.460626649910164748e-02
3.257599999999999909e+03 4.460681929403714080e-02
3.260800000000000182e+03 4.460731666479406804e-02
3.264000000000000000e+03 4.460780550531734390e-02
3.267199999999999818e+03 4.460827568671021232e-02
3.270400000000000091e+03 4.460867407432632381e-02
3.273599999999999909e+03 4.460895984712624773e-02
3.276800000000000182e+03 4.460914054591318817e-02
3.280000000000000000e+03 4.460925850114085683e-02
3.283199999999999818e+03 4.460935252681610952e-02
3.286400000000000091e+03 4.460943661799317284e-02
3.289599999999999909e+03 4.460950766748727342e-02
3.292800000000000182e+03 4.460956325123890953e-02
3.296000000000000000e+03 4.460960885877264526e-02
3.299199999999999818e+03 4.460965296471273295e-02
3.302400000000000091e+03 4.460970078206624723e-02
3.305599999999999909e+03 4.460975340150815510e-02
3.308800000000000182e+03 4.460980998336164932e-02
3.312000000000000000e+03 4.460986848631965512e-02
3.315199999999999818e+03 4.460992488907211673e-02
3.318400000000000091e+03 4.460997394662271492e-02
3.321599999999999909e+03 4.461001209786067540e-02
3.324800000000000182e+03 4.461003979757221377e-02
3.328000000000000000e+03 4.461006066463318875e-02
3.331199999999999818e+03 4.461007846121495257e-02
3.334400000000000091e+03 4.461009510356550578e-02
3.337599999999999909e+03 4.461011121455894790e-02
3.340800000000000182e+03 4.461012777438991272e-02
3.344000000000000000e+03 4.461014649546868327e-02
3.347199999999999818e+03 4.461016851701358338e-02
3.350400000000000091e+03 4.461019308118715360e-02
3.353599999999999909e+03 4.461021773202129143e-02
3.356800000000000182e+03 4.461023989211390650e-02
3.360000000000000000e+03 4.461025828749597827e-02
3.363199999999999818e+03 4.461027319560648130e-02
3.366400000000000091e+03 4.461028580839539875e-02
3.369599999999999909e+03 4.461029757259770551e-02
3.372800000000000182e+03 4.461030989245668571e-02
3.376000000000000000e+03 4.461032390625552929e-02
3.379199999999999818e+03 4.461034016014682468e-02
3.382400000000000091e+03 4.461035846932536603e-02
3.385599999999999909e+03 4.461037825913721777e-02
3.388800000000000182e+03 4.461039915045685034e-02
3.392000000000000000e+03 4.461042120145806283e-02
3.395199999999999818e+03 4.461044448880608498e-02
3.398400000000000091e+03 4.461046857685588285e-02
3.401599999999999909e+03 4.461049250421732920e-02
3.404800000000000182e+03 4.461051555635470872e-02
3.408000000000000000e+03 4.461053813342104324e-02
3.411199999999999818e+03 4.461056191363328011e-02
3.414400000000000091e+03 4.461058904904562777e-02
3.417599999999999909e+03 4.461062086247804398e-02
3.420800000000000182e+03 4.461065701879262518e-02
3.424000000000000000e+03 4.461069561534070776e-02
3.427199999999999818e+03 4.461073416182595452e-02
3.430400000000000091e+03 4.461077068907993298e-02
3.433599999999999909e+03 4.461080436002003852e-02
3.436800000000000182e+03 4.461083527648067315e-02
3.440000000000000000e+03 4.461086376497159361e-02
3.443199999999999818e+03 4.461088974486616260e-02
3.446400000000000091e+03 4.461091258725696784e-02
3.449599999999999909e+03 4.461093154226407342e-02
3.452800000000000182e+03 4.461094628951429997e-02
3.456000000000000000e+03 4.461095724649624672e-02
3.459199999999999818e+03 4.461096539107694409e-02
3.462400000000000091e+03 4.461097185351246830e-02
3.465599999999999909e+03 4.461097755841946649e-02
3.468800000000000182e+03 4.461098313174725188e-02
3.472000000000000000e+03 4.461098896185596713e-02
3.475199999999999818e+03 4.461099521787705718e-02
3.478400000000000091e+03 4.461100181646442814e-02
3.481599999999999909e+03 4.461100843741158672e-02
3.484800000000000182e+03 4.461101469260881497e-02
3.488000000000000000e+03 4.461102032106420423e-02
3.491199999999999818e+03 4.461102528695015668e-02
3.494400000000000091e+03 4.461102974983122138e-02
3.497599999999999909e+03 4.461103397613378624e-02
3.500800000000000182e+03 4.461103828473675370e-02
3.504000000000000000e+03 4.461104300591349492e-02
3.507199999999999818e+03 4.461104837331798106e-02
3.510400000000000091e+03 4.461105433604252435e-02
3.513599999999999909e+03 4.461106051784708565e-02
3.516800000000000182e+03 4.461106653101484798e-02
3.520000000000000000e+03 4.461107243395628225e-02
3.523199999999999818e+03 4.461107885661269590e-02
3.526400000000000091e+03 4.461108666844115778e-02
3.529599999999999909e+03 4.461109660470391480e-02
3.532800000000000182e+03 4.461110921429455728e-02
3.536000000000000000e+03 4.461112495170756198e-02
3.539199999999999818e+03 4.461114395048382947e-02
3.542400000000000091e+03 4.461116544633036279e-02
3.545599999999999909e+03 4.461118757833338472e-02
3.548800000000000182e+03 4.461120827635421671e-02
3.552000000000000000e+03 4.461122689550761633e-02
3.555199999999999818e+03 4.461124508661824112e-02
3.558400000000000091e+03 4.461126579599657138e-02
3.561599999999999909e+03 4.461129115111907989e-02
3.564800000000000182e+03 4.461132117903462979e-02
3.568000000000000000e+03 4.461135460797463481e-02
3.571199999999999818e+03 4.461139076138559423e-02
3.574400000000000091e+03 4.461143063998240788e-02
3.577599999999999909e+03 4.461147607614594085e-02
3.580800000000000182e+03 4.461152785086714562e-02
3.584000000000000000e+03 4.461158451908588118e-02
3.587199999999999818e+03 4.461164281974201035e-02
3.590400000000000091e+03 4.461169918606918555e-02
3.593599999999999909e+03 4.461175103461027802e-02
3.596800000000000182e+03 4.461179727653377669e-02
3.600000000000000000e+03 4.461183813043249902e-02
3.603199999999999818e+03 4.461187473364311429e-02
3.606400000000000091e+03 4.461190867498938256e-02
3.609599999999999909e+03 4.461194140305931033e-02
3.612800000000000182e+03 4.461197372847575116e-02
3.616000000000000000e+03 4.461200560552251726e-02
3.619199999999999818e+03 4.461203638607632443e-02
3.622400000000000091e+03 4.461206521015336629e-02
3.625599999999999909e+03 4.461209137897211713e-02
3.628800000000000182e+03 4.461211457117904983e-02
3.632000000000000000e+03 4.461213497482469786e-02
3.635199999999999818e+03 4.461215329318116846e-02
3.638400000000000091e+03 4.461217052528751448e-02
3.641599999999999909e+03 4.461218755838105426e-02
3.644800000000000182e+03 4.461220477997569073e-02
3.648000000000000000e+03 4.461222202544845583e-02
3.651199999999999818e+03 4.461223890316394491e-02
3.654400000000000091e+03 4.461225522143335426e-02
3.657599999999999909e+03 4.461227112375132364e-02
3.660800000000000182e+03 4.461228687951632188e-02
3.664000000000000000e+03 4.461230254183371630e-02
3.667199999999999818e+03 4.461231788651850994e-02
3.670400000000000091e+03 4.461233268542288272e-02
3.673599999999999909e+03 4.461234715327222489e-02
3.676800000000000182e+03 4.461236215991733894e-02
3.680000000000000000e+03 4.461237903255006049e-02
3.683199999999999818e+03 4.461239905620028451e-02
3.686400000000000091e+03 4.461242291504512875e-02
3.689599999999999909e+03 4.461245039574016080e-02
3.692800000000000182e+03 4.461248042652157797e-02
3.696000000000000000e+03 4.461251148446235271e-02
3.699199999999999818e+03 4.461254210625434369e-02
3.702400000000000091e+03 4.461257132398011721e-02
3.705599999999999909e+03 4.461259882433946111e-02
3.708800000000000182e+03 4.461262480584334000e-02
3.712000000000000000e+03 4.461264961831731130e-02
3.715199999999999818e+03 4.461267334328453821e-02
3.718400000000000091e+03 4.461269558514124878e-02
3.721599999999999909e+03 4.461271555391912308e-02
3.724800000000000182e+03 4.461273254704774260e-02
3.728000000000000000e+03 4.461274656318058029e-02
3.731199999999999818e+03 4.461275875738045932e-02
3.734400000000000091e+03 4.461277126860585529e-02
3.737599999999999909e+03 4.461278639235394944e-02
3.740800000000000182e+03 4.461280552426864082e-02
3.744000000000000000e+03 4.461282855567499234e-02
3.747199999999999818e+03 4.461285420095947168e-02
3.750400000000000091e+03 4.461288098708107719e-02
3.753599999999999909e+03 4.461290829699886967e-02
3.756800000000000182e+03 4.461293663927247410e-02
3.760000000000000000e+03 4.461296690761101802e-02
3.763199999999999818e+03 4.461299907797764558e-02
3.766400000000000091e+03 4.461303135864171793e-02
3.769599999999999909e+03 4.461306070732407730e-02
3.772800000000000182e+03 4.461308452519378159e-02
3.776000000000000000e+03 4.461310248007759743e-02
3.779199999999999818e+03 4.461311693841644999e-02
3.782400000000000091e+03 4.461313157244384958e-02
3.785599999999999909e+03 4.461314915081426857e-02
3.788800000000000182e+03 4.461317034628463352e-02
3.792000000000000000e+03 4.461319457559011215e-02
3.795199999999999818e+03 4.461322177110228770e-02
3.798400000000000091e+03 4.461325309782777915e-02
3.801599999999999909e+03 4.461328952805769521e-02
3.804800000000000182e+03 4.461332961761289156e-02
3.808000000000000000e+03 4.461336897710869998e-02
3.811199999999999818e+03 4.461340251290057957e-02
3.814400000000000091e+03 4.461342785173016967e-02
3.817599999999999909e+03 4.461344683997944122e-02
3.820800000000000182e+03 4.461346387159796645e-02
3.824000000000000000e+03 4.461348278921129645e-02
3.827199999999999818e+03 4.461350534089406072e-02
3.830400000000000091e+03 4.461353221073389302e-02
3.833599999999999909e+03 4.461356452582961041e-02
3.836800000000000182e+03 4.461360346532063786e-02
3.840000000000000000e+03 4.461364804817993107e-02
3.843199999999999818e+03 4.461369395946625932e-02
3.846400000000000091e+03 4.461373547281495544e-02
3.849599999999999909e+03 4.461376906317234686e-02
3.852800000000000182e+03 4.461379531451899194e-02
3.856000000000000000e+03 4.461381749038068750e-02
3.859199999999999818e+03 4.461383888921666846e-02
3.862400000000000091e+03 4.461386194270017952e-02
3.865599999999999909e+03 4.461388914642715892e-02
3.868800000000000182e+03 4.461392327255343793e-02
3.872000000000000000e+03 4.461396537298428777e-02
3.875199999999999818e+03 4.461401278942824650e-02
3.878400000000000091e+03 4.461406006601936064e-02
3.881599999999999909e+03 4.461410238271532047e-02
3.884800000000000182e+03 4.461413803698768832e-02
3.888000000000000000e+03 4.461416788313747606e-02
3.891199999999999818e+03 4.461419352635968144e-02
3.894400000000000091e+03 4.461421690787718830e-02
3.897599999999999909e+03 4.461424106051883193e-02
3.900800000000000182e+03 4.461426964765331099e-02
3.904000000000000000e+03 4.461430464309963650e-02
3.907199999999999818e+03 4.461434458752147614e-02
3.910400000000000091e+03 4.461438552158361603e-02
3.913599999999999909e+03 4.461442361096151082e-02
3.916800000000000182e+03 4.461445675706032093e-02
3.920000000000000000e+03 4.461448436504578119e-02
3.923199999999999818e+03 4.461450679570017758e-02
3.926400000000000091e+03 4.461452561669435046e-02
3.929599999999999909e+03 4.461454383733135659e-02
3.932800000000000182e+03 4.461456485134140254e-02
3.936000000000000000e+03 4.461459057239283710e-02
3.939199999999999818e+03 4.461462046797487480e-02
3.942400000000000091e+03 4.461465225830112818e-02
3.945599999999999909e+03 4.461468340171197838e-02
3.948800000000000182e+03 4.461471205506529342e-02
3.952000000000000000e+03 4.461473730196108961e-02
3.955199999999999818e+03 4.461475914199981851e-02
3.958400000000000091e+03 4.461477845243832369e-02
3.961599999999999909e+03 4.461479671877035397e-02
3.964800000000000182e+03 4.461481542239779940e-02
3.968000000000000000e+03 4.461483547721389886e-02
3.971199999999999818e+03 4.461485700810391419e-02
3.974400000000000091e+03 4.461487948378730500e-02
3.977599999999999909e+03 4.461490202529939247e-02
3.980800000000000182e+03 4.461492375342240163e-02
3.984000000000000000e+03 4.461494411479278999e-02
3.987199999999999818e+03 4.461496306657946470e-02
3.990400000000000091e+03 4.461498099277029505e-02
3.993599999999999909e+03 4.461499842313831204e-02
3.996800000000000182e+03 4.461501573439657226e-02
4.000000000000000000e+03 4.461503307366870147e-02
4.003199999999999818e+03 4.461505044137698689e-02
4.006400000000000091e+03 4.461506777315931566e-02
4.009599999999999909e+03 4.461508494708960049e-02
4.012800000000000182e+03 4.461510179854708685e-02
4.016000000000000000e+03 4.461511821013720847e-02
4.019199999999999818e+03 4.461513420321518847e-02
4.022400000000000091e+03 4.461514993375264443e-02
4.025599999999999909e+03 4.461516562392153079e-02
4.028800000000000182e+03 4.461518146487215841e-02
4.032000000000000000e+03 4.461519755481169192e-02
4.035199999999999818e+03 4.461521387132811461e-02
4.038400000000000091e+03 4.461523029233925575e-02
4.041599999999999909e+03 4.461524666408443751e-02
4.044800000000000182e+03 4.461526288070403329e-02
4.048000000000000000e+03 4.461527893466705336e-02
4.051199999999999818e+03 4.461529492307561573e-02
4.054400000000000091e+03 4.461531099866197086e-02
4.057599999999999909e+03 4.461532732267561169e-02
4.060800000000000182e+03 4.461534401843614966e-02
4.064000000000000000e+03 4.461536114366611294e-02
4.067199999999999818e+03 4.461537868202283819e-02
4.070400000000000091e+03 4.461539655070304727e-02
4.073599999999999909e+03 4.461541466506447479e-02
4.076800000000000182e+03 4.461543300520053740e-02
4.080000000000000000e+03 4.461545168861090482e-02
4.083199999999999818e+03 4.461547097927460320e-02
4.086400000000000091e+03 4.461549121907710386e-02
4.089599999999999909e+03 4.461551269812870368e-02
4.092800000000000182e+03 4.461553553590832250e-02
4.096000000000000000e+03 4.461555964264987684e-02
4.099199999999999818e+03 4.461558475923829009e-02
4.102399999999999636e+03 4.461561052589284315e-02
4.105600000000000364e+03 4.461563658282578781e-02
4.108800000000000182e+03 4.461566266345402126e-02
4.112000000000000000e+03 4.461568869827524375e-02
4.115199999999999818e+03 4.461571485665379727e-02
4.118399999999999636e+03 4.461574150953160484e-02
4.121600000000000364e+03 4.461576908958676813e-02
4.124800000000000182e+03 4.461579793535521560e-02
4.128000000000000000e+03 4.461582818882831730e-02
4.131199999999999818e+03 4.461585977953185650e-02
4.134399999999999636e+03 4.461589242947840150e-02
4.137600000000000364e+03 4.461592570299340033e-02
4.140800000000000182e+03 4.461595909509011304e-02
4.144000000000000000e+03 4.461599218074398937e-02
4.147199999999999818e+03 4.461602473993797613e-02
4.150399999999999636e+03 4.461605680631221954e-02
4.153600000000000364e+03 4.461608861970135093e-02
4.156800000000000182e+03 4.461612052622060398e-02
4.160000000000000000e+03 4.461615286547231801e-02
4.163199999999999818e+03 4.461618586602307535e-02
4.166399999999999636e+03 4.461621954020522640e-02
4.169600000000000364e+03 4.461625363006094247e-02
4.172800000000000182e+03 4.461628764287925430e-02
4.176000000000000000e+03 4.461632099612650171e-02
4.179199999999999818e+03 4.461635320719940095e-02
4.182399999999999636e+03 4.461638403001463860e-02
4.185600000000000364e+03 4.461641349769282505e-02
4.188800000000000182e+03 4.461644185920562999e-02
4.192000000000000000e+03 4.461646947456972961e-02
4.195199999999999818e+03 4.461649668491522724e-02
4.198399999999999636e+03 4.461652370419203623e-02
4.201600000000000364e+03 4.461655052996640891e-02
4.204800000000000182e+03 4.461657693564298477e-02
4.208000000000000000e+03 4.461660255724804458e-02
4.211199999999999818e+03 4.461662709737759802e-02
4.214399999999999636e+03 4.461665051223000916e-02
4.217600000000000364e+03 4.461667307746331607e-02
4.220800000000000182e+03 4.461669527051630862e-02
4.224000000000000000e+03 4.461671760053893127e-02
4.227199999999999818e+03 4.461674048489945588e-02
4.230399999999999636e+03 4.461676418273422678e-02
4.233600000000000364e+03 4.461678869037462997e-02
4.236800000000000182e+03 4.461681363638639319e-02
4.240000000000000000e+03 4.461683830384004235e-02
4.243199999999999818e+03 4.461686191547478003e-02
4.246399999999999636e+03 4.461688402548961985e-02
4.249600000000000364e+03 4.461690476293547758e-02
4.252800000000000182e+03 4.461692474223095950e-02
4.256000000000000000e+03 4.461694478865046304e-02
4.259199999999999818e+03 4.461696568893913639e-02
4.262399999999999636e+03 4.461698805397032452e-02
4.265600000000000364e+03 4.461701220540886109e-02
4.268800000000000182e+03 4.461703807126074506e-02
4.272000000000000000e+03 4.461706518859345771e-02
4.275199999999999818e+03 4.461709290446332771e-02
4.278399999999999636e+03 4.461712067228943562e-02
4.281600000000000364e+03 4.461714826565021941e-02
4.284800000000000182e+03 4.461717581322498932e-02
4.288000000000000000e+03 4.461720372173767074e-02
4.291199999999999818e+03 4.461723256278649075e-02
4.294399999999999636e+03 4.461726292162416369e-02
4.297600000000000364e+03 4.461729520920823533e-02
4.300800000000000182e+03 4.461732949726150699e-02
4.304000000000000000e+03 4.461736551816779944e-02
4.307199999999999818e+03 4.461740281582755874e-02
4.310399999999999636e+03 4.461744098123144459e-02
4.313600000000000364e+03 4.461747980009247300e-02
4.316800000000000182e+03 4.461751931049921793e-02
4.320000000000000000e+03 4.461755976103889271e-02
4.323199999999999818e+03 4.461760153397724415e-02
4.326399999999999636e+03 4.461764501084276857e-02
4.329600000000000364e+03 4.461769044192662181e-02
4.332800000000000182e+03 4.461773785474707626e-02
4.336000000000000000e+03 4.461778708149226336e-02
4.339199999999999818e+03 4.461783784494860461e-02
4.342399999999999636e+03 4.461788988700434583e-02
4.345600000000000364e+03 4.461794304673837031e-02
4.348800000000000182e+03 4.461799731225311177e-02
4.352000000000000000e+03 4.461805279911754823e-02
4.355199999999999818e+03 4.461810969065118510e-02
4.358399999999999636e+03 4.461816813372558588e-02
4.361600000000000364e+03 4.461822815633948586e-02
4.364800000000000182e+03 4.461828962545207750e-02
4.368000000000000000e+03 4.461835227651878705e-02
4.371199999999999818e+03 4.461841577403515002e-02
4.374399999999999636e+03 4.461847979837627043e-02
4.377600000000000364e+03 4.461854411057587788e-02
4.380800000000000182e+03 4.461860858837628924e-02
4.384000000000000000e+03 4.461867321395584368e-02
4.387199999999999818e+03 4.461873803020689755e-02
4.390399999999999636e+03 4.461880308926796657e-02
4.393600000000000364e+03 4.461886840073658878e-02
4.396800000000000182e+03 4.461893389154483053e-02
4.400000000000000000e+03 4.461899937884215850e-02
4.403199999999999818e+03 4.461906457812143956e-02
4.406399999999999636e+03 4.461912914602660096e-02
4.409600000000000364e+03 4.461919275957527270e-02
4.412800000000000182e+03 4.461925517544201858e-02
4.416000000000000000e+03 4.461931627494378216e-02
4.419199999999999818e+03 4.461937604750179642e-02
4.422399999999999636e+03 4.461943458636485199e-02
4.425600000000000364e+03 4.461949206806505031e-02
4.428800000000000182e+03 4.461954877317859253e-02
4.432000000000000000e+03 4.461960508346880100e-02
4.435199999999999818e+03 4.461966146978896958e-02
4.438399999999999636e+03 4.461971844052004671e-02
4.441600000000000364e+03 4.461977647750434151e-02
4.444800000000000182e+03 4.461983596359906518e-02
4.448000000000000000e+03 4.461989711726328800e-02
4.451199999999999818e+03 4.461995993031924596e-02
4.454399999999999636e+03 4.462002412169822213e-02
4.457600000000000364e+03 4.462008911137485545e-02
4.460800000000000182e+03 4.462015409686338058e-02
4.464000000000000000e+03 4.462021824592442287e-02
4.467199999999999818e+03 4.462028102513697358e-02
4.470399999999999636e+03 4.462034247547356364e-02
4.473600000000000364e+03 4.462040333071465997e-02
4.476800000000000182e+03 4.462046486835472003e-02
4.480000000000000000e+03 4.462052858672087285e-02
4.483199999999999818e+03 4.462059581982875944e-02
4.486399999999999636e+03 4.462066741088093619e-02
4.489600000000000364e+03 4.462074353536350790e-02
4.492800000000000182e+03 4.462082365634555819e-02
4.496000000000000000e+03 4.462090664124557238e-02
4.499199999999999818e+03 4.462099103750669787e-02
4.502399999999999636e+03 4.462107555368770295e-02
4.505600000000000364e+03 4.462115956499199815e-02
4.508800000000000182e+03 4.462124339917723781e-02
4.512000000000000000e+03 4.462132817669100388e-02
4.515199999999999818e+03 4.462141535321266506e-02
4.518399999999999636e+03 4.462150618792208590e-02
4.521600000000000364e+03 4.462160142486729791e-02
4.524800000000000182e+03 4.462170114207832800e-02
4.528000000000000000e+03 4.462180473163799427e-02
4.531199999999999818e+03 4.462191093332978226e-02
4.534399999999999636e+03 4.462201811640133242e-02
4.537600000000000364e+03 4.462212486117193150e-02
4.540800000000000182e+03 4.462223066587458348e-02
4.544000000000000000e+03 4.462233625439751550e-02
4.547199999999999818e+03 4.462244327623106355e-02
4.550399999999999636e+03 4.462255358122640958e-02
4.553600000000000364e+03 4.462266859338281239e-02
4.556800000000000182e+03 4.462278892272663472e-02
4.560000000000000000e+03 4.462291414021223035e-02
4.563199999999999818e+03 4.462304260930487210e-02
4.566399999999999636e+03 4.462317171043116842e-02
4.569600000000000364e+03 4.462329862959455579e-02
4.572800000000000182e+03 4.462342147192885355e-02
4.576000000000000000e+03 4.462353993810611041e-02
4.579199999999999818e+03 4.462365517608896798e-02
4.582399999999999636e+03 4.462376903694004887e-02
4.585600000000000364e+03 4.462388326436615010e-02
4.588800000000000182e+03 4.462399892495346604e-02
4.592000000000000000e+03 4.462411598297794102e-02
4.595199999999999818e+03 4.462423313815397363e-02
4.598399999999999636e+03 4.462434816851673647e-02
4.601600000000000364e+03 4.462445884210215069e-02
4.604800000000000182e+03 4.462456389333833984e-02
4.608000000000000000e+03 4.462466344146370084e-02
4.611199999999999818e+03 4.462475869377392074e-02
4.614399999999999636e+03 4.462485136727059598e-02
4.617600000000000364e+03 4.462494309505054407e-02
4.620800000000000182e+03 4.462503499493448295e-02
4.624000000000000000e+03 4.462512730964902918e-02
4.627199999999999818e+03 4.462521941027054739e-02
4.630399999999999636e+03 4.462531022454636204e-02
4.633600000000000364e+03 4.462539888824540446e-02
4.636800000000000182e+03 4.462548517307515783e-02
4.640000000000000000e+03 4.462556950257075272e-02
4.643199999999999818e+03 4.462565266916086737e-02
4.646399999999999636e+03 4.462573557807099356e-02
4.649600000000000364e+03 4.462581898818984705e-02
4.652800000000000182e+03 4.462590337481474323e-02
4.656000000000000000e+03 4.462598884915110892e-02
4.659199999999999818e+03 4.462607527617186431e-02
4.662399999999999636e+03 4.462616248803673996e-02
4.665600000000000364e+03 4.462625042011184040e-02
4.668800000000000182e+03 4.462633914723516254e-02
4.672000000000000000e+03 4.462642886036801565e-02
4.675199999999999818e+03 4.462651989222395088e-02
4.678399999999999636e+03 4.462661272754293168e-02
4.681600000000000364e+03 4.462670791673487708e-02
4.684800000000000182e+03 4.462680591067134245e-02
4.688000000000000000e+03 4.462690695949989711e-02
4.691199999999999818e+03 4.462701106410082302e-02
4.694399999999999636e+03 4.462711806668150094e-02
4.697600000000000364e+03 4.462722770330641159e-02
4.700800000000000182e+03 4.462733977010172742e-02
4.704000000000000000e+03 4.462745424483728629e-02
4.707199999999999818e+03 4.462757142160598406e-02
4.710399999999999636e+03 4.462769187006673799e-02
4.713600000000000364e+03 4.462781631177474562e-02
4.716800000000000182e+03 4.462794536988511085e-02
4.720000000000000000e+03 4.462807939623543441e-02
4.723199999999999818e+03 4.462821828572234584e-02
4.726399999999999636e+03 4.462836146670060011e-02
4.729600000000000364e+03 4.462850793686462536e-02
4.732800000000000182e+03 4.462865646895406574e-02
4.736000000000000000e+03 4.462880582235374816e-02
4.739199999999999818e+03 4.462895494966868937e-02
4.742399999999999636e+03 4.462910311053896323e-02
4.745600000000000364e+03 4.462924988474192833e-02
4.748800000000000182e+03 4.462939510565808177e-02
4.752000000000000000e+03 4.462953871090618446e-02
4.755199999999999818e+03 4.462968060470624138e-02
4.758399999999999636e+03 4.462982054456514358e-02
4.761600000000000364e+03 4.462995818498898676e-02
4.764800000000000182e+03 4.463009317205421378e-02
4.768000000000000000e+03 4.463022536116107580e-02
4.771199999999999818e+03 4.463035492078703398e-02
4.774399999999999636e+03 4.463048242654080178e-02
4.777600000000000364e+03 4.463060874020959717e-02
4.780800000000000182e+03 4.463073490297003038e-02
4.784000000000000000e+03 4.463086190785583302e-02
4.787199999999999818e+03 4.463099061902067038e-02
4.790399999999999636e+03 4.463112165710791945e-02
4.793600000000000364e+03 4.463125543663687411e-02
4.796800000000000182e+03 4.463139214066434018e-02
4.800000000000000000e+03 4.463153178222363515e-02
4.803199999999999818e+03 4.463167422044268806e-02
4.806399999999999636e+03 4.463181924431474518e-02
4.809600000000000364e+03 4.463196668003666795e-02
4.812800000000000182e+03 4.463211653656532635e-02
4.816000000000000000e+03 4.463226920197297526e-02
4.819199999999999818e+03 4.463242555836594017e-02
4.822399999999999636e+03 4.463258709714962302e-02
4.825600000000000364e+03 4.463275580638796647e-02
4.828800000000000182e+03 4.463293408261075068e-02
4.832000000000000000e+03 4.463312440533351994e-02
4.835199999999999818e+03 4.463332914752235481e-02
4.838399999999999636e+03 4.463355019393933087e-02
4.841600000000000364e+03 4.463378876202332701e-02
4.844800000000000182e+03 4.463404510914664725e-02
4.848000000000000000e+03 4.463431851429947028e-02
4.851199999999999818e+03 4.463460727107177589e-02
4.854399999999999636e+03 4.463490895452310731e-02
4.857600000000000364e+03 4.463522071002133662e-02
4.860800000000000182e+03 4.463553964876274677e-02
4.864000000000000000e+03 4.463586319989442525e-02
4.867199999999999818e+03 4.463618937099534528e-02
4.870399999999999636e+03 4.463651694153460830e-02
4.873600000000000364e+03 4.463684539063832168e-02
4.876800000000000182e+03 4.463717476930703643e-02
4.880000000000000000e+03 4.463750527284227748e-02
4.883199999999999818e+03 4.463783697546618023e-02
4.886399999999999636e+03 4.463816955763948158e-02
4.889600000000000364e+03 4.463850250941635289e-02
4.892800000000000182e+03 4.463883551527535187e-02
4.896000000000000000e+03 4.463916911958531325e-02
4.899199999999999818e+03 4.463950522075656180e-02
4.902399999999999636e+03 4.463984729064051499e-02
4.905600000000000364e+03 4.464020027133871332e-02
4.908800000000000182e+03 4.464057027409656236e-02
4.912000000000000000e+03 4.464096433366291500e-02
4.915199999999999818e+03 4.464138993369912156e-02
4.918399999999999636e+03 4.464185429797323801e-02
4.921600000000000364e+03 4.464236314577715858e-02
4.924800000000000182e+03 4.464291975093779424e-02
4.928000000000000000e+03 4.464352458047432526e-02
4.931199999999999818e+03 4.464417617660493276e-02
4.934399999999999636e+03 4.464487233302611574e-02
4.937600000000000364e+03 4.464561106497130089e-02
4.940800000000000182e+03 4.464639049820166850e-02
4.944000000000000000e+03 4.464720809581684130e-02
4.947199999999999818e+03 4.464805979192180280e-02
4.950399999999999636e+03 4.464893967463297308e-02
4.953600000000000364e+03 4.464984058054043831e-02
4.956800000000000182e+03 4.465075561513941194e-02
4.960000000000000000e+03 4.465168038315384808e-02
4.963199999999999818e+03 4.465261507710985289e-02
4.966399999999999636e+03 4.465356518462264973e-02
4.969600000000000364e+03 4.465454009067382213e-02
4.972800000000000182e+03 4.465555082925155156e-02
4.976000000000000000e+03 4.465660846194540595e-02
4.979199999999999818e+03 4.465772369958981997e-02
4.982399999999999636e+03 4.465890816345472608e-02
4.985600000000000364e+03 4.466017627383318811e-02
4.988800000000000182e+03 4.466154580823357423e-02
4.992000000000000000e+03 4.466303646718560588e-02
4.995199999999999818e+03 4.466466852195764142e-02
4.998399999999999636e+03 4.466646365603067076e-02
5.001600000000000364e+03 4.466844660879868562e-02
5.004800000000000182e+03 4.467064773516933596e-02
5.008000000000000000e+03 4.467310432089833389e-02
5.011199999999999818e+03 4.467585693729848872e-02
5.014399999999999636e+03 4.467893636539393976e-02
5.017600000000000364e+03 4.468234231794560724e-02
5.020800000000000182e+03 4.468602272471571685e-02
5.024000000000000000e+03 4.468986412077827902e-02
5.027199999999999818e+03 4.469370504844613623e-02
5.030399999999999636e+03 4.469736815341820990e-02
5.033600000000000364e+03 4.470070185328841456e-02
5.036800000000000182e+03 4.470361213071333967e-02
5.040000000000000000e+03 4.470607697688699922e-02
5.043199999999999818e+03 4.470813896191266901e-02
5.046399999999999636e+03 4.470988279762790757e-02
5.049600000000000364e+03 4.471140705558172140e-02
5.052800000000000182e+03 4.471279974662206030e-02
5.056000000000000000e+03 4.471412526879156579e-02
5.059199999999999818e+03 4.471542224018225375e-02
5.062399999999999636e+03 4.471671148673576901e-02
5.065600000000000364e+03 4.471800815651483935e-02
5.068800000000000182e+03 4.471933487241655514e-02
5.072000000000000000e+03 4.472073280832469799e-02
5.075199999999999818e+03 4.472227420366024081e-02
5.078399999999999636e+03 4.472408034325014298e-02
5.081600000000000364e+03 4.472633458422202446e-02
5.084800000000000182e+03 4.472925843081956149e-02
5.088000000000000000e+03 4.473302985423135286e-02
5.091199999999999818e+03 4.473768817833470579e-02
5.094399999999999636e+03 4.474317729903446589e-02
5.097600000000000364e+03 4.474962801279928903e-02
5.100800000000000182e+03 4.475780599531536258e-02
5.104000000000000000e+03 4.476931488282501898e-02
5.107199999999999818e+03 4.478618716399087457e-02
5.110399999999999636e+03 4.480984635323157633e-02
5.113600000000000364e+03 4.484004536944797420e-02
5.116800000000000182e+03 4.487460108556405591e-02
5.120000000000000000e+03 4.491029968973298675e-02
5.123199999999999818e+03 4.494464886731910219e-02
5.126399999999999636e+03 4.497730429873061930e-02
5.129600000000000364e+03 4.500999736470176482e-02
5.132800000000000182e+03 4.504451879042017937e-02
5.136000000000000000e+03 4.508025753075804720e-02
5.139199999999999818e+03 4.511387194664415873e-02
5.142399999999999636e+03 4.514212380778682282e-02
5.145600000000000364e+03 4.516544487621264314e-02
5.148800000000000182e+03 4.518821164621658615e-02
5.152000000000000000e+03 4.521503001138661021e-02
5.155199999999999818e+03 4.524675755871090249e-02
5.158399999999999636e+03 4.528044265362236170e-02
5.161600000000000364e+03 4.531281109166027804e-02
5.164800000000000182e+03 4.534323150425645377e-02
5.168000000000000000e+03 4.537332723446677041e-02
5.171199999999999818e+03 4.540435489056381113e-02
5.174399999999999636e+03 4.543553357215947969e-02
5.177600000000000364e+03 4.546475617423898635e-02
5.180800000000000182e+03 4.549056093174178722e-02
5.184000000000000000e+03 4.551332631602296452e-02
5.187199999999999818e+03 4.553485229816413987e-02
5.190399999999999636e+03 4.555709859525688271e-02
5.193600000000000364e+03 4.558119522999137113e-02
5.196800000000000182e+03 4.560740526559077523e-02
5.200000000000000000e+03 4.563579678525419431e-02
5.203199999999999818e+03 4.566689072168957086e-02
5.206399999999999636e+03 4.570148890220035454e-02
5.209600000000000364e+03 4.573958389552605641e-02
5.212800000000000182e+03 4.577950797853263393e-02
5.216000000000000000e+03 4.581842253696397776e-02
5.219199999999999818e+03 4.585397562816503209e-02
5.222399999999999636e+03 4.588550692663390107e-02
5.225600000000000364e+03 4.591379621165486008e-02
5.228800000000000182e+03 4.593990979590973495e-02
5.232000000000000000e+03 4.596443903841590517e-02
5.235199999999999818e+03 4.598752233938100537e-02
5.238399999999999636e+03 4.600920440889580409e-02
5.241600000000000364e+03 4.602952333272830598e-02
5.244800000000000182e+03 4.604854183681376945e-02
5.248000000000000000e+03 4.606624485198001356e-02
5.251199999999999818e+03 4.608269221311877412e-02
5.254399999999999636e+03 4.609787823900762110e-02
5.257600000000000364e+03 4.611188831709805980e-02
5.260800000000000182e+03 4.612477432633142055e-02
5.264000000000000000e+03 4.613679220241369283e-02
5.267199999999999818e+03 4.614848885444233079e-02
