0.000000000000000000e+00 0.000000000000000000e+00
3.200000000000000178e+00 3.086732740763644161e-08
6.400000000000000355e+00 6.089795920712348819e-08
9.599999999999999645e+00 9.024629717111483484e-08
1.280000000000000071e+01 1.188703663246965369e-07
1.600000000000000000e+01 1.468176556505491008e-07
1.919999999999999929e+01 1.740832779968562244e-07
2.239999999999999858e+01 2.006963720362155409e-07
2.560000000000000142e+01 2.266616287087842486e-07
2.880000000000000071e+01 2.520016034442420709e-07
3.200000000000000000e+01 2.767246423404365801e-07
3.520000000000000284e+01 3.008500462074523502e-07
3.839999999999999858e+01 3.243877948236161919e-07
4.160000000000000142e+01 3.473552334625048450e-07
4.479999999999999716e+01 3.697631003938803980e-07
4.800000000000000000e+01 3.916273969483985950e-07
5.120000000000000284e+01 4.129591809240939964e-07
5.439999999999999858e+01 4.337734364936506123e-07
5.760000000000000142e+01 4.540812981811412222e-07
6.079999999999999716e+01 4.738969248548429490e-07
6.400000000000000000e+01 4.932313839903189639e-07
6.720000000000000284e+01 5.120981305340605524e-07
7.040000000000000568e+01 5.305080757977562850e-07
7.359999999999999432e+01 5.484740527085926334e-07
7.679999999999999716e+01 5.660067596883399679e-07
8.000000000000000000e+01 5.831184662918152816e-07
8.320000000000000284e+01 5.998196216399494674e-07
8.640000000000000568e+01 6.161219759761634427e-07
8.959999999999999432e+01 6.320357058031755642e-07
9.279999999999999716e+01 6.475720768786025876e-07
9.600000000000000000e+01 6.627409790621640872e-07
9.920000000000000284e+01 6.775532224664533317e-07
1.024000000000000057e+02 6.920184024616116205e-07
1.055999999999999943e+02 7.061468978641302812e-07
1.087999999999999972e+02 7.199480060947471511e-07
1.120000000000000000e+02 7.334316961417821269e-07
1.152000000000000028e+02 7.466069674899491048e-07
1.184000000000000057e+02 7.594833987541556918e-07
1.215999999999999943e+02 7.720696939646701029e-07
1.247999999999999972e+02 7.843750591406108672e-07
1.280000000000000000e+02 7.964079070061459655e-07
1.311999999999999886e+02 8.081770873584700037e-07
1.344000000000000057e+02 8.196907269754734132e-07
1.375999999999999943e+02 8.309573347618843130e-07
1.408000000000000114e+02 8.419847579425093601e-07
1.440000000000000000e+02 8.527811790503589995e-07
1.471999999999999886e+02 8.633541726709210910e-07
1.504000000000000057e+02 8.737116083666371156e-07
1.535999999999999943e+02 8.838607951950048780e-07
1.568000000000000114e+02 8.938093025315399522e-07
1.600000000000000000e+02 9.035641814368662407e-07
1.631999999999999886e+02 9.131327130326679095e-07
1.664000000000000057e+02 9.225216975350311071e-07
1.695999999999999943e+02 9.317381387842887428e-07
1.728000000000000114e+02 9.407885933168057546e-07
1.760000000000000000e+02 9.496797980656529675e-07
1.791999999999999886e+02 9.584180727013554791e-07
1.824000000000000057e+02 9.670098967480170404e-07
1.855999999999999943e+02 9.754613596462919960e-07
1.888000000000000114e+02 9.837786924498532744e-07
1.920000000000000000e+02 9.919677603854736120e-07
1.951999999999999886e+02 1.000034553687060651e-06
1.984000000000000057e+02 1.007984718675614620e-06
2.015999999999999943e+02 1.015824011969571554e-06
2.048000000000000114e+02 1.023557866184671900e-06
2.080000000000000000e+02 1.031191810705978363e-06
2.111999999999999886e+02 1.038731068675241266e-06
2.144000000000000057e+02 1.046180947640551364e-06
2.175999999999999943e+02 1.053546465080619797e-06
2.208000000000000114e+02 1.060832711528386185e-06
2.240000000000000000e+02 1.068044501924457631e-06
2.271999999999999886e+02 1.075186713681954983e-06
2.304000000000000057e+02 1.082263961725194060e-06
2.335999999999999943e+02 1.089280913626322208e-06
2.368000000000000114e+02 1.096241986216733952e-06
2.400000000000000000e+02 1.103151639741324391e-06
2.431999999999999886e+02 1.110014094345175719e-06
2.464000000000000057e+02 1.116833604952754914e-06
2.495999999999999943e+02 1.123614195921539300e-06
2.528000000000000114e+02 1.130359918233271483e-06
2.560000000000000000e+02 1.137074600990000317e-06
2.591999999999999886e+02 1.143762092175471012e-06
2.623999999999999773e+02 1.150426025251523991e-06
2.656000000000000227e+02 1.157070044550983575e-06
2.688000000000000114e+02 1.163697586361977309e-06
2.720000000000000000e+02 1.170312091086787807e-06
2.751999999999999886e+02 1.176916798121423084e-06
2.783999999999999773e+02 1.183514944956635387e-06
2.816000000000000227e+02 1.190109573405496000e-06
2.848000000000000114e+02 1.196703715868136924e-06
2.880000000000000000e+02 1.203300212932670000e-06
2.911999999999999886e+02 1.209901889594180296e-06
2.943999999999999773e+02 1.216511384771974522e-06
2.976000000000000227e+02 1.223131317786046133e-06
3.008000000000000114e+02 1.229764127066211358e-06
3.040000000000000000e+02 1.236412225823311276e-06
3.071999999999999886e+02 1.243077849256799019e-06
3.103999999999999773e+02 1.249763201645574320e-06
3.136000000000000227e+02 1.256470312946805429e-06
3.168000000000000114e+02 1.263201177968983844e-06
3.200000000000000000e+02 1.269957620743930105e-06
3.231999999999999886e+02 1.276741425722314986e-06
3.263999999999999773e+02 1.283554210176550043e-06
3.296000000000000227e+02 1.290397549377677450e-06
3.328000000000000114e+02 1.297272857061305448e-06
3.360000000000000000e+02 1.304181503699603761e-06
3.391999999999999886e+02 1.311124701866033124e-06
3.423999999999999773e+02 1.318103615500236709e-06
3.456000000000000227e+02 1.325119249243945991e-06
3.488000000000000114e+02 1.332172551773492686e-06
3.520000000000000000e+02 1.339264314174310667e-06
3.551999999999999886e+02 1.346395273077415044e-06
3.583999999999999773e+02 1.353566018616155931e-06
3.616000000000000227e+02 1.360777091902476093e-06
3.648000000000000114e+02 1.368028893243624632e-06
3.680000000000000000e+02 1.375321770566207615e-06
3.711999999999999886e+02 1.382655935456545086e-06
3.743999999999999773e+02 1.390031555839997746e-06
3.776000000000000227e+02 1.397448671959459637e-06
3.808000000000000114e+02 1.404907228490493753e-06
3.840000000000000000e+02 1.412406866789342532e-06
3.871999999999999886e+02 1.419946879489415280e-06
3.903999999999999773e+02 1.427526457111607639e-06
3.936000000000000227e+02 1.435146369178699170e-06
3.968000000000000114e+02 1.442812364175859855e-06
4.000000000000000000e+02 1.450539082293556655e-06
4.031999999999999886e+02 1.458348555875203918e-06
4.063999999999999773e+02 1.466253180104439201e-06
4.096000000000000227e+02 1.474215087366373296e-06
4.128000000000000114e+02 1.482112897561329424e-06
4.160000000000000000e+02 1.489818484389791052e-06
4.191999999999999886e+02 1.497409001991226955e-06
4.223999999999999773e+02 1.505177800687067965e-06
4.256000000000000227e+02 1.513246010201860028e-06
4.288000000000000114e+02 1.521817221721093424e-06
4.320000000000000000e+02 1.532414707910722860e-06
4.351999999999999886e+02 1.546544430864362559e-06
4.383999999999999773e+02 1.561410169843802080e-06
4.416000000000000227e+02 1.572446066673680453e-06
4.448000000000000114e+02 1.582391145865603557e-06
4.480000000000000000e+02 1.597162783148405599e-06
4.511999999999999886e+02 1.612881497024373325e-06
4.543999999999999773e+02 1.623915557952899177e-06
4.576000000000000227e+02 1.637110862902324059e-06
4.608000000000000114e+02 1.658265808364447068e-06
4.640000000000000000e+02 1.679337189312313193e-06
4.671999999999999886e+02 1.693921547328192991e-06
4.703999999999999773e+02 1.705750978210383170e-06
4.736000000000000227e+02 1.717127188640171819e-06
4.768000000000000114e+02 1.726567341005541208e-06
4.800000000000000000e+02 1.735131230084619559e-06
4.831999999999999886e+02 1.744892340970036075e-06
4.863999999999999773e+02 1.755466459559195430e-06
4.896000000000000227e+02 1.765440445788909266e-06
4.928000000000000114e+02 1.774400190315108493e-06
4.960000000000000000e+02 1.782742450177459683e-06
4.991999999999999886e+02 1.790938478110873972e-06
5.023999999999999773e+02 1.799414219152151994e-06
5.056000000000000227e+02 1.808247641349103175e-06
5.088000000000000114e+02 1.817007063608358786e-06
5.120000000000000000e+02 1.825411762663827368e-06
5.152000000000000455e+02 1.833625286909375354e-06
5.183999999999999773e+02 1.841812008436247833e-06
5.216000000000000227e+02 1.849967488737873146e-06
5.247999999999999545e+02 1.858071489665833822e-06
5.280000000000000000e+02 1.866139335378046980e-06
5.312000000000000455e+02 1.874204055316990413e-06
5.343999999999999773e+02 1.882265596718398386e-06
5.376000000000000227e+02 1.890231098983073710e-06
5.407999999999999545e+02 1.897971118197488617e-06
5.440000000000000000e+02 1.905449781073437815e-06
5.472000000000000455e+02 1.912743700045713563e-06
5.503999999999999773e+02 1.919936810875137865e-06
5.536000000000000227e+02 1.927053514565927993e-06
5.567999999999999545e+02 1.934087020752508060e-06
5.600000000000000000e+02 1.941041445212039475e-06
5.632000000000000455e+02 1.947937757049847122e-06
5.663999999999999773e+02 1.954796926851795788e-06
5.696000000000000227e+02 1.961620283658962813e-06
5.727999999999999545e+02 1.968414170653465187e-06
5.760000000000000000e+02 1.975339527833906355e-06
5.792000000000000455e+02 1.983101449507715551e-06
5.823999999999999773e+02 1.993879925745717222e-06
5.856000000000000227e+02 2.013615873169310411e-06
5.887999999999999545e+02 2.057321776906974066e-06
5.920000000000000000e+02 2.160323557028349872e-06
5.952000000000000455e+02 2.399619716024851330e-06
5.983999999999999773e+02 2.929267706336694340e-06
6.016000000000000227e+02 4.028414146265923145e-06
6.047999999999999545e+02 6.147436196703581367e-06
6.080000000000000000e+02 9.919889038421131157e-06
6.112000000000000455e+02 1.610034898703454769e-05
6.143999999999999773e+02 2.540782508141540348e-05
6.176000000000000227e+02 3.830008554689508444e-05
6.207999999999999545e+02 5.474513269635174185e-05
6.240000000000000000e+02 7.406461883548281773e-05
6.272000000000000455e+02 9.491274626354922203e-05
6.303999999999999773e+02 1.154545953889836354e-04
6.336000000000000227e+02 1.337898534028836956e-04
6.367999999999999545e+02 1.485529095697440776e-04
6.400000000000000000e+02 1.594284387858188015e-04
6.432000000000000455e+02 1.672474734118304415e-04
6.463999999999999773e+02 1.735412231434392842e-04
6.496000000000000227e+02 1.798033456567248406e-04
6.527999999999999545e+02 1.869067419592346951e-04
6.560000000000000000e+02 1.949600529218249527e-04
6.592000000000000455e+02 2.035534803131490433e-04
6.623999999999999773e+02 2.121358648284903299e-04
6.656000000000000227e+02 2.202937733660825857e-04
6.687999999999999545e+02 2.278509612086482478e-04
6.720000000000000000e+02 2.348272304232221490e-04
6.752000000000000455e+02 2.413397862009771520e-04
6.783999999999999773e+02 2.475181226418276940e-04
6.816000000000000227e+02 2.534657959327907858e-04
6.847999999999999545e+02 2.592623353843712748e-04
6.880000000000000000e+02 2.649758483495134442e-04
6.912000000000000455e+02 2.706615527753130474e-04
6.943999999999999773e+02 2.763455235258601935e-04
6.976000000000000227e+02 2.820132369130812331e-04
7.007999999999999545e+02 2.876199696300125379e-04
7.040000000000000000e+02 2.931196282266667567e-04
7.072000000000000455e+02 2.984925469509270689e-04
7.103999999999999773e+02 3.037551524467722278e-04
7.136000000000000227e+02 3.089486885605184142e-04
7.167999999999999545e+02 3.141169482828168259e-04
7.200000000000000000e+02 3.192875053565656976e-04
7.232000000000000455e+02 3.244665415767801465e-04
7.263999999999999773e+02 3.296470532381061674e-04
7.296000000000000227e+02 3.348210877469280622e-04
7.327999999999999545e+02 3.399860102360554594e-04
7.360000000000000000e+02 3.451422732993014264e-04
7.392000000000000455e+02 3.502880986228110128e-04
7.423999999999999773e+02 3.554178390572860688e-04
7.456000000000000227e+02 3.605257983842262925e-04
7.487999999999999545e+02 3.656115889952750312e-04
7.520000000000000000e+02 3.706820052463932714e-04
7.552000000000000455e+02 3.757479644274899690e-04
7.583999999999999773e+02 3.808194161698696847e-04
7.616000000000000227e+02 3.859021991320765840e-04
7.647999999999999545e+02 3.909984404788392613e-04
7.680000000000000000e+02 3.961088672139232813e-04
7.712000000000000455e+02 4.012343669976352854e-04
7.743999999999999773e+02 4.063755950142859956e-04
7.776000000000000227e+02 4.115316027275120795e-04
7.807999999999999545e+02 4.166991732020740779e-04
7.840000000000000000e+02 4.218736522381487625e-04
7.872000000000000455e+02 4.270506307531731069e-04
7.903999999999999773e+02 4.322273311881897544e-04
7.936000000000000227e+02 4.374030592024474688e-04
7.967999999999999545e+02 4.425790023965991602e-04
8.000000000000000000e+02 4.477579315323331117e-04
8.032000000000000455e+02 4.529440029833674513e-04
8.063999999999999773e+02 4.581422473538948321e-04
8.096000000000000227e+02 4.633572934788643275e-04
8.127999999999999545e+02 4.685914071527964224e-04
8.160000000000000000e+02 4.738427075259524115e-04
8.192000000000000455e+02 4.791046058141768720e-04
8.223999999999999773e+02 4.843669648599934060e-04
8.256000000000000227e+02 4.896185033690800747e-04
8.287999999999999545e+02 4.948494718025007186e-04
8.320000000000000000e+02 5.000537810716402859e-04
8.352000000000000455e+02 5.052302777684281173e-04
8.383999999999999773e+02 5.103831283422131547e-04
8.416000000000000227e+02 5.155213706017945999e-04
8.447999999999999545e+02 5.206576958524934641e-04
8.480000000000000000e+02 5.258066066511760984e-04
8.512000000000000455e+02 5.309822335826437254e-04
8.543999999999999773e+02 5.361964526885048057e-04
8.576000000000000227e+02 5.414582206867533552e-04
8.607999999999999545e+02 5.467747637689900899e-04
8.640000000000000000e+02 5.521540895105819021e-04
8.672000000000000455e+02 5.576070409442319487e-04
8.703999999999999773e+02 5.631468930110514366e-04
8.736000000000000227e+02 5.687858220984905568e-04
8.767999999999999545e+02 5.745296480241558756e-04
8.800000000000000000e+02 5.803736182313860284e-04
8.832000000000000455e+02 5.863015702227292875e-04
8.863999999999999773e+02 5.922889124038555443e-04
8.896000000000000227e+02 5.983079721420486805e-04
8.927999999999999545e+02 6.043335673484983434e-04
8.960000000000000000e+02 6.103472064998619311e-04
8.992000000000000455e+02 6.163392774218645967e-04
9.023999999999999773e+02 6.223092798409820192e-04
9.056000000000000227e+02 6.282644425611593917e-04
9.087999999999999545e+02 6.342172538054447221e-04
9.120000000000000000e+02 6.401825703748781782e-04
9.152000000000000455e+02 6.461750313715105588e-04
9.183999999999999773e+02 6.522072537846207311e-04
9.216000000000000227e+02 6.582889466492133738e-04
9.247999999999999545e+02 6.644267998074350956e-04
9.280000000000000000e+02 6.706249780163263266e-04
9.312000000000000455e+02 6.768860035111767251e-04
9.343999999999999773e+02 6.832117387234708239e-04
9.376000000000000227e+02 6.896040179808490345e-04
9.407999999999999545e+02 6.960645606249085118e-04
9.440000000000000000e+02 7.025940963669984355e-04
9.472000000000000455e+02 7.091911240011005866e-04
9.503999999999999773e+02 7.158509227830091564e-04
9.536000000000000227e+02 7.225652913423735030e-04
9.567999999999999545e+02 7.293230074336179945e-04
9.600000000000000000e+02 7.361107638001622216e-04
9.632000000000000455e+02 7.429144174290637634e-04
9.663999999999999773e+02 7.497207039033735752e-04
9.696000000000000227e+02 7.565194592668374358e-04
9.727999999999999545e+02 7.633059026958899720e-04
9.760000000000000000e+02 7.700820063380920018e-04
9.792000000000000455e+02 7.768561917727503799e-04
9.823999999999999773e+02 7.836413009167584849e-04
9.856000000000000227e+02 7.904514927636577433e-04
9.887999999999999545e+02 7.972988570726767142e-04
9.920000000000000000e+02 8.041904980326442963e-04
9.952000000000000455e+02 8.111267158031760767e-04
9.983999999999999773e+02 8.181007759962641984e-04
1.001600000000000023e+03 8.251003581848652835e-04
1.004799999999999955e+03 8.321103338504385596e-04
1.008000000000000000e+03 8.391161202263189116e-04
1.011200000000000045e+03 8.461068304537873409e-04
1.014399999999999977e+03 8.530776888710088924e-04
1.017600000000000023e+03 8.600314650038606455e-04
1.020799999999999955e+03 8.669786139986688763e-04
1.024000000000000000e+03 8.739357317669400665e-04
1.027200000000000045e+03 8.809223821508994868e-04
1.030400000000000091e+03 8.879574365972072629e-04
1.033599999999999909e+03 8.950567940867522766e-04
1.036799999999999955e+03 9.022337735797712104e-04
1.040000000000000000e+03 9.095016997538428200e-04
1.043200000000000045e+03 9.168765169305951798e-04
1.046400000000000091e+03 9.243769293191436394e-04
1.049599999999999909e+03 9.320209716235269533e-04
1.052799999999999955e+03 9.398202159963018557e-04
1.056000000000000000e+03 9.477744960701980177e-04
1.059200000000000045e+03 9.558699537189953039e-04
1.062400000000000091e+03 9.640815345956075698e-04
1.065599999999999909e+03 9.723789226815690405e-04
1.068799999999999955e+03 9.807333887248165672e-04
1.072000000000000000e+03 9.891227939067528865e-04
1.075200000000000045e+03 9.975330879109186623e-04
1.078400000000000091e+03 1.005956599234474448e-03
1.081599999999999909e+03 1.014388970429763422e-03
1.084799999999999955e+03 1.022826895717753558e-03
1.088000000000000000e+03 1.031267829420377206e-03
1.091200000000000045e+03 1.039711525079876952e-03
1.094400000000000091e+03 1.048162234180166413e-03
1.097599999999999909e+03 1.056630028234698893e-03
1.100799999999999955e+03 1.065129947145539461e-03
1.104000000000000000e+03 1.073678670029827630e-03
1.107200000000000045e+03 1.082289657779046460e-03
1.110400000000000091e+03 1.090968649127540234e-03
1.113599999999999909e+03 1.099711276142866347e-03
1.116799999999999955e+03 1.108503714395916821e-03
1.120000000000000000e+03 1.117326179048588972e-03
1.123200000000000045e+03 1.126158328183511984e-03
1.126400000000000091e+03 1.134985000126168854e-03
1.129599999999999909e+03 1.143800400861330830e-03
1.132799999999999955e+03 1.152609114208383604e-03
1.136000000000000000e+03 1.161423586516712771e-03
1.139200000000000045e+03 1.170259227158472037e-03
1.142400000000000091e+03 1.179129083205345289e-03
1.145599999999999909e+03 1.188039640570011640e-03
1.148799999999999955e+03 1.196988564058654126e-03
1.152000000000000000e+03 1.205964732751199251e-03
1.155200000000000045e+03 1.214950762896355911e-03
1.158400000000000091e+03 1.223927458973958320e-03
1.161599999999999909e+03 1.232878540101547005e-03
1.164799999999999955e+03 1.241793657359073358e-03
1.168000000000000000e+03 1.250669034833812310e-03
1.171200000000000045e+03 1.259506811570290001e-03
1.174400000000000091e+03 1.268314563472660661e-03
1.177599999999999909e+03 1.277105212590685240e-03
1.180799999999999955e+03 1.285896324824672065e-03
1.184000000000000000e+03 1.294707925477772519e-03
1.187200000000000045e+03 1.303559127919278176e-03
1.190400000000000091e+03 1.312464937312737140e-03
1.193599999999999909e+03 1.321435087230612418e-03
1.196799999999999955e+03 1.330476587638010442e-03
1.200000000000000000e+03 1.339600413036399389e-03
1.203200000000000045e+03 1.348829877998244378e-03
1.206400000000000091e+03 1.358204965791040683e-03
1.209599999999999909e+03 1.367776741587527082e-03
1.212799999999999955e+03 1.377591290550785746e-03
1.216000000000000000e+03 1.387670285509643407e-03
1.219200000000000045e+03 1.397998641659279001e-03
1.222400000000000091e+03 1.408525736644546892e-03
1.225599999999999909e+03 1.419178798225397779e-03
1.228799999999999955e+03 1.429881385128614797e-03
1.232000000000000000e+03 1.440569348412124940e-03
1.235200000000000045e+03 1.451199983457189622e-03
1.238400000000000091e+03 1.461753844047451387e-03
1.241599999999999909e+03 1.472230985788122509e-03
1.244799999999999955e+03 1.482644225989147944e-03
1.248000000000000000e+03 1.493012140801038955e-03
1.251200000000000045e+03 1.503353822980017058e-03
1.254400000000000091e+03 1.513686099889604599e-03
1.257599999999999909e+03 1.524022474302751465e-03
1.260799999999999955e+03 1.534372469800644994e-03
1.264000000000000000e+03 1.544740463333021431e-03
1.267200000000000045e+03 1.555124319322555770e-03
1.270400000000000091e+03 1.565515088790171575e-03
1.273599999999999909e+03 1.575898996356816118e-03
1.276799999999999955e+03 1.586261688086271389e-03
1.280000000000000000e+03 1.596593387319554785e-03
1.283200000000000045e+03 1.606892961560317870e-03
1.286400000000000091e+03 1.617169326202314407e-03
1.289599999999999909e+03 1.627439491200990095e-03
1.292799999999999955e+03 1.637723624473827249e-03
1.296000000000000000e+03 1.648038346670571480e-03
1.299200000000000045e+03 1.658390130706256403e-03
1.302400000000000091e+03 1.668770881966869521e-03
1.305599999999999909e+03 1.679157505422471369e-03
1.308799999999999955e+03 1.689516239601297418e-03
1.312000000000000000e+03 1.699810968000075228e-03
1.315200000000000045e+03 1.710012996861992162e-03
1.318400000000000091e+03 1.720108903114001908e-03
1.321599999999999909e+03 1.730103678727665413e-03
1.324799999999999955e+03 1.740018463163147669e-03
1.328000000000000000e+03 1.749884310303175677e-03
1.331200000000000045e+03 1.759734453877491575e-03
1.334400000000000091e+03 1.769597320129289103e-03
1.337599999999999909e+03 1.779492166678334469e-03
1.340799999999999955e+03 1.789429283511131605e-03
1.344000000000000000e+03 1.799416186337061312e-03
1.347200000000000045e+03 1.809468585423723444e-03
1.350400000000000091e+03 1.819620624834051128e-03
1.353599999999999909e+03 1.829926474231303047e-03
1.356799999999999955e+03 1.840448406011871429e-03
1.360000000000000000e+03 1.851234533817055876e-03
1.363200000000000045e+03 1.862296925515034016e-03
1.366400000000000091e+03 1.873601829575828517e-03
1.369599999999999909e+03 1.885077186481072965e-03
1.372799999999999955e+03 1.896633368758574457e-03
1.376000000000000000e+03 1.908187205818414169e-03
1.379200000000000045e+03 1.919679524430955350e-03
1.382400000000000091e+03 1.931081086430164531e-03
1.385599999999999909e+03 1.942387715101756953e-03
1.388799999999999955e+03 1.953609495602239184e-03
1.392000000000000000e+03 1.964759952405065353e-03
1.395200000000000045e+03 1.975849266230823419e-03
1.398400000000000091e+03 1.986882635697706859e-03
1.401599999999999909e+03 1.997862309016907971e-03
1.404799999999999955e+03 2.008790667090839480e-03
1.408000000000000000e+03 2.019671986885745226e-03
1.411200000000000045e+03 2.030511972198810640e-03
1.414400000000000091e+03 2.041315768430859885e-03
1.417599999999999909e+03 2.052086074525725275e-03
1.420799999999999955e+03 2.062822514385678763e-03
1.424000000000000000e+03 2.073522447206556461e-03
1.427200000000000045e+03 2.084182666097996600e-03
1.430400000000000091e+03 2.094801428762196188e-03
1.433599999999999909e+03 2.105380328533953526e-03
1.436799999999999955e+03 2.115925397307916005e-03
1.440000000000000000e+03 2.126446572784435485e-03
1.443200000000000045e+03 2.136954980094881926e-03
1.446400000000000091e+03 2.147458353656606263e-03
1.449599999999999909e+03 2.157956000623730605e-03
1.452799999999999955e+03 2.168435212061874378e-03
1.456000000000000000e+03 2.178870867477608695e-03
1.459200000000000045e+03 2.189229212037466579e-03
1.462400000000000091e+03 2.199475642823431852e-03
1.465599999999999909e+03 2.209584775365840657e-03
1.468799999999999955e+03 2.219549596501897270e-03
1.472000000000000000e+03 2.229386116101259984e-03
1.475200000000000045e+03 2.239131377952898252e-03
1.478400000000000091e+03 2.248835425978903870e-03
1.481599999999999909e+03 2.258550481226137292e-03
1.484799999999999955e+03 2.268321909368146115e-03
1.488000000000000000e+03 2.278184811090730542e-03
1.491200000000000045e+03 2.288167077800621219e-03
1.494400000000000091e+03 2.298295635393046450e-03
1.497599999999999909e+03 2.308599981465713977e-03
1.500799999999999955e+03 2.319108480128607725e-03
1.504000000000000000e+03 2.329837992217581068e-03
1.507200000000000045e+03 2.340782660180037392e-03
1.510400000000000091e+03 2.351909038729430371e-03
1.513599999999999909e+03 2.363161259597228604e-03
1.516799999999999955e+03 2.374474321154149397e-03
1.520000000000000000e+03 2.385789502568215915e-03
1.523200000000000045e+03 2.397065462799721162e-03
1.526400000000000091e+03 2.408281379287813793e-03
1.529599999999999909e+03 2.419432694511718974e-03
1.532799999999999955e+03 2.430523201860405533e-03
1.536000000000000000e+03 2.441557950775033806e-03
1.539200000000000045e+03 2.452539800465581080e-03
1.542400000000000091e+03 2.463469991658197647e-03
1.545599999999999909e+03 2.474351095868169374e-03
1.548799999999999955e+03 2.485189882104858403e-03
1.552000000000000000e+03 2.495997885144259337e-03
1.555200000000000045e+03 2.506788822513139441e-03
1.558400000000000091e+03 2.517573855234315171e-03
1.561599999999999909e+03 2.528357192807519256e-03
1.564799999999999955e+03 2.539134537589774095e-03
1.568000000000000000e+03 2.549895347604865404e-03
1.571200000000000045e+03 2.560627718128570280e-03
1.574400000000000091e+03 2.571323539012688141e-03
1.577599999999999909e+03 2.581981924331038045e-03
1.580799999999999955e+03 2.592610086597904595e-03
1.584000000000000000e+03 2.603221594199171818e-03
1.587200000000000045e+03 2.613832311519831593e-03
1.590400000000000091e+03 2.624454746023723722e-03
1.593599999999999909e+03 2.635092368969658982e-03
1.596799999999999955e+03 2.645735987545269272e-03
1.600000000000000000e+03 2.656363837790490321e-03
1.603200000000000045e+03 2.666945777214092556e-03
1.606400000000000091e+03 2.677450617911722713e-03
1.609599999999999909e+03 2.687854687352005112e-03
1.612799999999999955e+03 2.698149292795282324e-03
1.616000000000000000e+03 2.708344896476209355e-03
1.619200000000000045e+03 2.718470686957805919e-03
1.622400000000000091e+03 2.728569752850175997e-03
1.625599999999999909e+03 2.738691722565056962e-03
1.628799999999999955e+03 2.748885721835063467e-03
1.632000000000000000e+03 2.759196187333177834e-03
1.635200000000000045e+03 2.769662360118201744e-03
1.638400000000000091e+03 2.780319836859068867e-03
1.641599999999999909e+03 2.791200855628025654e-03
1.644799999999999955e+03 2.802330566736365748e-03
1.648000000000000000e+03 2.813719623587665562e-03
1.651200000000000045e+03 2.825356949403560330e-03
1.654400000000000091e+03 2.837207656617905891e-03
1.657599999999999909e+03 2.849218709381371503e-03
1.660799999999999955e+03 2.861330793974806511e-03
1.664000000000000000e+03 2.873491615453234102e-03
1.667200000000000045e+03 2.885665245481418978e-03
1.670400000000000091e+03 2.897834178213378256e-03
1.673599999999999909e+03 2.909994367345524607e-03
1.676799999999999955e+03 2.922146704725923482e-03
1.680000000000000000e+03 2.934289546954880340e-03
1.683200000000000045e+03 2.946415453003827997e-03
1.686400000000000091e+03 2.958512690166619549e-03
1.689599999999999909e+03 2.970569871026507592e-03
1.692799999999999955e+03 2.982581271107746703e-03
1.696000000000000000e+03 2.994550557582531265e-03
1.699200000000000045e+03 3.006491503107435511e-03
1.702400000000000091e+03 3.018425312777381613e-03
1.705599999999999909e+03 3.030375433719146618e-03
1.708799999999999955e+03 3.042361606278571121e-03
1.712000000000000000e+03 3.054395220476431496e-03
1.715200000000000045e+03 3.066477492363114867e-03
1.718400000000000091e+03 3.078601007545695226e-03
1.721599999999999909e+03 3.090753987247482452e-03
1.724799999999999955e+03 3.102925709718904173e-03
1.728000000000000000e+03 3.115110974672270338e-03
1.731200000000000045e+03 3.127311705139681260e-03
1.734400000000000091e+03 3.139534741415627057e-03
1.737599999999999909e+03 3.151786538748673015e-03
1.740799999999999955e+03 3.164066987794473054e-03
1.744000000000000000e+03 3.176365148930937032e-03
1.747200000000000045e+03 3.188658936043652775e-03
1.750400000000000091e+03 3.200919291716296938e-03
1.753599999999999909e+03 3.213117837084835185e-03
1.756799999999999955e+03 3.225235897640359520e-03
1.760000000000000000e+03 3.237272421388791288e-03
1.763200000000000045e+03 3.249248816168295861e-03
1.766400000000000091e+03 3.261209910187714851e-03
1.769599999999999909e+03 3.273221325937305994e-03
1.772799999999999955e+03 3.285363793637106032e-03
1.776000000000000000e+03 3.297724520664696395e-03
1.779200000000000045e+03 3.310385834354140789e-03
1.782400000000000091e+03 3.323412556431509790e-03
1.785599999999999909e+03 3.336841128739237699e-03
1.788799999999999955e+03 3.350673834827557970e-03
1.792000000000000000e+03 3.364880128148425246e-03
1.795200000000000045e+03 3.379404876400592637e-03
1.798400000000000091e+03 3.394181386606378876e-03
1.801599999999999909e+03 3.409145638269394946e-03
1.804799999999999955e+03 3.424247434522033860e-03
1.808000000000000000e+03 3.439454635048842714e-03
1.811200000000000045e+03 3.454749044191890179e-03
1.814400000000000091e+03 3.470116237210810108e-03
1.817599999999999909e+03 3.485534768529877959e-03
1.820799999999999955e+03 3.500970545445469123e-03
1.824000000000000000e+03 3.516379474356566646e-03
1.827200000000000045e+03 3.531717308890638084e-03
1.830400000000000091e+03 3.546952480843092257e-03
1.833599999999999909e+03 3.562076758363278382e-03
1.836799999999999955e+03 3.577109948257294492e-03
1.840000000000000000e+03 3.592097293976072477e-03
1.843200000000000045e+03 3.607100656469722569e-03
1.846400000000000091e+03 3.622185969592738117e-03
1.849599999999999909e+03 3.637409984142954932e-03
1.852799999999999955e+03 3.652809275867850182e-03
1.856000000000000000e+03 3.668394353974463624e-03
1.859200000000000045e+03 3.684150757374631078e-03
1.862400000000000091e+03 3.700046819904874267e-03
1.865599999999999909e+03 3.716044784870586870e-03
1.868799999999999955e+03 3.732110302215468651e-03
1.872000000000000000e+03 3.748216448312035459e-03
1.875200000000000045e+03 3.764341844455155149e-03
1.878400000000000091e+03 3.780465889764556518e-03
1.881599999999999909e+03 3.796565582766039428e-03
1.884799999999999955e+03 3.812617160693751624e-03
1.888000000000000000e+03 3.828602888254316414e-03
1.891200000000000045e+03 3.844520565497147515e-03
1.894400000000000091e+03 3.860392181066144967e-03
1.897599999999999909e+03 3.876268729266939793e-03
1.900799999999999955e+03 3.892229561007537822e-03
1.904000000000000000e+03 3.908375775956051540e-03
1.907200000000000045e+03 3.924818026773642388e-03
1.910400000000000091e+03 3.941660350653656761e-03
1.913599999999999909e+03 3.958983255054488067e-03
1.916799999999999955e+03 3.976830298112140651e-03
1.920000000000000000e+03 3.995201753598688101e-03
1.923200000000000045e+03 4.014056916887672778e-03
1.926400000000000091e+03 4.033324110630529501e-03
1.929599999999999909e+03 4.052915417395149510e-03
1.932799999999999955e+03 4.072741907026119525e-03
1.936000000000000000e+03 4.092725154299983563e-03
1.939200000000000045e+03 4.112802292207912852e-03
1.942400000000000091e+03 4.132924652406039408e-03
1.945599999999999909e+03 4.153052859374578402e-03
1.948799999999999955e+03 4.173152579334017676e-03
1.952000000000000000e+03 4.193193877082444440e-03
1.955200000000000045e+03 4.213154450196348287e-03
1.958400000000000091e+03 4.233024654745506238e-03
1.961599999999999909e+03 4.252811718288452593e-03
1.964799999999999955e+03 4.272541307850950820e-03
1.968000000000000000e+03 4.292255848707267687e-03
1.971200000000000045e+03 4.312009762726046712e-03
1.974400000000000091e+03 4.331862278742406452e-03
1.977599999999999909e+03 4.351868552961736351e-03
1.980799999999999955e+03 4.372070041880763216e-03
1.984000000000000000e+03 4.392485664411573294e-03
1.987200000000000045e+03 4.413106353525928990e-03
1.990400000000000091e+03 4.433895684570384951e-03
1.993599999999999909e+03 4.454797330087951687e-03
1.996799999999999955e+03 4.475746694378585945e-03
2.000000000000000000e+03 4.496682074663878488e-03
2.003200000000000045e+03 4.517551979238607594e-03
2.006400000000000091e+03 4.538318752347243919e-03
2.009599999999999909e+03 4.558961083678756028e-03
2.012799999999999955e+03 4.579477568807055476e-03
2.016000000000000000e+03 4.599891309762584556e-03
2.019200000000000045e+03 4.620253800178172367e-03
2.022400000000000091e+03 4.640645987779892269e-03
2.025599999999999909e+03 4.661174875366074465e-03
2.028799999999999955e+03 4.681964592847685271e-03
2.032000000000000000e+03 4.703141608628553898e-03
2.035200000000000045e+03 4.724815440071090077e-03
2.038400000000000091e+03 4.747058690641492960e-03
2.041599999999999909e+03 4.769892103015716152e-03
2.044799999999999955e+03 4.793279681060971624e-03
2.048000000000000000e+03 4.817135746062409067e-03
2.051199999999999818e+03 4.841341630523810988e-03
2.054400000000000091e+03 4.865766984339943424e-03
2.057599999999999909e+03 4.890290158469144319e-03
2.060800000000000182e+03 4.914813498522073096e-03
2.064000000000000000e+03 4.939271359375545234e-03
2.067199999999999818e+03 4.963630771882434831e-03
2.070400000000000091e+03 4.987886223172133954e-03
2.073599999999999909e+03 5.012050816134538088e-03
2.076800000000000182e+03 5.036145992783660520e-03
2.080000000000000000e+03 5.060191984872352416e-03
2.083199999999999818e+03 5.084201350056008484e-03
2.086400000000000091e+03 5.108177975279960294e-03
2.089599999999999909e+03 5.132122342118494371e-03
2.092800000000000182e+03 5.156040763142635645e-03
2.096000000000000000e+03 5.179953255894129832e-03
2.099199999999999818e+03 5.203894420062082048e-03
2.102400000000000091e+03 5.227904823364207774e-03
2.105599999999999909e+03 5.252015527794827443e-03
2.108800000000000182e+03 5.276232382904436947e-03
2.112000000000000000e+03 5.300527578938740020e-03
2.115199999999999818e+03 5.324843195757321054e-03
2.118400000000000091e+03 5.349106521579775203e-03
2.121599999999999909e+03 5.373251931876121303e-03
2.124800000000000182e+03 5.397241603995231105e-03
2.128000000000000000e+03 5.421078474175035355e-03
2.131199999999999818e+03 5.444808743631642141e-03
2.134400000000000091e+03 5.468515392645044264e-03
2.137599999999999909e+03 5.492306257331274963e-03
2.140800000000000182e+03 5.516299791789235421e-03
2.144000000000000000e+03 5.540609926651779774e-03
2.147199999999999818e+03 5.565330444018229579e-03
2.150400000000000091e+03 5.590519941641370304e-03
2.153599999999999909e+03 5.616190307892226542e-03
2.156800000000000182e+03 5.642302791683103703e-03
2.160000000000000000e+03 5.668774736164894357e-03
2.163199999999999818e+03 5.695496518308414829e-03
2.166400000000000091e+03 5.722354119214375159e-03
2.169599999999999909e+03 5.749250324195841200e-03
2.172800000000000182e+03 5.776118439392972752e-03
2.176000000000000000e+03 5.802925723038343184e-03
2.179199999999999818e+03 5.829667711400221032e-03
2.182400000000000091e+03 5.856357152675157642e-03
2.185599999999999909e+03 5.883011976569758709e-03
2.188800000000000182e+03 5.909645776851849171e-03
2.192000000000000000e+03 5.936262748638682606e-03
2.195199999999999818e+03 5.962857279149730468e-03
2.198400000000000091e+03 5.989417204272247906e-03
2.201599999999999909e+03 6.015929079458974711e-03
2.204800000000000182e+03 6.042383783581034389e-03
2.208000000000000000e+03 6.068780756765462109e-03
2.211199999999999818e+03 6.095129273607685465e-03
2.214400000000000091e+03 6.121445495461730335e-03
2.217599999999999909e+03 6.147745308230664549e-03
2.220800000000000182e+03 6.174034932891087415e-03
2.224000000000000000e+03 6.200303274130217548e-03
2.227199999999999818e+03 6.226520442095116736e-03
2.230400000000000091e+03 6.252645082073058670e-03
2.233599999999999909e+03 6.278639477739668927e-03
2.236800000000000182e+03 6.304487669232984245e-03
2.240000000000000000e+03 6.330209945910333404e-03
2.243199999999999818e+03 6.355867995399430703e-03
2.246400000000000091e+03 6.381558274629570669e-03
2.249599999999999909e+03 6.407395313775991058e-03
2.252800000000000182e+03 6.433490012527411442e-03
2.256000000000000000e+03 6.459929163841861624e-03
2.259199999999999818e+03 6.486761341912195347e-03
2.262400000000000091e+03 6.513991791936090715e-03
2.265599999999999909e+03 6.541586612118006731e-03
2.268800000000000182e+03 6.569484676552246084e-03
2.272000000000000000e+03 6.597614231296657951e-03
2.275199999999999818e+03 6.625909645782903853e-03
2.278400000000000091e+03 6.654323566560612843e-03
2.281599999999999909e+03 6.682831270572419692e-03
2.284800000000000182e+03 6.711427082601533964e-03
2.288000000000000000e+03 6.740115479135768903e-03
2.291199999999999818e+03 6.768900972644917302e-03
2.294400000000000091e+03 6.797780507413307347e-03
2.297599999999999909e+03 6.826740564130295841e-03
2.300800000000000182e+03 6.855758850042536351e-03
2.304000000000000000e+03 6.884808635437669570e-03
2.307199999999999818e+03 6.913863263517212518e-03
2.310400000000000091e+03 6.942899549161664699e-03
2.313599999999999909e+03 6.971900253346865681e-03
2.316800000000000182e+03 7.000856283262484395e-03
2.320000000000000000e+03 7.029768195551629184e-03
2.323199999999999818e+03 7.058645503068944685e-03
2.326400000000000091e+03 7.087502588323953655e-03
2.329599999999999909e+03 7.116352123866191010e-03
2.332800000000000182e+03 7.145199222336351234e-03
2.336000000000000000e+03 7.174040294593573078e-03
2.339199999999999818e+03 7.202868725288868318e-03
2.342400000000000091e+03 7.231685841645266351e-03
2.345599999999999909e+03 7.260512280069617887e-03
2.348800000000000182e+03 7.289393875448704763e-03
2.352000000000000000e+03 7.318398406936409313e-03
2.355199999999999818e+03 7.347603858882559118e-03
2.358400000000000091e+03 7.377083010906388197e-03
2.361599999999999909e+03 7.406890727375120380e-03
2.364800000000000182e+03 7.437058453228857086e-03
2.368000000000000000e+03 7.467596242214977198e-03
2.371199999999999818e+03 7.498499024160474452e-03
2.374400000000000091e+03 7.529752866002728529e-03
2.377599999999999909e+03 7.561338990875272371e-03
2.380800000000000182e+03 7.593236027398359358e-03
2.384000000000000000e+03 7.625422285320281914e-03
2.387199999999999818e+03 7.657878839906143674e-03
2.390400000000000091e+03 7.690592369065143465e-03
2.393599999999999909e+03 7.723555612466591336e-03
2.396800000000000182e+03 7.756764308377231930e-03
2.400000000000000000e+03 7.790211601468101030e-03
2.403199999999999818e+03 7.823882837135582094e-03
2.406400000000000091e+03 7.857753612024861653e-03
2.409599999999999909e+03 7.891792220213330114e-03
2.412800000000000182e+03 7.925965208669673648e-03
2.416000000000000000e+03 7.960243452489459623e-03
2.419199999999999818e+03 7.994606293317307530e-03
2.422400000000000091e+03 8.029042636059493393e-03
2.425599999999999909e+03 8.063549241923196470e-03
2.428800000000000182e+03 8.098127439559274499e-03
2.432000000000000000e+03 8.132779887186568704e-03
2.435199999999999818e+03 8.167509179900112049e-03
2.438400000000000091e+03 8.202319602883711286e-03
2.441599999999999909e+03 8.237222045873871315e-03
2.444800000000000182e+03 8.272240342790679671e-03
2.448000000000000000e+03 8.307416255789078913e-03
2.451199999999999818e+03 8.342810720588622608e-03
2.454400000000000091e+03 8.378500472658296713e-03
2.457599999999999909e+03 8.414570845088405193e-03
2.460800000000000182e+03 8.451106633581435476e-03
2.464000000000000000e+03 8.488183417721912455e-03
2.467199999999999818e+03 8.525861311716851146e-03
2.470400000000000091e+03 8.564181829705532281e-03
2.473599999999999909e+03 8.603166803830816778e-03
2.476800000000000182e+03 8.642817774845766229e-03
2.480000000000000000e+03 8.683115578200485685e-03
2.483199999999999818e+03 8.724022103985068499e-03
2.486400000000000091e+03 8.765486610074537180e-03
2.489599999999999909e+03 8.807456531847281458e-03
2.492800000000000182e+03 8.849888779854389598e-03
2.496000000000000000e+03 8.892755896187076389e-03
2.499199999999999818e+03 8.936043768457989367e-03
2.502400000000000091e+03 8.979742634969150802e-03
2.505599999999999909e+03 9.023836765620626282e-03
2.508800000000000182e+03 9.068298485033661482e-03
2.512000000000000000e+03 9.113089363620605413e-03
2.515199999999999818e+03 9.158167924889108052e-03
2.518400000000000091e+03 9.203500314619014744e-03
2.521599999999999909e+03 9.249069102698192352e-03
2.524800000000000182e+03 9.294876147535822627e-03
2.528000000000000000e+03 9.340938801457178420e-03
2.531199999999999818e+03 9.387282933162786891e-03
2.534400000000000091e+03 9.433938442271206856e-03
2.537599999999999909e+03 9.480941003736517714e-03
2.540800000000000182e+03 9.528339128437434552e-03
2.544000000000000000e+03 9.576201710746017060e-03
2.547199999999999818e+03 9.624620665463020155e-03
2.550400000000000091e+03 9.673705829122017028e-03
2.553599999999999909e+03 9.723573024766851008e-03
2.556800000000000182e+03 9.774329297522640209e-03
2.560000000000000000e+03 9.826060397132213575e-03
2.563199999999999818e+03 9.878824073093346939e-03
2.566400000000000091e+03 9.932649085323605812e-03
2.569599999999999909e+03 9.987536768385112465e-03
2.572800000000000182e+03 1.004346183948014344e-02
2.576000000000000000e+03 1.010037241217995319e-02
2.579199999999999818e+03 1.015819266714679259e-02
2.582400000000000091e+03 1.021683234135565589e-02
2.585599999999999909e+03 1.027620356107211003e-02
2.588800000000000182e+03 1.033624015310054614e-02
2.592000000000000000e+03 1.039691092648505240e-02
2.595199999999999818e+03 1.045822017510091712e-02
2.598400000000000091e+03 1.052019506413817695e-02
2.601599999999999909e+03 1.058286698531974920e-02
2.604800000000000182e+03 1.064625668126959086e-02
2.608000000000000000e+03 1.071036941822145309e-02
2.611199999999999818e+03 1.077519941354599872e-02
2.614400000000000091e+03 1.084073806468551990e-02
2.617599999999999909e+03 1.090698104004885795e-02
2.620800000000000182e+03 1.097393355855515694e-02
2.624000000000000000e+03 1.104161648002351635e-02
2.627199999999999818e+03 1.111007534999025777e-02
2.630400000000000091e+03 1.117939074994208498e-02
2.633599999999999909e+03 1.124968438634756616e-02
2.636800000000000182e+03 1.132111465236364072e-02
2.640000000000000000e+03 1.139385935308694954e-02
2.643199999999999818e+03 1.146809029061475298e-02
2.646400000000000091e+03 1.154394937583891334e-02
2.649599999999999909e+03 1.162153468745220214e-02
2.652800000000000182e+03 1.170089770766227950e-02
2.656000000000000000e+03 1.178204641791314768e-02
2.659199999999999818e+03 1.186494836924038843e-02
2.662400000000000091e+03 1.194953319804943799e-02
2.665599999999999909e+03 1.203569887849329292e-02
2.668800000000000182e+03 1.212332619503123099e-02
2.672000000000000000e+03 1.221230134244317631e-02
2.675199999999999818e+03 1.230254151807148692e-02
2.678400000000000091e+03 1.239401526271151875e-02
2.681599999999999909e+03 1.248674992812428240e-02
2.684800000000000182e+03 1.258082232909833210e-02
2.688000000000000000e+03 1.267633494085275772e-02
2.691199999999999818e+03 1.277338600681545561e-02
2.694400000000000091e+03 1.287204525538999597e-02
2.697599999999999909e+03 1.297234557750214304e-02
2.700800000000000182e+03 1.307429600229912184e-02
2.704000000000000000e+03 1.317791392302791048e-02
2.707199999999999818e+03 1.328326652359242827e-02
2.710400000000000091e+03 1.339050498395752062e-02
2.713599999999999909e+03 1.349987448214129936e-02
2.716800000000000182e+03 1.361169167561781211e-02
2.720000000000000000e+03 1.372629669029064303e-02
2.723199999999999818e+03 1.384399976777387666e-02
2.726400000000000091e+03 1.396504356509241200e-02
2.729599999999999909e+03 1.408958984653816728e-02
2.732800000000000182e+03 1.421772296843283774e-02
2.736000000000000000e+03 1.434945611178752717e-02
2.739199999999999818e+03 1.448473471866901924e-02
2.742400000000000091e+03 1.462344784120205889e-02
2.745599999999999909e+03 1.476546398913743119e-02
2.748800000000000182e+03 1.491069294883572323e-02
2.752000000000000000e+03 1.505914717455205006e-02
2.755199999999999818e+03 1.521096436993888898e-02
2.758400000000000091e+03 1.536637582979440836e-02
2.761599999999999909e+03 1.552564853330535427e-02
2.764800000000000182e+03 1.568904906224049059e-02
2.768000000000000000e+03 1.585685028516593820e-02
2.771199999999999818e+03 1.602935542081804915e-02
2.774400000000000091e+03 1.620690375179947851e-02
2.777599999999999909e+03 1.638986055889119289e-02
2.780800000000000182e+03 1.657863032811988935e-02
2.784000000000000000e+03 1.677371320991751652e-02
2.787199999999999818e+03 1.697576028793985892e-02
2.790400000000000091e+03 1.718554746910648870e-02
2.793599999999999909e+03 1.740384283454920328e-02
2.796800000000000182e+03 1.763124991685504489e-02
2.800000000000000000e+03 1.786814723078330308e-02
2.803199999999999818e+03 1.811476247508768747e-02
2.806400000000000091e+03 1.837130560799738951e-02
2.809599999999999909e+03 1.863805568530458451e-02
2.812800000000000182e+03 1.891536940820271948e-02
2.816000000000000000e+03 1.920366405351142669e-02
2.819199999999999818e+03 1.950342322747451729e-02
2.822400000000000091e+03 1.981520926899797350e-02
2.825599999999999909e+03 2.013964982387139724e-02
2.828800000000000182e+03 2.047741355850979730e-02
2.832000000000000000e+03 2.082920776290914447e-02
2.835199999999999818e+03 2.119578364135646723e-02
2.838400000000000091e+03 2.157790144234233293e-02
2.841599999999999909e+03 2.197624692727552856e-02
2.844800000000000182e+03 2.239134163657187024e-02
2.848000000000000000e+03 2.282346760597741067e-02
2.851199999999999818e+03 2.327257415353608389e-02
2.854400000000000091e+03 2.373814697092756568e-02
2.857599999999999909e+03 2.421909358459956030e-02
2.860800000000000182e+03 2.471373932631266632e-02
2.864000000000000000e+03 2.521999769016984583e-02
2.867199999999999818e+03 2.573569949751229602e-02
2.870400000000000091e+03 2.625895236791747286e-02
2.873599999999999909e+03 2.678829071435930020e-02
2.876800000000000182e+03 2.732238846143678762e-02
2.880000000000000000e+03 2.785933814057464306e-02
2.883199999999999818e+03 2.839585385102292789e-02
2.886400000000000091e+03 2.892695906927875843e-02
2.889599999999999909e+03 2.944654263292607876e-02
2.892800000000000182e+03 2.994864322315300351e-02
2.896000000000000000e+03 3.042877318744522525e-02
2.899199999999999818e+03 3.088443240358262551e-02
2.902400000000000091e+03 3.131439018044912537e-02
2.905599999999999909e+03 3.171713484378820003e-02
2.908800000000000182e+03 3.208958081328656953e-02
2.912000000000000000e+03 3.242713545183886076e-02
2.915199999999999818e+03 3.272539010129132259e-02
2.918400000000000091e+03 3.298246884289933456e-02
2.921599999999999909e+03 3.320036953644685956e-02
2.924800000000000182e+03 3.338418016813683720e-02
2.928000000000000000e+03 3.353961475774872719e-02
2.931199999999999818e+03 3.367064703832922667e-02
2.934400000000000091e+03 3.377890997939191065e-02
2.937599999999999909e+03 3.386501873363251258e-02
2.940800000000000182e+03 3.393044366839176318e-02
2.944000000000000000e+03 3.397836342587001734e-02
2.947199999999999818e+03 3.401305336055376882e-02
2.950400000000000091e+03 3.403859369126580742e-02
2.953599999999999909e+03 3.405795222787707383e-02
2.956800000000000182e+03 3.407287428347648833e-02
2.960000000000000000e+03 3.408431193863799280e-02
2.963199999999999818e+03 3.409291496640015628e-02
2.966400000000000091e+03 3.409930395961886102e-02
2.969599999999999909e+03 3.410410301956819795e-02
2.972800000000000182e+03 3.410784382895604844e-02
2.976000000000000000e+03 3.411087484641556894e-02
2.979199999999999818e+03 3.411336207570442314e-02
2.982400000000000091e+03 3.411538302084560215e-02
2.985599999999999909e+03 3.411704211726570429e-02
2.988800000000000182e+03 3.411852101286031586e-02
2.992000000000000000e+03 3.412002799620397070e-02
2.995199999999999818e+03 3.412169138049218203e-02
2.998400000000000091e+03 3.412349035108989265e-02
3.001599999999999909e+03 3.412528617992389296e-02
3.004800000000000182e+03 3.412692724255873833e-02
3.008000000000000000e+03 3.412834056661408905e-02
3.011199999999999818e+03 3.412955077884196470e-02
3.014400000000000091e+03 3.413064202068986919e-02
3.017599999999999909e+03 3.413171245901013701e-02
3.020800000000000182e+03 3.413284490471162058e-02
3.024000000000000000e+03 3.413408575434252745e-02
3.027199999999999818e+03 3.413542625511432199e-02
3.030400000000000091e+03 3.413679571983445349e-02
3.033599999999999909e+03 3.413807701377075815e-02
3.036800000000000182e+03 3.413914378419609374e-02
3.040000000000000000e+03 3.413991020908756918e-02
3.043199999999999818e+03 3.414037601890992230e-02
3.046400000000000091e+03 3.414064064944823812e-02
3.049599999999999909e+03 3.414086533693317521e-02
3.052800000000000182e+03 3.414119231073750593e-02
3.056000000000000000e+03 3.414166760920286231e-02
3.059199999999999818e+03 3.414222178401366686e-02
3.062400000000000091e+03 3.414272507048297239e-02
3.065599999999999909e+03 3.414307800773185714e-02
3.068800000000000182e+03 3.414327258962345651e-02
3.072000000000000000e+03 3.414338491629182598e-02
3.075199999999999818e+03 3.414351378952269062e-02
3.078400000000000091e+03 3.414371542199609588e-02
3.081599999999999909e+03 3.414397809787372839e-02
3.084800000000000182e+03 3.414424483345276234e-02
3.088000000000000000e+03 3.414445871732257193e-02
3.091199999999999818e+03 3.414459696864916710e-02
3.094400000000000091e+03 3.414467539480036534e-02
3.097599999999999909e+03 3.414472836012372864e-02
3.100800000000000182e+03 3.414478342943499944e-02
3.104000000000000000e+03 3.414484797576233105e-02
3.107199999999999818e+03 3.414491258665137280e-02
3.110400000000000091e+03 3.414496406983381915e-02
3.113599999999999909e+03 3.414499695135494312e-02
3.116800000000000182e+03 3.414501659322360938e-02
3.120000000000000000e+03 3.414503420512074450e-02
3.123199999999999818e+03 3.414505890477664146e-02
3.126400000000000091e+03 3.414509253829275254e-02
3.129599999999999909e+03 3.414513000734565457e-02
3.132800000000000182e+03 3.414516378972549254e-02
3.136000000000000000e+03 3.414518887393284963e-02
3.139199999999999818e+03 3.414520486740791477e-02
3.142400000000000091e+03 3.414521470216808768e-02
3.145599999999999909e+03 3.414522180006997198e-02
3.148800000000000182e+03 3.414522804598413980e-02
3.152000000000000000e+03 3.414523361123505268e-02
3.155199999999999818e+03 3.414523803657168455e-02
3.158400000000000091e+03 3.414524130372028482e-02
3.161599999999999909e+03 3.414524409535778932e-02
3.164800000000000182e+03 3.414524733606960627e-02
3.168000000000000000e+03 3.414525160886157373e-02
3.171199999999999818e+03 3.414525692851544392e-02
3.174400000000000091e+03 3.414526293475518559e-02
3.177599999999999909e+03 3.414526925002957930e-02
3.180800000000000182e+03 3.414527570699529835e-02
3.184000000000000000e+03 3.414528233769431598e-02
3.187199999999999818e+03 3.414528922742598310e-02
3.190400000000000091e+03 3.414529639702090780e-02
3.193599999999999909e+03 3.414530378711857356e-02
3.196800000000000182e+03 3.414531130975245743e-02
3.200000000000000000e+03 3.414531890690242905e-02
3.203199999999999818e+03 3.414532658701047163e-02
3.206400000000000091e+03 3.414533443547000668e-02
3.209599999999999909e+03 3.414534259898473201e-02
3.212800000000000182e+03 3.414535124362880203e-02
3.216000000000000000e+03 3.414536049058609218e-02
3.219199999999999818e+03 3.414537033949096440e-02
3.222400000000000091e+03 3.414538060322118429e-02
3.225599999999999909e+03 3.414539090004100469e-02
3.228800000000000182e+03 3.414540074699314726e-02
3.232000000000000000e+03 3.414540974484787939e-02
3.235199999999999818e+03 3.414541776538784074e-02
3.238400000000000091e+03 3.414542502511015015e-02
3.241599999999999909e+03 3.414543199079524832e-02
3.244800000000000182e+03 3.414543916739105206e-02
3.248000000000000000e+03 3.414544688662932148e-02
3.251199999999999818e+03 3.414545520473244444e-02
3.254400000000000091e+03 3.414546395134341467e-02
3.257599999999999909e+03 3.414547288918200890e-02
3.260800000000000182e+03 3.414548188439792131e-02
3.264000000000000000e+03 3.414549097873554456e-02
3.267199999999999818e+03 3.414550031821152187e-02
3.270400000000000091e+03 3.414550999143763088e-02
3.273599999999999909e+03 3.414551989901384865e-02
3.276800000000000182e+03 3.414552975348009167e-02
3.280000000000000000e+03 3.414553921161293804e-02
3.283199999999999818e+03 3.414554803686136591e-02
3.286400000000000091e+03 3.414555616519016068e-02
3.289599999999999909e+03 3.414556363731684890e-02
3.292800000000000182e+03 3.414557047855476535e-02
3.296000000000000000e+03 3.414557664400047488e-02
3.299199999999999818e+03 3.414558206952608005e-02
3.302400000000000091e+03 3.414558677682180687e-02
3.305599999999999909e+03 3.414559094695623909e-02
3.308800000000000182e+03 3.414559490519566282e-02
3.312000000000000000e+03 3.414559902873614411e-02
3.315199999999999818e+03 3.414560364638101475e-02
3.318400000000000091e+03 3.414560898792947524e-02
3.321599999999999909e+03 3.414561517149385800e-02
3.324800000000000182e+03 3.414562219405963689e-02
3.328000000000000000e+03 3.414562993880890934e-02
3.331199999999999818e+03 3.414563823197858811e-02
3.334400000000000091e+03 3.414564692667432927e-02
3.337599999999999909e+03 3.414565594612359312e-02
3.340800000000000182e+03 3.414566526055396595e-02
3.344000000000000000e+03 3.414567483822903565e-02
3.347199999999999818e+03 3.414568461892013990e-02
3.350400000000000091e+03 3.414569451948342577e-02
3.353599999999999909e+03 3.414570444907781555e-02
3.356800000000000182e+03 3.414571431998907058e-02
3.360000000000000000e+03 3.414572406726927578e-02
3.363199999999999818e+03 3.414573368944994608e-02
3.366400000000000091e+03 3.414574328425888650e-02
3.369599999999999909e+03 3.414575303677463286e-02
3.372800000000000182e+03 3.414576315589817890e-02
3.376000000000000000e+03 3.414577380085909164e-02
3.379199999999999818e+03 3.414578503888164585e-02
3.382400000000000091e+03 3.414579684017466504e-02
3.385599999999999909e+03 3.414580909314682278e-02
3.388800000000000182e+03 3.414582162766427453e-02
3.392000000000000000e+03 3.414583424948999107e-02
3.395199999999999818e+03 3.414584678501519227e-02
3.398400000000000091e+03 3.414585911923411626e-02
3.401599999999999909e+03 3.414587120585863000e-02
3.404800000000000182e+03 3.414588304915743694e-02
3.408000000000000000e+03 3.414589467453547911e-02
3.411199999999999818e+03 3.414590610192848319e-02
3.414400000000000091e+03 3.414591732716096284e-02
3.417599999999999909e+03 3.414592831551108848e-02
3.420800000000000182e+03 3.414593901137721876e-02
3.424000000000000000e+03 3.414594935889157801e-02
3.427199999999999818e+03 3.414595932015996455e-02
3.430400000000000091e+03 3.414596888304886196e-02
3.433599999999999909e+03 3.414597806181610129e-02
3.436800000000000182e+03 3.414598689589046221e-02
3.440000000000000000e+03 3.414599544477815718e-02
3.443199999999999818e+03 3.414600377595580771e-02
3.446400000000000091e+03 3.414601194847131926e-02
3.449599999999999909e+03 3.414601999701548374e-02
3.452800000000000182e+03 3.414602791796182008e-02
3.456000000000000000e+03 3.414603565932102652e-02
3.459199999999999818e+03 3.414604311931809105e-02
3.462400000000000091e+03 3.414605015932756921e-02
3.465599999999999909e+03 3.414605663589974360e-02
3.468800000000000182e+03 3.414606245017990510e-02
3.472000000000000000e+03 3.414606759949436604e-02
3.475199999999999818e+03 3.414607220785949304e-02
3.478400000000000091e+03 3.414607652324307824e-02
3.481599999999999909e+03 3.414608088597215901e-02
3.484800000000000182e+03 3.414608568041134495e-02
3.488000000000000000e+03 3.414609128540803396e-02
3.491199999999999818e+03 3.414609803999874710e-02
3.494400000000000091e+03 3.414610622786589528e-02
3.497599999999999909e+03 3.414611606607190208e-02
3.500800000000000182e+03 3.414612768163705764e-02
3.504000000000000000e+03 3.414614107378430297e-02
3.507199999999999818e+03 3.414615607530453734e-02
3.510400000000000091e+03 3.414617234720789679e-02
3.513599999999999909e+03 3.414618945343913387e-02
3.516800000000000182e+03 3.414620702872119690e-02
3.520000000000000000e+03 3.414622497323225453e-02
3.523199999999999818e+03 3.414624356066425087e-02
3.526400000000000091e+03 3.414626338727687338e-02
3.529599999999999909e+03 3.414628518110335992e-02
3.532800000000000182e+03 3.414630955150092795e-02
3.536000000000000000e+03 3.414633676144526037e-02
3.539199999999999818e+03 3.414636658104160810e-02
3.542400000000000091e+03 3.414639826092897429e-02
3.545599999999999909e+03 3.414643064793671662e-02
3.548800000000000182e+03 3.414646243265353348e-02
3.552000000000000000e+03 3.414649247156667511e-02
3.555199999999999818e+03 3.414652008911420178e-02
3.558400000000000091e+03 3.414654524943611796e-02
3.561599999999999909e+03 3.414656850475216582e-02
3.564800000000000182e+03 3.414659070850221967e-02
3.568000000000000000e+03 3.414661260391716607e-02
3.571199999999999818e+03 3.414663448631240217e-02
3.574400000000000091e+03 3.414665612279096929e-02
3.577599999999999909e+03 3.414667698941734747e-02
3.580800000000000182e+03 3.414669671494419828e-02
3.584000000000000000e+03 3.414671549392534616e-02
3.587199999999999818e+03 3.414673422319428747e-02
3.590400000000000091e+03 3.414675422399597593e-02
3.593599999999999909e+03 3.414677661428030392e-02
3.596800000000000182e+03 3.414680162375763328e-02
3.600000000000000000e+03 3.414682827822074912e-02
3.603199999999999818e+03 3.414685474229176704e-02
3.606400000000000091e+03 3.414687920839459129e-02
3.609599999999999909e+03 3.414690080603388633e-02
3.612800000000000182e+03 3.414691990655135262e-02
3.616000000000000000e+03 3.414693758262472151e-02
3.619199999999999818e+03 3.414695462860961594e-02
3.622400000000000091e+03 3.414697094400791916e-02
3.625599999999999909e+03 3.414698578496674214e-02
3.628800000000000182e+03 3.414699860812064891e-02
3.632000000000000000e+03 3.414700969047315682e-02
3.635199999999999818e+03 3.414701994270184088e-02
3.638400000000000091e+03 3.414703013121903746e-02
3.641599999999999909e+03 3.414704028708265976e-02
3.644800000000000182e+03 3.414704985212036609e-02
3.648000000000000000e+03 3.414705832989123335e-02
3.651199999999999818e+03 3.414706573200253920e-02
3.654400000000000091e+03 3.414707244605574843e-02
3.657599999999999909e+03 3.414707883133193123e-02
3.660800000000000182e+03 3.414708504129568278e-02
3.664000000000000000e+03 3.414709112700727717e-02
3.667199999999999818e+03 3.414709710045416013e-02
3.670400000000000091e+03 3.414710283440848537e-02
3.673599999999999909e+03 3.414710806258217796e-02
3.676800000000000182e+03 3.414711265737991469e-02
3.680000000000000000e+03 3.414711687870890244e-02
3.683199999999999818e+03 3.414712118369692129e-02
3.686400000000000091e+03 3.414712574137854229e-02
3.689599999999999909e+03 3.414713025721070883e-02
3.692800000000000182e+03 3.414713435564009636e-02
3.696000000000000000e+03 3.414713802419144795e-02
3.699199999999999818e+03 3.414714155155860326e-02
3.702400000000000091e+03 3.414714511056921031e-02
3.705599999999999909e+03 3.414714860592762274e-02
3.708800000000000182e+03 3.414715196877454034e-02
3.712000000000000000e+03 3.414715541177529290e-02
3.715199999999999818e+03 3.414715924813628567e-02
3.718400000000000091e+03 3.414716354270005971e-02
3.721599999999999909e+03 3.414716808744798493e-02
3.724800000000000182e+03 3.414717269210376660e-02
3.728000000000000000e+03 3.414717734938847726e-02
3.731199999999999818e+03 3.414718208813329742e-02
3.734400000000000091e+03 3.414718680783932619e-02
3.737599999999999909e+03 3.414719137046250824e-02
3.740800000000000182e+03 3.414719580900903856e-02
3.744000000000000000e+03 3.414720034742968480e-02
3.747199999999999818e+03 3.414720520815134330e-02
3.750400000000000091e+03 3.414721044748047357e-02
3.753599999999999909e+03 3.414721595602535770e-02
3.756800000000000182e+03 3.414722152968182461e-02
3.760000000000000000e+03 3.414722690747743622e-02
3.763199999999999818e+03 3.414723182169552423e-02
3.766400000000000091e+03 3.414723611591155561e-02
3.769599999999999909e+03 3.414723984579418059e-02
3.772800000000000182e+03 3.414724324543958606e-02
3.776000000000000000e+03 3.414724658587880296e-02
3.779199999999999818e+03 3.414725005719968648e-02
3.782400000000000091e+03 3.414725374085878645e-02
3.785599999999999909e+03 3.414725762792298475e-02
3.788800000000000182e+03 3.414726163240133089e-02
3.792000000000000000e+03 3.414726561090975637e-02
3.795199999999999818e+03 3.414726941595389031e-02
3.798400000000000091e+03 3.414727296400314749e-02
3.801599999999999909e+03 3.414727626819482470e-02
3.804800000000000182e+03 3.414727942311908404e-02
3.808000000000000000e+03 3.414728257433290864e-02
3.811199999999999818e+03 3.414728589067706627e-02
3.814400000000000091e+03 3.414728951923189093e-02
3.817599999999999909e+03 3.414729352167016063e-02
3.820800000000000182e+03 3.414729783989606943e-02
3.824000000000000000e+03 3.414730233125535391e-02
3.827199999999999818e+03 3.414730684620952139e-02
3.830400000000000091e+03 3.414731128593572612e-02
3.833599999999999909e+03 3.414731561242633634e-02
3.836800000000000182e+03 3.414731983218095845e-02
3.840000000000000000e+03 3.414732398086138543e-02
3.843199999999999818e+03 3.414732811321184031e-02
3.846400000000000091e+03 3.414733228924998754e-02
3.849599999999999909e+03 3.414733655303225229e-02
3.852800000000000182e+03 3.414734091191784504e-02
3.856000000000000000e+03 3.414734532773990028e-02
3.859199999999999818e+03 3.414734972772931476e-02
3.862400000000000091e+03 3.414735403672702202e-02
3.865599999999999909e+03 3.414735821932404075e-02
3.868800000000000182e+03 3.414736230851555393e-02
3.872000000000000000e+03 3.414736640219192404e-02
3.875199999999999818e+03 3.414737063134334200e-02
3.878400000000000091e+03 3.414737512136682002e-02
3.881599999999999909e+03 3.414737996389675956e-02
3.884800000000000182e+03 3.414738519876769907e-02
3.888000000000000000e+03 3.414739080099783719e-02
3.891199999999999818e+03 3.414739668041030102e-02
3.894400000000000091e+03 3.414740270469585059e-02
3.897599999999999909e+03 3.414740873693700163e-02
3.900800000000000182e+03 3.414741466392046121e-02
3.904000000000000000e+03 3.414742040547463775e-02
3.907199999999999818e+03 3.414742591390397541e-02
3.910400000000000091e+03 3.414743117118832633e-02
3.913599999999999909e+03 3.414743618294562022e-02
3.916800000000000182e+03 3.414744096961966346e-02
3.920000000000000000e+03 3.414744555896605943e-02
3.923199999999999818e+03 3.414744998480295085e-02
3.926400000000000091e+03 3.414745429288625761e-02
3.929599999999999909e+03 3.414745854490360694e-02
3.932800000000000182e+03 3.414746280923499494e-02
3.936000000000000000e+03 3.414746714264304400e-02
3.939199999999999818e+03 3.414747157815130330e-02
3.942400000000000091e+03 3.414747612373060515e-02
3.945599999999999909e+03 3.414748076515752157e-02
3.948800000000000182e+03 3.414748547191061301e-02
3.952000000000000000e+03 3.414749020912349886e-02
3.955199999999999818e+03 3.414749495250288258e-02
3.958400000000000091e+03 3.414749969569553373e-02
3.961599999999999909e+03 3.414750444383608113e-02
3.964800000000000182e+03 3.414750919701372428e-02
3.968000000000000000e+03 3.414751393540987889e-02
3.971199999999999818e+03 3.414751862045981717e-02
3.974400000000000091e+03 3.414752321631969734e-02
3.977599999999999909e+03 3.414752771880553289e-02
3.980800000000000182e+03 3.414753217122224599e-02
3.984000000000000000e+03 3.414753665512627878e-02
3.987199999999999818e+03 3.414754126235190756e-02
3.990400000000000091e+03 3.414754606446079865e-02
3.993599999999999909e+03 3.414755109393809857e-02
3.996800000000000182e+03 3.414755634224347219e-02
4.000000000000000000e+03 3.414756177149844141e-02
4.003199999999999818e+03 3.414756733152177898e-02
4.006400000000000091e+03 3.414757297387231716e-02
4.009599999999999909e+03 3.414757865992393282e-02
4.012800000000000182e+03 3.414758436361825522e-02
4.016000000000000000e+03 3.414759006902595706e-02
4.019199999999999818e+03 3.414759576333785407e-02
4.022400000000000091e+03 3.414760142998170267e-02
4.025599999999999909e+03 3.414760704808969538e-02
4.028800000000000182e+03 3.414761259718244318e-02
4.032000000000000000e+03 3.414761806001485184e-02
4.035199999999999818e+03 3.414762342183993299e-02
4.038400000000000091e+03 3.414762867234386046e-02
4.041599999999999909e+03 3.414763381386546476e-02
4.044800000000000182e+03 3.414763886776964186e-02
4.048000000000000000e+03 3.414764386905950327e-02
4.051199999999999818e+03 3.414764885226704433e-02
4.054400000000000091e+03 3.414765384257365671e-02
4.057599999999999909e+03 3.414765885807345691e-02
4.060800000000000182e+03 3.414766391300546461e-02
4.064000000000000000e+03 3.414766901329635562e-02
4.067199999999999818e+03 3.414767415207107387e-02
4.070400000000000091e+03 3.414767931397862805e-02
4.073599999999999909e+03 3.414768448324303346e-02
4.076800000000000182e+03 3.414768964520567551e-02
4.080000000000000000e+03 3.414769478391980334e-02
4.083199999999999818e+03 3.414769988621314811e-02
4.086400000000000091e+03 3.414770495304988995e-02
4.089599999999999909e+03 3.414771000694598324e-02
4.092800000000000182e+03 3.414771508682917095e-02
4.096000000000000000e+03 3.414772023400549500e-02
4.099199999999999818e+03 3.414772547934007141e-02
4.102399999999999636e+03 3.414773083723949415e-02
4.105600000000000364e+03 3.414773630702695045e-02
4.108800000000000182e+03 3.414774188052820819e-02
4.112000000000000000e+03 3.414774755372075588e-02
4.115199999999999818e+03 3.414775333702613214e-02
4.118399999999999636e+03 3.414775925712684040e-02
4.121600000000000364e+03 3.414776534718533263e-02
4.124800000000000182e+03 3.414777163033319574e-02
4.128000000000000000e+03 3.414777810559459226e-02
4.131199999999999818e+03 3.414778474374609990e-02
4.134399999999999636e+03 3.414779149440039241e-02
4.137600000000000364e+03 3.414779830004042310e-02
4.140800000000000182e+03 3.414780511006173386e-02
4.144000000000000000e+03 3.414781188933736777e-02
4.147199999999999818e+03 3.414781861991020989e-02
4.150399999999999636e+03 3.414782529788942117e-02
4.153600000000000364e+03 3.414783192891741176e-02
4.156800000000000182e+03 3.414783852408098674e-02
4.160000000000000000e+03 3.414784509632244613e-02
4.163199999999999818e+03 3.414785165713622728e-02
4.166399999999999636e+03 3.414785821417285622e-02
4.169600000000000364e+03 3.414786477017029559e-02
4.172800000000000182e+03 3.414787132315549173e-02
4.176000000000000000e+03 3.414787786745230452e-02
4.179199999999999818e+03 3.414788439584204999e-02
4.182399999999999636e+03 3.414789090292993934e-02
4.185600000000000364e+03 3.414789738923672269e-02
4.188800000000000182e+03 3.414790386410434392e-02
4.192000000000000000e+03 3.414791034572935841e-02
4.195199999999999818e+03 3.414791685821046835e-02
4.198399999999999636e+03 3.414792342769088634e-02
4.201600000000000364e+03 3.414793007908779876e-02
4.204800000000000182e+03 3.414793683372414207e-02
4.208000000000000000e+03 3.414794370744531765e-02
4.211199999999999818e+03 3.414795070995802623e-02
4.214399999999999636e+03 3.414795784604994500e-02
4.217600000000000364e+03 3.414796511805232027e-02
4.220800000000000182e+03 3.414797252735059935e-02
4.224000000000000000e+03 3.414798007421838977e-02
4.227199999999999818e+03 3.414798775765706673e-02
4.230399999999999636e+03 3.414799557704270572e-02
4.233600000000000364e+03 3.414800353405084143e-02
4.236800000000000182e+03 3.414801163135568196e-02
4.240000000000000000e+03 3.414801986683211471e-02
4.243199999999999818e+03 3.414802822659876447e-02
4.246399999999999636e+03 3.414803668178512108e-02
4.249600000000000364e+03 3.414804519003025035e-02
4.252800000000000182e+03 3.414805369813034980e-02
4.256000000000000000e+03 3.414806214312495619e-02
4.259199999999999818e+03 3.414807045542049557e-02
4.262399999999999636e+03 3.414807857010895842e-02
4.265600000000000364e+03 3.414808644563086665e-02
4.268800000000000182e+03 3.414809408055753670e-02
4.272000000000000000e+03 3.414810151909499630e-02
4.275199999999999818e+03 3.414810884472037344e-02
4.278399999999999636e+03 3.414811616703698760e-02
4.281600000000000364e+03 3.414812360468153646e-02
4.284800000000000182e+03 3.414813126385143893e-02
4.288000000000000000e+03 3.414813921310717176e-02
4.291199999999999818e+03 3.414814745824492487e-02
4.294399999999999636e+03 3.414815592253574172e-02
4.297600000000000364e+03 3.414816444849693572e-02
4.300800000000000182e+03 3.414817283871985493e-02
4.304000000000000000e+03 3.414818092776813335e-02
4.307199999999999818e+03 3.414818863974113106e-02
4.310399999999999636e+03 3.414819598779102877e-02
4.313600000000000364e+03 3.414820302303855915e-02
4.316800000000000182e+03 3.414820978455126305e-02
4.320000000000000000e+03 3.414821629145561865e-02
4.323199999999999818e+03 3.414822256833034003e-02
4.326399999999999636e+03 3.414822866309580318e-02
4.329600000000000364e+03 3.414823463411899990e-02
4.332800000000000182e+03 3.414824052798227927e-02
4.336000000000000000e+03 3.414824638763756803e-02
4.339199999999999818e+03 3.414825228096024512e-02
4.342399999999999636e+03 3.414825829138436186e-02
4.345600000000000364e+03 3.414826445902278268e-02
4.348800000000000182e+03 3.414827074535731199e-02
4.352000000000000000e+03 3.414827708400517553e-02
4.355199999999999818e+03 3.414828346969220330e-02
4.358399999999999636e+03 3.414828998141389294e-02
4.361600000000000364e+03 3.414829671912550380e-02
4.364800000000000182e+03 3.414830374231182103e-02
4.368000000000000000e+03 3.414831108349361544e-02
4.371199999999999818e+03 3.414831879270309456e-02
4.374399999999999636e+03 3.414832692752123311e-02
4.377600000000000364e+03 3.414833550014965968e-02
4.380800000000000182e+03 3.414834447468519107e-02
4.384000000000000000e+03 3.414835383797036605e-02
4.387199999999999818e+03 3.414836363973579314e-02
4.390399999999999636e+03 3.414837391936837580e-02
4.393600000000000364e+03 3.414838459593940584e-02
4.396800000000000182e+03 3.414839546416268551e-02
4.400000000000000000e+03 3.414840630670711724e-02
4.403199999999999818e+03 3.414841698685106702e-02
4.406399999999999636e+03 3.414842743443553819e-02
4.409600000000000364e+03 3.414843759618804708e-02
4.412800000000000182e+03 3.414844743882095718e-02
4.416000000000000000e+03 3.414845696817981474e-02
4.419199999999999818e+03 3.414846618585060112e-02
4.422399999999999636e+03 3.414847502313837074e-02
4.425600000000000364e+03 3.414848336264635076e-02
4.428800000000000182e+03 3.414849114656182127e-02
4.432000000000000000e+03 3.414849844870453122e-02
4.435199999999999818e+03 3.414850543834733326e-02
4.438399999999999636e+03 3.414851229961892581e-02
4.441600000000000364e+03 3.414851919258065499e-02
4.444800000000000182e+03 3.414852624403299369e-02
4.448000000000000000e+03 3.414853351326434250e-02
4.451199999999999818e+03 3.414854095188205041e-02
4.454399999999999636e+03 3.414854843441626764e-02
4.457600000000000364e+03 3.414855586856155312e-02
4.460800000000000182e+03 3.414856328747480074e-02
4.464000000000000000e+03 3.414857083922882841e-02
4.467199999999999818e+03 3.414857870120296263e-02
4.470399999999999636e+03 3.414858700320348023e-02
4.473600000000000364e+03 3.414859579142526941e-02
4.476800000000000182e+03 3.414860501056422165e-02
4.480000000000000000e+03 3.414861450188316772e-02
4.483199999999999818e+03 3.414862404646288457e-02
4.486399999999999636e+03 3.414863344823403785e-02
4.489600000000000364e+03 3.414864260048054712e-02
4.492800000000000182e+03 3.414865149238052039e-02
4.496000000000000000e+03 3.414866017545035298e-02
4.499199999999999818e+03 3.414866873523097340e-02
4.502399999999999636e+03 3.414867727856417401e-02
4.505600000000000364e+03 3.414868591341968518e-02
4.508800000000000182e+03 3.414869471573449972e-02
4.512000000000000000e+03 3.414870370968019209e-02
4.515199999999999818e+03 3.414871288094089435e-02
4.518399999999999636e+03 3.414872220352985210e-02
4.521600000000000364e+03 3.414873165242785641e-02
4.524800000000000182e+03 3.414874120493786858e-02
4.528000000000000000e+03 3.414875085183200626e-02
4.531199999999999818e+03 3.414876061644836480e-02
4.534399999999999636e+03 3.414877055675876599e-02
4.537600000000000364e+03 3.414878073958800553e-02
4.540800000000000182e+03 3.414879120634122661e-02
4.544000000000000000e+03 3.414880195323237444e-02
4.547199999999999818e+03 3.414881293025998077e-02
4.550399999999999636e+03 3.414882405176374730e-02
4.553600000000000364e+03 3.414883521672170547e-02
4.556800000000000182e+03 3.414884633749768611e-02
4.560000000000000000e+03 3.414885736429031787e-02
4.563199999999999818e+03 3.414886828963601545e-02
4.566399999999999636e+03 3.414887913383752444e-02
4.569600000000000364e+03 3.414888992815885010e-02
4.572800000000000182e+03 3.414890070801277627e-02
4.576000000000000000e+03 3.414891151321231000e-02
4.579199999999999818e+03 3.414892238735903196e-02
4.582399999999999636e+03 3.414893337536678564e-02
4.585600000000000364e+03 3.414894452132343633e-02
4.588800000000000182e+03 3.414895586581119524e-02
4.592000000000000000e+03 3.414896743991334416e-02
4.595199999999999818e+03 3.414897925914622823e-02
4.598399999999999636e+03 3.414899132429778661e-02
4.601600000000000364e+03 3.414900363053241517e-02
4.604800000000000182e+03 3.414901617598033873e-02
4.608000000000000000e+03 3.414902896075178163e-02
4.611199999999999818e+03 3.414904197564234273e-02
4.614399999999999636e+03 3.414905518875429452e-02
4.617600000000000364e+03 3.414906853873505427e-02
4.620800000000000182e+03 3.414908193963493016e-02
4.624000000000000000e+03 3.414909529604363142e-02
4.627199999999999818e+03 3.414910852338110675e-02
4.630399999999999636e+03 3.414912156564473694e-02
4.633600000000000364e+03 3.414913440462698235e-02
4.636800000000000182e+03 3.414914705806221251e-02
4.640000000000000000e+03 3.414915957043217209e-02
4.643199999999999818e+03 3.414917200184376667e-02
4.646399999999999636e+03 3.414918441938812055e-02
4.649600000000000364e+03 3.414919689099289030e-02
4.652800000000000182e+03 3.414920948024725844e-02
4.656000000000000000e+03 3.414922224120612443e-02
4.659199999999999818e+03 3.414923521450137500e-02
4.662399999999999636e+03 3.414924842696393653e-02
4.665600000000000364e+03 3.414926189539321810e-02
4.668800000000000182e+03 3.414927563278077893e-02
4.672000000000000000e+03 3.414928965450166054e-02
4.675199999999999818e+03 3.414930398235030418e-02
4.678399999999999636e+03 3.414931864470945044e-02
4.681600000000000364e+03 3.414933367175810447e-02
4.684800000000000182e+03 3.414934908593860591e-02
4.688000000000000000e+03 3.414936489112243428e-02
4.691199999999999818e+03 3.414938106454676325e-02
4.694399999999999636e+03 3.414939755570858826e-02
4.697600000000000364e+03 3.414941429231775627e-02
4.700800000000000182e+03 3.414943119091949641e-02
4.704000000000000000e+03 3.414944816741363048e-02
4.707199999999999818e+03 3.414946514580464998e-02
4.710399999999999636e+03 3.414948206636567174e-02
4.713600000000000364e+03 3.414949889525395466e-02
4.716800000000000182e+03 3.414951563245417071e-02
4.720000000000000000e+03 3.414953231279753421e-02
4.723199999999999818e+03 3.414954899723646881e-02
4.726399999999999636e+03 3.414956576010301503e-02
4.729600000000000364e+03 3.414958268006369063e-02
4.732800000000000182e+03 3.414959983908158470e-02
4.736000000000000000e+03 3.414961732717231718e-02
4.739199999999999818e+03 3.414963524871400535e-02
4.742399999999999636e+03 3.414965372599624432e-02
4.745600000000000364e+03 3.414967289568827946e-02
4.748800000000000182e+03 3.414969289490125959e-02
4.752000000000000000e+03 3.414971383889234269e-02
4.755199999999999818e+03 3.414973579933892889e-02
4.758399999999999636e+03 3.414975879446505852e-02
4.761600000000000364e+03 3.414978279526287991e-02
4.764800000000000182e+03 3.414980774144274478e-02
4.768000000000000000e+03 3.414983355583414010e-02
4.771199999999999818e+03 3.414986014796402014e-02
4.774399999999999636e+03 3.414988740436827180e-02
4.777600000000000364e+03 3.414991517135267107e-02
4.780800000000000182e+03 3.414994324508147799e-02
4.784000000000000000e+03 3.414997138373783436e-02
4.787199999999999818e+03 3.414999934335757881e-02
4.790399999999999636e+03 3.415002692113199012e-02
4.793600000000000364e+03 3.415005398654971658e-02
4.796800000000000182e+03 3.415008049186353534e-02
4.800000000000000000e+03 3.415010646833083197e-02
4.803199999999999818e+03 3.415013201702709472e-02
4.806399999999999636e+03 3.415015729945523881e-02
4.809600000000000364e+03 3.415018252684540179e-02
4.812800000000000182e+03 3.415020794769761669e-02
4.816000000000000000e+03 3.415023383500782883e-02
4.819199999999999818e+03 3.415026047487115801e-02
4.822399999999999636e+03 3.415028815235320730e-02
4.825600000000000364e+03 3.415031712991246915e-02
4.828800000000000182e+03 3.415034761820849585e-02
4.832000000000000000e+03 3.415037974672067295e-02
4.835199999999999818e+03 3.415041354265398871e-02
4.838399999999999636e+03 3.415044892214023214e-02
4.841600000000000364e+03 3.415048569178909255e-02
4.844800000000000182e+03 3.415052355800388822e-02
4.848000000000000000e+03 3.415056214512815491e-02
4.851199999999999818e+03 3.415060102536834202e-02
4.854399999999999636e+03 3.415063976228008974e-02
4.857600000000000364e+03 3.415067796405350797e-02
4.860800000000000182e+03 3.415071533956578337e-02
4.864000000000000000e+03 3.415075174966175631e-02
4.867199999999999818e+03 3.415078724830895168e-02
4.870399999999999636e+03 3.415082210571977056e-02
4.873600000000000364e+03 3.415085680601356172e-02
4.876800000000000182e+03 3.415089201494249382e-02
4.880000000000000000e+03 3.415092852198935852e-02
4.883199999999999818e+03 3.415096716538414123e-02
4.886399999999999636e+03 3.415100874922895324e-02
4.889600000000000364e+03 3.415105395764763546e-02
4.892800000000000182e+03 3.415110327136641755e-02
4.896000000000000000e+03 3.415115689493469081e-02
4.899199999999999818e+03 3.415121470715308527e-02
4.902399999999999636e+03 3.415127624617910612e-02
4.905600000000000364e+03 3.415134073563397266e-02
4.908800000000000182e+03 3.415140715071016131e-02
4.912000000000000000e+03 3.415147431925646959e-02
4.915199999999999818e+03 3.415154105108481053e-02
4.918399999999999636e+03 3.415160628529888276e-02
4.921600000000000364e+03 3.415166924002455140e-02
4.924800000000000182e+03 3.415172954295612323e-02
4.928000000000000000e+03 3.415178732018018387e-02
4.931199999999999818e+03 3.415184322202868827e-02
4.934399999999999636e+03 3.415189836999837220e-02
4.937600000000000364e+03 3.415195421636286338e-02
4.940800000000000182e+03 3.415201232477137194e-02
4.944000000000000000e+03 3.415207410023930051e-02
4.947199999999999818e+03 3.415214051826391539e-02
4.950399999999999636e+03 3.415221191046342863e-02
4.953600000000000364e+03 3.415228785854500931e-02
4.956800000000000182e+03 3.415236722420268711e-02
4.960000000000000000e+03 3.415244831498194522e-02
4.963199999999999818e+03 3.415252915703292230e-02
4.966399999999999636e+03 3.415260783047591869e-02
4.969600000000000364e+03 3.415268281343344925e-02
4.972800000000000182e+03 3.415275328144751904e-02
4.976000000000000000e+03 3.415281930763652829e-02
4.979199999999999818e+03 3.415288191423269948e-02
4.982399999999999636e+03 3.415294294144907011e-02
4.985600000000000364e+03 3.415300473177635548e-02
4.988800000000000182e+03 3.415306967502759750e-02
4.992000000000000000e+03 3.415313970331458615e-02
4.995199999999999818e+03 3.415321585517979569e-02
4.998399999999999636e+03 3.415329802094534822e-02
5.001600000000000364e+03 3.415338494570761135e-02
5.004800000000000182e+03 3.415347449714005446e-02
5.008000000000000000e+03 3.415356413781207162e-02
5.011199999999999818e+03 3.415365147932641204e-02
5.014399999999999636e+03 3.415373478124357487e-02
5.017600000000000364e+03 3.415381327409337114e-02
5.020800000000000182e+03 3.415388724661676950e-02
5.024000000000000000e+03 3.415395788552625517e-02
5.027199999999999818e+03 3.415402689659878532e-02
5.030399999999999636e+03 3.415409596947006909e-02
5.033600000000000364e+03 3.415416620673122905e-02
5.036800000000000182e+03 3.415423769249043701e-02
5.040000000000000000e+03 3.415430936274489043e-02
5.043199999999999818e+03 3.415437925184582058e-02
5.046399999999999636e+03 3.415444505202778341e-02
5.049600000000000364e+03 3.415450481761876655e-02
5.052800000000000182e+03 3.415455758179510720e-02
5.056000000000000000e+03 3.415460367372855771e-02
5.059199999999999818e+03 3.415464460824843562e-02
5.062399999999999636e+03 3.415468259117496880e-02
5.065600000000000364e+03 3.415471983907315129e-02
5.068800000000000182e+03 3.415475797912428252e-02
5.072000000000000000e+03 3.415479771261165781e-02
5.075199999999999818e+03 3.415483878825856245e-02
5.078399999999999636e+03 3.415488024422237701e-02
5.081600000000000364e+03 3.415492083303532656e-02
5.084800000000000182e+03 3.415495951013784726e-02
5.088000000000000000e+03 3.415499580760229803e-02
5.091199999999999818e+03 3.415502994164814482e-02
5.094399999999999636e+03 3.415506260458948257e-02
5.097600000000000364e+03 3.415509454283975621e-02
5.100800000000000182e+03 3.415512610606318694e-02
5.104000000000000000e+03 3.415515696799931861e-02
5.107199999999999818e+03 3.415518615893259335e-02
5.110399999999999636e+03 3.415521242413634140e-02
5.113600000000000364e+03 3.415523475751840871e-02
5.116800000000000182e+03 3.415525283822128805e-02
5.120000000000000000e+03 3.415526715353504883e-02
5.123199999999999818e+03 3.415527877465328321e-02
5.126399999999999636e+03 3.415528895535149129e-02
5.129600000000000364e+03 3.415529876358319034e-02
5.132800000000000182e+03 3.415530888083107702e-02
5.136000000000000000e+03 3.415531958445532784e-02
5.139199999999999818e+03 3.415533085935764518e-02
5.142399999999999636e+03 3.415534256348178727e-02
5.145600000000000364e+03 3.415535456559151695e-02
5.148800000000000182e+03 3.415536680618883048e-02
5.152000000000000000e+03 3.415537926660294765e-02
5.155199999999999818e+03 3.415539188066759463e-02
5.158399999999999636e+03 3.415540443446589414e-02
5.161600000000000364e+03 3.415541651540086876e-02
5.164800000000000182e+03 3.415542756082457637e-02
5.168000000000000000e+03 3.415543702018611349e-02
5.171199999999999818e+03 3.415544456844282761e-02
5.174399999999999636e+03 3.415545025222218450e-02
5.177600000000000364e+03 3.415545448137383838e-02
5.180800000000000182e+03 3.415545787150034429e-02
5.184000000000000000e+03 3.415546104054266452e-02
5.187199999999999818e+03 3.415546446601528535e-02
5.190399999999999636e+03 3.415546844930656550e-02
5.193600000000000364e+03 3.415547315523460165e-02
5.196800000000000182e+03 3.415547866320831766e-02
5.200000000000000000e+03 3.415548498930768423e-02
5.203199999999999818e+03 3.415549207178793928e-02
5.206399999999999636e+03 3.415549974954733281e-02
5.209600000000000364e+03 3.415550776071565875e-02
5.212800000000000182e+03 3.415551577963162749e-02
5.216000000000000000e+03 3.415552348077970785e-02
5.219199999999999818e+03 3.415553060917093930e-02
5.222399999999999636e+03 3.415553703575861105e-02
5.225600000000000364e+03 3.415554278475138594e-02
5.228800000000000182e+03 3.415554802516979765e-02
5.232000000000000000e+03 3.415555302511164015e-02
5.235199999999999818e+03 3.415555808385799946e-02
5.238399999999999636e+03 3.415556346667280446e-02
5.241600000000000364e+03 3.415556936334107618e-02
5.244800000000000182e+03 3.415557587225498404e-02
5.248000000000000000e+03 3.415558299551434140e-02
5.251199999999999818e+03 3.415559063585622834e-02
5.254399999999999636e+03 3.415559859721465502e-02
5.257600000000000364e+03 3.415560660540379462e-02
5.260800000000000182e+03 3.415561435509317095e-02
5.264000000000000000e+03 3.415562157631574225e-02
5.267199999999999818e+03 3.415562809768464547e-02
5.270399999999999636e+03 3.415563388193824934e-02
5.273600000000000364e+03 3.415563902224911380e-02
5.276800000000000182e+03 3.415564370269134203e-02
5.280000000000000000e+03 3.415564814426236273e-02
5.283199999999999818e+03 3.415565255521271076e-02
5.286399999999999636e+03 3.415565709939603900e-02
5.289600000000000364e+03 3.415566188196590691e-02
5.292800000000000182e+03 3.415566694747883270e-02
5.296000000000000000e+03 3.415567228409038120e-02
5.299199999999999818e+03 3.415567782973479016e-02
5.302399999999999636e+03 3.415568348094868284e-02
5.305600000000000364e+03 3.415568910681494180e-02
5.308800000000000182e+03 3.415569457208977172e-02
5.312000000000000000e+03 3.415569976702857724e-02
5.315199999999999818e+03 3.415570463475510465e-02
5.318399999999999636e+03 3.415570918511286885e-02
5.321600000000000364e+03 3.415571348761285708e-02
5.324800000000000182e+03 3.415571764739865068e-02
5.328000000000000000e+03 3.415572177134348908e-02
5.331199999999999818e+03 3.415572593826914083e-02
5.334399999999999636e+03 3.415573018086316692e-02
5.337600000000000364e+03 3.415573448506543930e-02
5.340800000000000182e+03 3.415573880271050022e-02
5.344000000000000000e+03 3.415574307148339095e-02
5.347199999999999818e+03 3.415574723506874938e-02
5.350399999999999636e+03 3.415575125920475991e-02
5.353600000000000364e+03 3.415575513893129300e-02
5.356800000000000182e+03 3.415575889738189930e-02
5.360000000000000000e+03 3.415576257613101019e-02
5.363199999999999818e+03 3.415576622658628853e-02
5.366399999999999636e+03 3.415576990247767841e-02
5.369600000000000364e+03 3.415577365740340987e-02
5.372800000000000182e+03 3.415577754373307073e-02
5.376000000000000000e+03 3.415578161796702095e-02
5.379199999999999818e+03 3.415578593884690400e-02
5.382399999999999636e+03 3.415579055767242744e-02
5.385600000000000364e+03 3.415579549960375688e-02
5.388800000000000182e+03 3.415580076237247076e-02
5.392000000000000000e+03 3.415580632463159627e-02
5.395199999999999818e+03 3.415581216378749119e-02
5.398399999999999636e+03 3.415581827154115513e-02
5.401600000000000364e+03 3.415582467763638580e-02
5.404800000000000182e+03 3.415583145910747881e-02
5.408000000000000000e+03 3.415583874336135251e-02
5.411199999999999818e+03 3.415584667406175445e-02
5.414399999999999636e+03 3.415585537649504927e-02
5.417600000000000364e+03 3.415586493270263146e-02
5.420800000000000182e+03 3.415587542374187713e-02
5.424000000000000000e+03 3.415588697209564345e-02
5.427199999999999818e+03 3.415589977530709975e-02
5.430399999999999636e+03 3.415591404470680326e-02
5.433600000000000364e+03 3.415592994611654776e-02
5.436800000000000182e+03 3.415594752335680134e-02
5.440000000000000000e+03 3.415596677868704828e-02
5.443199999999999818e+03 3.415598772659115406e-02
5.446399999999999636e+03 3.415601056262591861e-02
5.449600000000000364e+03 3.415603561738298627e-02
5.452800000000000182e+03 3.415606365898779528e-02
