0.000000000000000000e+00 0.000000000000000000e+00
3.200000000000000178e+00 6.994249134388817373e-07
6.400000000000000355e+00 1.382419423113242308e-06
9.599999999999999645e+00 2.051254220982414339e-06
1.280000000000000071e+01 2.705556213305158299e-06
1.600000000000000000e+01 3.345787675704495601e-06
1.919999999999999929e+01 3.971972551958893283e-06
2.239999999999999858e+01 4.584386753379392210e-06
2.560000000000000142e+01 5.183142065819495902e-06
2.880000000000000071e+01 5.768466074545803768e-06
3.200000000000000000e+01 6.340503381229015673e-06
3.520000000000000284e+01 6.899463991274870768e-06
3.839999999999999858e+01 7.445508676542116160e-06
4.160000000000000142e+01 7.978839883002161306e-06
4.479999999999999716e+01 8.499627761108366134e-06
4.800000000000000000e+01 9.008071154558035853e-06
5.120000000000000284e+01 9.504346186030860201e-06
5.439999999999999858e+01 9.988649797479937838e-06
5.760000000000000142e+01 1.046116208032035165e-05
6.079999999999999716e+01 1.092207879175237854e-05
6.400000000000000000e+01 1.137158265502468505e-05
6.720000000000000284e+01 1.180986848381254380e-05
7.040000000000000568e+01 1.223712064875353031e-05
7.359999999999999432e+01 1.265353301077471174e-05
7.679999999999999716e+01 1.305929080443306820e-05
8.000000000000000000e+01 1.345458679178277020e-05
8.320000000000000284e+01 1.383960641596869875e-05
8.640000000000000568e+01 1.421454111854659406e-05
8.959999999999999432e+01 1.457957598027958846e-05
9.279999999999999716e+01 1.493490085790635318e-05
9.600000000000000000e+01 1.528069996168638324e-05
9.920000000000000284e+01 1.561716128011753291e-05
1.024000000000000057e+02 1.594446769311815262e-05
1.055999999999999943e+02 1.626280502843317814e-05
1.087999999999999972e+02 1.657235441423532179e-05
1.120000000000000000e+02 1.687329922659039407e-05
1.152000000000000028e+02 1.716581845655901217e-05
1.184000000000000057e+02 1.745009274602118404e-05
1.215999999999999943e+02 1.772629859462665085e-05
1.247999999999999972e+02 1.799461363761384379e-05
1.280000000000000000e+02 1.825521155646250723e-05
1.311999999999999886e+02 1.850826672137707724e-05
1.344000000000000057e+02 1.875394969758222450e-05
1.375999999999999943e+02 1.899243134991972166e-05
1.408000000000000114e+02 1.922387885645999420e-05
1.440000000000000000e+02 1.944845935392922357e-05
1.471999999999999886e+02 1.966633638694888922e-05
1.504000000000000057e+02 1.987767315957467544e-05
1.535999999999999943e+02 2.008262936162144086e-05
1.568000000000000114e+02 2.028136408063300683e-05
1.600000000000000000e+02 2.047403295593389468e-05
1.631999999999999886e+02 2.066079079556366760e-05
1.664000000000000057e+02 2.084178901616952776e-05
1.695999999999999943e+02 2.101717800299181434e-05
1.728000000000000114e+02 2.118710480058571950e-05
1.760000000000000000e+02 2.135171524839818712e-05
1.791999999999999886e+02 2.151115189245689926e-05
1.824000000000000057e+02 2.166555592464838712e-05
1.855999999999999943e+02 2.181506528945146127e-05
1.888000000000000114e+02 2.195981645039431964e-05
1.920000000000000000e+02 2.209994266855482790e-05
1.951999999999999886e+02 2.223557561660574443e-05
1.984000000000000057e+02 2.236684380962013048e-05
2.015999999999999943e+02 2.249387408560032340e-05
2.048000000000000114e+02 2.261679017193399618e-05
2.080000000000000000e+02 2.273571404842706723e-05
2.111999999999999886e+02 2.285076463331544159e-05
2.144000000000000057e+02 2.296205904192861143e-05
2.175999999999999943e+02 2.306971137832880458e-05
2.208000000000000114e+02 2.317383390277321604e-05
2.240000000000000000e+02 2.327453591760304791e-05
2.271999999999999886e+02 2.337192485468477654e-05
2.304000000000000057e+02 2.346610524391712254e-05
2.335999999999999943e+02 2.355717973012175792e-05
2.368000000000000114e+02 2.364524811443851493e-05
2.400000000000000000e+02 2.373040831001022762e-05
2.431999999999999886e+02 2.381275544736364644e-05
2.464000000000000057e+02 2.389238277676238845e-05
2.495999999999999943e+02 2.396938082938969807e-05
2.528000000000000114e+02 2.404383827371866882e-05
2.560000000000000000e+02 2.411584112486033315e-05
2.591999999999999886e+02 2.418547356098557763e-05
2.623999999999999773e+02 2.425281717350759344e-05
2.656000000000000227e+02 2.431795174968876582e-05
2.688000000000000114e+02 2.438095455854482824e-05
2.720000000000000000e+02 2.444190110677107116e-05
2.751999999999999886e+02 2.450086445546165989e-05
2.783999999999999773e+02 2.455791595293187453e-05
2.816000000000000227e+02 2.461312457350886687e-05
2.848000000000000114e+02 2.466655762924549027e-05
2.880000000000000000e+02 2.471828012719758796e-05
2.911999999999999886e+02 2.476835546927972081e-05
2.943999999999999773e+02 2.481684482780025408e-05
2.976000000000000227e+02 2.486380783641470809e-05
3.008000000000000114e+02 2.490930197413731702e-05
3.040000000000000000e+02 2.495338324589877811e-05
3.071999999999999886e+02 2.499610557150207395e-05
3.103999999999999773e+02 2.503752146376586943e-05
3.136000000000000227e+02 2.507768142310490725e-05
3.168000000000000114e+02 2.511663461590575615e-05
3.200000000000000000e+02 2.515442826787695548e-05
3.231999999999999886e+02 2.519110834296754548e-05
3.263999999999999773e+02 2.522671893403099260e-05
3.296000000000000227e+02 2.526130294875783018e-05
3.328000000000000114e+02 2.529490149709838509e-05
3.360000000000000000e+02 2.532755458379257516e-05
3.391999999999999886e+02 2.535930048384143806e-05
3.423999999999999773e+02 2.539017643764151776e-05
3.456000000000000227e+02 2.542021801152408338e-05
3.488000000000000114e+02 2.544945980417207253e-05
3.520000000000000000e+02 2.547793480249568228e-05
3.551999999999999886e+02 2.550567511144102173e-05
3.583999999999999773e+02 2.553271130190115724e-05
3.616000000000000227e+02 2.555907314911776861e-05
3.648000000000000114e+02 2.558478894937824750e-05
3.680000000000000000e+02 2.560988626224388253e-05
3.711999999999999886e+02 2.563439121803825948e-05
3.743999999999999773e+02 2.565832930138315613e-05
3.776000000000000227e+02 2.568172464378671132e-05
3.808000000000000114e+02 2.570460072688813503e-05
3.840000000000000000e+02 2.572697942508081004e-05
3.871999999999999886e+02 2.574888160178012215e-05
3.903999999999999773e+02 2.577032684750507396e-05
3.936000000000000227e+02 2.579133675471416228e-05
3.968000000000000114e+02 2.581193909776277010e-05
4.000000000000000000e+02 2.583217320687751701e-05
4.031999999999999886e+02 2.585208546661532094e-05
4.063999999999999773e+02 2.587170331849104231e-05
4.096000000000000227e+02 2.589098413040982565e-05
4.128000000000000114e+02 2.590979425034005640e-05
4.160000000000000000e+02 2.592802133263522607e-05
4.191999999999999886e+02 2.594577628368161280e-05
4.223999999999999773e+02 2.596330705027977248e-05
4.256000000000000227e+02 2.598075294311627095e-05
4.288000000000000114e+02 2.599875152966756259e-05
4.320000000000000000e+02 2.601903968911441776e-05
4.351999999999999886e+02 2.604191914168270045e-05
4.383999999999999773e+02 2.606365782286309746e-05
4.416000000000000227e+02 2.608172825853348454e-05
4.448000000000000114e+02 2.610021402337569992e-05
4.480000000000000000e+02 2.612169938692292733e-05
4.511999999999999886e+02 2.614123224591458688e-05
4.543999999999999773e+02 2.615811788045964493e-05
4.576000000000000227e+02 2.617977167182036400e-05
4.608000000000000114e+02 2.620655742756007999e-05
4.640000000000000000e+02 2.623043980093779930e-05
4.671999999999999886e+02 2.624923067750308884e-05
4.703999999999999773e+02 2.626631456391955504e-05
4.736000000000000227e+02 2.628225597150869535e-05
4.768000000000000114e+02 2.629671728660054844e-05
4.800000000000000000e+02 2.631139838428283049e-05
4.831999999999999886e+02 2.632723488441846140e-05
4.863999999999999773e+02 2.634317223554874841e-05
4.896000000000000227e+02 2.635811524541292796e-05
4.928000000000000114e+02 2.637204116082739227e-05
4.960000000000000000e+02 2.638544415155788427e-05
4.991999999999999886e+02 2.639880887114857559e-05
5.023999999999999773e+02 2.641244751877907078e-05
5.056000000000000227e+02 2.642621354762229440e-05
5.088000000000000114e+02 2.643971855012133243e-05
5.120000000000000000e+02 2.645287756870575333e-05
5.152000000000000455e+02 2.646583638061128185e-05
5.183999999999999773e+02 2.647865910940559332e-05
5.216000000000000227e+02 2.649134443579159240e-05
5.247999999999999545e+02 2.650391292099715674e-05
5.280000000000000000e+02 2.651640361817410522e-05
5.312000000000000455e+02 2.652883195780903484e-05
5.343999999999999773e+02 2.654113692360996461e-05
5.376000000000000227e+02 2.655318358752974204e-05
5.407999999999999545e+02 2.656486104951212546e-05
5.440000000000000000e+02 2.657615711295874562e-05
5.472000000000000455e+02 2.658711844282101943e-05
5.503999999999999773e+02 2.659776427644994741e-05
5.536000000000000227e+02 2.660807783058421862e-05
5.567999999999999545e+02 2.661804432947605551e-05
5.600000000000000000e+02 2.662767047227650508e-05
5.632000000000000455e+02 2.663697464418041973e-05
5.663999999999999773e+02 2.664596673404243736e-05
5.696000000000000227e+02 2.665462188353448161e-05
5.727999999999999545e+02 2.666287221237378772e-05
5.760000000000000000e+02 2.667065671121010109e-05
5.792000000000000455e+02 2.667814870275349453e-05
5.823999999999999773e+02 2.668653205773964434e-05
5.856000000000000227e+02 2.670025644384108556e-05
5.887999999999999545e+02 2.673261492177327151e-05
5.920000000000000000e+02 2.681767405250811581e-05
5.952000000000000455e+02 2.703234863420328151e-05
5.983999999999999773e+02 2.753035644099118296e-05
6.016000000000000227e+02 2.858220027606690148e-05
6.047999999999999545e+02 3.060196901005169724e-05
6.080000000000000000e+02 3.413070416462172672e-05
6.112000000000000455e+02 3.975125706636205910e-05
6.143999999999999773e+02 4.793609316652777268e-05
6.176000000000000227e+02 5.886419678286205679e-05
6.207999999999999545e+02 7.226098333900110332e-05
6.240000000000000000e+02 8.731939772120575027e-05
6.272000000000000455e+02 1.027627616966745683e-04
6.303999999999999773e+02 1.171054686742612904e-04
6.336000000000000227e+02 1.290917936921636561e-04
6.367999999999999545e+02 1.381499958606200232e-04
6.400000000000000000e+02 1.445980274964501447e-04
6.432000000000000455e+02 1.494397003964808744e-04
6.463999999999999773e+02 1.538544200044729133e-04
6.496000000000000227e+02 1.586925002017364672e-04
6.527999999999999545e+02 1.642462493949625258e-04
6.560000000000000000e+02 1.703417214591650478e-04
6.592000000000000455e+02 1.765978085291423634e-04
6.623999999999999773e+02 1.826650360534070997e-04
6.656000000000000227e+02 1.883460433149067444e-04
6.687999999999999545e+02 1.936002734252219336e-04
6.720000000000000000e+02 1.984867210369834259e-04
6.752000000000000455e+02 2.030982014703792244e-04
6.783999999999999773e+02 2.075200077063178619e-04
6.816000000000000227e+02 2.118188575400672328e-04
6.847999999999999545e+02 2.160493054611845628e-04
6.880000000000000000e+02 2.202577554819768249e-04
6.912000000000000455e+02 2.244752292257704398e-04
6.943999999999999773e+02 2.287060097644104601e-04
6.976000000000000227e+02 2.329271374972897459e-04
7.007999999999999545e+02 2.371031148916712464e-04
7.040000000000000000e+02 2.412073599882928472e-04
7.072000000000000455e+02 2.452358303793164746e-04
7.103999999999999773e+02 2.492066307919638818e-04
7.136000000000000227e+02 2.531480051655292146e-04
7.167999999999999545e+02 2.570845766596005846e-04
7.200000000000000000e+02 2.610295567609150652e-04
7.232000000000000455e+02 2.649860782107444539e-04
7.263999999999999773e+02 2.689527795358721417e-04
7.296000000000000227e+02 2.729279825496037015e-04
7.327999999999999545e+02 2.769090624674815874e-04
7.360000000000000000e+02 2.808901440479379141e-04
7.392000000000000455e+02 2.848616302838647275e-04
7.423999999999999773e+02 2.888136654093102947e-04
7.456000000000000227e+02 2.927404498479697936e-04
7.487999999999999545e+02 2.966425002809806063e-04
7.520000000000000000e+02 3.005248971631029075e-04
7.552000000000000455e+02 3.043938357542085938e-04
7.583999999999999773e+02 3.082536559426946694e-04
7.616000000000000227e+02 3.121063346363901953e-04
7.647999999999999545e+02 3.159522894077140885e-04
7.680000000000000000e+02 3.197915087950833641e-04
7.712000000000000455e+02 3.236236111982614236e-04
7.743999999999999773e+02 3.274475355203302534e-04
7.776000000000000227e+02 3.312611753963373316e-04
7.807999999999999545e+02 3.350618427188483675e-04
7.840000000000000000e+02 3.388469942916864344e-04
7.872000000000000455e+02 3.426150736566409521e-04
7.903999999999999773e+02 3.463657746255880202e-04
7.936000000000000227e+02 3.501000662014046544e-04
7.967999999999999545e+02 3.538200163219450676e-04
8.000000000000000000e+02 3.575288245375012335e-04
8.032000000000000455e+02 3.612307212781442354e-04
8.063999999999999773e+02 3.649304993540384429e-04
8.096000000000000227e+02 3.686323464876717013e-04
8.127999999999999545e+02 3.723383658893529937e-04
8.160000000000000000e+02 3.760474993803286062e-04
8.192000000000000455e+02 3.797555792532029788e-04
8.223999999999999773e+02 3.834565710426862911e-04
8.256000000000000227e+02 3.871442615366137824e-04
8.287999999999999545e+02 3.908135838398150356e-04
8.320000000000000000e+02 3.944610769971837786e-04
8.352000000000000455e+02 3.980848826143416311e-04
8.383999999999999773e+02 4.016846233291967148e-04
8.416000000000000227e+02 4.052616986073890822e-04
8.447999999999999545e+02 4.088196990860501609e-04
8.480000000000000000e+02 4.123648591726104687e-04
8.512000000000000455e+02 4.159059617030020067e-04
8.543999999999999773e+02 4.194539330728251918e-04
8.576000000000000227e+02 4.230209724935702362e-04
8.607999999999999545e+02 4.266198135203684095e-04
8.640000000000000000e+02 4.302628343672121975e-04
8.672000000000000455e+02 4.339613239034025407e-04
8.703999999999999773e+02 4.377241799502980561e-04
8.736000000000000227e+02 4.415564606244312966e-04
8.767999999999999545e+02 4.454577321577313210e-04
8.800000000000000000e+02 4.494215934615506053e-04
8.832000000000000455e+02 4.534363801863433314e-04
8.863999999999999773e+02 4.574873531309351033e-04
8.896000000000000227e+02 4.615590051766197701e-04
8.927999999999999545e+02 4.656373554311928607e-04
8.960000000000000000e+02 4.697114769633018512e-04
8.992000000000000455e+02 4.737749204156219140e-04
9.023999999999999773e+02 4.778264208889761665e-04
9.056000000000000227e+02 4.818701905749988353e-04
9.087999999999999545e+02 4.859149323819989159e-04
9.120000000000000000e+02 4.899721623546212605e-04
9.152000000000000455e+02 4.940536176431299404e-04
9.183999999999999773e+02 4.981689838545590252e-04
9.216000000000000227e+02 5.023240907725310496e-04
9.247999999999999545e+02 5.065207295534921578e-04
9.280000000000000000e+02 5.107576097696662131e-04
9.312000000000000455e+02 5.150324611916351318e-04
9.343999999999999773e+02 5.193437971177180959e-04
9.376000000000000227e+02 5.236920458840041426e-04
9.407999999999999545e+02 5.280792757422514980e-04
9.440000000000000000e+02 5.325083175217397002e-04
9.472000000000000455e+02 5.369814179095663961e-04
9.503999999999999773e+02 5.414993843921630384e-04
9.536000000000000227e+02 5.460609420131050124e-04
9.567999999999999545e+02 5.506625649881315230e-04
9.600000000000000000e+02 5.552982826669934039e-04
9.632000000000000455e+02 5.599599945074627740e-04
9.663999999999999773e+02 5.646383265039218915e-04
9.696000000000000227e+02 5.693244046071171916e-04
9.727999999999999545e+02 5.740118251463586065e-04
9.760000000000000000e+02 5.786982632885215132e-04
9.792000000000000455e+02 5.833859894836305147e-04
9.823999999999999773e+02 5.880813688523696100e-04
9.856000000000000227e+02 5.927934767459660430e-04
9.887999999999999545e+02 5.975321850255687706e-04
9.920000000000000000e+02 6.023060254901102832e-04
9.952000000000000455e+02 6.071203253982476820e-04
9.983999999999999773e+02 6.119761604114397433e-04
1.001600000000000023e+03 6.168703483932394364e-04
1.004799999999999955e+03 6.217963938431606474e-04
1.008000000000000000e+03 6.267458324941600377e-04
1.011200000000000045e+03 6.317097049597474165e-04
1.014399999999999977e+03 6.366798259657185845e-04
1.017600000000000023e+03 6.416500281519176572e-04
1.020799999999999955e+03 6.466170473210072940e-04
1.024000000000000000e+03 6.515811194004431268e-04
1.027200000000000045e+03 6.565459008983846705e-04
1.030400000000000091e+03 6.615182158200291025e-04
1.033599999999999909e+03 6.665076884724336790e-04
1.036799999999999955e+03 6.715269248301353059e-04
1.040000000000000000e+03 6.765917951348126343e-04
1.043200000000000045e+03 6.817216993392721889e-04
1.046400000000000091e+03 6.869385128153774039e-04
1.049599999999999909e+03 6.922639613514853249e-04
1.052799999999999955e+03 6.977148959729129359e-04
1.056000000000000000e+03 7.032982700870457063e-04
1.059200000000000045e+03 7.090074226227692424e-04
1.062400000000000091e+03 7.148222995774694338e-04
1.065599999999999909e+03 7.207134602870813407e-04
1.068799999999999955e+03 7.266489154164189768e-04
1.072000000000000000e+03 7.326005157278627855e-04
1.075200000000000045e+03 7.385482767679968710e-04
1.078400000000000091e+03 7.444812409987921738e-04
1.081599999999999909e+03 7.503960381411879784e-04
1.084799999999999955e+03 7.562938768343763782e-04
1.088000000000000000e+03 7.621779862704163066e-04
1.091200000000000045e+03 7.680519536446764198e-04
1.094400000000000091e+03 7.739197512901317515e-04
1.097599999999999909e+03 7.797864019308565217e-04
1.100799999999999955e+03 7.856589359570041254e-04
1.104000000000000000e+03 7.915464473636602905e-04
1.107200000000000045e+03 7.974594557672709657e-04
1.110400000000000091e+03 8.034081779146195904e-04
1.113599999999999909e+03 8.094004688519627292e-04
1.116799999999999955e+03 8.154394778125201781e-04
1.120000000000000000e+03 8.215222100688282037e-04
1.123200000000000045e+03 8.276393522174042448e-04
1.126400000000000091e+03 8.337770550905466635e-04
1.129599999999999909e+03 8.399198014680098580e-04
1.132799999999999955e+03 8.460536447202393661e-04
1.136000000000000000e+03 8.521686049421207465e-04
1.139200000000000045e+03 8.582599957294384605e-04
1.142400000000000091e+03 8.643283820192746488e-04
1.145599999999999909e+03 8.703784098936493980e-04
1.148799999999999955e+03 8.764167571370222194e-04
1.152000000000000000e+03 8.824499575197693050e-04
1.155200000000000045e+03 8.884827913302511182e-04
1.158400000000000091e+03 8.945175493648825247e-04
1.161599999999999909e+03 9.005539960680623499e-04
1.164799999999999955e+03 9.065895931663977983e-04
1.168000000000000000e+03 9.126199236959455082e-04
1.171200000000000045e+03 9.186391805408811390e-04
1.174400000000000091e+03 9.246408671967125620e-04
1.177599999999999909e+03 9.306184758180994663e-04
1.180799999999999955e+03 9.365666192340552044e-04
1.184000000000000000e+03 9.424825904325326385e-04
1.187200000000000045e+03 9.483683803626394944e-04
1.190400000000000091e+03 9.542317145039852120e-04
1.193599999999999909e+03 9.600852996242334719e-04
1.196799999999999955e+03 9.659438675289021541e-04
1.200000000000000000e+03 9.718209632095552771e-04
1.203200000000000045e+03 9.777274129827242567e-04
1.206400000000000091e+03 9.836731708144684852e-04
1.209599999999999909e+03 9.896711628330993448e-04
1.212799999999999955e+03 9.957407851190532705e-04
1.216000000000000000e+03 1.001907548750701144e-03
1.219200000000000045e+03 1.008198233496568948e-03
1.222400000000000091e+03 1.014632472313768945e-03
1.225599999999999909e+03 1.021215248082866980e-03
1.228799999999999955e+03 1.027933485374911892e-03
1.232000000000000000e+03 1.034758850856829643e-03
1.235200000000000045e+03 1.041654293872815336e-03
1.238400000000000091e+03 1.048581483727205462e-03
1.241599999999999909e+03 1.055505863349113106e-03
1.244799999999999955e+03 1.062399317786449178e-03
1.248000000000000000e+03 1.069241090463477276e-03
1.251200000000000045e+03 1.076018805397910240e-03
1.254400000000000091e+03 1.082729589954257695e-03
1.257599999999999909e+03 1.089381122667360370e-03
1.260799999999999955e+03 1.095991140719750024e-03
1.264000000000000000e+03 1.102585130720959341e-03
1.267200000000000045e+03 1.109191854741161786e-03
1.270400000000000091e+03 1.115837960837216380e-03
1.273599999999999909e+03 1.122542572141863211e-03
1.276799999999999955e+03 1.129313630307378401e-03
1.280000000000000000e+03 1.136146679663640243e-03
1.283200000000000045e+03 1.143026865546799709e-03
1.286400000000000091e+03 1.149933363958288973e-03
1.289599999999999909e+03 1.156845211131850813e-03
1.292799999999999955e+03 1.163746531216484871e-03
1.296000000000000000e+03 1.170629795692980759e-03
1.299200000000000045e+03 1.177496206149408840e-03
1.302400000000000091e+03 1.184353510657349491e-03
1.305599999999999909e+03 1.191212131801374155e-03
1.308799999999999955e+03 1.198080835521507254e-03
1.312000000000000000e+03 1.204963105257199742e-03
1.315200000000000045e+03 1.211855165933669112e-03
1.318400000000000091e+03 1.218746421550547009e-03
1.321599999999999909e+03 1.225622245312312994e-03
1.324799999999999955e+03 1.232468318366988606e-03
1.328000000000000000e+03 1.239274656518946690e-03
1.331200000000000045e+03 1.246037995468971546e-03
1.334400000000000091e+03 1.252761780155527442e-03
1.337599999999999909e+03 1.259454727257218768e-03
1.340799999999999955e+03 1.266128683070240606e-03
1.344000000000000000e+03 1.272796681771758490e-03
1.347200000000000045e+03 1.279470769109183241e-03
1.350400000000000091e+03 1.286159912632627933e-03
1.353599999999999909e+03 1.292868285230540110e-03
1.356799999999999955e+03 1.299595666110863043e-03
1.360000000000000000e+03 1.306340845285587854e-03
1.363200000000000045e+03 1.313108153671500335e-03
1.366400000000000091e+03 1.319913934707105801e-03
1.369599999999999909e+03 1.326789012316434858e-03
1.372799999999999955e+03 1.333773363782018084e-03
1.376000000000000000e+03 1.340904326401198571e-03
1.379200000000000045e+03 1.348202758863317188e-03
1.382400000000000091e+03 1.355664177540736584e-03
1.385599999999999909e+03 1.363258127247225998e-03
1.388799999999999955e+03 1.370935817352220403e-03
1.392000000000000000e+03 1.378641467443877987e-03
1.395200000000000045e+03 1.386323228623232828e-03
1.398400000000000091e+03 1.393940224314306042e-03
1.401599999999999909e+03 1.401465546018730406e-03
1.404799999999999955e+03 1.408885881744652464e-03
1.408000000000000000e+03 1.416199786374375703e-03
1.411200000000000045e+03 1.423415488480752082e-03
1.414400000000000091e+03 1.430549047680430060e-03
1.417599999999999909e+03 1.437622200794143844e-03
1.420799999999999955e+03 1.444659621723031395e-03
1.424000000000000000e+03 1.451684972950545178e-03
1.427200000000000045e+03 1.458716552417399243e-03
1.430400000000000091e+03 1.465763406512875797e-03
1.433599999999999909e+03 1.472823602951653724e-03
1.436799999999999955e+03 1.479885307271104622e-03
1.440000000000000000e+03 1.486930800398076182e-03
1.443200000000000045e+03 1.493942040635584580e-03
1.446400000000000091e+03 1.500906173391564546e-03
1.449599999999999909e+03 1.507819221117658991e-03
1.452799999999999955e+03 1.514687042143170051e-03
1.456000000000000000e+03 1.521523298548194732e-03
1.459200000000000045e+03 1.528345010259557924e-03
1.462400000000000091e+03 1.535166911266003112e-03
1.465599999999999909e+03 1.541996176564826250e-03
1.468799999999999955e+03 1.548829189472858891e-03
1.472000000000000000e+03 1.555651413176835753e-03
1.475200000000000045e+03 1.562440740543526250e-03
1.478400000000000091e+03 1.569173364903276744e-03
1.481599999999999909e+03 1.575830509701159603e-03
1.484799999999999955e+03 1.582403502648646902e-03
1.488000000000000000e+03 1.588895634001902084e-03
1.491200000000000045e+03 1.595320179890776218e-03
1.494400000000000091e+03 1.601696187238096664e-03
1.497599999999999909e+03 1.608043636522844605e-03
1.500799999999999955e+03 1.614379692017237555e-03
1.504000000000000000e+03 1.620716179388879312e-03
1.507200000000000045e+03 1.627058859023266168e-03
1.510400000000000091e+03 1.633408895232210667e-03
1.513599999999999909e+03 1.639767636919862428e-03
1.516799999999999955e+03 1.646143858715624084e-03
1.520000000000000000e+03 1.652560764367413948e-03
1.523200000000000045e+03 1.659057412113728366e-03
1.526400000000000091e+03 1.665681429305079352e-03
1.529599999999999909e+03 1.672473865117971459e-03
1.532799999999999955e+03 1.679453472903692356e-03
1.536000000000000000e+03 1.686607957241368977e-03
1.539200000000000045e+03 1.693896725302089512e-03
1.542400000000000091e+03 1.701262380550669579e-03
1.545599999999999909e+03 1.708645380605828277e-03
1.548799999999999955e+03 1.715995832499741776e-03
1.552000000000000000e+03 1.723280127710826934e-03
1.555200000000000045e+03 1.730482103118901422e-03
1.558400000000000091e+03 1.737600495345449723e-03
1.561599999999999909e+03 1.744644310339084131e-03
1.564799999999999955e+03 1.751628361357779285e-03
1.568000000000000000e+03 1.758569989329915491e-03
1.571200000000000045e+03 1.765487411164000896e-03
1.574400000000000091e+03 1.772398563840646597e-03
1.577599999999999909e+03 1.779319702945742106e-03
1.580799999999999955e+03 1.786263053093340228e-03
1.584000000000000000e+03 1.793234193799083005e-03
1.587200000000000045e+03 1.800230074604977030e-03
1.590400000000000091e+03 1.807239211455659170e-03
1.593599999999999909e+03 1.814244685453241706e-03
1.596799999999999955e+03 1.821229630067415723e-03
1.600000000000000000e+03 1.828183202941834713e-03
1.603200000000000045e+03 1.835104696862502761e-03
1.606400000000000091e+03 1.842004042536295183e-03
1.609599999999999909e+03 1.848898546570698284e-03
1.612799999999999955e+03 1.855807056181860929e-03
1.616000000000000000e+03 1.862743460252064363e-03
1.619200000000000045e+03 1.869711650730707195e-03
1.622400000000000091e+03 1.876703581449642522e-03
1.625599999999999909e+03 1.883701298094459051e-03
1.628799999999999955e+03 1.890682284407736160e-03
1.632000000000000000e+03 1.897626381662086831e-03
1.635200000000000045e+03 1.904521613468288703e-03
1.638400000000000091e+03 1.911367096051454087e-03
1.641599999999999909e+03 1.918172216608374572e-03
1.644799999999999955e+03 1.924953348806341096e-03
1.648000000000000000e+03 1.931729610362678670e-03
1.651200000000000045e+03 1.938519298486123497e-03
1.654400000000000091e+03 1.945337045380145713e-03
1.657599999999999909e+03 1.952191904019383263e-03
1.660799999999999955e+03 1.959086625496729139e-03
1.664000000000000000e+03 1.966019760459953528e-03
1.667200000000000045e+03 1.972991302381017255e-03
1.670400000000000091e+03 1.980010971126803469e-03
1.673599999999999909e+03 1.987104608261658009e-03
1.676799999999999955e+03 1.994313660725935064e-03
1.680000000000000000e+03 2.001684700788115574e-03
1.683200000000000045e+03 2.009252754900287246e-03
1.686400000000000091e+03 2.017026146806135713e-03
1.689599999999999909e+03 2.024981156480443103e-03
1.692799999999999955e+03 2.033068286878118771e-03
1.696000000000000000e+03 2.041226514407348900e-03
1.699200000000000045e+03 2.049398281462827022e-03
1.702400000000000091e+03 2.057540261745353320e-03
1.705599999999999909e+03 2.065627603883933312e-03
1.708799999999999955e+03 2.073652764114897271e-03
1.712000000000000000e+03 2.081620775961203450e-03
1.715200000000000045e+03 2.089543730864974573e-03
1.718400000000000091e+03 2.097436288541691240e-03
1.721599999999999909e+03 2.105313493845626435e-03
1.724799999999999955e+03 2.113190154635642866e-03
1.728000000000000000e+03 2.121080606352480392e-03
1.731200000000000045e+03 2.128997326795526931e-03
1.734400000000000091e+03 2.136948454058469702e-03
1.737599999999999909e+03 2.144935089739538007e-03
1.740799999999999955e+03 2.152950263007479340e-03
1.744000000000000000e+03 2.160980526280613552e-03
1.747200000000000045e+03 2.169010123873717569e-03
1.750400000000000091e+03 2.177026107586600961e-03
1.753599999999999909e+03 2.185022476689458312e-03
1.756799999999999955e+03 2.193001809715065809e-03
1.760000000000000000e+03 2.200974014267225495e-03
1.763200000000000045e+03 2.208952870494269687e-03
1.766400000000000091e+03 2.216951621603079764e-03
1.769599999999999909e+03 2.224979105848820787e-03
1.772799999999999955e+03 2.233037392613008727e-03
1.776000000000000000e+03 2.241121313559764523e-03
1.779200000000000045e+03 2.249219279294994035e-03
1.782400000000000091e+03 2.257314825863030155e-03
1.785599999999999909e+03 2.265388426496247297e-03
1.788799999999999955e+03 2.273420084711621787e-03
1.792000000000000000e+03 2.281392906899400771e-03
1.795200000000000045e+03 2.289297725958879849e-03
1.798400000000000091e+03 2.297137437586661661e-03
1.801599999999999909e+03 2.304929784077881013e-03
1.804799999999999955e+03 2.312707083225988385e-03
1.808000000000000000e+03 2.320512973276199053e-03
1.811200000000000045e+03 2.328396629222265375e-03
1.814400000000000091e+03 2.336406236455531443e-03
1.817599999999999909e+03 2.344583035142285259e-03
1.820799999999999955e+03 2.352957592296092519e-03
1.824000000000000000e+03 2.361548176392954269e-03
1.827200000000000045e+03 2.370360740235719250e-03
1.830400000000000091e+03 2.379388973323627501e-03
1.833599999999999909e+03 2.388614785537947031e-03
1.836799999999999955e+03 2.398009993946131988e-03
1.840000000000000000e+03 2.407540650670427374e-03
1.843200000000000045e+03 2.417172902811745051e-03
1.846400000000000091e+03 2.426878430498483584e-03
1.849599999999999909e+03 2.436636807842589968e-03
1.852799999999999955e+03 2.446434530805572608e-03
1.856000000000000000e+03 2.456261631175951296e-03
1.859200000000000045e+03 2.466108334276733739e-03
1.862400000000000091e+03 2.475963243032878840e-03
1.865599999999999909e+03 2.485814077221717988e-03
1.868799999999999955e+03 2.495650290442871875e-03
1.872000000000000000e+03 2.505466550103379111e-03
1.875200000000000045e+03 2.515265249317360195e-03
1.878400000000000091e+03 2.525057017890096345e-03
1.881599999999999909e+03 2.534858782011033696e-03
1.884799999999999955e+03 2.544690316691365466e-03
1.888000000000000000e+03 2.554570431780432086e-03
1.891200000000000045e+03 2.564513963834265907e-03
1.894400000000000091e+03 2.574530029324922052e-03
1.897599999999999909e+03 2.584621761615163785e-03
1.900799999999999955e+03 2.594787493029397131e-03
1.904000000000000000e+03 2.605023081471812083e-03
1.907200000000000045e+03 2.615324613863244559e-03
1.910400000000000091e+03 2.625690181177732507e-03
1.913599999999999909e+03 2.636119709818151441e-03
1.916799999999999955e+03 2.646612483229416127e-03
1.920000000000000000e+03 2.657163457731185566e-03
1.923200000000000045e+03 2.667759941851690405e-03
1.926400000000000091e+03 2.678380561044697416e-03
1.929599999999999909e+03 2.688997279677977654e-03
1.932799999999999955e+03 2.699580688066034739e-03
1.936000000000000000e+03 2.710107169063351654e-03
1.939200000000000045e+03 2.720566355840045580e-03
1.942400000000000091e+03 2.730966628441862387e-03
1.945599999999999909e+03 2.741337708273318408e-03
1.948799999999999955e+03 2.751729586313499988e-03
1.952000000000000000e+03 2.762208086915748841e-03
1.955200000000000045e+03 2.772846739390505237e-03
1.958400000000000091e+03 2.783716007642438213e-03
1.961599999999999909e+03 2.794871432656585893e-03
1.964799999999999955e+03 2.806344168573493385e-03
1.968000000000000000e+03 2.818136404744465973e-03
1.971200000000000045e+03 2.830223539199780078e-03
1.974400000000000091e+03 2.842562013408119967e-03
1.977599999999999909e+03 2.855100788451513886e-03
1.980799999999999955e+03 2.867792470727944989e-03
1.984000000000000000e+03 2.880600738772737951e-03
1.987200000000000045e+03 2.893501111743608870e-03
1.990400000000000091e+03 2.906475440530853060e-03
1.993599999999999909e+03 2.919502762267964496e-03
1.996799999999999955e+03 2.932551655547168019e-03
2.000000000000000000e+03 2.945578195951200056e-03
2.003200000000000045e+03 2.958531587278048595e-03
2.006400000000000091e+03 2.971365426377413094e-03
2.009599999999999909e+03 2.984050339517100876e-03
2.012799999999999955e+03 2.996582962784028522e-03
2.016000000000000000e+03 3.008988371113670377e-03
2.019200000000000045e+03 3.021315356022575248e-03
2.022400000000000091e+03 3.033626129311371277e-03
2.025599999999999909e+03 3.045982946536820741e-03
2.028799999999999955e+03 3.058434803042044819e-03
2.032000000000000000e+03 3.071007657620369348e-03
2.035200000000000045e+03 3.083701216670773227e-03
2.038400000000000091e+03 3.096493485374233936e-03
2.041599999999999909e+03 3.109350997336773805e-03
2.044799999999999955e+03 3.122240062507186577e-03
2.048000000000000000e+03 3.135133836256064413e-03
2.051199999999999818e+03 3.148013026621169965e-03
2.054400000000000091e+03 3.160861647082660510e-03
2.057599999999999909e+03 3.173662321744749170e-03
2.060800000000000182e+03 3.186394983007562447e-03
2.064000000000000000e+03 3.199040845786211684e-03
2.067199999999999818e+03 3.211589972430970753e-03
2.070400000000000091e+03 3.224049646003088795e-03
2.073599999999999909e+03 3.236450122111708422e-03
2.076800000000000182e+03 3.248845929725092691e-03
2.080000000000000000e+03 3.261311223204417867e-03
2.083199999999999818e+03 3.273929689843331839e-03
2.086400000000000091e+03 3.286780586714076191e-03
2.089599999999999909e+03 3.299925051033400156e-03
2.092800000000000182e+03 3.313396322548686247e-03
2.096000000000000000e+03 3.327196733870547377e-03
2.099199999999999818e+03 3.341301030392913526e-03
2.102400000000000091e+03 3.355664651155217809e-03
2.105599999999999909e+03 3.370234057732411029e-03
2.108800000000000182e+03 3.384956794130480288e-03
2.112000000000000000e+03 3.399788123745471277e-03
2.115199999999999818e+03 3.414692479245961913e-03
2.118400000000000091e+03 3.429639282554857935e-03
2.121599999999999909e+03 3.444596188251578678e-03
2.124800000000000182e+03 3.459524000277409018e-03
2.128000000000000000e+03 3.474377276783872578e-03
2.131199999999999818e+03 3.489111078787652219e-03
2.134400000000000091e+03 3.503691432454815197e-03
2.137599999999999909e+03 3.518105057254158115e-03
2.140800000000000182e+03 3.532364787780463769e-03
2.144000000000000000e+03 3.546508743168495358e-03
2.147199999999999818e+03 3.560593436176694507e-03
2.150400000000000091e+03 3.574682400326407040e-03
2.153599999999999909e+03 3.588833059123799647e-03
2.156800000000000182e+03 3.603085222756435488e-03
2.160000000000000000e+03 3.617454349623270855e-03
2.163199999999999818e+03 3.631931381060025249e-03
2.166400000000000091e+03 3.646488445439191421e-03
2.169599999999999909e+03 3.661087740533162504e-03
2.172800000000000182e+03 3.675689829978707503e-03
2.176000000000000000e+03 3.690258984074530711e-03
2.179199999999999818e+03 3.704765019244795916e-03
2.182400000000000091e+03 3.719183480959562579e-03
2.185599999999999909e+03 3.733496089628163175e-03
2.188800000000000182e+03 3.747693053975849689e-03
2.192000000000000000e+03 3.761776834832657526e-03
2.195199999999999818e+03 3.775766438538712133e-03
2.198400000000000091e+03 3.789700233180035623e-03
2.201599999999999909e+03 3.803635942429138290e-03
2.204800000000000182e+03 3.817646178243042348e-03
2.208000000000000000e+03 3.831809580307887070e-03
2.211199999999999818e+03 3.846198594823716215e-03
2.214400000000000091e+03 3.860867324842085120e-03
2.217599999999999909e+03 3.875842592922717003e-03
2.220800000000000182e+03 3.891120950909600276e-03
2.224000000000000000e+03 3.906671540401264985e-03
2.227199999999999818e+03 3.922443682599846722e-03
2.230400000000000091e+03 3.938376337293496461e-03
2.233599999999999909e+03 3.954406997754212304e-03
2.236800000000000182e+03 3.970477410896194707e-03
2.240000000000000000e+03 3.986535615875069077e-03
2.243199999999999818e+03 4.002535231543303401e-03
2.246400000000000091e+03 4.018434821500083652e-03
2.249599999999999909e+03 4.034199265814421287e-03
2.252800000000000182e+03 4.049803545616059534e-03
2.256000000000000000e+03 4.065236969963016006e-03
2.259199999999999818e+03 4.080505654674470781e-03
2.262400000000000091e+03 4.095631857363348470e-03
2.265599999999999909e+03 4.110650523595652493e-03
2.268800000000000182e+03 4.125604146154431169e-03
2.272000000000000000e+03 4.140537073293705864e-03
2.275199999999999818e+03 4.155489887337811793e-03
2.278400000000000091e+03 4.170494158781856871e-03
2.281599999999999909e+03 4.185568100664733247e-03
2.284800000000000182e+03 4.200713867038571164e-03
2.288000000000000000e+03 4.215917436139340370e-03
2.291199999999999818e+03 4.231151207715331750e-03
2.294400000000000091e+03 4.246378758554974348e-03
2.297599999999999909e+03 4.261560210820216493e-03
2.300800000000000182e+03 4.276657133896648658e-03
2.304000000000000000e+03 4.291636242190473120e-03
2.307199999999999818e+03 4.306472478544605409e-03
2.310400000000000091e+03 4.321152037879123428e-03
2.313599999999999909e+03 4.335676213518172006e-03
2.316800000000000182e+03 4.350065615057295207e-03
2.320000000000000000e+03 4.364363801559478957e-03
2.323199999999999818e+03 4.378637996767308777e-03
2.326400000000000091e+03 4.392975275965722848e-03
2.329599999999999909e+03 4.407473206589027429e-03
2.332800000000000182e+03 4.422226425236766394e-03
2.336000000000000000e+03 4.437311659804384946e-03
2.339199999999999818e+03 4.452775195526613959e-03
2.342400000000000091e+03 4.468625779841621341e-03
2.345599999999999909e+03 4.484835127637138222e-03
2.348800000000000182e+03 4.501345268677205830e-03
2.352000000000000000e+03 4.518080386621112568e-03
2.355199999999999818e+03 4.534959100763918775e-03
2.358400000000000091e+03 4.551904361456651782e-03
2.361599999999999909e+03 4.568849550678212926e-03
2.364800000000000182e+03 4.585741803199265727e-03
2.368000000000000000e+03 4.602543782517026609e-03
2.371199999999999818e+03 4.619234746786593342e-03
2.374400000000000091e+03 4.635810120193952638e-03
2.377599999999999909e+03 4.652278707368143369e-03
2.380800000000000182e+03 4.668657515241840181e-03
2.384000000000000000e+03 4.684966070685266278e-03
2.387199999999999818e+03 4.701222878937901320e-03
2.390400000000000091e+03 4.717445823252091296e-03
2.393599999999999909e+03 4.733655811017038924e-03
2.396800000000000182e+03 4.749880496754450669e-03
2.400000000000000000e+03 4.766154284160306273e-03
2.403199999999999818e+03 4.782512541611693910e-03
2.406400000000000091e+03 4.798981496519805212e-03
2.409599999999999909e+03 4.815567888332437756e-03
2.412800000000000182e+03 4.832253270642362583e-03
2.416000000000000000e+03 4.848995689041957213e-03
2.419199999999999818e+03 4.865738624334357311e-03
2.422400000000000091e+03 4.882423987106089026e-03
2.425599999999999909e+03 4.899005305440558809e-03
2.428800000000000182e+03 4.915457705841935060e-03
2.432000000000000000e+03 4.931783669850853952e-03
2.435199999999999818e+03 4.948014688286222866e-03
2.438400000000000091e+03 4.964209950179959696e-03
2.441599999999999909e+03 4.980452136224444715e-03
2.444800000000000182e+03 4.996840186325460925e-03
2.448000000000000000e+03 5.013478295123110010e-03
2.451199999999999818e+03 5.030462023265189556e-03
2.454400000000000091e+03 5.047863461077999221e-03
2.457599999999999909e+03 5.065719138011456207e-03
2.460800000000000182e+03 5.084023645878914602e-03
2.464000000000000000e+03 5.102731100536316358e-03
2.467199999999999818e+03 5.121763898344016894e-03
2.470400000000000091e+03 5.141026828757902511e-03
2.473599999999999909e+03 5.160422849695757777e-03
2.476800000000000182e+03 5.179867184330983094e-03
2.480000000000000000e+03 5.199296849255157470e-03
2.483199999999999818e+03 5.218674707876269289e-03
2.486400000000000091e+03 5.237988239167817341e-03
2.489599999999999909e+03 5.257244415678221337e-03
2.492800000000000182e+03 5.276462110201409622e-03
2.496000000000000000e+03 5.295663900541203173e-03
2.499199999999999818e+03 5.314869271130141619e-03
2.502400000000000091e+03 5.334091336130396960e-03
2.505599999999999909e+03 5.353338143060790665e-03
2.508800000000000182e+03 5.372617730703115740e-03
2.512000000000000000e+03 5.391944152630203692e-03
2.515199999999999818e+03 5.411340786015738334e-03
2.518400000000000091e+03 5.430838305802752376e-03
2.521599999999999909e+03 5.450467009761992068e-03
2.524800000000000182e+03 5.470246240154621672e-03
2.528000000000000000e+03 5.490175213048805077e-03
2.531199999999999818e+03 5.510229681473670198e-03
2.534400000000000091e+03 5.530366456300728206e-03
2.537599999999999909e+03 5.550535164354883540e-03
2.540800000000000182e+03 5.570693541081229126e-03
2.544000000000000000e+03 5.590821643174200689e-03
2.547199999999999818e+03 5.610930435371324146e-03
2.550400000000000091e+03 5.631062753513560622e-03
2.553599999999999909e+03 5.651286726155065922e-03
2.556800000000000182e+03 5.671684206145504066e-03
2.560000000000000000e+03 5.692337048539117608e-03
2.563199999999999818e+03 5.713314514890144129e-03
2.566400000000000091e+03 5.734663938580506805e-03
2.569599999999999909e+03 5.756406527434047328e-03
2.572800000000000182e+03 5.778538625367146686e-03
2.576000000000000000e+03 5.801038091312295079e-03
2.579199999999999818e+03 5.823873647833667164e-03
2.582400000000000091e+03 5.847014628052514713e-03
2.585599999999999909e+03 5.870438023058148665e-03
2.588800000000000182e+03 5.894131272888274847e-03
2.592000000000000000e+03 5.918090606895994379e-03
2.595199999999999818e+03 5.942316680044703280e-03
2.598400000000000091e+03 5.966809534827610152e-03
2.601599999999999909e+03 5.991564874936638335e-03
2.604800000000000182e+03 6.016572495951126934e-03
2.608000000000000000e+03 6.041816926791430259e-03
2.611199999999999818e+03 6.067279427953765382e-03
2.614400000000000091e+03 6.092940394376729005e-03
2.617599999999999909e+03 6.118781537011003593e-03
2.620800000000000182e+03 6.144787696061754755e-03
2.624000000000000000e+03 6.170948206364341299e-03
2.627199999999999818e+03 6.197257193724130774e-03
2.630400000000000091e+03 6.223712204068863538e-03
2.633599999999999909e+03 6.250311085510021521e-03
2.636800000000000182e+03 6.277048628575109847e-03
2.640000000000000000e+03 6.303915047522142684e-03
2.643199999999999818e+03 6.330898401133639060e-03
2.646400000000000091e+03 6.357991081652335404e-03
2.649599999999999909e+03 6.385198875717592974e-03
2.652800000000000182e+03 6.412549048443957206e-03
2.656000000000000000e+03 6.440094014084208132e-03
2.659199999999999818e+03 6.467907904665123366e-03
2.662400000000000091e+03 6.496076553129885578e-03
2.665599999999999909e+03 6.524683803746328913e-03
2.668800000000000182e+03 6.553799004676201176e-03
2.672000000000000000e+03 6.583468949698044470e-03
2.675199999999999818e+03 6.613715592834538450e-03
2.678400000000000091e+03 6.644538360527336464e-03
2.681599999999999909e+03 6.675919895335377663e-03
2.684800000000000182e+03 6.707833724877431368e-03
2.688000000000000000e+03 6.740252574942552297e-03
2.691199999999999818e+03 6.773155020016733384e-03
2.694400000000000091e+03 6.806528631626227073e-03
2.697599999999999909e+03 6.840368599117161580e-03
2.700800000000000182e+03 6.874672814381060058e-03
2.704000000000000000e+03 6.909435420490109107e-03
2.707199999999999818e+03 6.944641467569572998e-03
2.710400000000000091e+03 6.980264801594036721e-03
2.713599999999999909e+03 7.016270412528592682e-03
2.716800000000000182e+03 7.052620830826162972e-03
2.720000000000000000e+03 7.089284374618735722e-03
2.723199999999999818e+03 7.126242019115803204e-03
2.726400000000000091e+03 7.163489957846599226e-03
2.729599999999999909e+03 7.201037112589498898e-03
2.732800000000000182e+03 7.238899160816844244e-03
2.736000000000000000e+03 7.277092657863119644e-03
2.739199999999999818e+03 7.315632542382603971e-03
2.742400000000000091e+03 7.354535204204292950e-03
2.745599999999999909e+03 7.393826425786361074e-03
2.748800000000000182e+03 7.433551367535796983e-03
2.752000000000000000e+03 7.473781532417870729e-03
2.755199999999999818e+03 7.514614435576856023e-03
2.758400000000000091e+03 7.556164007794750719e-03
2.761599999999999909e+03 7.598544551561838348e-03
2.764800000000000182e+03 7.641853670080784797e-03
2.768000000000000000e+03 7.686160083770823652e-03
2.771199999999999818e+03 7.731498767981859373e-03
2.774400000000000091e+03 7.777872943624833564e-03
2.777599999999999909e+03 7.825260375396530382e-03
2.780800000000000182e+03 7.873622353029463561e-03
2.784000000000000000e+03 7.922914227316859431e-03
2.787199999999999818e+03 7.973096730494197079e-03
2.790400000000000091e+03 8.024145952118047487e-03
2.793599999999999909e+03 8.076059217578110058e-03
2.796800000000000182e+03 8.128854277036603321e-03
2.800000000000000000e+03 8.182561567283424750e-03
2.803199999999999818e+03 8.237212460266958927e-03
2.806400000000000091e+03 8.292828942298297035e-03
2.809599999999999909e+03 8.349419813438571994e-03
2.812800000000000182e+03 8.406984726441546832e-03
2.816000000000000000e+03 8.465522835347202499e-03
2.819199999999999818e+03 8.525040728372974136e-03
2.822400000000000091e+03 8.585557226129641659e-03
2.825599999999999909e+03 8.647106875563104547e-03
2.828800000000000182e+03 8.709746173154826396e-03
2.832000000000000000e+03 8.773563255515107184e-03
2.835199999999999818e+03 8.838687482079023855e-03
2.838400000000000091e+03 8.905292640495728052e-03
2.841599999999999909e+03 8.973590194349864366e-03
2.844800000000000182e+03 9.043812977836700531e-03
2.848000000000000000e+03 9.116193943931360025e-03
2.851199999999999818e+03 9.190945079006598850e-03
2.854400000000000091e+03 9.268240980685557573e-03
2.857599999999999909e+03 9.348208940249456630e-03
2.860800000000000182e+03 9.430925965950704565e-03
2.864000000000000000e+03 9.516421805646558749e-03
2.867199999999999818e+03 9.604687888182169078e-03
2.870400000000000091e+03 9.695692710695128294e-03
2.873599999999999909e+03 9.789404172485595065e-03
2.876800000000000182e+03 9.885815955850267914e-03
2.880000000000000000e+03 9.984970406679137545e-03
2.883199999999999818e+03 1.008696771713253268e-02
2.886400000000000091e+03 1.019195458640234468e-02
2.889599999999999909e+03 1.030009458316844505e-02
2.892800000000000182e+03 1.041153195629557909e-02
2.896000000000000000e+03 1.052636548452702547e-02
2.899199999999999818e+03 1.064464549786674728e-02
2.902400000000000091e+03 1.076639851149861771e-02
2.905599999999999909e+03 1.089167213230066850e-02
2.908800000000000182e+03 1.102058346900939775e-02
2.912000000000000000e+03 1.115334838489666185e-02
2.915199999999999818e+03 1.129027286960785671e-02
2.918400000000000091e+03 1.143170147789413470e-02
2.921599999999999909e+03 1.157793936047956523e-02
2.924800000000000182e+03 1.172917949581186656e-02
2.928000000000000000e+03 1.188546611068777223e-02
2.931199999999999818e+03 1.204670623059179123e-02
2.934400000000000091e+03 1.221271805386612945e-02
2.937599999999999909e+03 1.238329032012456220e-02
2.940800000000000182e+03 1.255822775052470135e-02
2.944000000000000000e+03 1.273736801915337745e-02
2.947199999999999818e+03 1.292056851439503384e-02
2.950400000000000091e+03 1.310767217865476883e-02
2.953599999999999909e+03 1.329846782274171808e-02
2.956800000000000182e+03 1.349265869381338113e-02
2.960000000000000000e+03 1.368984171968605675e-02
2.963199999999999818e+03 1.388948824979440409e-02
2.966400000000000091e+03 1.409091473702164463e-02
2.969599999999999909e+03 1.429324423600313899e-02
2.972800000000000182e+03 1.449537513199101318e-02
2.976000000000000000e+03 1.469598138721049316e-02
2.979199999999999818e+03 1.489356037621624579e-02
2.982400000000000091e+03 1.508652577699869622e-02
2.985599999999999909e+03 1.527332306108188792e-02
2.988800000000000182e+03 1.545253671439297469e-02
2.992000000000000000e+03 1.562296544088618427e-02
2.995199999999999818e+03 1.578365759865984694e-02
2.998400000000000091e+03 1.593391361559532218e-02
3.001599999999999909e+03 1.607326990071323430e-02
3.004800000000000182e+03 1.620148252712130810e-02
3.008000000000000000e+03 1.631852607994801335e-02
3.011199999999999818e+03 1.642461074658858183e-02
3.014400000000000091e+03 1.652020054355485268e-02
3.017599999999999909e+03 1.660600218486613794e-02
3.020800000000000182e+03 1.668290047130930459e-02
3.024000000000000000e+03 1.675184372969011973e-02
3.027199999999999818e+03 1.681371606639281771e-02
3.030400000000000091e+03 1.686924903947760457e-02
3.033599999999999909e+03 1.691900941606885519e-02
3.036800000000000182e+03 1.696345879863605383e-02
3.040000000000000000e+03 1.700304213708653950e-02
3.043199999999999818e+03 1.703825217924305468e-02
3.046400000000000091e+03 1.706964172973247928e-02
3.049599999999999909e+03 1.709779474814462560e-02
3.052800000000000182e+03 1.712329133860767197e-02
3.056000000000000000e+03 1.714669495454032577e-02
3.059199999999999818e+03 1.716856143189827294e-02
3.062400000000000091e+03 1.718944429950708744e-02
3.065599999999999909e+03 1.720987160668514468e-02
3.068800000000000182e+03 1.723029750228436546e-02
3.072000000000000000e+03 1.725106242225487446e-02
3.075199999999999818e+03 1.727239736699526934e-02
3.078400000000000091e+03 1.729447425331752039e-02
3.081599999999999909e+03 1.731746532751490819e-02
3.084800000000000182e+03 1.734156906040051210e-02
3.088000000000000000e+03 1.736699326094069684e-02
3.091199999999999818e+03 1.739392491864963017e-02
3.094400000000000091e+03 1.742252280008056708e-02
3.097599999999999909e+03 1.745293952301196772e-02
3.100800000000000182e+03 1.748534609427615169e-02
3.104000000000000000e+03 1.751992562389488237e-02
3.107199999999999818e+03 1.755682928497734677e-02
3.110400000000000091e+03 1.759612154574363707e-02
3.113599999999999909e+03 1.763775554565294446e-02
3.116800000000000182e+03 1.768160286166461231e-02
3.120000000000000000e+03 1.772753009668502286e-02
3.123199999999999818e+03 1.777549063694638595e-02
3.126400000000000091e+03 1.782559640955242233e-02
3.129599999999999909e+03 1.787814719802098551e-02
3.132800000000000182e+03 1.793361107998054510e-02
3.136000000000000000e+03 1.799256239342165997e-02
3.139199999999999818e+03 1.805559210804813519e-02
3.142400000000000091e+03 1.812321280260354231e-02
3.145599999999999909e+03 1.819578301152029870e-02
3.148800000000000182e+03 1.827347210532961549e-02
3.152000000000000000e+03 1.835627553245366972e-02
3.155199999999999818e+03 1.844407759803528418e-02
3.158400000000000091e+03 1.853674921161978587e-02
3.161599999999999909e+03 1.863426223014438832e-02
3.164800000000000182e+03 1.873679510394157810e-02
3.168000000000000000e+03 1.884479291659390751e-02
3.171199999999999818e+03 1.895893874772438745e-02
3.174400000000000091e+03 1.908000832268859706e-02
3.177599999999999909e+03 1.920862820618541439e-02
3.180800000000000182e+03 1.934501776348244648e-02
3.184000000000000000e+03 1.948883037730479023e-02
3.187199999999999818e+03 1.963918425349108973e-02
3.190400000000000091e+03 1.979489462689173682e-02
3.193599999999999909e+03 1.995482371847025899e-02
3.196800000000000182e+03 2.011820323279355296e-02
3.200000000000000000e+03 2.028478922781507335e-02
3.203199999999999818e+03 2.045478115387411311e-02
3.206400000000000091e+03 2.062854667867336164e-02
3.209599999999999909e+03 2.080628303038325327e-02
3.212800000000000182e+03 2.098776997588811324e-02
3.216000000000000000e+03 2.117231085186418310e-02
3.219199999999999818e+03 2.135885790627618450e-02
3.222400000000000091e+03 2.154623203077915897e-02
3.225599999999999909e+03 2.173332543054299487e-02
3.228800000000000182e+03 2.191921869638160936e-02
3.232000000000000000e+03 2.210321256860969460e-02
3.235199999999999818e+03 2.228481843236227236e-02
3.238400000000000091e+03 2.246374228077563373e-02
3.241599999999999909e+03 2.263986042681956357e-02
3.244800000000000182e+03 2.281316019200841164e-02
3.248000000000000000e+03 2.298363698674740427e-02
3.251199999999999818e+03 2.315117630417753286e-02
3.254400000000000091e+03 2.331547484702320427e-02
3.257599999999999909e+03 2.347604314316526289e-02
3.260800000000000182e+03 2.363229655462807666e-02
3.264000000000000000e+03 2.378370443908127754e-02
3.267199999999999818e+03 2.392994622208614863e-02
3.270400000000000091e+03 2.407102389631794737e-02
3.273599999999999909e+03 2.420729413790648210e-02
3.276800000000000182e+03 2.433940858640869925e-02
3.280000000000000000e+03 2.446817623229188485e-02
3.283199999999999818e+03 2.459438804967566811e-02
3.286400000000000091e+03 2.471865536259258006e-02
3.289599999999999909e+03 2.484130999850070812e-02
3.292800000000000182e+03 2.496239170886966133e-02
3.296000000000000000e+03 2.508172072932136551e-02
3.299199999999999818e+03 2.519902829656591597e-02
3.302400000000000091e+03 2.531410316884853337e-02
3.305599999999999909e+03 2.542691012523777550e-02
3.308800000000000182e+03 2.553764575875944187e-02
3.312000000000000000e+03 2.564671945740264539e-02
3.315199999999999818e+03 2.575467156389437892e-02
3.318400000000000091e+03 2.586206158304083652e-02
3.321599999999999909e+03 2.596936173319790500e-02
3.324800000000000182e+03 2.607688235538838106e-02
3.328000000000000000e+03 2.618473743725573469e-02
3.331199999999999818e+03 2.629284791948689054e-02
3.334400000000000091e+03 2.640097653297729732e-02
3.337599999999999909e+03 2.650879065723201616e-02
3.340800000000000182e+03 2.661594917035182972e-02
3.344000000000000000e+03 2.672220202102208730e-02
3.347199999999999818e+03 2.682748160950410021e-02
3.350400000000000091e+03 2.693195662784708330e-02
3.353599999999999909e+03 2.703602423732533525e-02
3.356800000000000182e+03 2.714023119385818028e-02
3.360000000000000000e+03 2.724514206775400377e-02
3.363199999999999818e+03 2.735119378593946216e-02
3.366400000000000091e+03 2.745858691074847674e-02
3.369599999999999909e+03 2.756725206415439403e-02
3.372800000000000182e+03 2.767690492158365531e-02
3.376000000000000000e+03 2.778717205948877042e-02
3.379199999999999818e+03 2.789774653918750819e-02
3.382400000000000091e+03 2.800852332085625521e-02
3.385599999999999909e+03 2.811966761613081747e-02
3.388800000000000182e+03 2.823158843414596761e-02
3.392000000000000000e+03 2.834481627497218922e-02
3.395199999999999818e+03 2.845982324387464138e-02
3.398400000000000091e+03 2.857685163676271581e-02
3.401599999999999909e+03 2.869582384539632811e-02
3.404800000000000182e+03 2.881637267034107761e-02
3.408000000000000000e+03 2.893797650222388121e-02
3.411199999999999818e+03 2.906013438312538694e-02
3.414400000000000091e+03 2.918250189556952090e-02
3.417599999999999909e+03 2.930493814449037365e-02
3.420800000000000182e+03 2.942746196769607803e-02
3.424000000000000000e+03 2.955015909668665813e-02
3.427199999999999818e+03 2.967308923482343472e-02
3.430400000000000091e+03 2.979622583431175767e-02
3.433599999999999909e+03 2.991943050215263925e-02
3.436800000000000182e+03 3.004245213049362012e-02
3.440000000000000000e+03 3.016494462616487252e-02
3.443199999999999818e+03 3.028650942807177907e-02
3.446400000000000091e+03 3.040676947743149380e-02
3.449599999999999909e+03 3.052546462243390518e-02
3.452800000000000182e+03 3.064253998570877491e-02
3.456000000000000000e+03 3.075818681116735190e-02
3.459199999999999818e+03 3.087280914663229764e-02
3.462400000000000091e+03 3.098691514750312459e-02
3.465599999999999909e+03 3.110096885022845328e-02
3.468800000000000182e+03 3.121525753575461054e-02
3.472000000000000000e+03 3.132982912156864058e-02
3.475199999999999818e+03 3.144452509118314532e-02
3.478400000000000091e+03 3.155909641944088656e-02
3.481599999999999909e+03 3.167335901447813906e-02
3.484800000000000182e+03 3.178733062521719305e-02
3.488000000000000000e+03 3.190129936181418380e-02
3.491199999999999818e+03 3.201579289081007973e-02
3.494400000000000091e+03 3.213145407300775636e-02
3.497599999999999909e+03 3.224886263137290848e-02
3.500800000000000182e+03 3.236837155669282373e-02
3.504000000000000000e+03 3.249002236697971085e-02
3.507199999999999818e+03 3.261357328767679892e-02
3.510400000000000091e+03 3.273862510691856464e-02
3.513599999999999909e+03 3.286479132660020258e-02
3.516800000000000182e+03 3.299184792191998256e-02
3.520000000000000000e+03 3.311981201643218048e-02
3.523199999999999818e+03 3.324893158702557638e-02
3.526400000000000091e+03 3.337959480159481684e-02
3.529599999999999909e+03 3.351219239349268603e-02
3.532800000000000182e+03 3.364697365240734706e-02
3.536000000000000000e+03 3.378394243249050605e-02
3.539199999999999818e+03 3.392282731669658130e-02
3.542400000000000091e+03 3.406314051756032663e-02
3.545599999999999909e+03 3.420430696972490830e-02
3.548800000000000182e+03 3.434581642727008860e-02
3.552000000000000000e+03 3.448734207072103042e-02
3.555199999999999818e+03 3.462878243386765392e-02
3.558400000000000091e+03 3.477021988667979013e-02
3.561599999999999909e+03 3.491181734778468770e-02
3.564800000000000182e+03 3.505369671695526823e-02
3.568000000000000000e+03 3.519583777434374255e-02
3.571199999999999818e+03 3.533802838301706994e-02
3.574400000000000091e+03 3.547987625664293654e-02
3.577599999999999909e+03 3.562087626949079350e-02
3.580800000000000182e+03 3.576051058371227526e-02
3.584000000000000000e+03 3.589835062020280132e-02
3.587199999999999818e+03 3.603413482332221834e-02
3.590400000000000091e+03 3.616780453366250092e-02
3.593599999999999909e+03 3.629949605041781630e-02
3.596800000000000182e+03 3.642948979238084389e-02
3.600000000000000000e+03 3.655812645418891199e-02
3.603199999999999818e+03 3.668570313831945318e-02
3.606400000000000091e+03 3.681237801592476822e-02
3.609599999999999909e+03 3.693811718168209940e-02
3.612800000000000182e+03 3.706271232669752780e-02
3.616000000000000000e+03 3.718587217216264701e-02
3.619199999999999818e+03 3.730735744036133700e-02
3.622400000000000091e+03 3.742710918812574422e-02
3.625599999999999909e+03 3.754531891153650713e-02
3.628800000000000182e+03 3.766241549767631452e-02
3.632000000000000000e+03 3.777897183416620980e-02
3.635199999999999818e+03 3.789556526467213055e-02
3.638400000000000091e+03 3.801263551755599407e-02
3.641599999999999909e+03 3.813038667949582294e-02
3.644800000000000182e+03 3.824876335424970408e-02
3.648000000000000000e+03 3.836751102343453207e-02
3.651199999999999818e+03 3.848630200236503179e-02
3.654400000000000091e+03 3.860488334559110390e-02
3.657599999999999909e+03 3.872319371898837875e-02
3.660800000000000182e+03 3.884140543759341535e-02
3.664000000000000000e+03 3.895988114306391664e-02
3.667199999999999818e+03 3.907906283929287600e-02
3.670400000000000091e+03 3.919933617091227868e-02
3.673599999999999909e+03 3.932091153252983279e-02
3.676800000000000182e+03 3.944375833375981383e-02
3.680000000000000000e+03 3.956760751175910501e-02
3.683199999999999818e+03 3.969202003349876079e-02
3.686400000000000091e+03 3.981649902648737999e-02
3.689599999999999909e+03 3.994061173152518157e-02
3.692800000000000182e+03 4.006408711747747042e-02
3.696000000000000000e+03 4.018686087688566611e-02
3.699199999999999818e+03 4.030905831784493271e-02
3.702400000000000091e+03 4.043091799423624566e-02
3.705599999999999909e+03 4.055267995583672347e-02
3.708800000000000182e+03 4.067446959996892653e-02
3.712000000000000000e+03 4.079621780646738166e-02
3.715199999999999818e+03 4.091764514170486561e-02
3.718400000000000091e+03 4.103831789465376551e-02
3.721599999999999909e+03 4.115775411318238486e-02
3.724800000000000182e+03 4.127554000349516194e-02
3.728000000000000000e+03 4.139141890850434741e-02
3.731199999999999818e+03 4.150532694333985279e-02
3.734400000000000091e+03 4.161737249022533225e-02
3.737599999999999909e+03 4.172776797458745135e-02
3.740800000000000182e+03 4.183673854385952517e-02
3.744000000000000000e+03 4.194443171469832560e-02
3.747199999999999818e+03 4.205085516401325940e-02
3.750400000000000091e+03 4.215585806903126426e-02
3.753599999999999909e+03 4.225916213632882612e-02
3.756800000000000182e+03 4.236043281179522474e-02
3.760000000000000000e+03 4.245936839858389239e-02
3.763199999999999818e+03 4.255578037216192072e-02
3.766400000000000091e+03 4.264963930842096546e-02
3.769599999999999909e+03 4.274107688433263080e-02
3.772800000000000182e+03 4.283034366013944300e-02
3.776000000000000000e+03 4.291773801939096494e-02
3.779199999999999818e+03 4.300352266105467863e-02
3.782400000000000091e+03 4.308785222813844851e-02
3.785599999999999909e+03 4.317073107620128525e-02
3.788800000000000182e+03 4.325201677176250536e-02
3.792000000000000000e+03 4.333147103539899264e-02
3.795199999999999818e+03 4.340884403499083860e-02
3.798400000000000091e+03 4.348396591890001106e-02
3.801599999999999909e+03 4.355681325189041109e-02
3.804800000000000182e+03 4.362752981295282134e-02
3.808000000000000000e+03 4.369639463985337119e-02
3.811199999999999818e+03 4.376375293787491960e-02
3.814400000000000091e+03 4.382993166097867710e-02
3.817599999999999909e+03 4.389516635806760964e-02
3.820800000000000182e+03 4.395955556517568835e-02
3.824000000000000000e+03 4.402305295679761338e-02
3.827199999999999818e+03 4.408549663553898434e-02
3.830400000000000091e+03 4.414666750597147360e-02
3.833599999999999909e+03 4.420636246592127283e-02
3.836800000000000182e+03 4.426446290858937482e-02
3.840000000000000000e+03 4.432098164002456347e-02
3.843199999999999818e+03 4.437607244127739214e-02
3.846400000000000091e+03 4.442999924560674802e-02
3.849599999999999909e+03 4.448306987783059302e-02
3.852800000000000182e+03 4.453555531338256046e-02
3.856000000000000000e+03 4.458761829638414192e-02
3.859199999999999818e+03 4.463927602695039881e-02
3.862400000000000091e+03 4.469040769072005204e-02
3.865599999999999909e+03 4.474080307739230350e-02
3.868800000000000182e+03 4.479023445691956984e-02
3.872000000000000000e+03 4.483852741249655383e-02
3.875199999999999818e+03 4.488561095589054667e-02
3.878400000000000091e+03 4.493153336618833232e-02
3.881599999999999909e+03 4.497644369626333655e-02
3.884800000000000182e+03 4.502054411992655047e-02
3.888000000000000000e+03 4.506402929092442888e-02
3.891199999999999818e+03 4.510702890520188607e-02
3.894400000000000091e+03 4.514957218928988131e-02
3.897599999999999909e+03 4.519158285447787832e-02
3.900800000000000182e+03 4.523290411037971664e-02
3.904000000000000000e+03 4.527334285591887858e-02
3.907199999999999818e+03 4.531271897972710683e-02
3.910400000000000091e+03 4.535090938650039594e-02
3.913599999999999909e+03 4.538787874775605108e-02
3.916800000000000182e+03 4.542369407919887025e-02
3.920000000000000000e+03 4.545851727052879071e-02
3.923199999999999818e+03 4.549257516371982973e-02
3.926400000000000091e+03 4.552610895357719900e-02
3.929599999999999909e+03 4.555931706117164609e-02
3.932800000000000182e+03 4.559230883310300825e-02
3.936000000000000000e+03 4.562508721621343077e-02
3.939199999999999818e+03 4.565756646857033196e-02
3.942400000000000091e+03 4.568961795773869572e-02
3.945599999999999909e+03 4.572112748120839287e-02
3.948800000000000182e+03 4.575204482828204577e-02
3.952000000000000000e+03 4.578241327515596149e-02
3.955199999999999818e+03 4.581237154603515910e-02
3.958400000000000091e+03 4.584213043311156921e-02
3.961599999999999909e+03 4.587192795790039079e-02
3.964800000000000182e+03 4.590197528600126892e-02
3.968000000000000000e+03 4.593240609381900319e-02
3.971199999999999818e+03 4.596324567657071591e-02
3.974400000000000091e+03 4.599440860914594253e-02
3.977599999999999909e+03 4.602572613677939628e-02
3.980800000000000182e+03 4.605699428421911740e-02
3.984000000000000000e+03 4.608802815411170567e-02
3.987199999999999818e+03 4.611870845166888416e-02
3.990400000000000091e+03 4.614900722542657208e-02
3.993599999999999909e+03 4.617898766971686997e-02
3.996800000000000182e+03 4.620877658573668834e-02
4.000000000000000000e+03 4.623851959089381181e-02
4.003199999999999818e+03 4.626833129975215647e-02
4.006400000000000091e+03 4.629825712959822342e-02
4.009599999999999909e+03 4.632825586293828207e-02
4.012800000000000182e+03 4.635820730188625755e-02
4.016000000000000000e+03 4.638794094334409285e-02
4.019199999999999818e+03 4.641727769098503292e-02
4.022400000000000091e+03 4.644607475382804551e-02
4.025599999999999909e+03 4.647426228100302176e-02
4.028800000000000182e+03 4.650186385467178218e-02
4.032000000000000000e+03 4.652899307296740061e-02
4.035199999999999818e+03 4.655582671176506510e-02
4.038400000000000091e+03 4.658255771710428927e-02
4.041599999999999909e+03 4.660934191259207687e-02
4.044800000000000182e+03 4.663625313968280950e-02
4.048000000000000000e+03 4.666326312980528801e-02
4.051199999999999818e+03 4.669025228877984879e-02
4.054400000000000091e+03 4.671704797803812731e-02
4.057599999999999909e+03 4.674347734292360473e-02
4.060800000000000182e+03 4.676941751578776729e-02
4.064000000000000000e+03 4.679482968416307648e-02
4.067199999999999818e+03 4.681976685756931988e-02
4.070400000000000091e+03 4.684435558557394075e-02
4.073599999999999909e+03 4.686875553442080428e-02
4.076800000000000182e+03 4.689311072142344355e-02
4.080000000000000000e+03 4.691750545029859526e-02
4.083199999999999818e+03 4.694193963879417231e-02
4.086400000000000091e+03 4.696632895854515460e-02
4.089599999999999909e+03 4.699052876881357893e-02
4.092800000000000182e+03 4.701437317164798568e-02
4.096000000000000000e+03 4.703771783255367850e-02
4.099199999999999818e+03 4.706047691163174618e-02
4.102399999999999636e+03 4.708264462991697957e-02
4.105600000000000364e+03 4.710429753871751141e-02
4.108800000000000182e+03 4.712557415070164901e-02
4.112000000000000000e+03 4.714663783997249252e-02
4.115199999999999818e+03 4.716763104900961734e-02
4.118399999999999636e+03 4.718863573655277671e-02
4.121600000000000364e+03 4.720965067581779639e-02
4.124800000000000182e+03 4.723059292937181047e-02
4.128000000000000000e+03 4.725132193109003731e-02
4.131199999999999818e+03 4.727167893007477167e-02
4.134399999999999636e+03 4.729153141216435596e-02
4.137600000000000364e+03 4.731080977088591294e-02
4.140800000000000182e+03 4.732952697489317684e-02
4.144000000000000000e+03 4.734777303682111138e-02
4.147199999999999818e+03 4.736568632014036967e-02
4.150399999999999636e+03 4.738340864309111694e-02
4.153600000000000364e+03 4.740104080975661438e-02
4.156800000000000182e+03 4.741861218586826410e-02
4.160000000000000000e+03 4.743607435901724817e-02
4.163199999999999818e+03 4.745331796445149963e-02
4.166399999999999636e+03 4.747020574830703582e-02
4.169600000000000364e+03 4.748661185733354939e-02
4.172800000000000182e+03 4.750245684351446507e-02
4.176000000000000000e+03 4.751773111753541945e-02
4.179199999999999818e+03 4.753249946540868270e-02
4.182399999999999636e+03 4.754688592422701143e-02
4.185600000000000364e+03 4.756104058400002776e-02
4.188800000000000182e+03 4.757509911210636155e-02
4.192000000000000000e+03 4.758914583382176100e-02
4.195199999999999818e+03 4.760319256787530484e-02
4.198399999999999636e+03 4.761717768133093970e-02
4.201600000000000364e+03 4.763098461795019223e-02
4.204800000000000182e+03 4.764447357386546178e-02
4.208000000000000000e+03 4.765751754531682288e-02
4.211199999999999818e+03 4.767003481136215109e-02
4.214399999999999636e+03 4.768200901785794865e-02
4.217600000000000364e+03 4.769349260309919958e-02
4.220800000000000182e+03 4.770459060922963013e-02
4.224000000000000000e+03 4.771543063889862463e-02
4.227199999999999818e+03 4.772612687190192632e-02
4.230399999999999636e+03 4.773675071121700336e-02
4.233600000000000364e+03 4.774731548193805047e-02
4.236800000000000182e+03 4.775777880910619944e-02
4.240000000000000000e+03 4.776805967247869239e-02
4.243199999999999818e+03 4.777806472704473895e-02
4.246399999999999636e+03 4.778771792075069830e-02
4.249600000000000364e+03 4.779698630276590227e-02
4.252800000000000182e+03 4.780589626803569137e-02
4.256000000000000000e+03 4.781453354841693620e-02
4.259199999999999818e+03 4.782302654848397810e-02
4.262399999999999636e+03 4.783151596069036560e-02
4.265600000000000364e+03 4.784012141709591270e-02
4.268800000000000182e+03 4.784891453192136740e-02
4.272000000000000000e+03 4.785790647302904516e-02
4.275199999999999818e+03 4.786705076297900069e-02
4.278399999999999636e+03 4.787625911022343195e-02
4.281600000000000364e+03 4.788542582839689504e-02
4.284800000000000182e+03 4.789445611609777220e-02
4.288000000000000000e+03 4.790329286381316692e-02
4.291199999999999818e+03 4.791193392628802228e-02
4.294399999999999636e+03 4.792043419489066397e-02
4.297600000000000364e+03 4.792888943803472190e-02
4.300800000000000182e+03 4.793740840808136811e-02
4.304000000000000000e+03 4.794608210177162683e-02
4.307199999999999818e+03 4.795496125281627914e-02
4.310399999999999636e+03 4.796404582044454940e-02
4.313600000000000364e+03 4.797328719356774851e-02
4.316800000000000182e+03 4.798260005047354920e-02
4.320000000000000000e+03 4.799188225836154703e-02
4.323199999999999818e+03 4.800104055179392482e-02
4.326399999999999636e+03 4.801001677694881342e-02
4.329600000000000364e+03 4.801880739843535778e-02
4.332800000000000182e+03 4.802746725706132092e-02
4.336000000000000000e+03 4.803609570883551894e-02
4.339199999999999818e+03 4.804480799963558452e-02
4.342399999999999636e+03 4.805370320851970467e-02
4.345600000000000364e+03 4.806283758152371521e-02
4.348800000000000182e+03 4.807221106086267959e-02
4.352000000000000000e+03 4.808176775092300875e-02
4.355199999999999818e+03 4.809141006217639014e-02
4.358399999999999636e+03 4.810102370922719750e-02
4.361600000000000364e+03 4.811050882048114458e-02
4.364800000000000182e+03 4.811980967307631640e-02
4.368000000000000000e+03 4.812893222032980922e-02
4.371199999999999818e+03 4.813794314552512915e-02
4.374399999999999636e+03 4.814694844808894286e-02
4.377600000000000364e+03 4.815606070497257390e-02
4.380800000000000182e+03 4.816536527853189364e-02
4.384000000000000000e+03 4.817489748445584474e-02
4.387199999999999818e+03 4.818463451269655584e-02
4.390399999999999636e+03 4.819450299595195997e-02
4.393600000000000364e+03 4.820439866465106582e-02
4.396800000000000182e+03 4.821421414098631814e-02
4.400000000000000000e+03 4.822386928663934674e-02
4.403199999999999818e+03 4.823333544154879277e-02
4.406399999999999636e+03 4.824264625693910208e-02
4.409600000000000364e+03 4.825188901328093111e-02
4.412800000000000182e+03 4.826118007425873879e-02
4.416000000000000000e+03 4.827063137566340451e-02
4.419199999999999818e+03 4.828032059251152058e-02
4.422399999999999636e+03 4.829027182827910075e-02
4.425600000000000364e+03 4.830045131261819641e-02
4.428800000000000182e+03 4.831077612836694873e-02
4.432000000000000000e+03 4.832113378573654749e-02
4.435199999999999818e+03 4.833140907747698195e-02
4.438399999999999636e+03 4.834151285723477243e-02
4.441600000000000364e+03 4.835140585951523684e-02
4.444800000000000182e+03 4.836110805568610144e-02
4.448000000000000000e+03 4.837068998473077058e-02
4.451199999999999818e+03 4.838024671968944174e-02
4.454399999999999636e+03 4.838986553777865907e-02
4.457600000000000364e+03 4.839959749809698286e-02
4.460800000000000182e+03 4.840944311943404244e-02
4.464000000000000000e+03 4.841935310701769163e-02
4.467199999999999818e+03 4.842924222970333703e-02
4.470399999999999636e+03 4.843901090036569629e-02
4.473600000000000364e+03 4.844856992931655809e-02
4.476800000000000182e+03 4.845786411699072593e-02
4.480000000000000000e+03 4.846688848872481720e-02
4.483199999999999818e+03 4.847569284679464907e-02
4.486399999999999636e+03 4.848437025643276277e-02
4.489600000000000364e+03 4.849303343730068661e-02
4.492800000000000182e+03 4.850178469539084131e-02
4.496000000000000000e+03 4.851069059066151490e-02
4.499199999999999818e+03 4.851976687096379304e-02
4.502399999999999636e+03 4.852897755881412784e-02
4.505600000000000364e+03 4.853824579671538186e-02
4.508800000000000182e+03 4.854747371417198615e-02
4.512000000000000000e+03 4.855656718325086774e-02
4.515199999999999818e+03 4.856545992298816339e-02
4.518399999999999636e+03 4.857413146173073654e-02
4.521600000000000364e+03 4.858261174797308402e-02
4.524800000000000182e+03 4.859097131139589187e-02
4.528000000000000000e+03 4.859929796419888703e-02
4.531199999999999818e+03 4.860766941521302287e-02
4.534399999999999636e+03 4.861612912515672624e-02
4.537600000000000364e+03 4.862467382375142838e-02
4.540800000000000182e+03 4.863325388083189482e-02
4.544000000000000000e+03 4.864178604249264765e-02
4.547199999999999818e+03 4.865017429268012755e-02
4.550399999999999636e+03 4.865833384625988661e-02
4.553600000000000364e+03 4.866621285797858437e-02
4.556800000000000182e+03 4.867380508818022755e-02
4.560000000000000000e+03 4.868115070633221436e-02
4.563199999999999818e+03 4.868832342985503214e-02
4.566399999999999636e+03 4.869540966415822347e-02
4.569600000000000364e+03 4.870248459718957285e-02
4.572800000000000182e+03 4.870959353097408656e-02
4.576000000000000000e+03 4.871674126483565431e-02
4.579199999999999818e+03 4.872389212707758932e-02
4.582399999999999636e+03 4.873097907748347862e-02
4.585600000000000364e+03 4.873792035715812654e-02
4.588800000000000182e+03 4.874464034196329676e-02
4.592000000000000000e+03 4.875108929465429841e-02
4.595199999999999818e+03 4.875725696557154515e-02
4.598399999999999636e+03 4.876317450615227922e-02
4.601600000000000364e+03 4.876890520104879001e-02
4.604800000000000182e+03 4.877452590851837078e-02
4.608000000000000000e+03 4.878010671416985883e-02
4.611199999999999818e+03 4.878569314927033024e-02
4.614399999999999636e+03 4.879129635153011540e-02
4.617600000000000364e+03 4.879689174669407659e-02
4.620800000000000182e+03 4.880242713233717139e-02
4.624000000000000000e+03 4.880783805330533159e-02
4.627199999999999818e+03 4.881306722610241622e-02
4.630399999999999636e+03 4.881808317524172214e-02
4.633600000000000364e+03 4.882289191919177151e-02
4.636800000000000182e+03 4.882753870106475158e-02
4.640000000000000000e+03 4.883209787738594654e-02
4.643199999999999818e+03 4.883665543897566796e-02
4.646399999999999636e+03 4.884128809691663797e-02
4.649600000000000364e+03 4.884604619461187236e-02
4.652800000000000182e+03 4.885094314548565908e-02
4.656000000000000000e+03 4.885595441472731504e-02
4.659199999999999818e+03 4.886102486416432633e-02
4.662399999999999636e+03 4.886608322297117390e-02
4.665600000000000364e+03 4.887106028509771716e-02
4.668800000000000182e+03 4.887590614365876218e-02
4.672000000000000000e+03 4.888060224143510324e-02
4.675199999999999818e+03 4.888516368747893026e-02
4.678399999999999636e+03 4.888963236998250528e-02
4.681600000000000364e+03 4.889406197652675090e-02
4.684800000000000182e+03 4.889850124429835632e-02
4.688000000000000000e+03 4.890297897787637682e-02
4.691199999999999818e+03 4.890749595022497037e-02
4.694399999999999636e+03 4.891202411609237716e-02
4.697600000000000364e+03 4.891651375590701234e-02
4.700800000000000182e+03 4.892090622261823646e-02
4.704000000000000000e+03 4.892514951054890288e-02
4.707199999999999818e+03 4.892921305386871422e-02
4.710399999999999636e+03 4.893309722040184440e-02
4.713600000000000364e+03 4.893683551299173040e-02
4.716800000000000182e+03 4.894048756442222897e-02
4.720000000000000000e+03 4.894412606976589197e-02
4.723199999999999818e+03 4.894781994340409448e-02
4.726399999999999636e+03 4.895161955112493218e-02
4.729600000000000364e+03 4.895554641857595424e-02
4.732800000000000182e+03 4.895959075110969949e-02
4.736000000000000000e+03 4.896371610199156538e-02
4.739199999999999818e+03 4.896787044809403078e-02
4.742399999999999636e+03 4.897200077071436203e-02
4.745600000000000364e+03 4.897606774763101772e-02
4.748800000000000182e+03 4.898005736281427908e-02
4.752000000000000000e+03 4.898398571351747499e-02
4.755199999999999818e+03 4.898789646601818537e-02
4.758399999999999636e+03 4.899185023344519024e-02
4.761600000000000364e+03 4.899590981741952511e-02
4.764800000000000182e+03 4.900012377808941194e-02
4.768000000000000000e+03 4.900451416073459132e-02
4.771199999999999818e+03 4.900907050788748387e-02
4.774399999999999636e+03 4.901375303823221619e-02
4.777600000000000364e+03 4.901850334401045700e-02
4.780800000000000182e+03 4.902326041343814389e-02
4.784000000000000000e+03 4.902797770012028850e-02
4.787199999999999818e+03 4.903263677759241157e-02
4.790399999999999636e+03 4.903725466704079300e-02
4.793600000000000364e+03 4.904188171786766359e-02
4.796800000000000182e+03 4.904659136364938193e-02
4.800000000000000000e+03 4.905146240911232441e-02
4.803199999999999818e+03 4.905656005691463872e-02
4.806399999999999636e+03 4.906191923640644548e-02
4.809600000000000364e+03 4.906753671106894865e-02
4.812800000000000182e+03 4.907337282343759294e-02
4.816000000000000000e+03 4.907936336752082712e-02
4.819199999999999818e+03 4.908543731614924133e-02
4.822399999999999636e+03 4.909153566287956932e-02
4.825600000000000364e+03 4.909762666078128224e-02
4.828800000000000182e+03 4.910371299125765310e-02
4.832000000000000000e+03 4.910983033337348869e-02
4.835199999999999818e+03 4.911603597645858993e-02
4.838399999999999636e+03 4.912239194891421940e-02
4.841600000000000364e+03 4.912894506307714793e-02
4.844800000000000182e+03 4.913571160801880749e-02
4.848000000000000000e+03 4.914266961497865821e-02
4.851199999999999818e+03 4.914976293452008593e-02
4.854399999999999636e+03 4.915691507520853626e-02
4.857600000000000364e+03 4.916404997323393228e-02
4.860800000000000182e+03 4.917111404972179800e-02
4.864000000000000000e+03 4.917809330320666722e-02
4.867199999999999818e+03 4.918502138389287820e-02
4.870399999999999636e+03 4.919197433559772265e-02
4.873600000000000364e+03 4.919905451329827095e-02
4.876800000000000182e+03 4.920636569551000566e-02
4.880000000000000000e+03 4.921398866025767510e-02
4.883199999999999818e+03 4.922196191230172185e-02
4.886399999999999636e+03 4.923027474442551177e-02
4.889600000000000364e+03 4.923887218534253596e-02
4.892800000000000182e+03 4.924767128564687402e-02
4.896000000000000000e+03 4.925658339437923028e-02
4.899199999999999818e+03 4.926553684605729233e-02
4.902399999999999636e+03 4.927449476271843209e-02
4.905600000000000364e+03 4.928346223735922960e-02
4.908800000000000182e+03 4.929248250009428400e-02
4.912000000000000000e+03 4.930162086321102782e-02
4.915199999999999818e+03 4.931094341185389418e-02
4.918399999999999636e+03 4.932049408823184489e-02
4.921600000000000364e+03 4.933027940636332959e-02
4.924800000000000182e+03 4.934026267946910183e-02
4.928000000000000000e+03 4.935037125053315377e-02
4.931199999999999818e+03 4.936051348714183551e-02
4.934399999999999636e+03 4.937060230188416998e-02
4.937600000000000364e+03 4.938057924104241603e-02
4.940800000000000182e+03 4.939043164983346335e-02
4.944000000000000000e+03 4.940019843628144086e-02
4.947199999999999818e+03 4.940995948693381601e-02
4.950399999999999636e+03 4.941981368278238612e-02
4.953600000000000364e+03 4.942984947587165251e-02
4.956800000000000182e+03 4.944012020594621554e-02
4.960000000000000000e+03 4.945062859987273129e-02
4.963199999999999818e+03 4.946132678589248988e-02
4.966399999999999636e+03 4.947212904467491318e-02
4.969600000000000364e+03 4.948293484400723835e-02
4.972800000000000182e+03 4.949365539162034477e-02
4.976000000000000000e+03 4.950423642926000956e-02
4.979199999999999818e+03 4.951467187288743910e-02
4.982399999999999636e+03 4.952500241189863872e-02
4.985600000000000364e+03 4.953530155089449355e-02
4.988800000000000182e+03 4.954565042055606577e-02
4.992000000000000000e+03 4.955611214378839724e-02
4.995199999999999818e+03 4.956671056099065664e-02
4.998399999999999636e+03 4.957742227912464300e-02
5.001600000000000364e+03 4.958818129477059189e-02
5.004800000000000182e+03 4.959889623967536632e-02
5.008000000000000000e+03 4.960947442275509545e-02
5.011199999999999818e+03 4.961984715877510582e-02
5.014399999999999636e+03 4.962999060786382061e-02
5.017600000000000364e+03 4.963993489995841696e-02
5.020800000000000182e+03 4.964976015317129621e-02
5.024000000000000000e+03 4.965957706233242730e-02
5.027199999999999818e+03 4.966950042629083434e-02
5.030399999999999636e+03 4.967962017823109727e-02
5.033600000000000364e+03 4.968998116556925387e-02
5.036800000000000182e+03 4.970057375392457344e-02
5.040000000000000000e+03 4.971133931984525467e-02
5.043199999999999818e+03 4.972218690408402447e-02
5.046399999999999636e+03 4.973301747014060442e-02
5.049600000000000364e+03 4.974374943855675024e-02
5.052800000000000182e+03 4.975433788260932855e-02
5.056000000000000000e+03 4.976478372068345729e-02
5.059199999999999818e+03 4.977512793534573377e-02
5.062399999999999636e+03 4.978543557906858069e-02
5.065600000000000364e+03 4.979577143468127964e-02
5.068800000000000182e+03 4.980617822496962582e-02
5.072000000000000000e+03 4.981666064285231871e-02
5.075199999999999818e+03 4.982718231696934424e-02
5.078399999999999636e+03 4.983767385378503473e-02
5.081600000000000364e+03 4.984805096688251641e-02
5.084800000000000182e+03 4.985823712008980585e-02
5.088000000000000000e+03 4.986818438065709208e-02
5.091199999999999818e+03 4.987788774000184028e-02
5.094399999999999636e+03 4.988738654298269931e-02
5.097600000000000364e+03 4.989675485468715588e-02
5.100800000000000182e+03 4.990608053780245384e-02
5.104000000000000000e+03 4.991544281226212298e-02
5.107199999999999818e+03 4.992489156214004187e-02
5.110399999999999636e+03 4.993443686563819872e-02
5.113600000000000364e+03 4.994404786276486485e-02
5.116800000000000182e+03 4.995366233947722001e-02
5.120000000000000000e+03 4.996320278421473998e-02
5.123199999999999818e+03 4.997259540620663937e-02
5.126399999999999636e+03 4.998178796490791026e-02
5.129600000000000364e+03 4.999076041691539324e-02
5.132800000000000182e+03 4.999952716523452245e-02
5.136000000000000000e+03 5.000812728830862641e-02
5.139199999999999818e+03 5.001660881920239055e-02
5.142399999999999636e+03 5.002500912982981579e-02
5.145600000000000364e+03 5.003334122609802426e-02
5.148800000000000182e+03 5.004158723515911983e-02
5.152000000000000000e+03 5.004970311203659622e-02
5.155199999999999818e+03 5.005763069106983210e-02
5.158399999999999636e+03 5.006531453087026406e-02
5.161600000000000364e+03 5.007271883001438578e-02
5.164800000000000182e+03 5.007983957320311791e-02
5.168000000000000000e+03 5.008671003079195883e-02
5.171199999999999818e+03 5.009339552881778013e-02
5.174399999999999636e+03 5.009998103099980865e-02
5.177600000000000364e+03 5.010655158690741073e-02
5.180800000000000182e+03 5.011317429838300919e-02
5.184000000000000000e+03 5.011988370098995060e-02
5.187199999999999818e+03 5.012667718780261517e-02
5.190399999999999636e+03 5.013351883385052526e-02
5.193600000000000364e+03 5.014035165525967258e-02
5.196800000000000182e+03 5.014711380209089381e-02
5.200000000000000000e+03 5.015375449474367142e-02
5.203199999999999818e+03 5.016024661363947118e-02
5.206399999999999636e+03 5.016659134080590082e-02
5.209600000000000364e+03 5.017281605097427544e-02
5.212800000000000182e+03 5.017896339532989386e-02
5.216000000000000000e+03 5.018507775466193865e-02
5.219199999999999818e+03 5.019118987855045871e-02
5.222399999999999636e+03 5.019730713245153242e-02
5.225600000000000364e+03 5.020340956945727739e-02
5.228800000000000182e+03 5.020945513383214681e-02
5.232000000000000000e+03 5.021539131393369659e-02
5.235199999999999818e+03 5.022117085026963496e-02
5.238399999999999636e+03 5.022676744911772767e-02
5.241600000000000364e+03 5.023218608799982082e-02
5.244800000000000182e+03 5.023746654152175944e-02
5.248000000000000000e+03 5.024267651792940770e-02
5.251199999999999818e+03 5.024789882792565082e-02
5.254399999999999636e+03 5.025321280932726342e-02
5.257600000000000364e+03 5.025867788803287106e-02
5.260800000000000182e+03 5.026432055985419201e-02
5.264000000000000000e+03 5.027013072197263066e-02
5.267199999999999818e+03 5.027606630441909530e-02
5.270399999999999636e+03 5.028206616672233759e-02
5.273600000000000364e+03 5.028806707626815725e-02
5.276800000000000182e+03 5.029401969254251176e-02
5.280000000000000000e+03 5.029990035454300762e-02
5.283199999999999818e+03 5.030571384661421119e-02
5.286399999999999636e+03 5.031148925829244389e-02
5.289600000000000364e+03 5.031726751564873090e-02
5.292800000000000182e+03 5.032308741196601931e-02
5.296000000000000000e+03 5.032897073098598073e-02
5.299199999999999818e+03 5.033491352565021282e-02
5.302399999999999636e+03 5.034088335814688314e-02
5.305600000000000364e+03 5.034682571444386301e-02
5.308800000000000182e+03 5.035267696738639220e-02
5.312000000000000000e+03 5.035838121159311870e-02
5.315199999999999818e+03 5.036390677936516957e-02
5.318399999999999636e+03 5.036925655252082884e-02
5.321600000000000364e+03 5.037447111422072715e-02
5.324800000000000182e+03 5.037962106173984878e-02
5.328000000000000000e+03 5.038479352575232079e-02
5.331199999999999818e+03 5.039007266828783582e-02
5.334399999999999636e+03 5.039552228898672159e-02
5.337600000000000364e+03 5.040117143555294943e-02
5.340800000000000182e+03 5.040700945986074238e-02
5.344000000000000000e+03 5.041298970380746203e-02
5.347199999999999818e+03 5.041904231282512416e-02
5.350399999999999636e+03 5.042509223944539876e-02
5.353600000000000364e+03 5.043107707409350687e-02
5.356800000000000182e+03 5.043696124520916785e-02
5.360000000000000000e+03 5.044274089279237455e-02
5.363199999999999818e+03 5.044844136163838949e-02
5.366399999999999636e+03 5.045410508440493352e-02
5.369600000000000364e+03 5.045977676706772663e-02
5.372800000000000182e+03 5.046548628990413926e-02
5.376000000000000000e+03 5.047123742795854573e-02
5.379199999999999818e+03 5.047700303960572787e-02
5.382399999999999636e+03 5.048273088601792219e-02
5.385600000000000364e+03 5.048835742781684205e-02
5.388800000000000182e+03 5.049382632370971735e-02
5.392000000000000000e+03 5.049910660741880469e-02
5.395199999999999818e+03 5.050420388610114136e-02
5.398399999999999636e+03 5.050916353439043049e-02
5.401600000000000364e+03 5.051406214195262867e-02
5.404800000000000182e+03 5.051899280595362890e-02
5.408000000000000000e+03 5.052404410753964098e-02
5.411199999999999818e+03 5.052928160009804298e-02
5.414399999999999636e+03 5.053473287887744886e-02
5.417600000000000364e+03 5.054038330570177068e-02
5.420800000000000182e+03 5.054618127821398216e-02
5.424000000000000000e+03 5.055205322257237677e-02
5.427199999999999818e+03 5.055792353825151741e-02
5.430399999999999636e+03 5.056373356389762264e-02
5.433600000000000364e+03 5.056945592922298255e-02
5.436800000000000182e+03 5.057509828977063693e-02
5.440000000000000000e+03 5.058069880802111562e-02
5.443199999999999818e+03 5.058631103069049367e-02
5.446399999999999636e+03 5.059198634013556406e-02
5.449600000000000364e+03 5.059775481064150010e-02
5.452800000000000182e+03 5.060361393708646960e-02
5.456000000000000000e+03 5.060952559007825952e-02
5.459199999999999818e+03 5.061542519533027834e-02
5.462399999999999636e+03 5.062123920462119342e-02
5.465600000000000364e+03 5.062690648910543600e-02
5.468800000000000182e+03 5.063239802512548710e-02
5.472000000000000000e+03 5.063772748892900188e-02
5.475199999999999818e+03 5.064295231259680757e-02
5.478399999999999636e+03 5.064816107578629795e-02
5.481600000000000364e+03 5.065345453094039635e-02
5.484800000000000182e+03 5.065892077594906506e-02
5.488000000000000000e+03 5.066461579075434707e-02
5.491199999999999818e+03 5.067055044450071571e-02
5.494399999999999636e+03 5.067669084781230293e-02
5.497600000000000364e+03 5.068296885690379977e-02
5.500800000000000182e+03 5.068930104624268240e-02
5.504000000000000000e+03 5.069561030636658694e-02
5.507199999999999818e+03 5.070184338644798810e-02
5.510399999999999636e+03 5.070798191914004105e-02
5.513600000000000364e+03 5.071404135671241098e-02
5.516800000000000182e+03 5.072006256417763148e-02
5.520000000000000000e+03 5.072609420091853810e-02
5.523199999999999818e+03 5.073217571745349680e-02
5.526399999999999636e+03 5.073832102409918388e-02
5.529600000000000364e+03 5.074451194153465489e-02
5.532800000000000182e+03 5.075069980895885458e-02
5.536000000000000000e+03 5.075681775342729546e-02
5.539199999999999818e+03 5.076279884119462571e-02
5.542399999999999636e+03 5.076859555938857682e-02
5.545600000000000364e+03 5.077419641772178138e-02
5.548800000000000182e+03 5.077963264270766996e-02
5.552000000000000000e+03 5.078497618021390186e-02
5.555199999999999818e+03 5.079032462423565403e-02
5.558399999999999636e+03 5.079578164355547792e-02
5.561600000000000364e+03 5.080143256330938578e-02
5.564800000000000182e+03 5.080732658573230975e-02
5.568000000000000000e+03 5.081346563736035410e-02
5.571199999999999818e+03 5.081980673879329946e-02
5.574399999999999636e+03 5.082627451646916372e-02
5.577600000000000364e+03 5.083278184671870259e-02
5.580800000000000182e+03 5.083925276296567125e-02
5.584000000000000000e+03 5.084563973611269661e-02
5.587199999999999818e+03 5.085193338845021144e-02
5.590399999999999636e+03 5.085815818640595370e-02
5.593600000000000364e+03 5.086436064733693835e-02
5.596800000000000182e+03 5.087058826236948855e-02
5.600000000000000000e+03 5.087687125322935128e-02
5.603199999999999818e+03 5.088320715870495864e-02
5.606399999999999636e+03 5.088955792420996743e-02
5.609600000000000364e+03 5.089585659604247553e-02
5.612800000000000182e+03 5.090202472274497902e-02
5.616000000000000000e+03 5.090799440418277561e-02
5.619199999999999818e+03 5.091372848846797972e-02
5.622399999999999636e+03 5.091923486944899963e-02
5.625600000000000364e+03 5.092456719529818432e-02
5.628800000000000182e+03 5.092981597642939895e-02
5.632000000000000000e+03 5.093508685626714494e-02
5.635199999999999818e+03 5.094047797136762312e-02
5.638399999999999636e+03 5.094605628422931021e-02
5.641600000000000364e+03 5.095184486571270599e-02
5.644800000000000182e+03 5.095781896802553668e-02
5.648000000000000000e+03 5.096391565274887431e-02
5.651199999999999818e+03 5.097005152312223536e-02
5.654399999999999636e+03 5.097614488862541732e-02
5.657600000000000364e+03 5.098213679898617318e-02
5.660800000000000182e+03 5.098800292283238444e-02
5.664000000000000000e+03 5.099375655860637069e-02
5.667199999999999818e+03 5.099943730509384071e-02
5.670399999999999636e+03 5.100509490608296642e-02
5.673600000000000364e+03 5.101076721381472140e-02
5.676800000000000182e+03 5.101646553117662741e-02
5.680000000000000000e+03 5.102216575215944711e-02
5.683199999999999818e+03 5.102781323690305793e-02
5.686399999999999636e+03 5.103333584038998588e-02
5.689600000000000364e+03 5.103866418170058955e-02
5.692800000000000182e+03 5.104375241912848665e-02
5.696000000000000000e+03 5.104859313812667998e-02
5.699199999999999818e+03 5.105322457887929294e-02
5.702399999999999636e+03 5.105772415406858306e-02
5.705600000000000364e+03 5.106219521486545648e-02
5.708800000000000182e+03 5.106674411291246135e-02
5.712000000000000000e+03 5.107146020856144497e-02
5.715199999999999818e+03 5.107639661955911542e-02
5.718399999999999636e+03 5.108156288847302134e-02
5.721600000000000364e+03 5.108692548310297260e-02
5.724800000000000182e+03 5.109242033572164443e-02
5.728000000000000000e+03 5.109797111354347915e-02
5.731199999999999818e+03 5.110350893374056985e-02
5.734399999999999636e+03 5.110898862216444599e-02
5.737600000000000364e+03 5.111439390779893427e-02
5.740800000000000182e+03 5.111973489837021156e-02
5.744000000000000000e+03 5.112503337783364660e-02
5.747199999999999818e+03 5.113030819059338067e-02
5.750399999999999636e+03 5.113555834509866255e-02
5.753600000000000364e+03 5.114075678708891737e-02
5.756800000000000182e+03 5.114584984273853191e-02
5.760000000000000000e+03 5.115076857765751134e-02
5.763199999999999818e+03 5.115544449693466833e-02
5.766399999999999636e+03 5.115982815103268383e-02
5.769600000000000364e+03 5.116390493857668476e-02
5.772800000000000182e+03 5.116770239088345301e-02
5.776000000000000000e+03 5.117129019641521170e-02
5.779199999999999818e+03 5.117476752903449277e-02
5.782399999999999636e+03 5.117824750639192455e-02
5.785600000000000364e+03 5.118183488355288607e-02
5.788800000000000182e+03 5.118561045021618322e-02
5.792000000000000000e+03 5.118961734071422048e-02
5.795199999999999818e+03 5.119385938754653781e-02
5.798399999999999636e+03 5.119830503619861306e-02
5.801600000000000364e+03 5.120289987054243985e-02
5.804800000000000182e+03 5.120758147965700363e-02
5.808000000000000000e+03 5.121229287588766055e-02
5.811199999999999818e+03 5.121699269593067011e-02
5.814399999999999636e+03 5.122165589670473612e-02
5.817600000000000364e+03 5.122627134770681157e-02
5.820800000000000182e+03 5.123083066464112489e-02
5.824000000000000000e+03 5.123532055016123687e-02
5.827199999999999818e+03 5.123971281875978889e-02
5.830399999999999636e+03 5.124396399641756306e-02
5.833600000000000364e+03 5.124801754691742095e-02
5.836800000000000182e+03 5.125181522256589545e-02
5.840000000000000000e+03 5.125531050056014032e-02
5.843199999999999818e+03 5.125848310916998607e-02
5.846399999999999636e+03 5.126135050530387233e-02
5.849600000000000364e+03 5.126397032925476827e-02
5.852800000000000182e+03 5.126643748172818316e-02
5.856000000000000000e+03 5.126886946217096286e-02
5.859199999999999818e+03 5.127139175864642989e-02
5.862399999999999636e+03 5.127411688804204420e-02
5.865600000000000364e+03 5.127713135264792832e-02
5.868800000000000182e+03 5.128048325292200449e-02
5.872000000000000000e+03 5.128418153645150634e-02
5.875199999999999818e+03 5.128819941149816847e-02
5.878399999999999636e+03 5.129248537261720670e-02
5.881600000000000364e+03 5.129697612100932863e-02
5.884800000000000182e+03 5.130160713120066746e-02
5.888000000000000000e+03 5.130632132318012351e-02
5.891199999999999818e+03 5.131106794835789409e-02
5.894399999999999636e+03 5.131580138388101148e-02
5.897600000000000364e+03 5.132047138745205600e-02
5.900800000000000182e+03 5.132502043963680510e-02
5.904000000000000000e+03 5.132937860048229772e-02
5.907199999999999818e+03 5.133346987044785231e-02
5.910399999999999636e+03 5.133721929447294247e-02
5.913600000000000364e+03 5.134056771920948031e-02
5.916800000000000182e+03 5.134348546501345256e-02
5.920000000000000000e+03 5.134598359405460888e-02
5.923199999999999818e+03 5.134812098459761581e-02
5.926399999999999636e+03 5.134999996558263502e-02
5.929600000000000364e+03 5.135175902592690328e-02
5.932800000000000182e+03 5.135355248454572669e-02
5.936000000000000000e+03 5.135553441608922687e-02
5.939199999999999818e+03 5.135783530949838971e-02
5.942399999999999636e+03 5.136055079933354861e-02
5.945600000000000364e+03 5.136373008045948263e-02
5.948800000000000182e+03 5.136737771508547573e-02
5.952000000000000000e+03 5.137145800588625855e-02
5.955199999999999818e+03 5.137590567847791917e-02
5.958399999999999636e+03 5.138063814636910365e-02
5.961600000000000364e+03 5.138556347504783656e-02
5.964800000000000182e+03 5.139058996385777872e-02
5.968000000000000000e+03 5.139562494223390982e-02
5.971199999999999818e+03 5.140057942608130398e-02
5.974399999999999636e+03 5.140536199113836247e-02
5.977600000000000364e+03 5.140988367963581634e-02
5.980800000000000182e+03 5.141405562123284312e-02
5.984000000000000000e+03 5.141779911082818011e-02
5.987199999999999818e+03 5.142105206107303039e-02
5.990399999999999636e+03 5.142378245942776788e-02
5.993600000000000364e+03 5.142599929961402111e-02
5.996800000000000182e+03 5.142775886780798916e-02
6.000000000000000000e+03 5.142916900357694110e-02
6.003199999999999818e+03 5.143037808610691208e-02
6.006399999999999636e+03 5.143156697334560351e-02
6.009600000000000364e+03 5.143292274676088127e-02
6.012800000000000182e+03 5.143462476138323247e-02
6.016000000000000000e+03 5.143681683485113593e-02
6.019199999999999818e+03 5.143959943990571160e-02
6.022399999999999636e+03 5.144301518840158072e-02
6.025600000000000364e+03 5.144705410217925018e-02
6.028800000000000182e+03 5.145165779441789045e-02
6.032000000000000000e+03 5.145673220604481818e-02
6.035199999999999818e+03 5.146216268782385223e-02
6.038399999999999636e+03 5.146782016375894137e-02
6.041600000000000364e+03 5.147357653440554071e-02
6.044800000000000182e+03 5.147929693970067916e-02
6.048000000000000000e+03 5.148485480794168234e-02
6.051199999999999818e+03 5.149011615391910907e-02
6.054399999999999636e+03 5.149496126864314821e-02
6.057600000000000364e+03 5.149927156947046308e-02
6.060800000000000182e+03 5.150296115281139536e-02
6.064000000000000000e+03 5.150597005287458480e-02
6.067199999999999818e+03 5.150829717628593180e-02
6.070399999999999636e+03 5.150999361482578448e-02
6.073600000000000364e+03 5.151117919152462671e-02
6.076800000000000182e+03 5.151203234287508870e-02
