0.000000000000000000e+00 0.000000000000000000e+00
3.200000000000000178e+00 5.822497464009830093e-07
6.400000000000000355e+00 1.150540758805699302e-06
9.599999999999999645e+00 1.706666249636013926e-06
1.280000000000000071e+01 2.250213321592426709e-06
1.600000000000000000e+01 2.781609002147586191e-06
1.919999999999999929e+01 3.300819664188915861e-06
2.239999999999999858e+01 3.808099625226722585e-06
2.560000000000000142e+01 4.303508523746780738e-06
2.880000000000000071e+01 4.787250362971424850e-06
3.200000000000000000e+01 5.259422555123276929e-06
3.520000000000000284e+01 5.720209353996828430e-06
3.839999999999999858e+01 6.169728008227622679e-06
4.160000000000000142e+01 6.608153902376456556e-06
4.479999999999999716e+01 7.035616474317750294e-06
4.800000000000000000e+01 7.452286900805880818e-06
5.120000000000000284e+01 7.858302885052135712e-06
5.439999999999999858e+01 8.253833597229999380e-06
5.760000000000000142e+01 8.639022690833524188e-06
6.079999999999999716e+01 9.014038401047656904e-06
6.400000000000000000e+01 9.379028802741683633e-06
6.720000000000000284e+01 9.734161691019711264e-06
7.040000000000000568e+01 1.007958845600993281e-05
7.359999999999999432e+01 1.041547663092434904e-05
7.679999999999999716e+01 1.074198006081299822e-05
8.000000000000000000e+01 1.105926601096950490e-05
8.320000000000000284e+01 1.136749007218742594e-05
8.640000000000000568e+01 1.166681912275321934e-05
8.959999999999999432e+01 1.195740988885561375e-05
9.279999999999999716e+01 1.223942867510585542e-05
9.600000000000000000e+01 1.251303280425036290e-05
9.920000000000000284e+01 1.277838777838260462e-05
1.024000000000000057e+02 1.303565102711025393e-05
1.055999999999999943e+02 1.328498699438945379e-05
1.087999999999999972e+02 1.352655276798218519e-05
1.120000000000000000e+02 1.376051146623304131e-05
1.152000000000000028e+02 1.398701941933421666e-05
1.184000000000000057e+02 1.420623814525433797e-05
1.215999999999999943e+02 1.441832282824877262e-05
1.247999999999999972e+02 1.462343311189128192e-05
1.280000000000000000e+02 1.482172267296025413e-05
1.311999999999999886e+02 1.501334901185675172e-05
1.344000000000000057e+02 1.519846395987659150e-05
1.375999999999999943e+02 1.537722261193980242e-05
1.408000000000000114e+02 1.554977463657136234e-05
1.440000000000000000e+02 1.571627247053568996e-05
1.471999999999999886e+02 1.587686332597551284e-05
1.504000000000000057e+02 1.603169674412181203e-05
1.535999999999999943e+02 1.618091720971542310e-05
1.568000000000000114e+02 1.632467114321181138e-05
1.600000000000000000e+02 1.646310004953897092e-05
1.631999999999999886e+02 1.659634701776994915e-05
1.664000000000000057e+02 1.672455034348863372e-05
1.695999999999999943e+02 1.684784959217504717e-05
1.728000000000000114e+02 1.696637964202308963e-05
1.760000000000000000e+02 1.708027635845776432e-05
1.791999999999999886e+02 1.718967101332302504e-05
1.824000000000000057e+02 1.729469561207035323e-05
1.855999999999999943e+02 1.739547765193982294e-05
1.888000000000000114e+02 1.749214513708085219e-05
1.920000000000000000e+02 1.758482164314181578e-05
1.951999999999999886e+02 1.767363105041826175e-05
1.984000000000000057e+02 1.775869288651192780e-05
2.015999999999999943e+02 1.784012680334895091e-05
2.048000000000000114e+02 1.791804817326845138e-05
2.080000000000000000e+02 1.799257233273324880e-05
2.111999999999999886e+02 1.806381041092905117e-05
2.144000000000000057e+02 1.813187336035672445e-05
2.175999999999999943e+02 1.819686799934836841e-05
2.208000000000000114e+02 1.825890084650717929e-05
2.240000000000000000e+02 1.831807436013653764e-05
2.271999999999999886e+02 1.837449059145893713e-05
2.304000000000000057e+02 1.842824760682365581e-05
2.335999999999999943e+02 1.847944297376431211e-05
2.368000000000000114e+02 1.852817035327259832e-05
2.400000000000000000e+02 1.857452282991174151e-05
2.431999999999999886e+02 1.861858966215283260e-05
2.464000000000000057e+02 1.866045946723669227e-05
2.495999999999999943e+02 1.870021712004088328e-05
2.528000000000000114e+02 1.873794680216166634e-05
2.560000000000000000e+02 1.877372903970167650e-05
2.591999999999999886e+02 1.880764362442142684e-05
2.623999999999999773e+02 1.883976678241309417e-05
2.656000000000000227e+02 1.887017397506114425e-05
2.688000000000000114e+02 1.889893719127466010e-05
2.720000000000000000e+02 1.892612763459558192e-05
2.751999999999999886e+02 1.895181313203667415e-05
2.783999999999999773e+02 1.897606071314501076e-05
2.816000000000000227e+02 1.899893412948380059e-05
2.848000000000000114e+02 1.902049633099054264e-05
2.880000000000000000e+02 1.904080709060104100e-05
2.911999999999999886e+02 1.905992538245335850e-05
2.943999999999999773e+02 1.907790710641784650e-05
2.976000000000000227e+02 1.909480737253527969e-05
3.008000000000000114e+02 1.911067832133553799e-05
3.040000000000000000e+02 1.912557131903351554e-05
3.071999999999999886e+02 1.913953486995912553e-05
3.103999999999999773e+02 1.915261672610107826e-05
3.136000000000000227e+02 1.916486188736960834e-05
3.168000000000000114e+02 1.917631462786532326e-05
3.200000000000000000e+02 1.918701657937850637e-05
3.231999999999999886e+02 1.919700867653777941e-05
3.263999999999999773e+02 1.920632932033769497e-05
3.296000000000000227e+02 1.921501624584257692e-05
3.328000000000000114e+02 1.922310476419192892e-05
3.360000000000000000e+02 1.923062955657840514e-05
3.391999999999999886e+02 1.923762299225909448e-05
3.423999999999999773e+02 1.924411685046304924e-05
3.456000000000000227e+02 1.925014071074159874e-05
3.488000000000000114e+02 1.925572360393863056e-05
3.520000000000000000e+02 1.926089247166336318e-05
3.551999999999999886e+02 1.926567374781707826e-05
3.583999999999999773e+02 1.927009188414663342e-05
3.616000000000000227e+02 1.927417086365791073e-05
3.648000000000000114e+02 1.927793279039063915e-05
3.680000000000000000e+02 1.928139933743421808e-05
3.711999999999999886e+02 1.928459040097998397e-05
3.743999999999999773e+02 1.928752549094236600e-05
3.776000000000000227e+02 1.929022246716278433e-05
3.808000000000000114e+02 1.929269891701743548e-05
3.840000000000000000e+02 1.929497099981496879e-05
3.871999999999999886e+02 1.929705466977550023e-05
3.903999999999999773e+02 1.929896407980758751e-05
3.936000000000000227e+02 1.930071172272994725e-05
3.968000000000000114e+02 1.930230607325022300e-05
4.000000000000000000e+02 1.930375352733514492e-05
4.031999999999999886e+02 1.930506299199746107e-05
4.063999999999999773e+02 1.930625534786273867e-05
4.096000000000000227e+02 1.930736278415675329e-05
4.128000000000000114e+02 1.930842807066963888e-05
4.160000000000000000e+02 1.930953775976036773e-05
4.191999999999999886e+02 1.931082806153778871e-05
4.223999999999999773e+02 1.931225012100601008e-05
4.256000000000000227e+02 1.931338366892296275e-05
4.288000000000000114e+02 1.931421121250792087e-05
4.320000000000000000e+02 1.931596866293836792e-05
4.351999999999999886e+02 1.931930638525536478e-05
4.383999999999999773e+02 1.932223257875043018e-05
4.416000000000000227e+02 1.932382502483588821e-05
4.448000000000000114e+02 1.932756985187473965e-05
4.480000000000000000e+02 1.933471690500920169e-05
4.511999999999999886e+02 1.934025817935950466e-05
4.543999999999999773e+02 1.934258884139703120e-05
4.576000000000000227e+02 1.934674688492860986e-05
4.608000000000000114e+02 1.935340514382760771e-05
4.640000000000000000e+02 1.935784601223861513e-05
4.671999999999999886e+02 1.935969505423577031e-05
4.703999999999999773e+02 1.936195735306841915e-05
4.736000000000000227e+02 1.936463993824719544e-05
4.768000000000000114e+02 1.936636222205887658e-05
4.800000000000000000e+02 1.936735892118117338e-05
4.831999999999999886e+02 1.936830582352897141e-05
4.863999999999999773e+02 1.936923275851569866e-05
4.896000000000000227e+02 1.937006626881110634e-05
4.928000000000000114e+02 1.937092232806886548e-05
4.960000000000000000e+02 1.937177759936870955e-05
4.991999999999999886e+02 1.937250475540208740e-05
5.023999999999999773e+02 1.937315323983471006e-05
5.056000000000000227e+02 1.937377232589298300e-05
5.088000000000000114e+02 1.937429831249507547e-05
5.120000000000000000e+02 1.937474204265657337e-05
5.152000000000000455e+02 1.937516903492432949e-05
5.183999999999999773e+02 1.937560232170083325e-05
5.216000000000000227e+02 1.937605910960163192e-05
5.247999999999999545e+02 1.937654974545070224e-05
5.280000000000000000e+02 1.937705841452052935e-05
5.312000000000000455e+02 1.937757041514722250e-05
5.343999999999999773e+02 1.937808814708647900e-05
5.376000000000000227e+02 1.937862486635819038e-05
5.407999999999999545e+02 1.937920574074179753e-05
5.440000000000000000e+02 1.937986172824031068e-05
5.472000000000000455e+02 1.938060976588618127e-05
5.503999999999999773e+02 1.938144419945162143e-05
5.536000000000000227e+02 1.938236020457977815e-05
5.567999999999999545e+02 1.938337178782538367e-05
5.600000000000000000e+02 1.938451353081371769e-05
5.632000000000000455e+02 1.938582701927677970e-05
5.663999999999999773e+02 1.938735258974912774e-05
5.696000000000000227e+02 1.938912112212277548e-05
5.727999999999999545e+02 1.939119272535624398e-05
5.760000000000000000e+02 1.939381197538354209e-05
5.792000000000000455e+02 1.939786023956457340e-05
5.823999999999999773e+02 1.940598822025771850e-05
5.856000000000000227e+02 1.942542021439218412e-05
5.887999999999999545e+02 1.947427805138831733e-05
5.920000000000000000e+02 1.959474908404912235e-05
5.952000000000000455e+02 1.987650804583806249e-05
5.983999999999999773e+02 2.049185280646878145e-05
6.016000000000000227e+02 2.173452508003288557e-05
6.047999999999999545e+02 2.404262889838834725e-05
6.080000000000000000e+02 2.797434463146794906e-05
6.112000000000000455e+02 3.411531201694463793e-05
6.143999999999999773e+02 4.292097499598417223e-05
6.176000000000000227e+02 5.453441756242536129e-05
6.207999999999999545e+02 6.863407666470787384e-05
6.240000000000000000e+02 8.437070409613829311e-05
6.272000000000000455e+02 1.004491292999329296e-04
6.303999999999999773e+02 1.153967421924605299e-04
6.336000000000000227e+02 1.279868169346670128e-04
6.367999999999999545e+02 1.376552203001902360e-04
6.400000000000000000e+02 1.446782777262803409e-04
6.432000000000000455e+02 1.499765700359550590e-04
6.463999999999999773e+02 1.546517531888390502e-04
6.496000000000000227e+02 1.595302355310246551e-04
6.527999999999999545e+02 1.649507003401262488e-04
6.560000000000000000e+02 1.708282158193202176e-04
6.592000000000000455e+02 1.768663752793393394e-04
6.623999999999999773e+02 1.827597721773200267e-04
6.656000000000000227e+02 1.883085710586876829e-04
6.687999999999999545e+02 1.934444735990974119e-04
6.720000000000000000e+02 1.982020107945255355e-04
6.752000000000000455e+02 2.026689052079364180e-04
6.783999999999999773e+02 2.069403685051351732e-04
6.816000000000000227e+02 2.110930522801165218e-04
6.847999999999999545e+02 2.151800296610535982e-04
6.880000000000000000e+02 2.192355124094975071e-04
6.912000000000000455e+02 2.232767688625875103e-04
6.943999999999999773e+02 2.273016811329717593e-04
6.976000000000000227e+02 2.312900799052068981e-04
7.007999999999999545e+02 2.352142157349114361e-04
7.040000000000000000e+02 2.390539781598888377e-04
7.072000000000000455e+02 2.428073808731299045e-04
7.103999999999999773e+02 2.464904551469445813e-04
7.136000000000000227e+02 2.501283599613995153e-04
7.167999999999999545e+02 2.537442887733974218e-04
7.200000000000000000e+02 2.573528488992855271e-04
7.232000000000000455e+02 2.609599450734432298e-04
7.263999999999999773e+02 2.645665209634703754e-04
7.296000000000000227e+02 2.681715614259366017e-04
7.327999999999999545e+02 2.717724731409575513e-04
7.360000000000000000e+02 2.753641000946708889e-04
7.392000000000000455e+02 2.789391961414187200e-04
7.423999999999999773e+02 2.824909668129560697e-04
7.456000000000000227e+02 2.860163029554135166e-04
7.487999999999999545e+02 2.895170762802927239e-04
7.520000000000000000e+02 2.929989414468878845e-04
7.552000000000000455e+02 2.964684953934702046e-04
7.583999999999999773e+02 2.999310409525174988e-04
7.616000000000000227e+02 3.033896981680438230e-04
7.647999999999999545e+02 3.068459530185108758e-04
7.680000000000000000e+02 3.103003390222205146e-04
7.712000000000000455e+02 3.137529070231941152e-04
7.743999999999999773e+02 3.172030828174734248e-04
7.776000000000000227e+02 3.206497049450581101e-04
7.807999999999999545e+02 3.240912133904805086e-04
7.840000000000000000e+02 3.275263834012978733e-04
7.872000000000000455e+02 3.309548795756240354e-04
7.903999999999999773e+02 3.343777132498007066e-04
7.936000000000000227e+02 3.377971177495306984e-04
7.967999999999999545e+02 3.412164451160923481e-04
8.000000000000000000e+02 3.446398767368137822e-04
8.032000000000000455e+02 3.480723118716285629e-04
8.063999999999999773e+02 3.515187583968304615e-04
8.096000000000000227e+02 3.549834139281734342e-04
8.127999999999999545e+02 3.584683157811258819e-04
8.160000000000000000e+02 3.619725721194705153e-04
8.192000000000000455e+02 3.654924312870568796e-04
8.223999999999999773e+02 3.690225025009001483e-04
8.256000000000000227e+02 3.725572018614674600e-04
8.287999999999999545e+02 3.760919961336305528e-04
8.320000000000000000e+02 3.796239033154883216e-04
8.352000000000000455e+02 3.831517273547439578e-04
8.383999999999999773e+02 3.866761373721079608e-04
8.416000000000000227e+02 3.901999609171302990e-04
8.447999999999999545e+02 3.937283165355067176e-04
8.480000000000000000e+02 3.972685440677190373e-04
8.512000000000000455e+02 4.008296535882442430e-04
8.543999999999999773e+02 4.044216653831022635e-04
8.576000000000000227e+02 4.080549135608787809e-04
8.607999999999999545e+02 4.117396262514292369e-04
8.640000000000000000e+02 4.154854432885013351e-04
8.672000000000000455e+02 4.193007231906105870e-04
8.703999999999999773e+02 4.231912589908014689e-04
8.736000000000000227e+02 4.271587481205575470e-04
8.767999999999999545e+02 4.311995340690107526e-04
8.800000000000000000e+02 4.353044290543665981e-04
8.832000000000000455e+02 4.394598167018092167e-04
8.863999999999999773e+02 4.436497898187175969e-04
8.896000000000000227e+02 4.478587341748743039e-04
8.927999999999999545e+02 4.520738000831386774e-04
8.960000000000000000e+02 4.562869089602543697e-04
8.992000000000000455e+02 4.604959134958548617e-04
9.023999999999999773e+02 4.647047700398709261e-04
9.056000000000000227e+02 4.689224906133395397e-04
9.087999999999999545e+02 4.731611358498475847e-04
9.120000000000000000e+02 4.774330942555338056e-04
9.152000000000000455e+02 4.817484788118243325e-04
9.183999999999999773e+02 4.861132111959025489e-04
9.216000000000000227e+02 4.905285677028180811e-04
9.247999999999999545e+02 4.949921135855789647e-04
9.280000000000000000e+02 4.994997988902287467e-04
9.312000000000000455e+02 5.040481221396626377e-04
9.343999999999999773e+02 5.086357175800597288e-04
9.376000000000000227e+02 5.132635987143248845e-04
9.407999999999999545e+02 5.179343916002371057e-04
9.440000000000000000e+02 5.226507889290663272e-04
9.472000000000000455e+02 5.274141755555901683e-04
9.503999999999999773e+02 5.322235465335772549e-04
9.536000000000000227e+02 5.370750841462168263e-04
9.567999999999999545e+02 5.419618963345913852e-04
9.600000000000000000e+02 5.468742179555588024e-04
9.632000000000000455e+02 5.518000054752391541e-04
9.663999999999999773e+02 5.567265798659794609e-04
9.696000000000000227e+02 5.616428192599457999e-04
9.727999999999999545e+02 5.665415352503540714e-04
9.760000000000000000e+02 5.714207524046117058e-04
9.792000000000000455e+02 5.762838130559172142e-04
9.823999999999999773e+02 5.811381058734091387e-04
9.856000000000000227e+02 5.859932884716191354e-04
9.887999999999999545e+02 5.908590936661601168e-04
9.920000000000000000e+02 5.957434306047371207e-04
9.952000000000000455e+02 6.006508113203890085e-04
9.983999999999999773e+02 6.055817340466167860e-04
1.001600000000000023e+03 6.105328185213188680e-04
1.004799999999999955e+03 6.154977910614083331e-04
1.008000000000000000e+03 6.204687299899844721e-04
1.011200000000000045e+03 6.254375981932555183e-04
1.014399999999999977e+03 6.303976839472226305e-04
1.017600000000000023e+03 6.353449927601771598e-04
1.020799999999999955e+03 6.402790089396422123e-04
1.024000000000000000e+03 6.452026849967287120e-04
1.027200000000000045e+03 6.501214996694050594e-04
1.030400000000000091e+03 6.550422987380186916e-04
1.033599999999999909e+03 6.599725828790152255e-04
1.036799999999999955e+03 6.649209630543108287e-04
1.040000000000000000e+03 6.698985315945002331e-04
1.043200000000000045e+03 6.749202985821341379e-04
1.046400000000000091e+03 6.800050892371447111e-04
1.049599999999999909e+03 6.851728674281330712e-04
1.052799999999999955e+03 6.904395793867569358e-04
1.056000000000000000e+03 6.958114458029060478e-04
1.059200000000000045e+03 7.012813190334510208e-04
1.062400000000000091e+03 7.068290699087782748e-04
1.065599999999999909e+03 7.124260014304725471e-04
1.068799999999999955e+03 7.180414113397140183e-04
1.072000000000000000e+03 7.236488402674888564e-04
1.075200000000000045e+03 7.292300228749099564e-04
1.078400000000000091e+03 7.347760418608016361e-04
1.081599999999999909e+03 7.402860193773368050e-04
1.084799999999999955e+03 7.457646459867827262e-04
1.088000000000000000e+03 7.512195515092798866e-04
1.091200000000000045e+03 7.566595903952672009e-04
1.094400000000000091e+03 7.620940390457930187e-04
1.097599999999999909e+03 7.675326085159390500e-04
1.100799999999999955e+03 7.729854671086856203e-04
1.104000000000000000e+03 7.784631433167260714e-04
1.107200000000000045e+03 7.839759269833303885e-04
1.110400000000000091e+03 7.895330591439656898e-04
1.113599999999999909e+03 7.951414289273567087e-04
1.116799999999999955e+03 8.008042201477034647e-04
1.120000000000000000e+03 8.065196652679784087e-04
1.123200000000000045e+03 8.122809247265159235e-04
1.126400000000000091e+03 8.180771673907680838e-04
1.129599999999999909e+03 8.238959353826059507e-04
1.132799999999999955e+03 8.297256539560103443e-04
1.136000000000000000e+03 8.355578540753949438e-04
1.139200000000000045e+03 8.413882898005821745e-04
1.142400000000000091e+03 8.472171614600891576e-04
1.145599999999999909e+03 8.530481450223542823e-04
1.148799999999999955e+03 8.588869152964186300e-04
1.152000000000000000e+03 8.647394191518639360e-04
1.155200000000000045e+03 8.706107896686644029e-04
1.158400000000000091e+03 8.765046829497846791e-04
1.161599999999999909e+03 8.824230065117868961e-04
1.164799999999999955e+03 8.883654013200856800e-04
1.168000000000000000e+03 8.943288345214571531e-04
1.171200000000000045e+03 9.003074007931132546e-04
1.174400000000000091e+03 9.062929100620833664e-04
1.177599999999999909e+03 9.122760912558186075e-04
1.180799999999999955e+03 9.182486200401204649e-04
1.184000000000000000e+03 9.242055723958372089e-04
1.187200000000000045e+03 9.301478428389426106e-04
1.190400000000000091e+03 9.360831913042291742e-04
1.193599999999999909e+03 9.420250811190886402e-04
1.196799999999999955e+03 9.479893877679363519e-04
1.200000000000000000e+03 9.539908328711418917e-04
1.203200000000000045e+03 9.600414078665550025e-04
1.206400000000000091e+03 9.661521438316684335e-04
1.209599999999999909e+03 9.723371008842073308e-04
1.212799999999999955e+03 9.786166702554560323e-04
1.216000000000000000e+03 9.850170819413991193e-04
1.219200000000000045e+03 9.915650605092087792e-04
1.222400000000000091e+03 9.982794318039031004e-04
1.225599999999999909e+03 1.005163566383382358e-03
1.228799999999999955e+03 1.012202401848122943e-03
1.232000000000000000e+03 1.019365209709692044e-03
1.235200000000000045e+03 1.026612392677080403e-03
1.238400000000000091e+03 1.033902832396702953e-03
1.241599999999999909e+03 1.041199256949689204e-03
1.244799999999999955e+03 1.048470796898793179e-03
1.248000000000000000e+03 1.055694000046374179e-03
1.251200000000000045e+03 1.062853588303450765e-03
1.254400000000000091e+03 1.069943811486818563e-03
1.257599999999999909e+03 1.076969590778611898e-03
1.260799999999999955e+03 1.083946527685828321e-03
1.264000000000000000e+03 1.090898603403764756e-03
1.267200000000000045e+03 1.097853799948058295e-03
1.270400000000000091e+03 1.104838180475895427e-03
1.273599999999999909e+03 1.111870168494342873e-03
1.276799999999999955e+03 1.118956296834914231e-03
1.280000000000000000e+03 1.126090061047065570e-03
1.283200000000000045e+03 1.133254087624407068e-03
1.286400000000000091e+03 1.140425395515810240e-03
1.289599999999999909e+03 1.147581792768555611e-03
1.292799999999999955e+03 1.154707646443806513e-03
1.296000000000000000e+03 1.161796936382327025e-03
1.299200000000000045e+03 1.168853216077977422e-03
1.302400000000000091e+03 1.175886586193512469e-03
1.305599999999999909e+03 1.182909256561509017e-03
1.308799999999999955e+03 1.189930869399285704e-03
1.312000000000000000e+03 1.196955180348719663e-03
1.315200000000000045e+03 1.203978684481088425e-03
1.318400000000000091e+03 1.210991743282977939e-03
1.321599999999999909e+03 1.217981486070048936e-03
1.324799999999999955e+03 1.224935546024666583e-03
1.328000000000000000e+03 1.231845028208878885e-03
1.331200000000000045e+03 1.238706118206424909e-03
1.334400000000000091e+03 1.245520234005551658e-03
1.337599999999999909e+03 1.252293557172987678e-03
1.340799999999999955e+03 1.259036172225398926e-03
1.344000000000000000e+03 1.265760775517311065e-03
1.347200000000000045e+03 1.272480428952439853e-03
1.350400000000000091e+03 1.279205623398071935e-03
1.353599999999999909e+03 1.285941665331440196e-03
1.356799999999999955e+03 1.292688241805575299e-03
1.360000000000000000e+03 1.299442570118830879e-03
1.363200000000000045e+03 1.306205964541611465e-03
1.366400000000000091e+03 1.312991038609477275e-03
1.369599999999999909e+03 1.319825112007565714e-03
1.372799999999999955e+03 1.326746348849698869e-03
1.376000000000000000e+03 1.333792886433723826e-03
1.379200000000000045e+03 1.340989489434006674e-03
1.382400000000000091e+03 1.348337840473448450e-03
1.385599999999999909e+03 1.355814714366385164e-03
1.388799999999999955e+03 1.363377974868665646e-03
1.392000000000000000e+03 1.370977075021398385e-03
1.395200000000000045e+03 1.378563459093213933e-03
1.398400000000000091e+03 1.386097893168406403e-03
1.401599999999999909e+03 1.393553700017063912e-03
1.404799999999999955e+03 1.400917046130752434e-03
1.408000000000000000e+03 1.408185663187466481e-03
1.411200000000000045e+03 1.415367398595421267e-03
1.414400000000000091e+03 1.422478614180244664e-03
1.417599999999999909e+03 1.429542193827666166e-03
1.420799999999999955e+03 1.436584292164286118e-03
1.424000000000000000e+03 1.443630021661849181e-03
1.427200000000000045e+03 1.450698543072116839e-03
1.430400000000000091e+03 1.457799198195214004e-03
1.433599999999999909e+03 1.464929802425255162e-03
1.436799999999999955e+03 1.472078192074602462e-03
1.440000000000000000e+03 1.479226455701349204e-03
1.443200000000000045e+03 1.486356809077792268e-03
1.446400000000000091e+03 1.493456956043874920e-03
1.449599999999999909e+03 1.500523592225324688e-03
1.452799999999999955e+03 1.507562848548347524e-03
1.456000000000000000e+03 1.514587911477523413e-03
1.459200000000000045e+03 1.521614263666887278e-03
1.462400000000000091e+03 1.528654117939065148e-03
1.465599999999999909e+03 1.535711418981296856e-03
1.468799999999999955e+03 1.542779180865150529e-03
1.472000000000000000e+03 1.549839962163925694e-03
1.475200000000000045e+03 1.556869825619794324e-03
1.478400000000000091e+03 1.563844676698205715e-03
1.481599999999999909e+03 1.570747232560237936e-03
1.484799999999999955e+03 1.577572047562901709e-03
1.488000000000000000e+03 1.584326874220026065e-03
1.491200000000000045e+03 1.591029901109050973e-03
1.494400000000000091e+03 1.597704379957925070e-03
1.497599999999999909e+03 1.604372656118730053e-03
1.500799999999999955e+03 1.611051366011319839e-03
1.504000000000000000e+03 1.617748663578329887e-03
1.507200000000000045e+03 1.624464348052078420e-03
1.510400000000000091e+03 1.631193821965093611e-03
1.513599999999999909e+03 1.637936084918260133e-03
1.516799999999999955e+03 1.644703456305614568e-03
1.520000000000000000e+03 1.651527913181351139e-03
1.523200000000000045e+03 1.658458535937175522e-03
1.526400000000000091e+03 1.665548390524068363e-03
1.529599999999999909e+03 1.672835626905144236e-03
1.532799999999999955e+03 1.680327742266296293e-03
1.536000000000000000e+03 1.687996711213636579e-03
1.539200000000000045e+03 1.695786531704820271e-03
1.542400000000000091e+03 1.703628788149445230e-03
1.545599999999999909e+03 1.711459136829271248e-03
1.548799999999999955e+03 1.719229310870713356e-03
1.552000000000000000e+03 1.726912145502923880e-03
1.555200000000000045e+03 1.734500254820490811e-03
1.558400000000000091e+03 1.742000476457939784e-03
1.561599999999999909e+03 1.749427350985695382e-03
1.564799999999999955e+03 1.756798088249070982e-03
1.568000000000000000e+03 1.764130291671953555e-03
1.571200000000000045e+03 1.771441404168862558e-03
1.574400000000000091e+03 1.778748345474134461e-03
1.577599999999999909e+03 1.786065788855513555e-03
1.580799999999999955e+03 1.793403280254534911e-03
1.584000000000000000e+03 1.800762162804891119e-03
1.587200000000000045e+03 1.808134291544182112e-03
1.590400000000000091e+03 1.815503626757341334e-03
1.593599999999999909e+03 1.822851073391603023e-03
1.596799999999999955e+03 1.830160906081459374e-03
1.600000000000000000e+03 1.837426583137022253e-03
1.603200000000000045e+03 1.844653389994075797e-03
1.606400000000000091e+03 1.851857085137536500e-03
1.609599999999999909e+03 1.859058858813748437e-03
1.612799999999999955e+03 1.866278534576632604e-03
1.616000000000000000e+03 1.873527944582497771e-03
1.619200000000000045e+03 1.880806625755756731e-03
1.622400000000000091e+03 1.888100988414014242e-03
1.625599999999999909e+03 1.895387517714964328e-03
1.628799999999999955e+03 1.902639074149358985e-03
1.632000000000000000e+03 1.909832564124362220e-03
1.635200000000000045e+03 1.916955394258899534e-03
1.638400000000000091e+03 1.924008752349185176e-03
1.641599999999999909e+03 1.931006743543530000e-03
1.644799999999999955e+03 1.937972155328080088e-03
1.648000000000000000e+03 1.944930420144390078e-03
1.651200000000000045e+03 1.951903617139571492e-03
1.654400000000000091e+03 1.958905839134968477e-03
1.657599999999999909e+03 1.965941217846514395e-03
1.660799999999999955e+03 1.973005880764127761e-03
1.664000000000000000e+03 1.980094581897746519e-03
1.667200000000000045e+03 1.987210624462757216e-03
1.670400000000000091e+03 1.994374767615322581e-03
1.673599999999999909e+03 2.001627262375238036e-03
1.676799999999999955e+03 2.009019309050881583e-03
1.680000000000000000e+03 2.016595996294476539e-03
1.683200000000000045e+03 2.024378371519358101e-03
1.686400000000000091e+03 2.032353638022233767e-03
1.689599999999999909e+03 2.040477917642467831e-03
1.692799999999999955e+03 2.048689434238869494e-03
1.696000000000000000e+03 2.056925357347897613e-03
1.699200000000000045e+03 2.065135692152776127e-03
1.702400000000000091e+03 2.073290288055531453e-03
1.705599999999999909e+03 2.081378778048139852e-03
1.708799999999999955e+03 2.089405443684036467e-03
1.712000000000000000e+03 2.097382416151769360e-03
1.715200000000000045e+03 2.105324042098957130e-03
1.718400000000000091e+03 2.113244261872177388e-03
1.721599999999999909e+03 2.121156554641784233e-03
1.724799999999999955e+03 2.129074902733628632e-03
1.728000000000000000e+03 2.137013547554971523e-03
1.731200000000000045e+03 2.144984822091997728e-03
1.734400000000000091e+03 2.152995627223865723e-03
1.737599999999999909e+03 2.161044768264055657e-03
1.740799999999999955e+03 2.169122816368224647e-03
1.744000000000000000e+03 2.177215273651241564e-03
1.747200000000000045e+03 2.185307714470115931e-03
1.750400000000000091e+03 2.193391056751827894e-03
1.753599999999999909e+03 2.201464789524361452e-03
1.756799999999999955e+03 2.209537301181920682e-03
1.760000000000000000e+03 2.217623157251998479e-03
1.763200000000000045e+03 2.225738538224073925e-03
1.766400000000000091e+03 2.233896217488684586e-03
1.769599999999999909e+03 2.242101749400197963e-03
1.772799999999999955e+03 2.250351533154823502e-03
1.776000000000000000e+03 2.258632903332325175e-03
1.779200000000000045e+03 2.266925679827294215e-03
1.782400000000000091e+03 2.275205022080367245e-03
1.785599999999999909e+03 2.283445478260006083e-03
1.788799999999999955e+03 2.291626226738500104e-03
1.792000000000000000e+03 2.299736703576481939e-03
1.795200000000000045e+03 2.307781270107651158e-03
1.798400000000000091e+03 2.315781258533872091e-03
1.801599999999999909e+03 2.323773426855114954e-03
1.804799999999999955e+03 2.331804926016277802e-03
1.808000000000000000e+03 2.339926120192086303e-03
1.811200000000000045e+03 2.348183296715951936e-03
1.814400000000000091e+03 2.356613330085868385e-03
1.817599999999999909e+03 2.365241445720429447e-03
1.820799999999999955e+03 2.374081632787984446e-03
1.824000000000000000e+03 2.383137956237294658e-03
1.827200000000000045e+03 2.392405068243227701e-03
1.830400000000000091e+03 2.401867930714130569e-03
1.833599999999999909e+03 2.411502289548828754e-03
1.836799999999999955e+03 2.421277555798274483e-03
1.840000000000000000e+03 2.431161767571308422e-03
1.843200000000000045e+03 2.441126667457202415e-03
1.846400000000000091e+03 2.451150451241027647e-03
1.849599999999999909e+03 2.461217442468356578e-03
1.852799999999999955e+03 2.471315446757183301e-03
1.856000000000000000e+03 2.481432802381638558e-03
1.859200000000000045e+03 2.491556636188008329e-03
1.862400000000000091e+03 2.501673321746971344e-03
1.865599999999999909e+03 2.511770756842942893e-03
1.868799999999999955e+03 2.521841640336795667e-03
1.872000000000000000e+03 2.531886081923033580e-03
1.875200000000000045e+03 2.541912407534097952e-03
1.878400000000000091e+03 2.551935408281383929e-03
1.881599999999999909e+03 2.561972887626810195e-03
1.884799999999999955e+03 2.572041730267887998e-03
1.888000000000000000e+03 2.582155071697018155e-03
1.891200000000000045e+03 2.592320946643361743e-03
1.894400000000000091e+03 2.602542506030530636e-03
1.897599999999999909e+03 2.612819228126755499e-03
1.900799999999999955e+03 2.623148969907784355e-03
1.904000000000000000e+03 2.633530142841096402e-03
1.907200000000000045e+03 2.643963275671623592e-03
1.910400000000000091e+03 2.654450789538082955e-03
1.913599999999999909e+03 2.664994747941950952e-03
1.916799999999999955e+03 2.675593151258648817e-03
1.920000000000000000e+03 2.686236545922279870e-03
1.923200000000000045e+03 2.696906613131286844e-03
1.926400000000000091e+03 2.707577963850378491e-03
1.929599999999999909e+03 2.718223018832089180e-03
1.932799999999999955e+03 2.728818920081673653e-03
1.936000000000000000e+03 2.739354662084898893e-03
1.939200000000000045e+03 2.749836786398667399e-03
1.942400000000000091e+03 2.760292424320225785e-03
1.945599999999999909e+03 2.770769027824044467e-03
1.948799999999999955e+03 2.781330368974022603e-03
1.952000000000000000e+03 2.792048714234821125e-03
1.955200000000000045e+03 2.802994031271860160e-03
1.958400000000000091e+03 2.814222412564858916e-03
1.961599999999999909e+03 2.825766803009969672e-03
1.964799999999999955e+03 2.837632587391998411e-03
1.968000000000000000e+03 2.849799234684082146e-03
1.971200000000000045e+03 2.862227371645463276e-03
1.974400000000000091e+03 2.874869379906189789e-03
1.977599999999999909e+03 2.887680236266222840e-03
1.980799999999999955e+03 2.900624997328334585e-03
1.984000000000000000e+03 2.913679946713406636e-03
1.987200000000000045e+03 2.926827378779561003e-03
1.990400000000000091e+03 2.940046909245205148e-03
1.993599999999999909e+03 2.953308323355277425e-03
1.996799999999999955e+03 2.966569816309469303e-03
2.000000000000000000e+03 2.979783199794504029e-03
2.003200000000000045e+03 2.992904275346493226e-03
2.006400000000000091e+03 3.005904906788252774e-03
2.009599999999999909e+03 3.018782290177648639e-03
2.012799999999999955e+03 3.031562265950742130e-03
2.016000000000000000e+03 3.044295156832077087e-03
2.019200000000000045e+03 3.057045415647803056e-03
2.022400000000000091e+03 3.069877724852725087e-03
2.025599999999999909e+03 3.082843423583353764e-03
2.028799999999999955e+03 3.095970657821527691e-03
2.032000000000000000e+03 3.109261167308501571e-03
2.035200000000000045e+03 3.122694378836629679e-03
2.038400000000000091e+03 3.136237125759196078e-03
2.041599999999999909e+03 3.149854563688975380e-03
2.044799999999999955e+03 3.163517681391563204e-03
2.048000000000000000e+03 3.177204688735328197e-03
2.051199999999999818e+03 3.190897441086140967e-03
2.054400000000000091e+03 3.204576648128390146e-03
2.057599999999999909e+03 3.218220144159956043e-03
2.060800000000000182e+03 3.231806262756639625e-03
2.064000000000000000e+03 3.245321523368132483e-03
2.067199999999999818e+03 3.258769662635883566e-03
2.070400000000000091e+03 3.272178655103028400e-03
2.073599999999999909e+03 3.285603035720747328e-03
2.076800000000000182e+03 3.299119936239740345e-03
2.080000000000000000e+03 3.312818699737422445e-03
2.083199999999999818e+03 3.326785938111576340e-03
2.086400000000000091e+03 3.341090072514013142e-03
2.089599999999999909e+03 3.355769990877866937e-03
2.092800000000000182e+03 3.370830956380228057e-03
2.096000000000000000e+03 3.386247823268118389e-03
2.099199999999999818e+03 3.401973457480099352e-03
2.102400000000000091e+03 3.417949241897040580e-03
2.105599999999999909e+03 3.434114902943994577e-03
2.108800000000000182e+03 3.450415053886583209e-03
2.112000000000000000e+03 3.466801116956719740e-03
2.115199999999999818e+03 3.483228982520011636e-03
2.118400000000000091e+03 3.499655423735659795e-03
2.121599999999999909e+03 3.516036785853769806e-03
2.124800000000000182e+03 3.532332168263315614e-03
2.128000000000000000e+03 3.548509890865240123e-03
2.131199999999999818e+03 3.564554384921582615e-03
2.134400000000000091e+03 3.580470443391171095e-03
2.137599999999999909e+03 3.596283712116052789e-03
2.140800000000000182e+03 3.612037250666110932e-03
2.144000000000000000e+03 3.627784963892703284e-03
2.147199999999999818e+03 3.643582638655249156e-03
2.150400000000000091e+03 3.659478230041079364e-03
2.153599999999999909e+03 3.675503285587997365e-03
2.156800000000000182e+03 3.691667850595491216e-03
2.160000000000000000e+03 3.707960121127860942e-03
2.163199999999999818e+03 3.724350898475468907e-03
2.166400000000000091e+03 3.740800924474948705e-03
2.169599999999999909e+03 3.757268432304972875e-03
2.172800000000000182e+03 3.773714413970475582e-03
2.176000000000000000e+03 3.790104989528728357e-03
2.179199999999999818e+03 3.806412063805979934e-03
2.182400000000000091e+03 3.822614584229905126e-03
2.185599999999999909e+03 3.838702090469239565e-03
2.188800000000000182e+03 3.854680663300359602e-03
2.192000000000000000e+03 3.870579512878849493e-03
2.195199999999999818e+03 3.886455327620518853e-03
2.198400000000000091e+03 3.902391574215736438e-03
2.201599999999999909e+03 3.918491044914332311e-03
2.204800000000000182e+03 3.934861894158299921e-03
2.208000000000000000e+03 3.951599467904753221e-03
2.211199999999999818e+03 3.968768267064821768e-03
2.214400000000000091e+03 3.986389122000538049e-03
2.217599999999999909e+03 4.004435742097873369e-03
2.220800000000000182e+03 4.022841554781507283e-03
2.224000000000000000e+03 4.041514249590793736e-03
2.227199999999999818e+03 4.060352928426297359e-03
2.230400000000000091e+03 4.079263244918680462e-03
2.233599999999999909e+03 4.098167737097565926e-03
2.236800000000000182e+03 4.117011148217910449e-03
2.240000000000000000e+03 4.135761471347103660e-03
2.243199999999999818e+03 4.154407902397940812e-03
2.246400000000000091e+03 4.172956270587176164e-03
2.249599999999999909e+03 4.191422919026755942e-03
2.252800000000000182e+03 4.209828221997031529e-03
2.256000000000000000e+03 4.228191794722846626e-03
2.259199999999999818e+03 4.246530870713615020e-03
2.262400000000000091e+03 4.264862297351993195e-03
2.265599999999999909e+03 4.283206358660100223e-03
2.268800000000000182e+03 4.301589561993000507e-03
2.272000000000000000e+03 4.320043410369357392e-03
2.275199999999999818e+03 4.338598288179387405e-03
2.278400000000000091e+03 4.357273949239964458e-03
2.281599999999999909e+03 4.376070366601421228e-03
2.284800000000000182e+03 4.394962862734204043e-03
2.288000000000000000e+03 4.413904158174913016e-03
2.291199999999999818e+03 4.432833284473145299e-03
2.294400000000000091e+03 4.451689126068444739e-03
2.297599999999999909e+03 4.470425063509528459e-03
2.300800000000000182e+03 4.489021380305656915e-03
2.304000000000000000e+03 4.507493025762399595e-03
2.307199999999999818e+03 4.525891622516663854e-03
2.310400000000000091e+03 4.544301680948334768e-03
2.313599999999999909e+03 4.562831541193602784e-03
2.316800000000000182e+03 4.581599870599402033e-03
2.320000000000000000e+03 4.600718951826724377e-03
2.323199999999999818e+03 4.620277128895185215e-03
2.326400000000000091e+03 4.640323867116831480e-03
2.329599999999999909e+03 4.660861346767760857e-03
2.332800000000000182e+03 4.681845127035949052e-03
2.336000000000000000e+03 4.703193998032942358e-03
2.339199999999999818e+03 4.724806170600574264e-03
2.342400000000000091e+03 4.746577447948798802e-03
2.345599999999999909e+03 4.768416831060056857e-03
2.348800000000000182e+03 4.790256707804348667e-03
2.352000000000000000e+03 4.812056531183266095e-03
2.355199999999999818e+03 4.833800849709743615e-03
2.358400000000000091e+03 4.855493266768083106e-03
2.361599999999999909e+03 4.877148527828358698e-03
2.364800000000000182e+03 4.898784679780355047e-03
2.368000000000000000e+03 4.920417395248386817e-03
2.371199999999999818e+03 4.942057858345822938e-03
2.374400000000000091e+03 4.963714829933131914e-03
2.377599999999999909e+03 4.985399648229632032e-03
2.380800000000000182e+03 5.007131573508310889e-03
2.384000000000000000e+03 5.028939984691364537e-03
2.387199999999999818e+03 5.050861038979398941e-03
2.390400000000000091e+03 5.072928612279029546e-03
2.393599999999999909e+03 5.095162521092834983e-03
2.396800000000000182e+03 5.117558942618705663e-03
2.400000000000000000e+03 5.140087915997145970e-03
2.403199999999999818e+03 5.162700004949478429e-03
2.406400000000000091e+03 5.185340381865571370e-03
2.409599999999999909e+03 5.207965499470007184e-03
2.412800000000000182e+03 5.230556984332667379e-03
2.416000000000000000e+03 5.253129056341735575e-03
2.419199999999999818e+03 5.275728280214141315e-03
2.422400000000000091e+03 5.298426456344592500e-03
2.425599999999999909e+03 5.321308633268689511e-03
2.428800000000000182e+03 5.344459090073040361e-03
2.432000000000000000e+03 5.367948471798737221e-03
2.435199999999999818e+03 5.391824949526602233e-03
2.438400000000000091e+03 5.416110859426228122e-03
2.441599999999999909e+03 5.440804826481061146e-03
2.444800000000000182e+03 5.465888132946889084e-03
2.448000000000000000e+03 5.491333666440637203e-03
2.451199999999999818e+03 5.517115151667486249e-03
2.454400000000000091e+03 5.543214193895781676e-03
2.457599999999999909e+03 5.569622857004826247e-03
2.460800000000000182e+03 5.596341245299145915e-03
2.464000000000000000e+03 5.623371529443719173e-03
2.467199999999999818e+03 5.650711594661522383e-03
2.470400000000000091e+03 5.678351225066833111e-03
2.473599999999999909e+03 5.706272359602235222e-03
2.476800000000000182e+03 5.734452648071579166e-03
2.480000000000000000e+03 5.762870281299910247e-03
2.483199999999999818e+03 5.791507767543995801e-03
2.486400000000000091e+03 5.820353571407217014e-03
2.489599999999999909e+03 5.849401807175057429e-03
2.492800000000000182e+03 5.878651137597445953e-03
2.496000000000000000e+03 5.908103549190122684e-03
2.499199999999999818e+03 5.937762859879130647e-03
2.502400000000000091e+03 5.967632456852278722e-03
2.505599999999999909e+03 5.997713024056482503e-03
2.508800000000000182e+03 6.028002562669998454e-03
2.512000000000000000e+03 6.058501088933476893e-03
2.515199999999999818e+03 6.089219848496987830e-03
2.518400000000000091e+03 6.120191386876245969e-03
2.521599999999999909e+03 6.151475138723709601e-03
2.524800000000000182e+03 6.183154904550040507e-03
2.528000000000000000e+03 6.215328640257537958e-03
2.531199999999999818e+03 6.248094505777813772e-03
2.534400000000000091e+03 6.281538158758172979e-03
2.537599999999999909e+03 6.315724534325060750e-03
2.540800000000000182e+03 6.350694878060779078e-03
2.544000000000000000e+03 6.386468085407786925e-03
2.547199999999999818e+03 6.423045289985855263e-03
2.550400000000000091e+03 6.460416785835027334e-03
2.553599999999999909e+03 6.498570291989886651e-03
2.556800000000000182e+03 6.537498731142998669e-03
2.560000000000000000e+03 6.577205293514872160e-03
2.563199999999999818e+03 6.617703739306003523e-03
2.566400000000000091e+03 6.659013531650883125e-03
2.569599999999999909e+03 6.701151669742091456e-03
2.572800000000000182e+03 6.744125385413064430e-03
2.576000000000000000e+03 6.787929941085853180e-03
2.579199999999999818e+03 6.832553299829478843e-03
2.582400000000000091e+03 6.877985348513810347e-03
2.585599999999999909e+03 6.924226913135276065e-03
2.588800000000000182e+03 6.971294384604487422e-03
2.592000000000000000e+03 7.019218825495262236e-03
2.595199999999999818e+03 7.068041360142542258e-03
2.598400000000000091e+03 7.117808257981438069e-03
2.601599999999999909e+03 7.168569216031608904e-03
2.604800000000000182e+03 7.220381242660698501e-03
2.608000000000000000e+03 7.273318047202424232e-03
2.611199999999999818e+03 7.327481484181042753e-03
2.614400000000000091e+03 7.383009288409806727e-03
2.617599999999999909e+03 7.440073843237160825e-03
2.620800000000000182e+03 7.498870335726822572e-03
2.624000000000000000e+03 7.559597273703743195e-03
2.627199999999999818e+03 7.622435546140012876e-03
2.630400000000000091e+03 7.687532088781346383e-03
2.633599999999999909e+03 7.754991376553852477e-03
2.636800000000000182e+03 7.824874121235926572e-03
2.640000000000000000e+03 7.897200393880716290e-03
2.643199999999999818e+03 7.971954993811472198e-03
2.646400000000000091e+03 8.049095396598805047e-03
2.649599999999999909e+03 8.128563783327200087e-03
2.652800000000000182e+03 8.210302669786282911e-03
2.656000000000000000e+03 8.294269918392108837e-03
2.659199999999999818e+03 8.380447177798818273e-03
2.662400000000000091e+03 8.468838159767150264e-03
2.665599999999999909e+03 8.559457973420642185e-03
2.668800000000000182e+03 8.652318530032237706e-03
2.672000000000000000e+03 8.747415524735447506e-03
2.675199999999999818e+03 8.844720896080899078e-03
2.678400000000000091e+03 8.944183001139837871e-03
2.681599999999999909e+03 9.045736450820457755e-03
2.684800000000000182e+03 9.149322976662202164e-03
2.688000000000000000e+03 9.254921719945135780e-03
2.691199999999999818e+03 9.362580765938276900e-03
2.694400000000000091e+03 9.472435098132904116e-03
2.697599999999999909e+03 9.584695500881236507e-03
2.700800000000000182e+03 9.699602605711475645e-03
2.704000000000000000e+03 9.817356843863077678e-03
2.707199999999999818e+03 9.938048323540889933e-03
2.710400000000000091e+03 1.006161177636617603e-02
2.713599999999999909e+03 1.018781965756625739e-02
2.716800000000000182e+03 1.031630942364405480e-02
2.720000000000000000e+03 1.044662771262660703e-02
2.723199999999999818e+03 1.057827110460923814e-02
2.726400000000000091e+03 1.071070940602538574e-02
2.729599999999999909e+03 1.084338988775537631e-02
2.732800000000000182e+03 1.097573163854762002e-02
2.736000000000000000e+03 1.110712306222648438e-02
2.739199999999999818e+03 1.123692961340978791e-02
2.742400000000000091e+03 1.136450923544679754e-02
2.745599999999999909e+03 1.148922727188502781e-02
2.748800000000000182e+03 1.161046584404996918e-02
2.752000000000000000e+03 1.172763071457383517e-02
2.755199999999999818e+03 1.184016296333169176e-02
2.758400000000000091e+03 1.194755948639535971e-02
2.761599999999999909e+03 1.204939768473347640e-02
2.764800000000000182e+03 1.214535457456045187e-02
2.768000000000000000e+03 1.223521181251085999e-02
2.771199999999999818e+03 1.231884611041517488e-02
2.774400000000000091e+03 1.239621179057338873e-02
2.777599999999999909e+03 1.246732649496058547e-02
2.780800000000000182e+03 1.253226944115131206e-02
2.784000000000000000e+03 1.259119637051806830e-02
2.787199999999999818e+03 1.264436611408790295e-02
2.790400000000000091e+03 1.269216391263421236e-02
2.793599999999999909e+03 1.273510151182689898e-02
2.796800000000000182e+03 1.277377924008356314e-02
2.800000000000000000e+03 1.280881180632464748e-02
2.803199999999999818e+03 1.284073909104345781e-02
2.806400000000000091e+03 1.286995497529364214e-02
2.809599999999999909e+03 1.289668100797500792e-02
2.812800000000000182e+03 1.292099156012189304e-02
2.816000000000000000e+03 1.294287442198747973e-02
2.819199999999999818e+03 1.296230112307990290e-02
2.822400000000000091e+03 1.297928620639021181e-02
2.825599999999999909e+03 1.299392737041572127e-02
2.828800000000000182e+03 1.300642734957005095e-02
2.832000000000000000e+03 1.301709965547682285e-02
2.835199999999999818e+03 1.302635677602250429e-02
2.838400000000000091e+03 1.303467682613637831e-02
2.841599999999999909e+03 1.304254914769229293e-02
2.844800000000000182e+03 1.305040950334282294e-02
2.848000000000000000e+03 1.305858621618166855e-02
2.851199999999999818e+03 1.306727931081698262e-02
2.854400000000000091e+03 1.307658328235742143e-02
2.857599999999999909e+03 1.308654491436680653e-02
2.860800000000000182e+03 1.309723218813029291e-02
2.864000000000000000e+03 1.310878670478348405e-02
2.867199999999999818e+03 1.312144134260892318e-02
2.870400000000000091e+03 1.313550216186186274e-02
2.873599999999999909e+03 1.315130909757532621e-02
2.876800000000000182e+03 1.316919737639120867e-02
2.880000000000000000e+03 1.318947643815706998e-02
2.883199999999999818e+03 1.321243093037314555e-02
2.886400000000000091e+03 1.323833501377598247e-02
2.889599999999999909e+03 1.326746601600065599e-02
2.892800000000000182e+03 1.330010691187326517e-02
2.896000000000000000e+03 1.333653652062082029e-02
2.899199999999999818e+03 1.337701348306674816e-02
2.902400000000000091e+03 1.342176080452871408e-02
2.905599999999999909e+03 1.347095337648462204e-02
2.908800000000000182e+03 1.352470591311034920e-02
2.912000000000000000e+03 1.358305964586113343e-02
2.915199999999999818e+03 1.364597073476911393e-02
2.918400000000000091e+03 1.371330976532980812e-02
2.921599999999999909e+03 1.378488027093086217e-02
2.924800000000000182e+03 1.386045692758218484e-02
2.928000000000000000e+03 1.393983189628056341e-02
2.931199999999999818e+03 1.402285249179568809e-02
2.934400000000000091e+03 1.410943607677686042e-02
2.937599999999999909e+03 1.419955851534333499e-02
2.940800000000000182e+03 1.429322173873080401e-02
2.944000000000000000e+03 1.439040958880151780e-02
2.947199999999999818e+03 1.449104069086763931e-02
2.950400000000000091e+03 1.459492510474549691e-02
2.953599999999999909e+03 1.470173339517969781e-02
2.956800000000000182e+03 1.481098682028848985e-02
2.960000000000000000e+03 1.492207732196148932e-02
2.963199999999999818e+03 1.503431931069661165e-02
2.966400000000000091e+03 1.514702913502304245e-02
2.969599999999999909e+03 1.525961844596855285e-02
2.972800000000000182e+03 1.537168067167003771e-02
2.976000000000000000e+03 1.548304376991091989e-02
2.979199999999999818e+03 1.559376699779872408e-02
2.982400000000000091e+03 1.570407588746774649e-02
2.985599999999999909e+03 1.581425337635676553e-02
2.988800000000000182e+03 1.592452244446276866e-02
2.992000000000000000e+03 1.603495458817752461e-02
2.995199999999999818e+03 1.614542481520163039e-02
2.998400000000000091e+03 1.625561547594931572e-02
3.001599999999999909e+03 1.636506193728635289e-02
3.004800000000000182e+03 1.647322651066532653e-02
3.008000000000000000e+03 1.657958563537908353e-02
3.011199999999999818e+03 1.668371236567892102e-02
3.014400000000000091e+03 1.678533994946412172e-02
3.017599999999999909e+03 1.688439664855901495e-02
3.020800000000000182e+03 1.698100907633614751e-02
3.024000000000000000e+03 1.707547532733569989e-02
3.027199999999999818e+03 1.716821339499436869e-02
3.030400000000000091e+03 1.725969383987217831e-02
3.033599999999999909e+03 1.735036793360137525e-02
3.036800000000000182e+03 1.744060324791668268e-02
3.040000000000000000e+03 1.753063548567730320e-02
3.043199999999999818e+03 1.762054314672946778e-02
3.046400000000000091e+03 1.771024706191717119e-02
3.049599999999999909e+03 1.779953504848118609e-02
3.052800000000000182e+03 1.788810606694251487e-02
3.056000000000000000e+03 1.797562569156117146e-02
3.059199999999999818e+03 1.806178145263655915e-02
3.062400000000000091e+03 1.814633030029541572e-02
3.065599999999999909e+03 1.822913267663635664e-02
3.068800000000000182e+03 1.831017004804088091e-02
3.072000000000000000e+03 1.838954100744520301e-02
3.075199999999999818e+03 1.846743194415697772e-02
3.078400000000000091e+03 1.854406352353376100e-02
3.081599999999999909e+03 1.861962200184481483e-02
3.084800000000000182e+03 1.869419201512893119e-02
3.088000000000000000e+03 1.876770823266950619e-02
3.091199999999999818e+03 1.883994139621338743e-02
3.094400000000000091e+03 1.891052435650834862e-02
3.097599999999999909e+03 1.897901398389111385e-02
3.100800000000000182e+03 1.904497126032913754e-02
3.104000000000000000e+03 1.910803706885196712e-02
3.107199999999999818e+03 1.916798268263323474e-02
3.110400000000000091e+03 1.922472735599397090e-02
3.113599999999999909e+03 1.927832928765507020e-02
3.116800000000000182e+03 1.932896437855766494e-02
3.120000000000000000e+03 1.937690317549617403e-02
3.123199999999999818e+03 1.942248466072577992e-02
3.126400000000000091e+03 1.946607907538018198e-02
3.129599999999999909e+03 1.950803476710312456e-02
3.132800000000000182e+03 1.954861824142949470e-02
3.136000000000000000e+03 1.958796650156523558e-02
3.139199999999999818e+03 1.962607393584060028e-02
3.142400000000000091e+03 1.966282414495568523e-02
3.145599999999999909e+03 1.969806131050290399e-02
3.148800000000000182e+03 1.973167837830032412e-02
3.152000000000000000e+03 1.976369268535447046e-02
3.155199999999999818e+03 1.979428329062195985e-02
3.158400000000000091e+03 1.982377833795702718e-02
3.161599999999999909e+03 1.985259776677281152e-02
3.164800000000000182e+03 1.988116976056325189e-02
3.168000000000000000e+03 1.990984636687782514e-02
3.171199999999999818e+03 1.993884120323331788e-02
3.174400000000000091e+03 1.996820505532688819e-02
3.177599999999999909e+03 1.999784136856828931e-02
3.180800000000000182e+03 2.002755306980824254e-02
3.184000000000000000e+03 2.005710414177164572e-02
3.187199999999999818e+03 2.008628136761794400e-02
3.190400000000000091e+03 2.011494524097142897e-02
3.193599999999999909e+03 2.014306407023666243e-02
3.196800000000000182e+03 2.017072609546080933e-02
3.200000000000000000e+03 2.019812617810095093e-02
3.203199999999999818e+03 2.022552782904638025e-02
3.206400000000000091e+03 2.025320787397228914e-02
3.209599999999999909e+03 2.028139777452930143e-02
3.212800000000000182e+03 2.031023633094104774e-02
3.216000000000000000e+03 2.033974598839163525e-02
3.219199999999999818e+03 2.036983610661794938e-02
3.222400000000000091e+03 2.040033035995182653e-02
3.225599999999999909e+03 2.043100892842051458e-02
3.228800000000000182e+03 2.046165654337226206e-02
3.232000000000000000e+03 2.049210744473649662e-02
3.235199999999999818e+03 2.052228082045240432e-02
3.238400000000000091e+03 2.055220006743004382e-02
3.241599999999999909e+03 2.058199063665029291e-02
3.244800000000000182e+03 2.061185452135983961e-02
3.248000000000000000e+03 2.064202496828137709e-02
3.251199999999999818e+03 2.067271187361006263e-02
3.254400000000000091e+03 2.070405058645849450e-02
3.257599999999999909e+03 2.073606727745561096e-02
3.260800000000000182e+03 2.076866787087634433e-02
3.264000000000000000e+03 2.080165309173310703e-02
3.267199999999999818e+03 2.083475484834803465e-02
3.270400000000000091e+03 2.086768731332905302e-02
3.273599999999999909e+03 2.090020319127845402e-02
3.276800000000000182e+03 2.093214609086591765e-02
3.280000000000000000e+03 2.096348781109983253e-02
3.283199999999999818e+03 2.099433946950177154e-02
3.286400000000000091e+03 2.102492923836202926e-02
3.289599999999999909e+03 2.105554858352793809e-02
3.292800000000000182e+03 2.108648134671313804e-02
3.296000000000000000e+03 2.111793616442677810e-02
3.299199999999999818e+03 2.115000256787222949e-02
3.302400000000000091e+03 2.118264014760877501e-02
3.305599999999999909e+03 2.121570032827137589e-02
3.308800000000000182e+03 2.124897021807911277e-02
3.312000000000000000e+03 2.128222703889738956e-02
3.315199999999999818e+03 2.131529123583295743e-02
3.318400000000000091e+03 2.134806977632962982e-02
3.321599999999999909e+03 2.138058131200213860e-02
3.324800000000000182e+03 2.141295714854040549e-02
3.328000000000000000e+03 2.144541547801628520e-02
3.331199999999999818e+03 2.147821292322893774e-02
3.334400000000000091e+03 2.151158535190117807e-02
3.337599999999999909e+03 2.154569337495683759e-02
3.340800000000000182e+03 2.158058781220607500e-02
3.344000000000000000e+03 2.161620191456608067e-02
3.347199999999999818e+03 2.165237013997083071e-02
3.350400000000000091e+03 2.168886476422634060e-02
3.353599999999999909e+03 2.172544120546900104e-02
3.356800000000000182e+03 2.176188186256715687e-02
3.360000000000000000e+03 2.179803228368107013e-02
3.363199999999999818e+03 2.183382442302471069e-02
3.366400000000000091e+03 2.186928518118177664e-02
3.369599999999999909e+03 2.190452950858704645e-02
3.372800000000000182e+03 2.193973938572561788e-02
3.376000000000000000e+03 2.197513189298744285e-02
3.379199999999999818e+03 2.201092099945763103e-02
3.382400000000000091e+03 2.204728014863733404e-02
3.385599999999999909e+03 2.208431153178322393e-02
3.388800000000000182e+03 2.212202844420945932e-02
3.392000000000000000e+03 2.216035291569844537e-02
3.395199999999999818e+03 2.219913018078049569e-02
3.398400000000000091e+03 2.223815645823649240e-02
3.401599999999999909e+03 2.227721623100715337e-02
3.404800000000000182e+03 2.231612180534774462e-02
3.408000000000000000e+03 2.235474934790053492e-02
3.411199999999999818e+03 2.239306445125644612e-02
3.414400000000000091e+03 2.243113181053705066e-02
3.417599999999999909e+03 2.246910451288151520e-02
3.420800000000000182e+03 2.250719173953277460e-02
3.424000000000000000e+03 2.254560970529766867e-02
3.427199999999999818e+03 2.258452576219820498e-02
3.430400000000000091e+03 2.262401091719772397e-02
3.433599999999999909e+03 2.266401302611399313e-02
3.436800000000000182e+03 2.270435904090691015e-02
3.440000000000000000e+03 2.274478398873152479e-02
3.443199999999999818e+03 2.278497969071987400e-02
3.446400000000000091e+03 2.282465008605074827e-02
3.449599999999999909e+03 2.286356201437740598e-02
3.452800000000000182e+03 2.290158095083610901e-02
3.456000000000000000e+03 2.293868666654491628e-02
3.459199999999999818e+03 2.297496703844582877e-02
3.462400000000000091e+03 2.301059259239855367e-02
3.465599999999999909e+03 2.304577762671485355e-02
3.468800000000000182e+03 2.308073535070862686e-02
3.472000000000000000e+03 2.311563616763785342e-02
3.475199999999999818e+03 2.315057553842860341e-02
3.478400000000000091e+03 2.318555755934379597e-02
3.481599999999999909e+03 2.322049558585179141e-02
3.484800000000000182e+03 2.325523084110112104e-02
3.488000000000000000e+03 2.328956456393409952e-02
3.491199999999999818e+03 2.332329868969364173e-02
3.494400000000000091e+03 2.335627581453336016e-02
3.497599999999999909e+03 2.338841060490823992e-02
3.500800000000000182e+03 2.341970507571896135e-02
3.504000000000000000e+03 2.345024525566864401e-02
3.507199999999999818e+03 2.348018131788261881e-02
3.510400000000000091e+03 2.350969750887135085e-02
3.513599999999999909e+03 2.353897993540856812e-02
3.516800000000000182e+03 2.356818781214951863e-02
3.520000000000000000e+03 2.359743222751203851e-02
3.523199999999999818e+03 2.362676258399928897e-02
3.526400000000000091e+03 2.365616209553408900e-02
3.529599999999999909e+03 2.368555183793981042e-02
3.532800000000000182e+03 2.371480519814984575e-02
3.536000000000000000e+03 2.374377108428471148e-02
3.539199999999999818e+03 2.377230389193093693e-02
3.542400000000000091e+03 2.380029359718636300e-02
3.545599999999999909e+03 2.382768995345339869e-02
3.548800000000000182e+03 2.385451467184218285e-02
3.552000000000000000e+03 2.388085945021483844e-02
3.555199999999999818e+03 2.390687076488151250e-02
3.558400000000000091e+03 2.393272503050622793e-02
3.561599999999999909e+03 2.395859948909320747e-02
3.564800000000000182e+03 2.398464309382594695e-02
3.568000000000000000e+03 2.401095223817525243e-02
3.571199999999999818e+03 2.403755365704889763e-02
3.574400000000000091e+03 2.406439853892870101e-02
3.577599999999999909e+03 2.409136912309532697e-02
3.580800000000000182e+03 2.411829975755781785e-02
3.584000000000000000e+03 2.414500882741195051e-02
3.587199999999999818e+03 2.417133631243652964e-02
3.590400000000000091e+03 2.419717716890621220e-02
3.593599999999999909e+03 2.422250255177122238e-02
3.596800000000000182e+03 2.424736282985873181e-02
3.600000000000000000e+03 2.427187212635891281e-02
3.603199999999999818e+03 2.429617903723715888e-02
3.606400000000000091e+03 2.432043132739985028e-02
3.609599999999999909e+03 2.434474378520215879e-02
3.612800000000000182e+03 2.436917485253724605e-02
3.616000000000000000e+03 2.439371575365067643e-02
3.619199999999999818e+03 2.441829090012273898e-02
3.622400000000000091e+03 2.444276948895868912e-02
3.625599999999999909e+03 2.446698569879956001e-02
3.628800000000000182e+03 2.449076646758212988e-02
3.632000000000000000e+03 2.451396140172543842e-02
3.635199999999999818e+03 2.453646926544297835e-02
3.638400000000000091e+03 2.455825373268784306e-02
3.641599999999999909e+03 2.457934528406561028e-02
3.644800000000000182e+03 2.459982972450211816e-02
3.648000000000000000e+03 2.461982793900329217e-02
3.651199999999999818e+03 2.463947315999495333e-02
3.654400000000000091e+03 2.465889039998448926e-02
3.657599999999999909e+03 2.467818131668697221e-02
3.660800000000000182e+03 2.469741378301711435e-02
3.664000000000000000e+03 2.471661620873064416e-02
3.667199999999999818e+03 2.473577527993657890e-02
3.670400000000000091e+03 2.475483944142749249e-02
3.673599999999999909e+03 2.477372873169681258e-02
3.676800000000000182e+03 2.479235244431811022e-02
3.680000000000000000e+03 2.481063127588597345e-02
3.683199999999999818e+03 2.482851966007653538e-02
3.686400000000000091e+03 2.484602148552693748e-02
3.689599999999999909e+03 2.486319492333423711e-02
3.692800000000000182e+03 2.488014477929013576e-02
3.696000000000000000e+03 2.489700453541201716e-02
3.699199999999999818e+03 2.491391293503184001e-02
3.702400000000000091e+03 2.493098995174552676e-02
3.705599999999999909e+03 2.494831744657091677e-02
3.708800000000000182e+03 2.496592662119023406e-02
3.712000000000000000e+03 2.498379441652515826e-02
3.715199999999999818e+03 2.500184778923727688e-02
3.718400000000000091e+03 2.501997669700197283e-02
3.721599999999999909e+03 2.503805388698673515e-02
3.724800000000000182e+03 2.505596011741674511e-02
3.728000000000000000e+03 2.507360890972634010e-02
3.731199999999999818e+03 2.509096524548631510e-02
3.734400000000000091e+03 2.510805236629502085e-02
3.737599999999999909e+03 2.512494534751492231e-02
3.740800000000000182e+03 2.514175358648032543e-02
3.744000000000000000e+03 2.515859706133907747e-02
3.747199999999999818e+03 2.517558257491502374e-02
3.750400000000000091e+03 2.519278425568239471e-02
3.753599999999999909e+03 2.521023202446391609e-02
3.756800000000000182e+03 2.522790759217755086e-02
3.760000000000000000e+03 2.524574845752531466e-02
3.763199999999999818e+03 2.526365784954132457e-02
3.766400000000000091e+03 2.528152105932693350e-02
3.769599999999999909e+03 2.529922524657821428e-02
3.772800000000000182e+03 2.531668031336547706e-02
3.776000000000000000e+03 2.533383531415608556e-02
3.779199999999999818e+03 2.535068707026737894e-02
3.782400000000000091e+03 2.536727873184864424e-02
3.785599999999999909e+03 2.538368927993886470e-02
3.788800000000000182e+03 2.540001686172442541e-02
3.792000000000000000e+03 2.541635939463067137e-02
3.795199999999999818e+03 2.543279689048542902e-02
3.798400000000000091e+03 2.544937773587279545e-02
3.801599999999999909e+03 2.546611160299900103e-02
3.804800000000000182e+03 2.548296822846542534e-02
3.808000000000000000e+03 2.549988289912243078e-02
3.811199999999999818e+03 2.551676688762134076e-02
3.814400000000000091e+03 2.553352314615892418e-02
3.817599999999999909e+03 2.555006431238190934e-02
3.820800000000000182e+03 2.556633088079294722e-02
3.824000000000000000e+03 2.558230488695647023e-02
3.827199999999999818e+03 2.559801629049967761e-02
3.830400000000000091e+03 2.561353986431521082e-02
3.833599999999999909e+03 2.562898296942694651e-02
3.836800000000000182e+03 2.564446670669016590e-02
3.840000000000000000e+03 2.566010386801778620e-02
3.843199999999999818e+03 2.567597886848630925e-02
3.846400000000000091e+03 2.569213283644026027e-02
3.849599999999999909e+03 2.570855757321589136e-02
3.852800000000000182e+03 2.572519796786527577e-02
3.856000000000000000e+03 2.574196333886562271e-02
3.859199999999999818e+03 2.575874439678447342e-02
3.862400000000000091e+03 2.577543411387466996e-02
3.865599999999999909e+03 2.579194750351487125e-02
3.868800000000000182e+03 2.580823722473613024e-02
3.872000000000000000e+03 2.582430095552638513e-02
3.875199999999999818e+03 2.584017963362018888e-02
3.878400000000000091e+03 2.585594699961702228e-02
3.881599999999999909e+03 2.587169283182129756e-02
3.884800000000000182e+03 2.588750372629859339e-02
3.888000000000000000e+03 2.590344459928070608e-02
3.891199999999999818e+03 2.591954516507194092e-02
3.894400000000000091e+03 2.593579249634983541e-02
3.897599999999999909e+03 2.595213175773256747e-02
3.900800000000000182e+03 2.596847335867020004e-02
3.904000000000000000e+03 2.598470670018428186e-02
3.907199999999999818e+03 2.600071723349001510e-02
3.910400000000000091e+03 2.601640542244387788e-02
3.913599999999999909e+03 2.603170325404088881e-02
3.916800000000000182e+03 2.604658583546008363e-02
3.920000000000000000e+03 2.606107493502822850e-02
3.923199999999999818e+03 2.607523385786314138e-02
3.926400000000000091e+03 2.608915472242647610e-02
3.929599999999999909e+03 2.610294073388609581e-02
3.932800000000000182e+03 2.611668779286433623e-02
3.936000000000000000e+03 2.613046819045213714e-02
3.939199999999999818e+03 2.614431993295505963e-02
3.942400000000000091e+03 2.615824184278780010e-02
3.945599999999999909e+03 2.617219609105303144e-02
3.948800000000000182e+03 2.618611647686155605e-02
3.952000000000000000e+03 2.619992258873403423e-02
3.955199999999999818e+03 2.621353640884852010e-02
3.958400000000000091e+03 2.622689925456369447e-02
3.961599999999999909e+03 2.623998443045843718e-02
3.964800000000000182e+03 2.625280321188694713e-02
3.968000000000000000e+03 2.626540232574448713e-02
3.971199999999999818e+03 2.627785411036414123e-02
3.974400000000000091e+03 2.629024221374558212e-02
3.977599999999999909e+03 2.630264585356140855e-02
3.980800000000000182e+03 2.631512592836053946e-02
3.984000000000000000e+03 2.632771389608600660e-02
3.987199999999999818e+03 2.634040563486993516e-02
3.990400000000000091e+03 2.635316023422023396e-02
3.993599999999999909e+03 2.636590570821246635e-02
3.996800000000000182e+03 2.637854995647289855e-02
4.000000000000000000e+03 2.639099631916306046e-02
4.003199999999999818e+03 2.640315941051166876e-02
4.006400000000000091e+03 2.641497899541586300e-02
4.009599999999999909e+03 2.642642845081677114e-02
4.012800000000000182e+03 2.643751723305024295e-02
4.016000000000000000e+03 2.644828706855676531e-02
4.019199999999999818e+03 2.645880327813206201e-02
4.022400000000000091e+03 2.646914316302955913e-02
4.025599999999999909e+03 2.647938277210146879e-02
4.028800000000000182e+03 2.648958421575618033e-02
4.032000000000000000e+03 2.649978423749582354e-02
4.035199999999999818e+03 2.650998722813870112e-02
4.038400000000000091e+03 2.652016367418415232e-02
4.041599999999999909e+03 2.653025648558936939e-02
4.044800000000000182e+03 2.654019291036294192e-02
4.048000000000000000e+03 2.654990016453314533e-02
4.051199999999999818e+03 2.655931967104093600e-02
4.054400000000000091e+03 2.656841766210792447e-02
4.057599999999999909e+03 2.657718983061545942e-02
4.060800000000000182e+03 2.658566054050721938e-02
4.064000000000000000e+03 2.659387724394181307e-02
4.067199999999999818e+03 2.660190142489979315e-02
4.070400000000000091e+03 2.660979788173043273e-02
4.073599999999999909e+03 2.661762353728639244e-02
4.076800000000000182e+03 2.662541818185305137e-02
4.080000000000000000e+03 2.663319774292955897e-02
4.083199999999999818e+03 2.664095220663274810e-02
4.086400000000000091e+03 2.664864761531896692e-02
4.089599999999999909e+03 2.665623296358704195e-02
4.092800000000000182e+03 2.666364959280916394e-02
4.096000000000000000e+03 2.667084213734678341e-02
4.099199999999999818e+03 2.667776797401631012e-02
4.102399999999999636e+03 2.668440440703342617e-02
4.105600000000000364e+03 2.669075213002189764e-02
4.108800000000000182e+03 2.669683525118289602e-02
4.112000000000000000e+03 2.670269789800933102e-02
4.115199999999999818e+03 2.670839799487978103e-02
4.118399999999999636e+03 2.671399920503365541e-02
4.121600000000000364e+03 2.671956168196908815e-02
4.124800000000000182e+03 2.672513338406704367e-02
4.128000000000000000e+03 2.673074256579142591e-02
4.131199999999999818e+03 2.673639374137672803e-02
4.134399999999999636e+03 2.674206746465997153e-02
4.137600000000000364e+03 2.674772545820763847e-02
4.140800000000000182e+03 2.675331925569482405e-02
4.144000000000000000e+03 2.675880109708365928e-02
4.147199999999999818e+03 2.676413333798337985e-02
4.150399999999999636e+03 2.676929498320466602e-02
4.153600000000000364e+03 2.677428388538109771e-02
4.156800000000000182e+03 2.677911561756101885e-02
4.160000000000000000e+03 2.678381982774902248e-02
4.163199999999999818e+03 2.678843534025229095e-02
4.166399999999999636e+03 2.679300488639649314e-02
4.169600000000000364e+03 2.679756959077666742e-02
4.172800000000000182e+03 2.680216372978035805e-02
4.176000000000000000e+03 2.680680926217339499e-02
4.179199999999999818e+03 2.681151150742097297e-02
4.182399999999999636e+03 2.681625641985732611e-02
4.185600000000000364e+03 2.682101184062190072e-02
4.188800000000000182e+03 2.682573241917587947e-02
4.192000000000000000e+03 2.683036828716803962e-02
4.195199999999999818e+03 2.683487439678310105e-02
4.198399999999999636e+03 2.683921882796466707e-02
4.201600000000000364e+03 2.684338757142881726e-02
4.204800000000000182e+03 2.684738578538351655e-02
4.208000000000000000e+03 2.685123564092849885e-02
4.211199999999999818e+03 2.685497209132791524e-02
4.214399999999999636e+03 2.685863770479189269e-02
4.217600000000000364e+03 2.686227713466617789e-02
4.220800000000000182e+03 2.686593171200019753e-02
4.224000000000000000e+03 2.686963362705481473e-02
4.227199999999999818e+03 2.687340084316612240e-02
4.230399999999999636e+03 2.687723336227739249e-02
4.233600000000000364e+03 2.688111338344857659e-02
4.236800000000000182e+03 2.688500933642983676e-02
4.240000000000000000e+03 2.688888385922499208e-02
4.243199999999999818e+03 2.689270246967653821e-02
4.246399999999999636e+03 2.689644108231475927e-02
4.249600000000000364e+03 2.690008992746849639e-02
4.252800000000000182e+03 2.690365437952133357e-02
4.256000000000000000e+03 2.690715310182329595e-02
4.259199999999999818e+03 2.691061496607516368e-02
4.262399999999999636e+03 2.691407521117598900e-02
4.265600000000000364e+03 2.691757095642111422e-02
4.268800000000000182e+03 2.692113609213074923e-02
4.272000000000000000e+03 2.692479523918901718e-02
4.275199999999999818e+03 2.692855807374730862e-02
4.278399999999999636e+03 2.693241493664972480e-02
4.281600000000000364e+03 2.693633646299782580e-02
4.284800000000000182e+03 2.694027741899056999e-02
4.288000000000000000e+03 2.694418505225855409e-02
4.291199999999999818e+03 2.694800857495385088e-02
4.294399999999999636e+03 2.695170779623459051e-02
4.297600000000000364e+03 2.695525805012417148e-02
4.300800000000000182e+03 2.695865192369861774e-02
4.304000000000000000e+03 2.696189818449961501e-02
4.307199999999999818e+03 2.696501952762834012e-02
4.310399999999999636e+03 2.696804945179889085e-02
4.313600000000000364e+03 2.697102810640162468e-02
4.316800000000000182e+03 2.697399697190474427e-02
4.320000000000000000e+03 2.697699221912894241e-02
4.323199999999999818e+03 2.698003845272568813e-02
4.326399999999999636e+03 2.698314392246124391e-02
4.329600000000000364e+03 2.698629969535835602e-02
4.332800000000000182e+03 2.698948249523076479e-02
4.336000000000000000e+03 2.699266126880770986e-02
4.339199999999999818e+03 2.699580448180646450e-02
4.342399999999999636e+03 2.699888687275264418e-02
4.345600000000000364e+03 2.700189346804053245e-02
4.348800000000000182e+03 2.700482140039623877e-02
4.352000000000000000e+03 2.700767949316474834e-02
4.355199999999999818e+03 2.701048672418293259e-02
4.358399999999999636e+03 2.701326964704313036e-02
4.361600000000000364e+03 2.701605884460578366e-02
4.364800000000000182e+03 2.701888441933618032e-02
4.368000000000000000e+03 2.702177044739974276e-02
4.371199999999999818e+03 2.702472971069581550e-02
4.374399999999999636e+03 2.702775953749265991e-02
4.377600000000000364e+03 2.703084098089324552e-02
4.380800000000000182e+03 2.703394125027113251e-02
4.384000000000000000e+03 2.703701979217432161e-02
4.387199999999999818e+03 2.704003547237257901e-02
4.390399999999999636e+03 2.704295370876388591e-02
4.393600000000000364e+03 2.704575107166273806e-02
4.396800000000000182e+03 2.704841751841308498e-02
4.400000000000000000e+03 2.705095599622270308e-02
4.403199999999999818e+03 2.705338086678079831e-02
4.406399999999999636e+03 2.705571553230343845e-02
4.409600000000000364e+03 2.705798968155264869e-02
4.412800000000000182e+03 2.706023587525088064e-02
4.416000000000000000e+03 2.706248509412058356e-02
4.419199999999999818e+03 2.706476189281170966e-02
4.422399999999999636e+03 2.706707971392855253e-02
4.425600000000000364e+03 2.706943850475075283e-02
4.428800000000000182e+03 2.707182506102286459e-02
4.432000000000000000e+03 2.707421713918156322e-02
4.435199999999999818e+03 2.707658926494263887e-02
4.438399999999999636e+03 2.707891923692161071e-02
4.441600000000000364e+03 2.708119253922552580e-02
4.444800000000000182e+03 2.708340464912969286e-02
4.448000000000000000e+03 2.708556071710432889e-02
4.451199999999999818e+03 2.708767425317357841e-02
4.454399999999999636e+03 2.708976525477080691e-02
4.457600000000000364e+03 2.709185834988922861e-02
4.460800000000000182e+03 2.709398042720695052e-02
4.464000000000000000e+03 2.709615704086114005e-02
4.467199999999999818e+03 2.709840788087375385e-02
4.470399999999999636e+03 2.710074174410458461e-02
4.473600000000000364e+03 2.710315330859253830e-02
4.476800000000000182e+03 2.710562238588637776e-02
4.480000000000000000e+03 2.710811710553889461e-02
4.483199999999999818e+03 2.711059933701025215e-02
4.486399999999999636e+03 2.711303169824168247e-02
4.489600000000000364e+03 2.711538339055911268e-02
4.492800000000000182e+03 2.711763450406753234e-02
4.496000000000000000e+03 2.711977765037308641e-02
4.499199999999999818e+03 2.712181792704664376e-02
4.502399999999999636e+03 2.712377137574836089e-02
4.505600000000000364e+03 2.712566267246869015e-02
4.508800000000000182e+03 2.712752203416259750e-02
4.512000000000000000e+03 2.712938110464499508e-02
4.515199999999999818e+03 2.713126821493820964e-02
4.518399999999999636e+03 2.713320323166939010e-02
4.521600000000000364e+03 2.713519394717028160e-02
4.524800000000000182e+03 2.713723466132064374e-02
4.528000000000000000e+03 2.713930857719036929e-02
4.531199999999999818e+03 2.714139256532428421e-02
4.534399999999999636e+03 2.714346362384443059e-02
4.537600000000000364e+03 2.714550408322877542e-02
4.540800000000000182e+03 2.714750509259430608e-02
4.544000000000000000e+03 2.714946731494217655e-02
4.547199999999999818e+03 2.715140022151976001e-02
4.550399999999999636e+03 2.715332033304333759e-02
4.553600000000000364e+03 2.715524927783835932e-02
4.556800000000000182e+03 2.715721133598048356e-02
4.560000000000000000e+03 2.715923008567099756e-02
4.563199999999999818e+03 2.716132433936589013e-02
4.566399999999999636e+03 2.716350362902658286e-02
4.569600000000000364e+03 2.716576509558868424e-02
4.572800000000000182e+03 2.716809227564212156e-02
4.576000000000000000e+03 2.717045735732323206e-02
4.579199999999999818e+03 2.717282551865380855e-02
4.582399999999999636e+03 2.717516113022654459e-02
4.585600000000000364e+03 2.717743309324816003e-02
4.588800000000000182e+03 2.717961916634939468e-02
4.592000000000000000e+03 2.718170793595805351e-02
4.595199999999999818e+03 2.718369958688291246e-02
4.598399999999999636e+03 2.718560520737081307e-02
4.601600000000000364e+03 2.718744526116411223e-02
4.604800000000000182e+03 2.718924683455092167e-02
4.608000000000000000e+03 2.719103963314305900e-02
4.611199999999999818e+03 2.719285130333568348e-02
4.614399999999999636e+03 2.719470247891704953e-02
4.617600000000000364e+03 2.719660338566083288e-02
4.620800000000000182e+03 2.719855220067182722e-02
4.624000000000000000e+03 2.720053671066383072e-02
4.627199999999999818e+03 2.720253781281528269e-02
4.630399999999999636e+03 2.720453491885564332e-02
4.633600000000000364e+03 2.720651061563575390e-02
4.636800000000000182e+03 2.720845461075228899e-02
4.640000000000000000e+03 2.721036548307028888e-02
4.643199999999999818e+03 2.721225128806340973e-02
4.646399999999999636e+03 2.721412854938525319e-02
4.649600000000000364e+03 2.721602030479196299e-02
4.652800000000000182e+03 2.721795298888603915e-02
4.656000000000000000e+03 2.721995242535240125e-02
4.659199999999999818e+03 2.722203962417817091e-02
4.662399999999999636e+03 2.722422666317535211e-02
4.665600000000000364e+03 2.722651413536998286e-02
4.668800000000000182e+03 2.722888998871875882e-02
4.672000000000000000e+03 2.723133110050322825e-02
4.675199999999999818e+03 2.723380621507482183e-02
4.678399999999999636e+03 2.723628077048418500e-02
4.681600000000000364e+03 2.723872146960185092e-02
4.684800000000000182e+03 2.724110104440174290e-02
4.688000000000000000e+03 2.724340149634631864e-02
4.691199999999999818e+03 2.724561651764269288e-02
4.694399999999999636e+03 2.724775196446747871e-02
4.697600000000000364e+03 2.724982502012090330e-02
4.700800000000000182e+03 2.725186167437818746e-02
4.704000000000000000e+03 2.725389309045982839e-02
4.707199999999999818e+03 2.725595134545626130e-02
4.710399999999999636e+03 2.725806484270353394e-02
4.713600000000000364e+03 2.726025462823851095e-02
4.716800000000000182e+03 2.726253154694202943e-02
4.720000000000000000e+03 2.726489588304035344e-02
4.723199999999999818e+03 2.726733849001183527e-02
4.726399999999999636e+03 2.726984444291272874e-02
4.729600000000000364e+03 2.727239689526254202e-02
4.732800000000000182e+03 2.727498166007669839e-02
4.736000000000000000e+03 2.727759019662912010e-02
4.739199999999999818e+03 2.728022201589242607e-02
4.742399999999999636e+03 2.728288510559726682e-02
4.745600000000000364e+03 2.728559555726491753e-02
4.748800000000000182e+03 2.728837567687449062e-02
4.752000000000000000e+03 2.729125125894164144e-02
4.755199999999999818e+03 2.729424792586042370e-02
4.758399999999999636e+03 2.729738662684444775e-02
4.761600000000000364e+03 2.730067930507192042e-02
4.764800000000000182e+03 2.730412480132787464e-02
4.768000000000000000e+03 2.730770730918578859e-02
4.771199999999999818e+03 2.731139685133573622e-02
4.774399999999999636e+03 2.731515364509156871e-02
4.777600000000000364e+03 2.731893371884487609e-02
4.780800000000000182e+03 2.732269623018305366e-02
4.784000000000000000e+03 2.732640892284347867e-02
4.787199999999999818e+03 2.733005249102753859e-02
4.790399999999999636e+03 2.733362172475251387e-02
4.793600000000000364e+03 2.733712519054059056e-02
4.796800000000000182e+03 2.734058280103500091e-02
4.800000000000000000e+03 2.734402267919131338e-02
4.803199999999999818e+03 2.734747725024922610e-02
4.806399999999999636e+03 2.735097872334969413e-02
4.809600000000000364e+03 2.735455463414685970e-02
4.812800000000000182e+03 2.735822309659994081e-02
4.816000000000000000e+03 2.736199013821577139e-02
4.819199999999999818e+03 2.736584858521115202e-02
4.822399999999999636e+03 2.736978116257312785e-02
4.825600000000000364e+03 2.737376510549554415e-02
4.828800000000000182e+03 2.737777922250824933e-02
4.832000000000000000e+03 2.738180914189304940e-02
4.835199999999999818e+03 2.738585175537871022e-02
4.838399999999999636e+03 2.738991613952423965e-02
4.841600000000000364e+03 2.739402316814177479e-02
4.844800000000000182e+03 2.739820280811646955e-02
4.848000000000000000e+03 2.740249071141212522e-02
4.851199999999999818e+03 2.740692364177453252e-02
4.854399999999999636e+03 2.741153388065648011e-02
4.857600000000000364e+03 2.741634340379605836e-02
4.860800000000000182e+03 2.742135771180578829e-02
4.864000000000000000e+03 2.742656238173489872e-02
4.867199999999999818e+03 2.743192187354427311e-02
4.870399999999999636e+03 2.743738389104317596e-02
4.873600000000000364e+03 2.744288613522314832e-02
4.876800000000000182e+03 2.744836668309347943e-02
4.880000000000000000e+03 2.745377269164638728e-02
4.883199999999999818e+03 2.745906829856765291e-02
4.886399999999999636e+03 2.746423780610906737e-02
4.889600000000000364e+03 2.746928642546744848e-02
4.892800000000000182e+03 2.747423720774349806e-02
4.896000000000000000e+03 2.747912658243334069e-02
4.899199999999999818e+03 2.748399852365918453e-02
4.902399999999999636e+03 2.748889813890295977e-02
4.905600000000000364e+03 2.749386559041890749e-02
4.908800000000000182e+03 2.749892971895967486e-02
4.912000000000000000e+03 2.750410428246440400e-02
4.915199999999999818e+03 2.750938577134516214e-02
4.918399999999999636e+03 2.751475688050411539e-02
4.921600000000000364e+03 2.752019211724098316e-02
4.924800000000000182e+03 2.752566744987854780e-02
4.928000000000000000e+03 2.753116756006196778e-02
4.931199999999999818e+03 2.753669200427580691e-02
4.934399999999999636e+03 2.754225578076256731e-02
4.937600000000000364e+03 2.754788776173073064e-02
4.940800000000000182e+03 2.755362566029092436e-02
4.944000000000000000e+03 2.755951050050564274e-02
4.947199999999999818e+03 2.756558025153702657e-02
4.950399999999999636e+03 2.757186320248749406e-02
4.953600000000000364e+03 2.757837227746758046e-02
4.956800000000000182e+03 2.758509955560117452e-02
4.960000000000000000e+03 2.759201462165023974e-02
4.963199999999999818e+03 2.759906469319238151e-02
4.966399999999999636e+03 2.760618074390040755e-02
4.969600000000000364e+03 2.761328470086743189e-02
4.972800000000000182e+03 2.762030041832622823e-02
4.976000000000000000e+03 2.762716164263723587e-02
4.979199999999999818e+03 2.763381961515807769e-02
4.982399999999999636e+03 2.764024560542512748e-02
4.985600000000000364e+03 2.764643226060341241e-02
4.988800000000000182e+03 2.765239174677255884e-02
4.992000000000000000e+03 2.765815316644308630e-02
4.995199999999999818e+03 2.766375840190545693e-02
4.998399999999999636e+03 2.766925641096978569e-02
5.001600000000000364e+03 2.767469745434753339e-02
5.004800000000000182e+03 2.768012607926656835e-02
5.008000000000000000e+03 2.768557709203232214e-02
5.011199999999999818e+03 2.769107183843496842e-02
5.014399999999999636e+03 2.769661995873188426e-02
5.017600000000000364e+03 2.770222153068544260e-02
5.020800000000000182e+03 2.770787379947914006e-02
5.024000000000000000e+03 2.771357562335364025e-02
5.027199999999999818e+03 2.771933306814491557e-02
5.030399999999999636e+03 2.772516049854515524e-02
5.033600000000000364e+03 2.773108094823243178e-02
5.036800000000000182e+03 2.773712304433947895e-02
5.040000000000000000e+03 2.774331731338286131e-02
5.043199999999999818e+03 2.774969136910466691e-02
5.046399999999999636e+03 2.775626423040135002e-02
5.049600000000000364e+03 2.776304143013617887e-02
5.052800000000000182e+03 2.777000902041069572e-02
5.056000000000000000e+03 2.777713112032620044e-02
5.059199999999999818e+03 2.778434786869862436e-02
5.062399999999999636e+03 2.779158018400545646e-02
5.065600000000000364e+03 2.779873554858169893e-02
5.068800000000000182e+03 2.780571962647410481e-02
5.072000000000000000e+03 2.781244528149048531e-02
5.075199999999999818e+03 2.781884274156659620e-02
5.078399999999999636e+03 2.782486425866409138e-02
5.081600000000000364e+03 2.783048777065023557e-02
5.084800000000000182e+03 2.783571646110179210e-02
5.088000000000000000e+03 2.784057720463174040e-02
5.091199999999999818e+03 2.784511706659658845e-02
5.094399999999999636e+03 2.784939755853248211e-02
5.097600000000000364e+03 2.785348863591541671e-02
5.100800000000000182e+03 2.785745994876655252e-02
5.104000000000000000e+03 2.786137518777572625e-02
5.107199999999999818e+03 2.786528555797454856e-02
5.110399999999999636e+03 2.786923014020973449e-02
5.113600000000000364e+03 2.787323616539263624e-02
5.116800000000000182e+03 2.787732544580781568e-02
5.120000000000000000e+03 2.788151762482999479e-02
5.123199999999999818e+03 2.788583540464531496e-02
5.126399999999999636e+03 2.789030447725903555e-02
5.129600000000000364e+03 2.789495341952424531e-02
5.132800000000000182e+03 2.789981018451922340e-02
5.136000000000000000e+03 2.790489842511386862e-02
5.139199999999999818e+03 2.791023337787336758e-02
5.142399999999999636e+03 2.791581676515430405e-02
5.145600000000000364e+03 2.792163362648754019e-02
5.148800000000000182e+03 2.792764737214504384e-02
5.152000000000000000e+03 2.793379970675710644e-02
5.155199999999999818e+03 2.794000956338469829e-02
5.158399999999999636e+03 2.794617977529092329e-02
5.161600000000000364e+03 2.795220277938767484e-02
5.164800000000000182e+03 2.795797297353037544e-02
5.168000000000000000e+03 2.796339509786138766e-02
5.171199999999999818e+03 2.796839503200534288e-02
5.174399999999999636e+03 2.797292440627982546e-02
5.177600000000000364e+03 2.797696475676390848e-02
5.180800000000000182e+03 2.798052672576402042e-02
5.184000000000000000e+03 2.798364773083777957e-02
5.187199999999999818e+03 2.798638769591509784e-02
5.190399999999999636e+03 2.798882225850570990e-02
5.193600000000000364e+03 2.799103706807190561e-02
5.196800000000000182e+03 2.799311860681149428e-02
5.200000000000000000e+03 2.799514961294269702e-02
5.203199999999999818e+03 2.799720150042830924e-02
5.206399999999999636e+03 2.799933495612436790e-02
5.209600000000000364e+03 2.800159768474345251e-02
5.212800000000000182e+03 2.800403045948074779e-02
5.216000000000000000e+03 2.800666786934010583e-02
5.219199999999999818e+03 2.800954396695861173e-02
5.222399999999999636e+03 2.801269066092259077e-02
5.225600000000000364e+03 2.801613840666347666e-02
5.228800000000000182e+03 2.801991169834992801e-02
5.232000000000000000e+03 2.802402607987026367e-02
5.235199999999999818e+03 2.802848423990458859e-02
5.238399999999999636e+03 2.803327191384100484e-02
5.241600000000000364e+03 2.803835667846882665e-02
5.244800000000000182e+03 2.804368355212194519e-02
5.248000000000000000e+03 2.804917761745987642e-02
5.251199999999999818e+03 2.805474146870300459e-02
5.254399999999999636e+03 2.806026459663813963e-02
5.257600000000000364e+03 2.806562566060577871e-02
5.260800000000000182e+03 2.807070857993016269e-02
5.264000000000000000e+03 2.807540664735574953e-02
5.267199999999999818e+03 2.807963822793278080e-02
5.270399999999999636e+03 2.808334588915012420e-02
5.273600000000000364e+03 2.808650559079361661e-02
5.276800000000000182e+03 2.808911961643340352e-02
5.280000000000000000e+03 2.809122001050556525e-02
5.283199999999999818e+03 2.809285938350970097e-02
5.286399999999999636e+03 2.809411091362662080e-02
5.289600000000000364e+03 2.809505982553649889e-02
5.292800000000000182e+03 2.809579909106279735e-02
5.296000000000000000e+03 2.809642532368056972e-02
