0.000000000000000000e+00 -inf
3.512596899224806196e-02 -4.628797133750049753e+00
7.025193798449612392e-02 -4.349754727632027418e+00
1.053779069767441651e-01 -3.962810493945107204e+00
1.405038759689922478e-01 -3.674014021234945915e+00
1.756298449612403167e-01 -3.413334720159776570e+00
2.107558139534883301e-01 -3.168066563212513564e+00
2.458817829457364268e-01 -2.980293323335355016e+00
2.810077519379844957e-01 -2.792833353204444702e+00
3.161337209302325091e-01 -2.588699568712426125e+00
3.512596899224806335e-01 -2.425962313462248332e+00
3.863856589147286469e-01 -2.321486768724081440e+00
4.215116279069766603e-01 -2.204849276914927270e+00
4.566375968992247847e-01 -2.104314070711448270e+00
4.917635658914728536e-01 -2.034035895826937335e+00
5.268895348837209225e-01 -1.953963133448323619e+00
5.620155038759689914e-01 -1.826276275252883385e+00
5.971414728682170603e-01 -1.676249323642405642e+00
6.322674418604650182e-01 -1.530776627263608747e+00
6.673934108527131981e-01 -1.409639077125860451e+00
7.025193798449612670e-01 -1.340073430169071100e+00
7.376453488372092249e-01 -1.319947373917679467e+00
7.727713178294572938e-01 -1.362557466020889674e+00
8.078972868217053627e-01 -1.452889746228906320e+00
8.430232558139533205e-01 -1.508717159960536458e+00
8.781492248062016115e-01 -1.494796119192591810e+00
9.132751937984495694e-01 -1.509288712605120208e+00
9.484011627906975272e-01 -1.592851196154221549e+00
9.835271317829457072e-01 -1.646584677706681266e+00
1.018653100775193776e+00 -1.570231489013427018e+00
1.053779069767441845e+00 -1.537021547741964200e+00
1.088905038759689914e+00 -1.602380741189263658e+00
1.124031007751937983e+00 -1.643803098729805789e+00
1.159156976744185830e+00 -1.591248588395485664e+00
1.194282945736434121e+00 -1.600931833470868426e+00
1.229408914728681967e+00 -1.682913308856209822e+00
1.264534883720930036e+00 -1.696823127214724947e+00
1.299660852713178105e+00 -1.647893135551887767e+00
1.334786821705426396e+00 -1.687480917665675317e+00
1.369912790697674243e+00 -1.767749477366294730e+00
1.405038759689922534e+00 -1.727756682406244693e+00
1.440164728682170381e+00 -1.715282232674801399e+00
1.475290697674418450e+00 -1.795633031065983154e+00
1.510416666666666519e+00 -1.809647325379038163e+00
1.545542635658914588e+00 -1.747733660433348879e+00
1.580668604651162434e+00 -1.760760301833876440e+00
1.615794573643410725e+00 -1.815676192641475728e+00
1.650920542635658794e+00 -1.755207344370774303e+00
1.686046511627906641e+00 -1.687073040798349854e+00
1.721172480620154932e+00 -1.683197654423641776e+00
1.756298449612403223e+00 -1.647641379581803012e+00
1.791424418604651070e+00 -1.604071572890900743e+00
1.826550387596899139e+00 -1.619473559148818076e+00
1.861676356589147208e+00 -1.673998984372526477e+00
1.896802325581395054e+00 -1.598575938023299559e+00
1.931928294573643345e+00 -1.626455719316802107e+00
1.967054263565891414e+00 -1.687311395266512415e+00
2.002180232558139483e+00 -1.773620491122020137e+00
2.037306201550387552e+00 -2.099521827644610372e+00
2.072432170542635621e+00 -2.880472200993752896e+00
2.107558139534883690e+00 -2.806267494640470872e+00
2.142684108527131759e+00 -1.980194187490247337e+00
2.177810077519379828e+00 -1.925901170989243960e+00
2.212936046511627453e+00 -1.588710702297330357e+00
2.248062015503875966e+00 -1.452292842933989414e+00
2.283187984496124034e+00 -1.534245886856010266e+00
2.318313953488371659e+00 -1.302936488256126957e+00
2.353439922480619728e+00 -1.292627095391526204e+00
2.388565891472868241e+00 -1.344120912677263968e+00
2.423691860465115866e+00 -1.414219074296095391e+00
2.458817829457363935e+00 -1.475770999251275306e+00
2.493943798449612004e+00 -1.544458493825271228e+00
2.529069767441860073e+00 -1.661333410305651626e+00
2.564195736434108142e+00 -1.735616859577393756e+00
2.599321705426356210e+00 -1.745546603463181690e+00
2.634447674418604279e+00 -1.838859239170768767e+00
2.669573643410852792e+00 -1.923789453283208051e+00
2.704699612403100861e+00 -1.995575498568511685e+00
2.739825581395348486e+00 -2.042928975308575978e+00
2.774951550387596999e+00 -2.184088115075145442e+00
2.810077519379845068e+00 -2.213647232183279190e+00
2.845203488372092693e+00 -2.338152788923522518e+00
2.880329457364340762e+00 -2.548638283753224876e+00
2.915455426356589275e+00 -2.498697207229001904e+00
2.950581395348836899e+00 -2.323812263140109913e+00
2.985707364341084968e+00 -2.294411805749259514e+00
3.020833333333333037e+00 -2.321066077366203739e+00
3.055959302325581106e+00 -2.232113313594100479e+00
3.091085271317829175e+00 -2.285847488774602532e+00
3.126211240310077244e+00 -2.389197275538218257e+00
3.161337209302324869e+00 -2.354856037053743023e+00
3.196463178294573382e+00 -2.501017446866280469e+00
3.231589147286821451e+00 -2.691358248560452804e+00
3.266715116279069075e+00 -2.633947101272261726e+00
3.301841085271317588e+00 -2.910847472714611417e+00
3.336967054263565657e+00 -3.027968388099049779e+00
3.372093023255813282e+00 -2.888805903226545624e+00
3.407218992248062239e+00 -3.168499237017906367e+00
3.442344961240309864e+00 -2.894489342598903114e+00
3.477470930232557933e+00 -2.849769845221960196e+00
3.512596899224806446e+00 -3.070779170398766134e+00
3.547722868217054071e+00 -2.749166540565601391e+00
3.582848837209302140e+00 -2.747955794748738079e+00
3.617974806201550653e+00 -2.908973387531036181e+00
3.653100775193798277e+00 -2.742746605507806024e+00
3.688226744186045902e+00 -2.863149395364131600e+00
3.723352713178294415e+00 -2.904264033717836480e+00
3.758478682170542484e+00 -2.823745275343062744e+00
3.793604651162790109e+00 -3.140408498638719070e+00
3.828730620155038622e+00 -3.052315844895602481e+00
3.863856589147286691e+00 -3.043192002281788433e+00
3.898982558139534316e+00 -3.393186931418671559e+00
3.934108527131782829e+00 -3.114196569200208931e+00
3.969234496124030454e+00 -3.109133180791556761e+00
4.004360465116278966e+00 -3.507407498139922808e+00
4.039486434108527035e+00 -3.258218809020545947e+00
4.074612403100775104e+00 -3.208598514341399532e+00
4.109738372093023173e+00 -3.450743908056006504e+00
4.144864341085271242e+00 -3.538689817507366886e+00
4.179990310077519311e+00 -3.203813891404644565e+00
4.215116279069767380e+00 -3.260692297322789646e+00
4.250242248062015449e+00 -3.553039314838694285e+00
4.285368217054263518e+00 -3.209866256365958126e+00
4.320494186046511587e+00 -3.189145027107675112e+00
4.355620155038759655e+00 -3.397813364553993409e+00
4.390746124031007724e+00 -3.224264785398248456e+00
4.425872093023254905e+00 -3.177241566479683144e+00
4.460998062015503862e+00 -3.349775119875563867e+00
4.496124031007751931e+00 -3.248671859224578462e+00
4.531249999999999112e+00 -3.157832787486600346e+00
4.566375968992248069e+00 -3.324491450971894135e+00
4.601501937984496138e+00 -3.378291653147782014e+00
4.636627906976743319e+00 -3.224722262347171409e+00
4.671753875968992276e+00 -3.348116843949961563e+00
4.706879844961239456e+00 -3.523599544356071700e+00
4.742005813953487525e+00 -3.382129864635087912e+00
4.777131782945736482e+00 -3.423671169107331824e+00
4.812257751937983663e+00 -3.561085183306366364e+00
4.847383720930231732e+00 -3.464123348312526218e+00
4.882509689922479801e+00 -3.509981374032188128e+00
4.917635658914727870e+00 -3.850830085338055930e+00
4.952761627906975939e+00 -3.729708632106409461e+00
4.987887596899224008e+00 -3.523759814296365089e+00
5.023013565891472076e+00 -3.548480582534240924e+00
5.058139534883720145e+00 -3.710315467047808902e+00
5.093265503875968214e+00 -3.600267659191534797e+00
5.128391472868216283e+00 -3.627466845761663450e+00
5.163517441860464352e+00 -3.780499078739879781e+00
5.198643410852712421e+00 -3.669011131331634257e+00
5.233769379844960490e+00 -3.691411701489388797e+00
5.268895348837208559e+00 -3.964261560427431608e+00
5.304021317829457516e+00 -4.004348488900236980e+00
5.339147286821705585e+00 -3.899067223043431785e+00
5.374273255813952765e+00 -3.980571093496030777e+00
5.409399224806201723e+00 -4.135665910906016762e+00
5.444525193798449791e+00 -3.955705661446458077e+00
5.479651162790696972e+00 -3.908636969395933747e+00
5.514777131782945929e+00 -3.945414178827162388e+00
5.549903100775193998e+00 -3.958280792324908592e+00
5.585029069767441179e+00 -4.020306396626670775e+00
5.620155038759690136e+00 -4.116236620022359460e+00
5.655281007751937317e+00 -4.115780826399708658e+00
5.690406976744185386e+00 -4.135101763589645429e+00
5.725532945736434343e+00 -4.219372294415796532e+00
5.760658914728681523e+00 -4.244281444579692142e+00
5.795784883720929592e+00 -4.129704295729216490e+00
5.830910852713178549e+00 -4.047843161693720049e+00
5.866036821705425730e+00 -4.108257179608761689e+00
5.901162790697673799e+00 -4.225603447867125162e+00
5.936288759689921868e+00 -4.113788758011819979e+00
5.971414728682169937e+00 -4.054464856327482991e+00
6.006540697674418006e+00 -4.200126512559283931e+00
6.041666666666666075e+00 -4.392609224251684985e+00
6.076792635658914143e+00 -4.371356275056837326e+00
6.111918604651162212e+00 -4.388386580898409051e+00
6.147044573643410281e+00 -4.423991553294087886e+00
6.182170542635658350e+00 -4.617841111869227078e+00
6.217296511627906419e+00 -4.863090289164135882e+00
6.252422480620154488e+00 -4.566669532991004310e+00
6.287548449612402557e+00 -4.572907834599613253e+00
6.322674418604649738e+00 -4.739214277237470796e+00
6.357800387596898695e+00 -4.710312706708015718e+00
6.392926356589146764e+00 -4.739345865556087389e+00
6.428052325581393944e+00 -4.823604584821571173e+00
6.463178294573642901e+00 -5.011606040970232989e+00
6.498304263565890970e+00 -4.862399302393331624e+00
6.533430232558138151e+00 -4.603922058110755167e+00
6.568556201550387108e+00 -4.571330304105254427e+00
6.603682170542635177e+00 -4.513028397076511489e+00
6.638808139534882358e+00 -4.802961321800172101e+00
6.673934108527131315e+00 -4.635306092553764579e+00
6.709060077519379384e+00 -5.160338977758386569e+00
6.744186046511626564e+00 -5.093743749598627524e+00
6.779312015503875521e+00 -4.841691869646126634e+00
6.814437984496124479e+00 -4.605900382088075951e+00
6.849563953488371659e+00 -5.146269996375602673e+00
6.884689922480619728e+00 -4.564998160457983012e+00
6.919815891472868685e+00 -4.811605997986905692e+00
6.954941860465115866e+00 -5.073374954716858731e+00
6.990067829457363935e+00 -4.774600157800603206e+00
7.025193798449612892e+00 -4.833230068747276675e+00
7.060319767441860073e+00 -5.074072030528583355e+00
7.095445736434108142e+00 -5.043510011609036781e+00
7.130571705426357099e+00 -4.804252324095352300e+00
7.165697674418604279e+00 -5.041101217584721184e+00
7.200823643410852348e+00 -5.048747177567975974e+00
7.235949612403101305e+00 -4.989128058960189627e+00
7.271075581395348486e+00 -5.062445198872852714e+00
7.306201550387596555e+00 -5.167800077272160841e+00
7.341327519379844624e+00 -5.069238823490501034e+00
7.376453488372091805e+00 -5.182441421936438530e+00
7.411579457364340762e+00 -5.021605180826661297e+00
7.446705426356588831e+00 -5.103439451844357322e+00
7.481831395348836011e+00 -5.128679332399950219e+00
7.516957364341084968e+00 -4.919992126221315765e+00
7.552083333333333037e+00 -5.048745398338644108e+00
7.587209302325580218e+00 -5.142764386978028845e+00
7.622335271317829175e+00 -5.085825247726242004e+00
7.657461240310077244e+00 -5.362142230524752584e+00
7.692587209302324425e+00 -5.183258317343434562e+00
7.727713178294573382e+00 -5.051217892249707297e+00
7.762839147286821451e+00 -5.337754577360818153e+00
7.797965116279068631e+00 -5.201748738540364236e+00
7.833091085271316700e+00 -5.165325283237677034e+00
7.868217054263565657e+00 -5.401489616890046364e+00
7.903343023255812838e+00 -5.495567368458870838e+00
7.938468992248060907e+00 -5.381702966770829377e+00
7.973594961240309864e+00 -5.350276548025632906e+00
8.008720930232557933e+00 -5.372371971401781465e+00
8.043846899224805114e+00 -5.324036044972118908e+00
8.078972868217054071e+00 -5.275240490872461052e+00
8.114098837209301252e+00 -5.404799230489355288e+00
8.149224806201550209e+00 -5.355616813486673067e+00
8.184350775193799166e+00 -5.435686597183147839e+00
8.219476744186046346e+00 -5.419266305260009631e+00
8.254602713178293527e+00 -5.330469125509771366e+00
8.289728682170542484e+00 -5.428282466377980064e+00
8.324854651162789665e+00 -5.431681498673641251e+00
8.359980620155038622e+00 -5.485467375490865827e+00
8.395106589147285803e+00 -5.571020231668051714e+00
8.430232558139534760e+00 -5.495319410370981927e+00
8.465358527131781941e+00 -5.480705091944252594e+00
8.500484496124030898e+00 -5.585056028500681613e+00
8.535610465116278078e+00 -5.612302452370352412e+00
8.570736434108527035e+00 -5.571521844639201859e+00
8.605862403100774216e+00 -5.688638568344227764e+00
8.640988372093023173e+00 -5.640413333793645734e+00
8.676114341085270354e+00 -5.620903099563515859e+00
8.711240310077519311e+00 -5.960519123676043307e+00
8.746366279069764715e+00 -5.749230141413858242e+00
8.781492248062015449e+00 -5.713053459489883856e+00
8.816618217054262630e+00 -6.111641337860724832e+00
8.851744186046509810e+00 -5.771697800870749795e+00
8.886870155038758767e+00 -5.719747140514044759e+00
8.921996124031007724e+00 -5.920557559870322173e+00
8.957122093023253129e+00 -5.819302872004293192e+00
8.992248062015503862e+00 -5.752337939760641561e+00
9.027374031007751043e+00 -5.858233115887962583e+00
9.062499999999998224e+00 -5.833795197989430470e+00
9.097625968992248957e+00 -5.808891659396836715e+00
9.132751937984496138e+00 -5.801818347878375803e+00
9.167877906976743319e+00 -5.818398500955326291e+00
9.203003875968992276e+00 -5.798739694310497406e+00
9.238129844961241233e+00 -5.802762665785589746e+00
9.273255813953486637e+00 -5.859241419226076886e+00
9.308381782945735594e+00 -5.862299239066310896e+00
9.343507751937984551e+00 -5.849632481409444473e+00
9.378633720930231732e+00 -5.892654011668351899e+00
9.413759689922478913e+00 -5.923315200612345954e+00
9.448885658914729646e+00 -5.907420547338421812e+00
9.484011627906975050e+00 -5.941269533381417389e+00
9.519137596899224008e+00 -5.965587573367897356e+00
9.554263565891472965e+00 -5.993483576755143538e+00
9.589389534883720145e+00 -6.024237196239197623e+00
9.624515503875967326e+00 -6.083852357333073613e+00
9.659641472868218059e+00 -6.140332366990178592e+00
9.694767441860463464e+00 -6.101515116909195235e+00
9.729893410852712421e+00 -6.111573778135752200e+00
9.765019379844959602e+00 -6.127393976608701109e+00
9.800145348837208559e+00 -6.150363808535094456e+00
9.835271317829455739e+00 -6.173566100863479456e+00
9.870397286821704697e+00 -6.127923522576902648e+00
9.905523255813951877e+00 -6.200593125786363125e+00
9.940649224806200834e+00 -6.269340461744875803e+00
9.975775193798448015e+00 -6.214219743309750577e+00
1.001090116279069697e+01 -6.233726870049361324e+00
1.004602713178294415e+01 -6.223940907359072128e+00
1.008115310077519311e+01 -6.270527385644069085e+00
1.011627906976744029e+01 -6.271302641314841608e+00
1.015140503875968925e+01 -6.161976095012839494e+00
1.018653100775193643e+01 -6.239913668563592530e+00
1.022165697674418539e+01 -6.266444362532750390e+00
1.025678294573643257e+01 -6.217319717740695140e+00
1.029190891472868152e+01 -6.234308590798033123e+00
1.032703488372092870e+01 -6.259004848123960407e+00
1.036216085271317766e+01 -6.298011595820536712e+00
1.039728682170542484e+01 -6.265173553619157509e+00
1.043241279069767380e+01 -6.278947208416431280e+00
1.046753875968992098e+01 -6.357412813053374911e+00
1.050266472868216994e+01 -6.461018426379351531e+00
1.053779069767441712e+01 -6.318469581820800762e+00
1.057291666666666607e+01 -6.337211095721818843e+00
1.060804263565891503e+01 -6.375350861035874672e+00
1.064316860465116221e+01 -6.402656984925076955e+00
1.067829457364341117e+01 -6.356415022479150245e+00
1.071342054263565835e+01 -6.408821595820603179e+00
1.074854651162790553e+01 -6.352401559231760864e+00
1.078367248062015449e+01 -6.338024482282707872e+00
1.081879844961240345e+01 -6.356483423305730796e+00
1.085392441860464885e+01 -6.339104423062912552e+00
1.088905038759689958e+01 -6.371625882367689897e+00
1.092417635658914676e+01 -6.361344785205828245e+00
1.095930232558139394e+01 -6.309328813938825498e+00
1.099442829457364290e+01 -6.350112732201480092e+00
1.102955426356589186e+01 -6.353894744892229163e+00
1.106468023255813726e+01 -6.315492036577383672e+00
1.109980620155038800e+01 -6.373979995879802907e+00
1.113493217054263518e+01 -6.463605780181352678e+00
1.117005813953488236e+01 -6.405125479936845778e+00
1.120518410852712954e+01 -6.366278258152052949e+00
1.124031007751938027e+01 -6.454938395607029200e+00
1.127543604651162568e+01 -6.474573943691041222e+00
1.131056201550387463e+01 -6.492129177263573858e+00
1.134568798449612359e+01 -6.404893304744334159e+00
1.138081395348837077e+01 -6.385501571021647393e+00
1.141593992248061795e+01 -6.405152985386536102e+00
1.145106589147286869e+01 -6.428266908201283769e+00
1.148619186046511409e+01 -6.449230073844303135e+00
1.152131782945736305e+01 -6.478248846016184004e+00
1.155644379844961200e+01 -6.453326166520364282e+00
1.159156976744185918e+01 -6.449016065577445112e+00
1.162669573643410637e+01 -6.452075029644522175e+00
1.166182170542635710e+01 -6.442929611344258234e+00
1.169694767441860250e+01 -6.462701191151325020e+00
1.173207364341085146e+01 -6.472541793374623431e+00
1.176719961240309864e+01 -6.484294590946311665e+00
1.180232558139534760e+01 -6.487340130875780098e+00
1.183745155038759478e+01 -6.514628671040777697e+00
1.187257751937984374e+01 -6.518534941519718018e+00
1.190770348837209092e+01 -6.522927991138254278e+00
1.194282945736433987e+01 -6.569604687730707937e+00
1.197795542635658705e+01 -6.569456686663479594e+00
1.201308139534883601e+01 -6.576764093321823879e+00
1.204820736434108319e+01 -6.617484786741894887e+00
1.208333333333333215e+01 -6.628594728896876731e+00
1.211845930232557933e+01 -6.617937121691797486e+00
1.215358527131782829e+01 -6.596176606967454781e+00
1.218871124031007724e+01 -6.585274945808715863e+00
1.222383720930232442e+01 -6.600561711062965742e+00
1.225896317829457338e+01 -6.637173353733413883e+00
1.229408914728682056e+01 -6.710773499684662191e+00
1.232921511627906952e+01 -6.752488516048840594e+00
1.236434108527131670e+01 -6.713467041049521633e+00
1.239946705426356566e+01 -6.700351117929698397e+00
1.243459302325581284e+01 -6.726214436613132897e+00
1.246971899224806180e+01 -6.767895402112316106e+00
1.250484496124030898e+01 -6.770802246601432373e+00
1.253997093023255793e+01 -6.764540634216283266e+00
1.257509689922480511e+01 -6.803118729574848089e+00
1.261022286821705407e+01 -6.875769912767488279e+00
1.264534883720929948e+01 -6.859155385217628798e+00
1.268047480620155021e+01 -6.852823213758870047e+00
1.271560077519379739e+01 -6.868938065000854465e+00
1.275072674418604635e+01 -6.893426711469981427e+00
1.278585271317829353e+01 -6.921733741484522362e+00
1.282097868217054071e+01 -6.949607517909564436e+00
1.285610465116278789e+01 -7.003643968852847124e+00
1.289123062015503862e+01 -7.058157948561491146e+00
1.292635658914728580e+01 -7.036234491364504073e+00
1.296148255813953476e+01 -7.035720697244937760e+00
1.299660852713178194e+01 -7.064798402941829814e+00
1.303173449612402912e+01 -7.081226613656581570e+00
1.306686046511627630e+01 -7.113623411613886560e+00
1.310198643410852704e+01 -7.133892409512395005e+00
1.313711240310077422e+01 -7.180215353472256368e+00
1.317223837209302317e+01 -7.312818159204288904e+00
1.320736434108527035e+01 -7.320534480020385537e+00
1.324249031007751753e+01 -7.259230010144883671e+00
1.327761627906976472e+01 -7.295216621524228451e+00
1.331274224806201367e+01 -7.326704936836470949e+00
1.334786821705426263e+01 -7.343811671451140555e+00
1.338299418604651159e+01 -7.400555118633826979e+00
1.341812015503875877e+01 -7.435545919306289164e+00
1.345324612403100595e+01 -7.511822626882556087e+00
1.348837209302325313e+01 -7.524823582644057041e+00
1.352349806201550209e+01 -7.554008168412176261e+00
1.355862403100775104e+01 -7.625802590889152022e+00
1.359375000000000000e+01 -7.576836106890191935e+00
1.362887596899224896e+01 -7.581568648519684039e+00
1.366400193798449436e+01 -7.659631546977045957e+00
1.369912790697674332e+01 -7.734046532146557240e+00
1.373425387596899050e+01 -7.820380345738041861e+00
1.376937984496123946e+01 -7.848041087104671298e+00
1.380450581395348841e+01 -7.726281702390322970e+00
1.383963178294573737e+01 -7.786240595966896549e+00
1.387475775193798277e+01 -7.917669870397550547e+00
1.390988372093023173e+01 -7.939822006485917960e+00
1.394500968992247891e+01 -7.986653740619527930e+00
1.398013565891472787e+01 -8.024361539845189739e+00
1.401526162790697683e+01 -8.133248526959464542e+00
1.405038759689922578e+01 -8.222449599941423770e+00
1.408551356589146941e+01 -8.118658606012354895e+00
1.412063953488372015e+01 -8.187955536081108932e+00
1.415576550387596733e+01 -8.187520131167108417e+00
1.419089147286821628e+01 -8.221423169014313359e+00
1.422601744186046346e+01 -8.411665349569652506e+00
1.426114341085271420e+01 -8.429375857377021219e+00
1.429626937984495783e+01 -8.329060285106766770e+00
1.433139534883720856e+01 -8.517383837500197785e+00
1.436652131782945574e+01 -8.592322596524349265e+00
1.440164728682170470e+01 -8.848678843205638245e+00
1.443677325581395188e+01 -9.125699418318051315e+00
1.447189922480620261e+01 -9.257541460385974474e+00
1.450702519379844624e+01 -8.913165149581253388e+00
1.454215116279069697e+01 -8.801155216302426254e+00
1.457727713178294415e+01 -9.022030142115928797e+00
1.461240310077519311e+01 -9.171316246027810593e+00
1.464752906976744029e+01 -8.966959231155543719e+00
1.468265503875968925e+01 -9.064797718118345671e+00
1.471778100775193465e+01 -9.012860393742203158e+00
1.475290697674418361e+01 -8.877219055327316255e+00
1.478803294573643257e+01 -8.833150282699399725e+00
1.482315891472868152e+01 -8.802773548482507593e+00
1.485828488372092870e+01 -8.857977715775103178e+00
1.489341085271317766e+01 -8.709332458414133171e+00
1.492853682170542307e+01 -8.574528265163811724e+00
1.496366279069767202e+01 -8.657506244908248050e+00
1.499878875968992098e+01 -8.687695044304742709e+00
1.503391472868216994e+01 -8.698217718422174727e+00
1.506904069767441712e+01 -8.729683469661919659e+00
1.510416666666666607e+01 -8.771403249241647160e+00
1.513929263565891148e+01 -8.670225425998212998e+00
1.517441860465116044e+01 -8.627256718568933280e+00
1.520954457364340939e+01 -8.626320706989996978e+00
1.524467054263565835e+01 -8.668131325860423786e+00
1.527979651162790731e+01 -8.750850474640619936e+00
1.531492248062015449e+01 -8.754839599413443807e+00
1.535004844961240167e+01 -8.706759322902318132e+00
1.538517441860464885e+01 -8.696472433983572614e+00
1.542030038759689781e+01 -8.705593992670081605e+00
1.545542635658914676e+01 -8.753315473618551223e+00
1.549055232558139572e+01 -8.819548022653913577e+00
1.552567829457364290e+01 -8.953930135507173205e+00
1.556080426356589008e+01 -9.014227881456795544e+00
1.559593023255813726e+01 -8.960220707450609723e+00
1.563105620155038622e+01 -8.795351499599005862e+00
1.566618217054263340e+01 -8.742844897885014177e+00
1.570130813953488413e+01 -8.828263808581841232e+00
1.573643410852713131e+01 -8.913292082884732181e+00
1.577156007751937850e+01 -9.058599518730540368e+00
1.580668604651162568e+01 -9.181258399244351054e+00
1.584181201550387463e+01 -9.117835453217260522e+00
1.587693798449612181e+01 -9.022941362290275435e+00
1.591206395348837255e+01 -8.986975884517224955e+00
1.594718992248061973e+01 -9.002248402807365935e+00
1.598231589147286691e+01 -9.113809783494806638e+00
1.601744186046511587e+01 -9.311546109246185310e+00
1.605256782945736305e+01 -9.578893950454608230e+00
1.608769379844961023e+01 -9.499016872497424657e+00
1.612281976744185741e+01 -9.227316877223977087e+00
1.615794573643410814e+01 -9.094133393328416304e+00
1.619307170542635177e+01 -9.112885971561356158e+00
1.622819767441860250e+01 -9.156649020875020639e+00
1.626332364341084968e+01 -9.264847339335828380e+00
1.629844961240310042e+01 -9.387364304546816030e+00
1.633357558139534760e+01 -9.528071427308491437e+00
1.636870155038759833e+01 -9.493049547217262685e+00
1.640382751937984196e+01 -9.338640030094726541e+00
1.643895348837209269e+01 -9.268358455714013289e+00
1.647407945736433987e+01 -9.275235595092741647e+00
1.650920542635658705e+01 -9.323956537327266147e+00
1.654433139534883423e+01 -9.400823826149746765e+00
1.657945736434108497e+01 -9.550027511794565882e+00
1.661458333333333215e+01 -9.729146195364156924e+00
1.664970930232557933e+01 -9.699268637912446422e+00
1.668483527131783006e+01 -9.639875375558657922e+00
1.671996124031007724e+01 -9.605835015334815097e+00
1.675508720930232442e+01 -9.595765971100069791e+00
1.679021317829457161e+01 -9.646432302675759018e+00
1.682533914728682234e+01 -9.740717986892251545e+00
1.686046511627906952e+01 -9.746642978523876621e+00
1.689559108527131670e+01 -9.602679288055712803e+00
1.693071705426356388e+01 -9.506440675463146306e+00
1.696584302325581461e+01 -9.463473256263245759e+00
1.700096899224806180e+01 -9.428216751763873305e+00
1.703609496124030542e+01 -9.420743973693941342e+00
1.707122093023255616e+01 -9.436825053627977411e+00
1.710634689922480689e+01 -9.473398090756234069e+00
1.714147286821705407e+01 -9.517046693998810980e+00
1.717659883720930125e+01 -9.538624405688324259e+00
1.721172480620154843e+01 -9.562072586258269169e+00
1.724685077519379561e+01 -9.590106030814910199e+00
1.728197674418604635e+01 -9.627140478602749241e+00
1.731710271317829353e+01 -9.677874944286315895e+00
1.735222868217054071e+01 -9.758038096164392883e+00
1.738735465116279144e+01 -9.853702804509735458e+00
1.742248062015503862e+01 -9.894602282358569312e+00
1.745760658914728225e+01 -9.860233213216391235e+00
1.749273255813952943e+01 -9.794148549514591906e+00
1.752785852713178372e+01 -9.722154198392447100e+00
1.756298449612403090e+01 -9.661223794773487583e+00
1.759811046511627808e+01 -9.625993867729825126e+00
1.763323643410852526e+01 -9.603678974565140081e+00
1.766836240310077244e+01 -9.581554914397022671e+00
1.770348837209301962e+01 -9.565036467675955834e+00
1.773861434108527035e+01 -9.554888093827575091e+00
1.777374031007751753e+01 -9.551856195681885708e+00
1.780886627906976827e+01 -9.554505298969795390e+00
1.784399224806201545e+01 -9.566532315415061660e+00
1.787911821705425908e+01 -9.592023653977234332e+00
1.791424418604650626e+01 -9.629502817369591128e+00
1.794937015503876054e+01 -9.676596105956928540e+00
1.798449612403100772e+01 -9.733830594061519292e+00
1.801962209302325491e+01 -9.797472757672604615e+00
1.805474806201550209e+01 -9.859702872115589045e+00
1.808987403100775282e+01 -9.904267706370708524e+00
1.812499999999999645e+01 -9.925407608856872343e+00
1.816012596899224363e+01 -9.915013445795104019e+00
1.819525193798449791e+01 -9.873624490442930224e+00
1.823037790697674509e+01 -9.822268051845577830e+00
1.826550387596899228e+01 -9.770933616145370593e+00
1.830062984496123946e+01 -9.724013505703961613e+00
1.833575581395348664e+01 -9.685268020382423515e+00
1.837088178294573382e+01 -9.656194327983170567e+00
1.840600775193798455e+01 -9.638299195387077134e+00
1.844113372093023173e+01 -9.629849360873771857e+00
1.847625968992248247e+01 -9.630628044143358935e+00
1.851138565891472965e+01 -9.640361165872144866e+00
1.854651162790697327e+01 -9.658574663408758809e+00
1.858163759689922045e+01 -9.684678672849596381e+00
1.861676356589147119e+01 -9.718248160076436548e+00
1.865188953488372192e+01 -9.759451278661090967e+00
1.868701550387596910e+01 -9.808887809034580130e+00
1.872214147286821628e+01 -9.865280703749236935e+00
1.875726744186046346e+01 -9.924626228526669536e+00
1.879239341085271064e+01 -9.976134247137554922e+00
1.882751937984495783e+01 -1.000235332433004132e+01
1.886264534883720856e+01 -9.990756981511340840e+00
1.889777131782945929e+01 -9.949314225009155521e+00
1.893289728682170647e+01 -9.896775951058980780e+00
1.896802325581395010e+01 -9.845588161221328960e+00
1.900314922480619728e+01 -9.801883837620540163e+00
1.903827519379844802e+01 -9.767068904981794475e+00
1.907340116279069520e+01 -9.740974885344316547e+00
1.910852713178294593e+01 -9.723299166480977362e+00
1.914365310077519311e+01 -9.713583756600131736e+00
1.917877906976744029e+01 -9.712143889668015007e+00
1.921390503875968747e+01 -9.718978998548704951e+00
1.924903100775193465e+01 -9.734460977368348367e+00
1.928415697674418183e+01 -9.759015851586914536e+00
1.931928294573643612e+01 -9.793131944936231292e+00
1.935440891472868330e+01 -9.837022090134118102e+00
1.938953488372092693e+01 -9.889776681192365970e+00
1.942466085271317411e+01 -9.948940004898853218e+00
1.945978682170542484e+01 -1.000826875677606509e+01
1.949491279069767202e+01 -1.005566859010930614e+01
1.953003875968991920e+01 -1.007592373361061533e+01
1.956516472868216994e+01 -1.006151988571994238e+01
1.960029069767441712e+01 -1.002132458810444149e+01
1.963541666666666430e+01 -9.970216564304863027e+00
1.967054263565891148e+01 -9.919933162651483727e+00
1.970566860465115866e+01 -9.876101569377681244e+00
1.974079457364340939e+01 -9.841040235041786488e+00
1.977592054263566013e+01 -9.815360614181185994e+00
1.981104651162790375e+01 -9.799018052252257860e+00
1.984617248062015449e+01 -9.791360113684136834e+00
1.988129844961240167e+01 -9.791895053292506645e+00
1.991642441860464885e+01 -9.800143677585847257e+00
1.995155038759689603e+01 -9.815888180318051326e+00
1.998667635658915032e+01 -9.839306908044902045e+00
2.002180232558139394e+01 -9.870703084635136904e+00
2.005692829457364112e+01 -9.910522635764403176e+00
2.009205426356588831e+01 -9.958779472625918672e+00
2.012718023255813904e+01 -1.001399605959265493e+01
2.016230620155038622e+01 -1.007135712200591549e+01
2.019743217054263340e+01 -1.011967011029832619e+01
2.023255813953488058e+01 -1.014277502643852280e+01
2.026768410852713131e+01 -1.013144995447499319e+01
2.030281007751937850e+01 -1.009349200567229232e+01
2.033793604651162568e+01 -1.004467514295933839e+01
2.037306201550387286e+01 -9.996449573917054465e+00
2.040818798449612359e+01 -9.954119518957741164e+00
2.044331395348837077e+01 -9.919377189055216704e+00
2.047843992248061795e+01 -9.892695418012205977e+00
2.051356589147286513e+01 -9.874252561323828559e+00
2.054869186046511587e+01 -9.864236467847666390e+00
2.058381782945736305e+01 -9.862917271492014137e+00
2.061894379844961023e+01 -9.870533412530722472e+00
2.065406976744185741e+01 -9.887116595714646294e+00
2.068919573643410814e+01 -9.912596209761591837e+00
2.072432170542635532e+01 -9.946599644553399955e+00
2.075944767441860250e+01 -9.988639085448809851e+00
2.079457364341084968e+01 -1.003767561684117027e+01
2.082969961240310042e+01 -1.009125268194928005e+01
2.086482558139534760e+01 -1.014421573802089860e+01
2.089995155038759478e+01 -1.018701532257033726e+01
2.093507751937984196e+01 -1.020654132595882935e+01
2.097020348837209269e+01 -1.019516663597988426e+01
2.100532945736433987e+01 -1.015874685949184375e+01
2.104045542635658705e+01 -1.011103858271087752e+01
2.107558139534883423e+01 -1.006331134858055520e+01
2.111070736434108497e+01 -1.002164386862638779e+01
2.114583333333333215e+01 -9.988350705780106864e+00
2.118095930232557933e+01 -9.963908551974860472e+00
2.121608527131783006e+01 -9.948007091251097833e+00
2.125121124031007724e+01 -9.940059772047415976e+00
2.128633720930232442e+01 -9.939554505483680913e+00
2.132146317829457161e+01 -9.946318822131768655e+00
2.135658914728682234e+01 -9.960532813146103948e+00
2.139171511627906952e+01 -9.982782755698080379e+00
2.142684108527131670e+01 -1.001374999435299706e+01
2.146196705426356388e+01 -1.005382826585601030e+01
2.149709302325581106e+01 -1.010259003667333744e+01
2.153221899224806180e+01 -1.015775617812830234e+01
2.156734496124030898e+01 -1.021329491042033766e+01
2.160247093023255616e+01 -1.025746978200823456e+01
2.163759689922480689e+01 -1.027608974918333118e+01
2.167272286821705407e+01 -1.026322223711393811e+01
2.170784883720929770e+01 -1.022695574134874619e+01
2.174297480620154843e+01 -1.018067496575539899e+01
2.177810077519379917e+01 -1.013425418324792737e+01
2.181322674418604635e+01 -1.009280311562786281e+01
2.184835271317829353e+01 -1.005857805035023134e+01
2.188347868217054071e+01 -1.003255014099562814e+01
2.191860465116278789e+01 -1.001521382850789976e+01
2.195373062015503507e+01 -1.000661420891369602e+01
2.198885658914728580e+01 -1.000664026014986696e+01
2.202398255813953298e+01 -1.001508763732502771e+01
2.205910852713178372e+01 -1.003159145700029597e+01
2.209423449612403090e+01 -1.005579754863644304e+01
2.212936046511627453e+01 -1.008746948800595966e+01
2.216448643410852171e+01 -1.012648369678779225e+01
2.219961240310077599e+01 -1.017233418733724903e+01
2.223473837209302317e+01 -1.022324736122195432e+01
2.226986434108527035e+01 -1.027447222882867095e+01
2.230499031007751753e+01 -1.031641439672803529e+01
2.234011627906976472e+01 -1.033580344581722166e+01
2.237524224806201190e+01 -1.032479515135250381e+01
2.241036821705425908e+01 -1.028952358879847750e+01
2.244549418604650981e+01 -1.024368607158116085e+01
2.248062015503876054e+01 -1.019810196405596159e+01
2.251574612403100772e+01 -1.015825999809833746e+01
2.255087209302325135e+01 -1.012611450051243978e+01
2.258599806201549853e+01 -1.010194306581712809e+01
2.262112403100774927e+01 -1.008550916854375146e+01
2.265625000000000000e+01 -1.007660113157324844e+01
2.269137596899224718e+01 -1.007529096812998048e+01
2.272650193798449791e+01 -1.008187305513038901e+01
2.276162790697674154e+01 -1.009675028600027957e+01
2.279675387596898872e+01 -1.012022537779989229e+01
2.283187984496123590e+01 -1.015240868111256844e+01
2.286700581395349019e+01 -1.019295759305621374e+01
2.290213178294573737e+01 -1.024061914780635085e+01
2.293725775193798455e+01 -1.029253482706063139e+01
2.297238372093022818e+01 -1.034278987533527960e+01
2.300750968992247891e+01 -1.038150340897435164e+01
2.304263565891472609e+01 -1.039736654798486981e+01
2.307776162790697327e+01 -1.038532456426956863e+01
2.311288759689922401e+01 -1.035138724560739831e+01
2.314801356589147474e+01 -1.030714872916679781e+01
2.318313953488371837e+01 -1.026221696626677549e+01
2.321826550387596555e+01 -1.022211481329023641e+01
2.325339147286821273e+01 -1.018937375289525704e+01
2.328851744186046346e+01 -1.016497542153125977e+01
2.332364341085271420e+01 -1.014908729027945178e+01
2.335876937984496138e+01 -1.014147139742642878e+01
2.339389534883720501e+01 -1.014171942132411353e+01
2.342902131782945574e+01 -1.014952930174236023e+01
2.346414728682170292e+01 -1.016481327596878614e+01
2.349927325581395010e+01 -1.018759227464528827e+01
2.353439922480619728e+01 -1.021812777751412149e+01
2.356952519379845157e+01 -1.025667787253200203e+01
2.360465116279069520e+01 -1.030273883660294487e+01
2.363977713178294238e+01 -1.035393290290057600e+01
2.367490310077518956e+01 -1.040433844011050191e+01
2.371002906976744029e+01 -1.044335220705630185e+01
2.374515503875968747e+01 -1.045862312106991432e+01
2.378028100775193820e+01 -1.044508702303478742e+01
2.381540697674418183e+01 -1.041025981104026421e+01
2.385053294573643257e+01 -1.036654579737377802e+01
2.388565891472867975e+01 -1.032307519814801466e+01
2.392078488372092693e+01 -1.028452960613394929e+01
2.395591085271317411e+01 -1.025285960715649836e+01
2.399103682170542484e+01 -1.022881608234587958e+01
2.402616279069767202e+01 -1.021264634904996882e+01
2.406128875968991920e+01 -1.020445751118718292e+01
2.409641472868216638e+01 -1.020427733001557336e+01
2.413154069767441712e+01 -1.021209395233845285e+01
2.416666666666666430e+01 -1.022788791681092491e+01
2.420179263565891148e+01 -1.025159500568515014e+01
2.423691860465115866e+01 -1.028307594858152996e+01
2.427204457364340939e+01 -1.032203091421368946e+01
2.430717054263565657e+01 -1.036752913908071072e+01
2.434229651162790375e+01 -1.041701803158418826e+01
2.437742248062015449e+01 -1.046484089742684631e+01
2.441254844961240167e+01 -1.050134520047710573e+01
2.444767441860464885e+01 -1.051538818213655802e+01
2.448280038759689603e+01 -1.050210204717016360e+01
2.451792635658914676e+01 -1.046785896751609890e+01
2.455305232558139394e+01 -1.042441841422678550e+01
2.458817829457364112e+01 -1.038111260881686526e+01
2.462330426356588831e+01 -1.034296537833355956e+01
2.465843023255813904e+01 -1.031206163735056336e+01
2.469355620155038622e+01 -1.028905347540938386e+01
2.472868217054263340e+01 -1.027394942953576518e+01
2.476380813953488058e+01 -1.026654334544754299e+01
2.479893410852713131e+01 -1.026671532296605527e+01
2.483406007751937850e+01 -1.027448398392941264e+01
2.486918604651162568e+01 -1.028997409497735305e+01
2.490431201550387286e+01 -1.031335464083206688e+01
2.493943798449612359e+01 -1.034472383965006514e+01
2.497456395348837077e+01 -1.038379066972242448e+01
2.500968992248061795e+01 -1.042937869768683079e+01
2.504481589147286513e+01 -1.047854391316242939e+01
2.507994186046511587e+01 -1.052525227517297068e+01
2.511506782945736305e+01 -1.055956748953475888e+01
2.515019379844961023e+01 -1.057083720700255292e+01
2.518531976744185741e+01 -1.055576845146849152e+01
2.522044573643410814e+01 -1.052159134913349625e+01
2.525557170542635532e+01 -1.047931567391413310e+01
2.529069767441859895e+01 -1.043727112461370510e+01
2.532582364341084968e+01 -1.040004798672429054e+01
2.536094961240310042e+01 -1.036973821764557790e+01
2.539607558139534405e+01 -1.034712008498375724e+01
2.543120155038759478e+01 -1.033234486843850597e+01
2.546632751937983841e+01 -1.032537677604378779e+01
2.550145348837209269e+01 -1.032616821104264382e+01
2.553657945736433987e+01 -1.033464724882411012e+01
2.557170542635658705e+01 -1.035077720908782695e+01
2.560683139534883423e+01 -1.037457794470084238e+01
2.564195736434108142e+01 -1.040601797675652129e+01
2.567708333333333215e+01 -1.044473565673001225e+01
2.571220930232557578e+01 -1.048957271017011728e+01
2.574733527131783006e+01 -1.053759885524515560e+01
2.578246124031007724e+01 -1.058268197624222928e+01
2.581758720930232087e+01 -1.061484494103659237e+01
2.585271317829457161e+01 -1.062386828539594141e+01
2.588783914728681879e+01 -1.060725459897233947e+01
2.592296511627906952e+01 -1.057260133683362469e+01
2.595809108527131315e+01 -1.053073410415461098e+01
2.599321705426356388e+01 -1.048964023170754878e+01
2.602834302325581461e+01 -1.045361453076260183e+01
2.606346899224805824e+01 -1.042449691262205036e+01
2.609859496124030898e+01 -1.040290268130258156e+01
2.613372093023255260e+01 -1.038896200410648341e+01
2.616884689922480689e+01 -1.038264894851671905e+01
2.620397286821705407e+01 -1.038392711180605588e+01
2.623909883720929770e+01 -1.039279443690730353e+01
2.627422480620154843e+01 -1.040930745101352706e+01
2.630935077519379561e+01 -1.043353705731413505e+01
2.634447674418604635e+01 -1.046539023416765701e+01
2.637960271317828997e+01 -1.050433776799024699e+01
2.641472868217054071e+01 -1.054889773796243801e+01
2.644985465116279144e+01 -1.059572080333328081e+01
2.648498062015503507e+01 -1.063834144351099731e+01
2.652010658914728580e+01 -1.066704143248105474e+01
2.655523255813952943e+01 -1.067284029538276080e+01
2.659035852713178372e+01 -1.065451239907851999e+01
2.662548449612402734e+01 -1.061975999898237610e+01
2.666061046511627453e+01 -1.057874424478725039e+01
2.669573643410852526e+01 -1.053886493794186130e+01
2.673086240310077244e+01 -1.050408685123412944e+01
2.676598837209302317e+01 -1.047613767710949695e+01
2.680111434108526680e+01 -1.045563669557022379e+01
2.683624031007751753e+01 -1.044272787996843199e+01
2.687136627906976472e+01 -1.043738024011774179e+01
2.690649224806201190e+01 -1.043953924147915480e+01
2.694161821705426263e+01 -1.044919606655030897e+01
2.697674418604650626e+01 -1.046637711247578828e+01
2.701187015503876054e+01 -1.049109602845768663e+01
2.704699612403100417e+01 -1.052321108115758719e+01
2.708212209302325491e+01 -1.056210536848036519e+01
2.711724806201550209e+01 -1.060610765820607426e+01
2.715237403100774927e+01 -1.065146942771179717e+01
2.718750000000000000e+01 -1.069128693361360405e+01
2.722262596899224363e+01 -1.071596999548132878e+01
2.725775193798449791e+01 -1.071781942160224155e+01
2.729287790697674154e+01 -1.069720104169484465e+01
2.732800387596898872e+01 -1.066218416417572357e+01
2.736312984496123946e+01 -1.062220710943981672e+01
2.739825581395348664e+01 -1.058388571575470216e+01
2.743338178294573737e+01 -1.055074837000395860e+01
2.746850775193798100e+01 -1.052435575423545089e+01
2.750363372093023173e+01 -1.050528131262409737e+01
2.753875968992247891e+01 -1.049366325166844405e+01
2.757388565891472609e+01 -1.048948564050572152e+01
2.760901162790697683e+01 -1.049272019208848761e+01
2.764413759689922045e+01 -1.050336057583508698e+01
2.767926356589147474e+01 -1.052142001049182696e+01
2.771438953488371837e+01 -1.054685704461905438e+01
2.774951550387596555e+01 -1.057941731920237061e+01
2.778464147286821273e+01 -1.061827267588113699e+01
2.781976744186046346e+01 -1.066139029826104689e+01
2.785489341085271420e+01 -1.070453938988331544e+01
2.789001937984495783e+01 -1.074046971259794070e+01
2.792514534883720856e+01 -1.076007521724380567e+01
2.796027131782945574e+01 -1.075736072597026727e+01
2.799539728682170292e+01 -1.073431584720542453e+01
2.803052325581395365e+01 -1.069917148866291434e+01
2.806564922480619728e+01 -1.066050361378095701e+01
2.810077519379845157e+01 -1.062409184384499028e+01
2.813590116279069520e+01 -1.059297971203090150e+01
2.817102713178293882e+01 -1.056852512515054698e+01
2.820615310077518956e+01 -1.055123692037191852e+01
2.824127906976744029e+01 -1.054124804003648919e+01
2.827640503875969102e+01 -1.053856995750171599e+01
2.831153100775193465e+01 -1.054318536544832341e+01
2.834665697674418539e+01 -1.055509614369037585e+01
2.838178294573643257e+01 -1.057428113908159339e+01
2.841690891472867975e+01 -1.060061296199100411e+01
2.845203488372092693e+01 -1.063366445232107083e+01
2.848716085271317411e+01 -1.067231398534183384e+01
2.852228682170542839e+01 -1.071406486142034176e+01
2.855741279069767202e+01 -1.075410875718610448e+01
2.859253875968991565e+01 -1.078493414545163809e+01
2.862766472868216638e+01 -1.079833351079787995e+01
2.866279069767441712e+01 -1.079044094668556575e+01
2.869791666666666785e+01 -1.076490436590571953e+01
2.873304263565891148e+01 -1.072985279242719692e+01
2.876816860465116577e+01 -1.069283360737796151e+01
2.880329457364340939e+01 -1.065871473208743581e+01
2.883842054263565302e+01 -1.063004190812455185e+01
2.887354651162790375e+01 -1.060795290467944163e+01
2.890867248062015449e+01 -1.059287838947285287e+01
2.894379844961240522e+01 -1.058493897196714073e+01
2.897892441860464885e+01 -1.058415136485671226e+01
2.901405038759689248e+01 -1.059050541907686238e+01
2.904917635658914676e+01 -1.060399403751967107e+01
2.908430232558139394e+01 -1.062455613910066710e+01
2.911942829457364112e+01 -1.065195116265810071e+01
2.915455426356588831e+01 -1.068551789655148987e+01
2.918968023255814259e+01 -1.072371665392896212e+01
2.922480620155038622e+01 -1.076341615808199847e+01
2.925993217054262985e+01 -1.079914074812188751e+01
2.929505813953488058e+01 -1.082338039559278542e+01
2.933018410852713131e+01 -1.082944768925878698e+01
2.936531007751937850e+01 -1.081600143659385793e+01
2.940043604651162568e+01 -1.078813147569761455e+01
2.943556201550386930e+01 -1.075351684091720550e+01
2.947068798449612359e+01 -1.071852654697747198e+01
2.950581395348836722e+01 -1.068709750295441552e+01
2.954093992248061795e+01 -1.066126666476578322e+01
2.957606589147286513e+01 -1.064195163290255053e+01
2.961119186046511942e+01 -1.062950622869905892e+01
2.964631782945736305e+01 -1.062403821561055572e+01
2.968144379844960667e+01 -1.062556507535819428e+01
2.971656976744185741e+01 -1.063407452508738160e+01
2.975169573643410459e+01 -1.064952313788008098e+01
2.978682170542635532e+01 -1.067176171411520080e+01
2.982194767441860250e+01 -1.070038017111329154e+01
2.985707364341084613e+01 -1.073438000021450200e+01
2.989219961240310042e+01 -1.077166627245401465e+01
2.992732558139534405e+01 -1.080833583100444351e+01
2.996245155038759478e+01 -1.083831336694800207e+01
2.999757751937984196e+01 -1.085452996596166031e+01
3.003270348837209269e+01 -1.085248570625181586e+01
3.006782945736433987e+01 -1.083346780362710682e+01
3.010295542635658350e+01 -1.080357783637993130e+01
3.013808139534883423e+01 -1.076973205561492719e+01
3.017320736434108142e+01 -1.073708189566658611e+01
3.020833333333333215e+01 -1.070866714440656864e+01
3.024345930232557933e+01 -1.068603053771253641e+01
3.027858527131782296e+01 -1.066986500545066185e+01
3.031371124031007724e+01 -1.066044389460607711e+01
3.034883720930232087e+01 -1.065785425104650308e+01
3.038396317829457161e+01 -1.066210980510982864e+01
3.041908914728681879e+01 -1.067318410439756704e+01
3.045421511627906952e+01 -1.069097460463657434e+01
3.048934108527131670e+01 -1.071520788786684264e+01
3.052446705426356033e+01 -1.074519391743894126e+01
3.055959302325581461e+01 -1.077946977911375193e+01
3.059471899224805824e+01 -1.081518819145353660e+01
3.062984496124030898e+01 -1.084759003509279296e+01
3.066497093023255260e+01 -1.087023390531871136e+01
3.070009689922480334e+01 -1.087724083805422381e+01
3.073522286821705407e+01 -1.086684340184352138e+01
3.077034883720929770e+01 -1.084270401526135608e+01
3.080547480620154843e+01 -1.081128780916251486e+01
3.084060077519379561e+01 -1.077852585186314371e+01
3.087572674418604635e+01 -1.074840830706858874e+01
3.091085271317829353e+01 -1.072316959439775985e+01
3.094597868217053716e+01 -1.070392046652471763e+01
3.098110465116279144e+01 -1.069115287311186258e+01
3.101623062015503507e+01 -1.068505850943994595e+01
3.105135658914728580e+01 -1.068569233673981955e+01
3.108648255813952943e+01 -1.069305497193631105e+01
3.112160852713178016e+01 -1.070708187115906895e+01
3.115673449612403090e+01 -1.072758245032336255e+01
3.119186046511627453e+01 -1.075408157775074258e+01
3.122698643410852526e+01 -1.078552119868765224e+01
3.126211240310077244e+01 -1.081977862816468949e+01
3.129723837209302317e+01 -1.085309130762590435e+01
3.133236434108526680e+01 -1.087984286794758049e+01
3.136749031007751398e+01 -1.089375347467723287e+01
3.140261627906976827e+01 -1.089093756528531287e+01
3.143774224806201190e+01 -1.087259232452817592e+01
3.147286821705426263e+01 -1.084410254084148129e+01
3.150799418604650626e+01 -1.081172524701963766e+01
3.154312015503875699e+01 -1.078028925582463948e+01
3.157824612403100772e+01 -1.075274966803445054e+01
3.161337209302325135e+01 -1.073068622117800963e+01
3.164849806201550209e+01 -1.071484729205236874e+01
3.168362403100774927e+01 -1.070555482604978792e+01
3.171875000000000000e+01 -1.070293130106980861e+01
