0.000000000000000000e+00 -inf
3.565907813378301622e-02 -4.564901037406819739e+00
7.131815626756603244e-02 -4.325300673658335704e+00
1.069772344013490695e-01 -4.002169353867894408e+00
1.426363125351320649e-01 -3.716162157313117387e+00
1.782953906689151158e-01 -3.446366227033336394e+00
2.139544688026981389e-01 -3.238048514267830580e+00
2.496135469364811621e-01 -2.999470825864888557e+00
2.852726250702641297e-01 -2.798339500300020877e+00
3.209317032040471807e-01 -2.589030092960710849e+00
3.565907813378302316e-01 -2.423147575277209587e+00
3.922498594716132270e-01 -2.316863449477143178e+00
4.279089376053962779e-01 -2.209847803562530633e+00
4.635680157391792733e-01 -2.138978717828464049e+00
4.992270938729623242e-01 -2.047872416625318159e+00
5.348861720067452641e-01 -1.883912390066332154e+00
5.705452501405282595e-01 -1.691358236251207625e+00
6.062043282743113659e-01 -1.537432371417707389e+00
6.418634064080943613e-01 -1.431983493848710154e+00
6.775224845418773567e-01 -1.369025965412304036e+00
7.131815626756604631e-01 -1.362157373599513832e+00
7.488406408094433475e-01 -1.409469345846093180e+00
7.844997189432264539e-01 -1.480061386796303946e+00
8.201587970770094493e-01 -1.451211601339686963e+00
8.558178752107925558e-01 -1.428665571711160487e+00
8.914769533445754401e-01 -1.486405343126013356e+00
9.271360314783585466e-01 -1.472800710513242795e+00
9.627951096121414309e-01 -1.448253968535347713e+00
9.984541877459246484e-01 -1.550445341714967284e+00
1.034113265879707644e+00 -1.600646248704007180e+00
1.069772344013490528e+00 -1.581055023621070310e+00
1.105431422147273413e+00 -1.688548529176673307e+00
1.141090500281056519e+00 -1.668681887894536864e+00
1.176749578414839847e+00 -1.672773009606070449e+00
1.212408656548622732e+00 -1.770861943570084751e+00
1.248067734682405838e+00 -1.697301362367161115e+00
1.283726812816188723e+00 -1.732347257205397284e+00
1.319385890949971829e+00 -1.757275987626950808e+00
1.355044969083754713e+00 -1.693221120898140475e+00
1.390704047217537820e+00 -1.766238857975854781e+00
1.426363125351320926e+00 -1.740213400920974873e+00
1.462022203485103811e+00 -1.742389880470819996e+00
1.497681281618886695e+00 -1.823520932661190974e+00
1.533340359752669801e+00 -1.764808826902745320e+00
1.568999437886452908e+00 -1.832926075930385590e+00
1.604658516020235792e+00 -1.857477134470970404e+00
1.640317594154018899e+00 -1.814580992637751189e+00
1.675976672287801783e+00 -1.866567761301963113e+00
1.711635750421585112e+00 -1.780594137473516803e+00
1.747294828555368218e+00 -1.743106341639333978e+00
1.782953906689150880e+00 -1.768001663627837949e+00
1.818612984822933987e+00 -1.696464987450384099e+00
1.854272062956717093e+00 -1.762956156085877746e+00
1.889931141090500200e+00 -1.734964986872265635e+00
1.925590219224282862e+00 -1.768744936652099753e+00
1.961249297358066190e+00 -1.812570750541912856e+00
1.996908375491849297e+00 -1.820094816668867965e+00
2.032567453625632403e+00 -1.912912428424730527e+00
2.068226531759415288e+00 -1.890682439241414547e+00
2.103885609893198172e+00 -2.089465045581973435e+00
2.139544688026981056e+00 -2.355411831916835119e+00
2.175203766160764385e+00 -2.170645320383834509e+00
2.210862844294546825e+00 -1.964147595596264839e+00
2.246521922428330154e+00 -1.944224048501502544e+00
2.282181000562113038e+00 -1.995724085162683403e+00
2.317840078695896366e+00 -2.324123456794128018e+00
2.353499156829679695e+00 -1.917643087151289505e+00
2.389158234963462135e+00 -1.657325929427771571e+00
2.424817313097245464e+00 -1.579311655232883194e+00
2.460476391231028792e+00 -1.541154452955322052e+00
2.496135469364811676e+00 -1.446370475767535746e+00
2.531794547498594561e+00 -1.439041719418904908e+00
2.567453625632377445e+00 -1.400726979530457328e+00
2.603112703766160330e+00 -1.387078632640924347e+00
2.638771781899943658e+00 -1.432279299181752119e+00
2.674430860033726098e+00 -1.528238861258992110e+00
2.710089938167509427e+00 -1.547742951455430394e+00
2.745749016301292755e+00 -1.595222702696011963e+00
2.781408094435075640e+00 -1.638396691233372282e+00
2.817067172568858524e+00 -1.730514030893281374e+00
2.852726250702641853e+00 -1.840842942817537464e+00
2.888385328836424737e+00 -2.026903828504765581e+00
2.924044406970207621e+00 -2.308670869695713446e+00
2.959703485103990506e+00 -2.320979424252814560e+00
2.995362563237773390e+00 -2.352061326624714788e+00
3.031021641371556719e+00 -2.374525913769950147e+00
3.066680719505339603e+00 -2.360389556270451550e+00
3.102339797639122931e+00 -2.463605346492735659e+00
3.137998875772905816e+00 -2.326409416730236934e+00
3.173657953906689144e+00 -2.481756611105578436e+00
3.209317032040471585e+00 -2.542501005576848883e+00
3.244976110174254913e+00 -2.836731481442926306e+00
3.280635188308037797e+00 -3.124456946909589306e+00
3.316294266441821126e+00 -3.203426074349756458e+00
3.351953344575603566e+00 -2.718947098228553738e+00
3.387612422709386895e+00 -2.801919107452508939e+00
3.423271500843170223e+00 -2.562068660546661381e+00
3.458930578976953107e+00 -2.723797120900440127e+00
3.494589657110736436e+00 -2.654456553703836708e+00
3.530248735244518876e+00 -2.867886682480526250e+00
3.565907813378301761e+00 -2.767001989359330949e+00
3.601566891512085089e+00 -2.937068548115970845e+00
3.637225969645867973e+00 -2.754178368360669094e+00
3.672885047779651302e+00 -2.796633401790409756e+00
3.708544125913434186e+00 -2.622253002182316717e+00
3.744203204047217071e+00 -2.662401743521304098e+00
3.779862282181000399e+00 -2.566963344198483821e+00
3.815521360314782839e+00 -2.597276996036832042e+00
3.851180438448565724e+00 -2.608934284280675087e+00
3.886839516582349052e+00 -2.682875892143745222e+00
3.922498594716132381e+00 -2.803070931493554241e+00
3.958157672849915265e+00 -2.858879918415441423e+00
3.993816750983698594e+00 -3.101964263427698043e+00
4.029475829117481922e+00 -3.035828673467166450e+00
4.065134907251264806e+00 -3.608474503556149848e+00
4.100793985385047691e+00 -3.281414188227258499e+00
4.136453063518830575e+00 -3.559619094004248918e+00
4.172112141652612571e+00 -3.507374543243418241e+00
4.207771219786396344e+00 -3.403966019977314517e+00
4.243430297920179228e+00 -3.464824948339015886e+00
4.279089376053962113e+00 -3.220399420156434545e+00
4.314748454187745885e+00 -3.438179891810500877e+00
4.350407532321528770e+00 -3.125263076422406527e+00
4.386066610455311654e+00 -3.258213731017169046e+00
4.421725688589093650e+00 -3.092644398071434431e+00
4.457384766722877423e+00 -3.191205286161669097e+00
4.493043844856660307e+00 -3.190061161085596453e+00
4.528702922990444080e+00 -3.156789227357922112e+00
4.564362001124226076e+00 -3.434669216834731920e+00
4.600021079258009848e+00 -3.389431628840849697e+00
4.635680157391792733e+00 -3.707257690270481909e+00
4.671339235525575617e+00 -3.631161637437006817e+00
4.706998313659359390e+00 -3.590641096952591482e+00
4.742657391793142274e+00 -4.060764454297165038e+00
4.778316469926924270e+00 -3.640721458246200637e+00
4.813975548060707155e+00 -3.514303045154048011e+00
4.849634626194490927e+00 -3.544042501334727646e+00
4.885293704328273812e+00 -3.407424591179106343e+00
4.920952782462057584e+00 -3.556288337765415086e+00
4.956611860595839580e+00 -3.367930718365124143e+00
4.992270938729623353e+00 -3.513656947226389882e+00
5.027930016863405349e+00 -3.522522586727690808e+00
5.063589094997189122e+00 -3.564282770266036238e+00
5.099248173130972006e+00 -3.781962516431613963e+00
5.134907251264754890e+00 -3.668549858120481399e+00
5.170566329398537775e+00 -3.943482410956051787e+00
5.206225407532320659e+00 -3.938455732929678987e+00
5.241884485666104432e+00 -3.818468374803174470e+00
5.277543563799887316e+00 -4.017693502350058843e+00
5.313202641933671089e+00 -3.833546751998599955e+00
5.348861720067452197e+00 -3.933493663719036526e+00
5.384520798201235969e+00 -3.946707890437198607e+00
5.420179876335018854e+00 -4.058212805587579020e+00
5.455838954468802626e+00 -4.361612683683240732e+00
5.491498032602585511e+00 -4.094773653902743504e+00
5.527157110736367507e+00 -4.176957880765209907e+00
5.562816188870151279e+00 -4.071533787633483392e+00
5.598475267003934164e+00 -4.037910684398641870e+00
5.634134345137717048e+00 -4.301463725099485380e+00
5.669793423271499933e+00 -4.425436564977989207e+00
5.705452501405283705e+00 -4.474856082654098621e+00
5.741111579539065701e+00 -4.567917831102595194e+00
5.776770657672849474e+00 -4.368988513649933125e+00
5.812429735806632358e+00 -4.061811513109896410e+00
5.848088813940415243e+00 -4.072574069773951422e+00
5.883747892074199015e+00 -4.267378882302450549e+00
5.919406970207981011e+00 -4.220690476547097170e+00
5.955066048341763896e+00 -4.071867203278086933e+00
5.990725126475546780e+00 -4.203470873505409600e+00
6.026384204609330553e+00 -4.523277970131687198e+00
6.062043282743113437e+00 -4.191157686342302569e+00
6.097702360876897210e+00 -4.189365248023267263e+00
6.133361439010679206e+00 -4.301550852233716249e+00
6.169020517144462978e+00 -4.657235114597024328e+00
6.204679595278245863e+00 -4.402147733456850176e+00
6.240338673412028747e+00 -4.295364526205771583e+00
6.275997751545811632e+00 -4.647678092607566924e+00
6.311656829679593628e+00 -4.548816596975632010e+00
6.347315907813378288e+00 -4.760421932414532264e+00
6.382974985947160285e+00 -4.569752882143311545e+00
6.418634064080943169e+00 -4.503450691780767734e+00
6.454293142214726942e+00 -5.013902071386068471e+00
6.489952220348509826e+00 -4.719638601641130471e+00
6.525611298482292710e+00 -4.780959947590916137e+00
6.561270376616075595e+00 -4.763453004877963082e+00
6.596929454749859367e+00 -4.625146507198480528e+00
6.632588532883642252e+00 -5.037262331679415617e+00
6.668247611017426024e+00 -4.741674100286117799e+00
6.703906689151207132e+00 -5.465995152969053805e+00
6.739565767284990017e+00 -4.808475037048276057e+00
6.775224845418773789e+00 -4.993464791896616184e+00
6.810883923552556674e+00 -4.948666248739400864e+00
6.846543001686340446e+00 -4.961326075866134389e+00
6.882202079820123330e+00 -4.884201530548068604e+00
6.917861157953906215e+00 -5.020881248364699623e+00
6.953520236087689099e+00 -4.883417260942936267e+00
6.989179314221472872e+00 -5.152509360720785914e+00
7.024838392355254868e+00 -4.892330036434823448e+00
7.060497470489037752e+00 -5.000089059291773275e+00
7.096156548622820637e+00 -4.893420146355291322e+00
7.131815626756603521e+00 -4.813882202261418719e+00
7.167474704890387294e+00 -5.641285255004270027e+00
7.203133783024170178e+00 -4.690461575750322076e+00
7.238792861157953951e+00 -4.752401244799067115e+00
7.274451939291735947e+00 -4.782644281928493335e+00
7.310111017425517943e+00 -5.058481992489316070e+00
7.345770095559302604e+00 -5.163229297439697163e+00
7.381429173693084600e+00 -4.888718044106511229e+00
7.417088251826868373e+00 -5.087309434402277120e+00
7.452747329960651257e+00 -4.940376958852584544e+00
7.488406408094434141e+00 -5.223591830369427313e+00
7.524065486228217026e+00 -5.137676116313492081e+00
7.559724564362000798e+00 -5.221309011760626007e+00
7.595383642495783683e+00 -5.101660254961259966e+00
7.631042720629565679e+00 -5.171519692971267901e+00
7.666701798763349451e+00 -5.040144316365951838e+00
7.702360876897131448e+00 -5.480061404782638590e+00
7.738019955030915220e+00 -5.190905067918484939e+00
7.773679033164698104e+00 -5.358587143736864178e+00
7.809338111298481877e+00 -5.276256380237217769e+00
7.844997189432264761e+00 -5.297421890765098951e+00
7.880656267566047646e+00 -5.337524160737555867e+00
7.916315345699830530e+00 -5.280717305939368167e+00
7.951974423833612526e+00 -5.340681350489829171e+00
7.987633501967397187e+00 -5.413366743633854838e+00
8.023292580101179183e+00 -5.299944706635576708e+00
8.058951658234963844e+00 -5.437744255979945152e+00
8.094610736368744952e+00 -5.341488509887196479e+00
8.130269814502529613e+00 -5.372335273405356659e+00
8.165928892636310721e+00 -5.374657788717467355e+00
8.201587970770095382e+00 -5.377744707885097064e+00
8.237247048903876490e+00 -5.463770135219747637e+00
8.272906127037661150e+00 -5.422547801011832647e+00
8.308565205171444035e+00 -5.475896192539437379e+00
8.344224283305225143e+00 -5.394071214165761852e+00
8.379883361439009803e+00 -5.493161509022756128e+00
8.415542439572792688e+00 -5.410702224844328612e+00
8.451201517706577349e+00 -5.510520165127697823e+00
8.486860595840358457e+00 -5.521715652979623634e+00
8.522519673974141341e+00 -5.530898003805375218e+00
8.558178752107924225e+00 -5.728357838658113543e+00
8.593837830241707110e+00 -5.599888342555093601e+00
8.629496908375491770e+00 -5.582871881705854022e+00
8.665155986509272878e+00 -5.603202988336284385e+00
8.700815064643057539e+00 -5.856011929550966499e+00
8.736474142776840424e+00 -5.675259012294031180e+00
8.772133220910623308e+00 -5.935720581778149096e+00
8.807792299044406192e+00 -5.753072551463608519e+00
8.843451377178187300e+00 -5.950741785798475014e+00
8.879110455311973737e+00 -5.773507994103668217e+00
8.914769533445754846e+00 -5.877153847979249335e+00
8.950428611579537730e+00 -5.888036057528258205e+00
8.986087689713320614e+00 -5.780999668818438408e+00
9.021746767847103499e+00 -5.813502062727530451e+00
9.057405845980888159e+00 -5.902980732977880507e+00
9.093064924114671044e+00 -5.785426043890457670e+00
9.128724002248452152e+00 -5.892051937525810246e+00
9.164383080382235036e+00 -5.792395076125409048e+00
9.200042158516019697e+00 -5.900993076470655296e+00
9.235701236649802581e+00 -5.813581179913488661e+00
9.271360314783585466e+00 -5.870537964884552373e+00
9.307019392917366574e+00 -5.870488737889614228e+00
9.342678471051151234e+00 -5.840343726758749909e+00
9.378337549184934119e+00 -5.933249595762204898e+00
9.413996627318718780e+00 -5.905516428780650529e+00
9.449655705452499888e+00 -5.869277365200166408e+00
9.485314783586284548e+00 -6.013054862822225566e+00
9.520973861720067433e+00 -5.931089977714741224e+00
9.556632939853848541e+00 -5.951420233796865134e+00
9.592292017987633201e+00 -6.087608483922727132e+00
9.627951096121414309e+00 -6.051493594289189204e+00
9.663610174255198970e+00 -6.064251214870850504e+00
9.699269252388981855e+00 -6.127068053918371504e+00
9.734928330522764739e+00 -6.136289739553345335e+00
9.770587408656547623e+00 -6.163820050936593020e+00
9.806246486790330508e+00 -6.138034850748925741e+00
9.841905564924115168e+00 -6.187075493018714845e+00
9.877564643057896276e+00 -6.208388625193548727e+00
9.913223721191679161e+00 -6.248160854111750595e+00
9.948882799325462045e+00 -6.284963527632272395e+00
9.984541877459246706e+00 -6.214647829029950721e+00
1.002020095559302959e+01 -6.251279835325028955e+00
1.005586003372681070e+01 -6.282263809841738045e+00
1.009151911186059358e+01 -6.273519777388268714e+00
1.012717818999437824e+01 -6.328695498343697601e+00
1.016283726812816113e+01 -6.233827793001492701e+00
1.019849634626194401e+01 -6.283007067751253949e+00
1.023415542439572690e+01 -6.273869824014863816e+00
1.026981450252950978e+01 -6.283521677146670648e+00
1.030547358066329444e+01 -6.263383787740488984e+00
1.034113265879707555e+01 -6.280705278743215381e+00
1.037679173693085843e+01 -6.322413885099695818e+00
1.041245081506464132e+01 -6.301497247602512175e+00
1.044810989319842598e+01 -6.337030559895124426e+00
1.048376897133220886e+01 -6.386886901877772971e+00
1.051942804946598997e+01 -6.413421100217377990e+00
1.055508712759977463e+01 -6.453399026425364227e+00
1.059074620573355574e+01 -6.398554982165500782e+00
1.062640528386734218e+01 -6.447280282522114270e+00
1.066206436200112329e+01 -6.454540006332053714e+00
1.069772344013490439e+01 -6.390598839066562675e+00
1.073338251826868905e+01 -6.413569193655344058e+00
1.076904159640247194e+01 -6.381460871455033157e+00
1.080470067453625660e+01 -6.417840955204287212e+00
1.084035975267003771e+01 -6.379522213919213591e+00
1.087601883080382059e+01 -6.372624888212812699e+00
1.091167790893760525e+01 -6.384401633405523135e+00
1.094733698707138814e+01 -6.433454406025427730e+00
1.098299606520517102e+01 -6.407347476127414510e+00
1.101865514333895213e+01 -6.382914062127798438e+00
1.105431422147273501e+01 -6.414046350835256760e+00
1.108997329960651967e+01 -6.389253953397817654e+00
1.112563237774030256e+01 -6.424426107238767614e+00
1.116129145587408544e+01 -6.464892512519482715e+00
1.119695053400786833e+01 -6.461678485357693624e+00
1.123260961214165299e+01 -6.426446696842709194e+00
1.126826869027543410e+01 -6.470724768759406054e+00
1.130392776840921698e+01 -6.499399671366496101e+00
1.133958684654299987e+01 -6.573172976013960778e+00
1.137524592467678275e+01 -6.436453287155474712e+00
1.141090500281056741e+01 -6.418015245092001386e+00
1.144656408094435029e+01 -6.448967227280398617e+00
1.148222315907813140e+01 -6.454516732771663712e+00
1.151788223721191606e+01 -6.509628753587532124e+00
1.155354131534569895e+01 -6.489407531504935989e+00
1.158920039347948183e+01 -6.474859269646832338e+00
1.162485947161326472e+01 -6.460169637032430856e+00
1.166051854974704582e+01 -6.450250377002771707e+00
1.169617762788083049e+01 -6.488007615328310607e+00
1.173183670601461337e+01 -6.498080495397196898e+00
1.176749578414839803e+01 -6.497432699134314760e+00
1.180315486228217914e+01 -6.505714210366054573e+00
1.183881394041596202e+01 -6.496482447519211334e+00
1.187447301854974668e+01 -6.538182617787165363e+00
1.191013209668352779e+01 -6.559320536199910734e+00
1.194579117481731245e+01 -6.547078962900058308e+00
1.198145025295109356e+01 -6.571077324898837446e+00
1.201710933108487822e+01 -6.585875464124056222e+00
1.205276840921866111e+01 -6.601690327015756310e+00
1.208842748735244399e+01 -6.642576788874675842e+00
1.212408656548622687e+01 -6.620609798806316171e+00
1.215974564362000976e+01 -6.599318162591526260e+00
1.219540472175379442e+01 -6.604680818114005980e+00
1.223106379988757553e+01 -6.610359091489636185e+00
1.226672287802135841e+01 -6.651167648621939321e+00
1.230238195615514130e+01 -6.692263341748231120e+00
1.233804103428892596e+01 -6.728084890133184892e+00
1.237370011242270884e+01 -6.726399757210930197e+00
1.240935919055649173e+01 -6.717290284193325967e+00
1.244501826869027283e+01 -6.738150466928455096e+00
1.248067734682405749e+01 -6.746464286281695699e+00
1.251633642495784038e+01 -6.754828082782742271e+00
1.255199550309162326e+01 -6.743072274250806686e+00
1.258765458122540615e+01 -6.780221562597657403e+00
1.262331365935918726e+01 -6.875618009401911479e+00
1.265897273749297369e+01 -6.871206796665489058e+00
1.269463181562675658e+01 -6.858884579376997692e+00
1.273029089376053946e+01 -6.874182537172671026e+00
1.276594997189432057e+01 -6.880766715340872253e+00
1.280160905002810345e+01 -6.906160775354865500e+00
1.283726812816188634e+01 -6.931973335178503781e+00
1.287292720629567100e+01 -6.974746937153414983e+00
1.290858628442945388e+01 -7.018163425994761617e+00
1.294424536256323677e+01 -7.018161128327242260e+00
1.297990444069701965e+01 -7.026358093216197531e+00
1.301556351883080431e+01 -7.068245782176105330e+00
1.305122259696458542e+01 -7.069749387806078644e+00
1.308688167509836831e+01 -7.092900244109792141e+00
1.312254075323215119e+01 -7.119360570845499225e+00
1.315819983136593407e+01 -7.166289525652210557e+00
1.319385890949971873e+01 -7.302460628908199247e+00
1.322951798763349984e+01 -7.303430380293150392e+00
1.326517706576728450e+01 -7.234455819065941817e+00
1.330083614390106561e+01 -7.259449819154748518e+00
1.333649522203485205e+01 -7.300202539650593181e+00
1.337215430016863316e+01 -7.314665126813040708e+00
1.340781337830241426e+01 -7.363507634422828296e+00
1.344347245643619893e+01 -7.413971150984628444e+00
1.347913153456998003e+01 -7.491484829958080738e+00
1.351479061270376647e+01 -7.504538005138323697e+00
1.355044969083754758e+01 -7.551644309499756069e+00
1.358610876897133046e+01 -7.590121714371456108e+00
1.362176784710511335e+01 -7.501463676396112668e+00
1.365742692523889801e+01 -7.545740635385836725e+00
1.369308600337268089e+01 -7.635115423009288804e+00
1.372874508150646200e+01 -7.694309949250086156e+00
1.376440415964024666e+01 -7.762703918679434878e+00
1.380006323777402777e+01 -7.720627057986733988e+00
1.383572231590781243e+01 -7.686149196274444151e+00
1.387138139404159531e+01 -7.768117623752993417e+00
1.390704047217537820e+01 -7.886280881603411785e+00
1.394269955030916108e+01 -7.934967953350538394e+00
1.397835862844294574e+01 -7.989023198412783522e+00
1.401401770657672685e+01 -7.979073455772967449e+00
1.404967678471050974e+01 -8.102145783750836827e+00
1.408533586284429262e+01 -8.157551514376574886e+00
1.412099494097807550e+01 -8.066855423924799595e+00
1.415665401911186017e+01 -8.057659877045768582e+00
1.419231309724564127e+01 -8.053228469439643433e+00
1.422797217537942593e+01 -8.259287010274757534e+00
1.426363125351320704e+01 -8.381489223128378185e+00
1.429929033164699348e+01 -8.254849620269888888e+00
1.433494940978077459e+01 -8.354816496066451492e+00
1.437060848791455747e+01 -8.443314597969317603e+00
1.440626756604834036e+01 -8.552442575800091262e+00
1.444192664418212146e+01 -8.798555491578616383e+00
1.447758572231590790e+01 -8.895311992037200355e+00
1.451324480044968901e+01 -8.897722323350796714e+00
1.454890387858347189e+01 -8.812700687484976925e+00
1.458456295671725478e+01 -8.733457113037633945e+00
1.462022203485103589e+01 -8.864355638594958009e+00
1.465588111298482232e+01 -9.095598267323172337e+00
1.469154019111860521e+01 -9.400509294835941887e+00
1.472719926925238809e+01 -9.232219786889574564e+00
1.476285834738616920e+01 -8.916926392246946165e+00
1.479851742551995386e+01 -8.792203991722562506e+00
1.483417650365373675e+01 -8.740210827522377102e+00
1.486983558178751963e+01 -9.046264153775441130e+00
1.490549465992130251e+01 -8.784159858701556800e+00
1.494115373805508362e+01 -8.681213766285155842e+00
1.497681281618886828e+01 -8.686908400909411299e+00
1.501247189432265294e+01 -8.774361526719046012e+00
1.504813097245643405e+01 -8.710038984144528484e+00
1.508379005059021694e+01 -8.736774205615615685e+00
1.511944912872400160e+01 -8.780142817501305430e+00
1.515510820685778270e+01 -8.710306099902204835e+00
1.519076728499156737e+01 -8.641816234952607090e+00
1.522642636312534847e+01 -8.619357452388456409e+00
1.526208544125913136e+01 -8.590046148353330580e+00
1.529774451939291602e+01 -8.643096429753084564e+00
1.533340359752669890e+01 -8.729600799262072996e+00
1.536906267566048179e+01 -8.775325010336095133e+00
1.540472175379426290e+01 -8.847630981904059055e+00
1.544038083192804933e+01 -8.853970645905592463e+00
1.547603991006183044e+01 -8.850657401227008947e+00
1.551169898819561510e+01 -8.841385515893019686e+00
1.554735806632939621e+01 -8.827851236638879939e+00
1.558301714446317732e+01 -8.828383297924281337e+00
1.561867622259696375e+01 -8.769947251439770497e+00
1.565433530073074664e+01 -8.731805860362042537e+00
1.568999437886452952e+01 -8.736263218058747171e+00
1.572565345699831063e+01 -8.895207778521413644e+00
1.576131253513209529e+01 -9.046135467932350238e+00
1.579697161326587995e+01 -9.195572215185393361e+00
1.583263069139966106e+01 -9.206682227566947319e+00
1.586828976953344394e+01 -9.214470868022454297e+00
1.590394884766722505e+01 -9.085895125239098036e+00
1.593960792580100971e+01 -8.959890709485167193e+00
1.597526700393479437e+01 -8.993463163932455373e+00
1.601092608206857548e+01 -9.027846650509614435e+00
1.604658516020235837e+01 -9.067535635328338728e+00
1.608224423833614480e+01 -9.094531056405724456e+00
1.611790331646992769e+01 -9.084414369172561621e+00
1.615356239460370702e+01 -9.090946256037412354e+00
1.618922147273748990e+01 -9.225466338674422673e+00
1.622488055087127279e+01 -9.522657880567599875e+00
1.626053962900505923e+01 -9.838714771213473043e+00
1.629619870713884211e+01 -9.748154486917156802e+00
1.633185778527262144e+01 -9.607889582109502058e+00
1.636751686340640433e+01 -9.463860972264059868e+00
1.640317594154019076e+01 -9.285393755835158913e+00
1.643883501967397365e+01 -9.242973558711994997e+00
1.647449409780775298e+01 -9.257035446863556061e+00
1.651015317594153586e+01 -9.295119031426606782e+00
1.654581225407532230e+01 -9.329707787191573232e+00
1.658147133220910519e+01 -9.385096122744057467e+00
1.661713041034288807e+01 -9.476669566010867740e+00
1.665278948847667095e+01 -9.651962259861813109e+00
1.668844856661045029e+01 -9.747619133401443037e+00
1.672410764474424028e+01 -9.686366390153080985e+00
1.675976672287801961e+01 -9.642180215185939929e+00
1.679542580101180249e+01 -9.573671187566356267e+00
1.683108487914558538e+01 -9.529242161655224308e+00
1.686674395727936471e+01 -9.510250218120290810e+00
1.690240303541315470e+01 -9.516605386410947887e+00
1.693806211354693403e+01 -9.555063412373812071e+00
1.697372119168071691e+01 -9.591160638083261247e+00
1.700938026981449980e+01 -9.614173526125810554e+00
1.704503934794828268e+01 -9.636272510369394695e+00
1.708069842608206912e+01 -9.660654439490148349e+00
1.711635750421584845e+01 -9.694513076828579656e+00
1.715201658234963134e+01 -9.686557521508300184e+00
1.718767566048341422e+01 -9.642526718817499898e+00
1.722333473861720066e+01 -9.608201340419403991e+00
1.725899381675098354e+01 -9.586543151048237732e+00
1.729465289488476643e+01 -9.571027015822091144e+00
1.733031197301854576e+01 -9.558418177121033921e+00
1.736597105115232864e+01 -9.554164702070218951e+00
1.740163012928611508e+01 -9.572969532009334870e+00
1.743728920741989796e+01 -9.608290604970470383e+00
1.747294828555368085e+01 -9.643817987127853542e+00
1.750860736368746018e+01 -9.680835646064535283e+00
1.754426644182124662e+01 -9.719673897460175738e+00
1.757992551995502950e+01 -9.754993073331039710e+00
1.761558459808881238e+01 -9.784327889172534043e+00
1.765124367622259527e+01 -9.785863518334920741e+00
1.768690275435637460e+01 -9.774389477999225306e+00
1.772256183249016104e+01 -9.761496172760404377e+00
1.775822091062394747e+01 -9.740749029109984747e+00
1.779387998875772681e+01 -9.719503809774664660e+00
1.782953906689150969e+01 -9.699360978793635013e+00
1.786519814502529258e+01 -9.680781999152035411e+00
1.790085722315907546e+01 -9.672490436305887229e+00
1.793651630129286190e+01 -9.668611828044852530e+00
1.797217537942664123e+01 -9.668296683531936608e+00
1.800783445756042411e+01 -9.672963330542662774e+00
1.804349353569420700e+01 -9.681245481376366868e+00
1.807915261382798988e+01 -9.693228795104625206e+00
1.811481169196177632e+01 -9.708275611391012916e+00
1.815047077009555565e+01 -9.722208867585381498e+00
1.818612984822934209e+01 -9.740298238361894789e+00
1.822178892636312142e+01 -9.761502446805472744e+00
1.825744800449690430e+01 -9.784695830919060811e+00
1.829310708263069074e+01 -9.806549852778486454e+00
1.832876616076447007e+01 -9.823108791643889504e+00
1.836442523889825651e+01 -9.836323189304339465e+00
1.840008431703203939e+01 -9.843129236269792415e+00
1.843574339516581873e+01 -9.840450985532990913e+00
1.847140247329960516e+01 -9.830667192756646244e+00
1.850706155143338805e+01 -9.817192573225124619e+00
1.854272062956717093e+01 -9.802395409220713063e+00
1.857837970770095382e+01 -9.787989792237471676e+00
1.861403878583473315e+01 -9.774436200351368953e+00
1.864969786396851958e+01 -9.762998969999218346e+00
1.868535694210230247e+01 -9.756025032385970519e+00
1.872101602023608535e+01 -9.754069848755571925e+00
1.875667509836986824e+01 -9.757467910828356850e+00
1.879233417650365112e+01 -9.766370414434502933e+00
1.882799325463743756e+01 -9.780647238780893815e+00
1.886365233277122044e+01 -9.800370179696667350e+00
1.889931141090499978e+01 -9.823521663815609983e+00
1.893497048903878266e+01 -9.848934693435829502e+00
1.897062956717256910e+01 -9.874166715351998747e+00
1.900628864530635198e+01 -9.898147199999845824e+00
1.904194772344013487e+01 -9.917500023095847439e+00
1.907760680157391420e+01 -9.929186441909065408e+00
1.911326587970769708e+01 -9.931942306736159409e+00
1.914892495784148352e+01 -9.925790874781132089e+00
1.918458403597526640e+01 -9.913100250545902270e+00
1.922024311410904929e+01 -9.896566178098302302e+00
1.925590219224282862e+01 -9.879352815469466975e+00
1.929156127037661150e+01 -9.863800372329958321e+00
1.932722034851039794e+01 -9.851509714339840684e+00
1.936287942664418082e+01 -9.843501256294723945e+00
1.939853850477796371e+01 -9.839791148725979042e+00
1.943419758291174304e+01 -9.840247215020571758e+00
1.946985666104552948e+01 -9.844947272440851549e+00
1.950551573917931591e+01 -9.853695932605834429e+00
1.954117481731309525e+01 -9.866695719270840215e+00
1.957683389544687813e+01 -9.883661850580578445e+00
1.961249297358066102e+01 -9.904367665810589472e+00
1.964815205171444390e+01 -9.928000116823046284e+00
1.968381112984823034e+01 -9.952639135947123350e+00
1.971947020798200967e+01 -9.975816935613838865e+00
1.975512928611579255e+01 -9.994608570352379928e+00
1.979078836424957544e+01 -1.000667925513883461e+01
1.982644744238335832e+01 -1.001051734727049691e+01
1.986210652051714476e+01 -1.000634587725005531e+01
1.989776559865092409e+01 -9.995729259411971768e+00
1.993342467678470697e+01 -9.980891233884332081e+00
1.996908375491849341e+01 -9.964189982959032577e+00
2.000474283305227274e+01 -9.947955339679429798e+00
2.004040191118605918e+01 -9.933993219749051917e+00
2.007606098931983851e+01 -9.923745038493107629e+00
2.011172006745362140e+01 -9.918142865254079510e+00
2.014737914558740783e+01 -9.917671244926202334e+00
2.018303822372118717e+01 -9.922527141493173275e+00
2.021869730185497360e+01 -9.932477452811152574e+00
2.025435637998875649e+01 -9.946962802839051321e+00
2.029001545812253937e+01 -9.965359220680676700e+00
2.032567453625632226e+01 -9.986706561627400447e+00
2.036133361439010159e+01 -1.000998230872444239e+01
2.039699269252388802e+01 -1.003369103291875852e+01
2.043265177065767091e+01 -1.005593324100466468e+01
2.046831084879145379e+01 -1.007403012723657731e+01
2.050396992692523668e+01 -1.008540122904942216e+01
2.053962900505901956e+01 -1.008829285233484718e+01
2.057528808319280245e+01 -1.008292139928334485e+01
2.061094716132658888e+01 -1.007140891166344865e+01
2.064660623946036822e+01 -1.005657391918451893e+01
2.068226531759415110e+01 -1.004102622845627124e+01
2.071792439572793754e+01 -1.002662743458480854e+01
2.075358347386171687e+01 -1.001454634131179056e+01
2.078924255199550331e+01 -1.000551582060200317e+01
2.082490163012928264e+01 -1.000005711880924153e+01
2.086056070826306552e+01 -9.998614515582962881e+00
2.089621978639685196e+01 -1.000172943520046154e+01
2.093187886453063484e+01 -1.000974280682438611e+01
2.096753794266441773e+01 -1.002268591500961925e+01
2.100319702079819706e+01 -1.004030007638697874e+01
2.103885609893197994e+01 -1.006188577814371854e+01
2.107451517706576638e+01 -1.008607370660002367e+01
2.111017425519954926e+01 -1.011102399675355024e+01
2.114583333333333215e+01 -1.013418390669782454e+01
2.118149241146711148e+01 -1.015297419458534023e+01
2.121715148960089437e+01 -1.016495522169548948e+01
2.125281056773468435e+01 -1.016863572166858098e+01
2.128846964586846369e+01 -1.016384257547257519e+01
2.132412872400224657e+01 -1.015203334308894334e+01
2.135978780213602946e+01 -1.013578972565444225e+01
2.139544688026980879e+01 -1.011812515913839583e+01
2.143110595840359878e+01 -1.010171340425251074e+01
2.146676503653737811e+01 -1.008838371147573731e+01
2.150242411467116099e+01 -1.007921281180101225e+01
2.153808319280494388e+01 -1.007475558116466985e+01
2.157374227093872676e+01 -1.007510740752787370e+01
2.160940134907251320e+01 -1.008001847117912675e+01
2.164506042720629253e+01 -1.008912323703146718e+01
2.168071950534007541e+01 -1.010221724203008797e+01
2.171637858347385830e+01 -1.011910981613778482e+01
2.175203766160764118e+01 -1.013936013596287466e+01
2.178769673974142762e+01 -1.016209473519175077e+01
2.182335581787521051e+01 -1.018583032543500089e+01
2.185901489600898984e+01 -1.020837919182511477e+01
2.189467397414277627e+01 -1.022698647459937149e+01
2.193033305227655561e+01 -1.023897216374516539e+01
2.196599213041034204e+01 -1.024273174654664231e+01
2.200165120854412493e+01 -1.023844007525473820e+01
2.203731028667790426e+01 -1.022783698997323576e+01
2.207296936481169070e+01 -1.021328261037951357e+01
2.210862844294547003e+01 -1.019709112417741714e+01
2.214428752107925646e+01 -1.018123852903807780e+01
2.217994659921303935e+01 -1.016737951433350240e+01
2.221560567734681868e+01 -1.015680431978428189e+01
2.225126475548060512e+01 -1.015044842816132409e+01
2.228692383361438800e+01 -1.014891778829196056e+01
2.232258291174817089e+01 -1.015256471800605631e+01
2.235824198988195377e+01 -1.016146344036956783e+01
2.239390106801573666e+01 -1.017533716602901883e+01
2.242956014614951954e+01 -1.019359489110862604e+01
2.246521922428330598e+01 -1.021532307783522597e+01
2.250087830241708531e+01 -1.023927749122589148e+01
2.253653738055086819e+01 -1.026378929660138972e+01
2.257219645868465108e+01 -1.028664485627742309e+01
2.260785553681843396e+01 -1.030521961391161234e+01
2.264351461495222040e+01 -1.031689872682520459e+01
2.267917369308599973e+01 -1.031995913068538506e+01
2.271483277121978617e+01 -1.031448995135904134e+01
2.275049184935356550e+01 -1.030236740518889960e+01
2.278615092748734838e+01 -1.028651098874497904e+01
2.282181000562113482e+01 -1.026975160188452740e+01
2.285746908375491415e+01 -1.025427000744604378e+01
2.289312816188870059e+01 -1.024147931862582972e+01
2.292878724002248347e+01 -1.023217805194489927e+01
2.296444631815626281e+01 -1.022683838634354281e+01
2.300010539629004924e+01 -1.022573630562448699e+01
2.303576447442383213e+01 -1.022910612318718471e+01
2.307142355255761501e+01 -1.023710453797290754e+01
2.310708263069139790e+01 -1.024975372427306830e+01
2.314274170882517723e+01 -1.026688286877794631e+01
2.317840078695896366e+01 -1.028795317114575170e+01
2.321405986509274655e+01 -1.031185275045862326e+01
2.324971894322652943e+01 -1.033685807517952959e+01
2.328537802136031232e+01 -1.036064589357624222e+01
2.332103709949409165e+01 -1.038036477725104945e+01
2.335669617762788164e+01 -1.039325844046006431e+01
2.339235525576166097e+01 -1.039749531728454457e+01
2.342801433389544385e+01 -1.039290512854588222e+01
2.346367341202922674e+01 -1.038109898720168189e+01
2.349933249016300607e+01 -1.036474323200391012e+01
2.353499156829679606e+01 -1.034667453561374373e+01
2.357065064643057895e+01 -1.032948913771634913e+01
2.360630972456435828e+01 -1.031511006614676518e+01
2.364196880269814116e+01 -1.030471841140814249e+01
2.367762788083192405e+01 -1.029893584676187324e+01
2.371328695896571048e+01 -1.029802078594269688e+01
2.374894603709949337e+01 -1.030208259860279441e+01
2.378460511523327270e+01 -1.031103868493187292e+01
2.382026419336705558e+01 -1.032462053015349568e+01
2.385592327150083847e+01 -1.034237601902130521e+01
2.389158234963462490e+01 -1.036367068367518129e+01
2.392724142776840779e+01 -1.038754488550769395e+01
2.396290050590218712e+01 -1.041249004281008794e+01
2.399855958403597356e+01 -1.043625753478317719e+01
2.403421866216975644e+01 -1.045598495618636115e+01
2.406987774030353933e+01 -1.046883402601950230e+01
2.410553681843732221e+01 -1.047294729402337587e+01
2.414119589657110154e+01 -1.046825200078069251e+01
2.417685497470488798e+01 -1.045647566455907018e+01
2.421251405283867442e+01 -1.044032885828548807e+01
2.424817313097245375e+01 -1.042259582747343849e+01
2.428383220910623663e+01 -1.040560295481328090e+01
2.431949128724001952e+01 -1.039110268931900194e+01
2.435515036537380240e+01 -1.038024258874769856e+01
2.439080944350758884e+01 -1.037371682574919696e+01
2.442646852164136817e+01 -1.037190860452755103e+01
2.446212759977515105e+01 -1.037511896328627259e+01
2.449778667790893394e+01 -1.038348078125327767e+01
2.453344575604271682e+01 -1.039692392605536675e+01
2.456910483417650326e+01 -1.041508191538049211e+01
2.460476391231028259e+01 -1.043725631438108969e+01
2.464042299044406903e+01 -1.046231415117547847e+01
2.467608206857785191e+01 -1.048859543092187074e+01
2.471174114671163125e+01 -1.051370057096252530e+01
2.474740022484541768e+01 -1.053458886509878134e+01
2.478305930297920057e+01 -1.054819763608574235e+01
2.481871838111298345e+01 -1.055247957257338598e+01
2.485437745924676634e+01 -1.054727842853095865e+01
2.489003653738054567e+01 -1.053446593506874684e+01
2.492569561551433210e+01 -1.051710393399305588e+01
2.496135469364811499e+01 -1.049830075958455389e+01
2.499701377178189787e+01 -1.048054729987190292e+01
2.503267284991568076e+01 -1.046555127521430251e+01
2.506833192804946009e+01 -1.045440529980866451e+01
2.510399100618324653e+01 -1.044778565692335270e+01
2.513965008431702941e+01 -1.044608429928578452e+01
2.517530916245081229e+01 -1.044945457971540570e+01
2.521096824058459518e+01 -1.045790815912283023e+01
2.524662731871837451e+01 -1.047133667492494880e+01
2.528228639685216095e+01 -1.048948277551838260e+01
2.531794547498594738e+01 -1.051181838083791042e+01
2.535360455311972672e+01 -1.053738181785410433e+01
2.538926363125351315e+01 -1.056453007434378399e+01
2.542492270938729249e+01 -1.059080064273610056e+01
2.546058178752107892e+01 -1.061302371555492030e+01
2.549624086565485825e+01 -1.062790944823367134e+01
2.553189994378864114e+01 -1.063308463998815689e+01
2.556755902192242758e+01 -1.062820449371422526e+01
2.560321810005620691e+01 -1.061509450697644574e+01
2.563887717818999334e+01 -1.059694224366058712e+01
2.567453625632377268e+01 -1.057703802029682016e+01
2.571019533445755556e+01 -1.055806212328079674e+01
2.574585441259134200e+01 -1.054190588112174432e+01
2.578151349072512488e+01 -1.052978223632656984e+01
2.581717256885890777e+01 -1.052243722329428444e+01
2.585283164699269420e+01 -1.052029223172644379e+01
2.588849072512647354e+01 -1.052349673998717350e+01
2.592414980326025642e+01 -1.053204241794574081e+01
2.595980888139403930e+01 -1.054582097034740507e+01
2.599546795952782219e+01 -1.056458959182894652e+01
2.603112703766160863e+01 -1.058781095095231706e+01
2.606678611579538796e+01 -1.061449314045819214e+01
2.610244519392917084e+01 -1.064300157619008047e+01
2.613810427206295373e+01 -1.067084987840406995e+01
2.617376335019673661e+01 -1.069470803256746017e+01
2.620942242833052305e+01 -1.071091741808696796e+01
2.624508150646430238e+01 -1.071674840239280257e+01
2.628074058459808526e+01 -1.071169498018202226e+01
2.631639966273186815e+01 -1.069778595752155681e+01
2.635205874086565103e+01 -1.067851015826038896e+01
2.638771781899943747e+01 -1.065743340770428560e+01
2.642337689713321680e+01 -1.063736232302731466e+01
2.645903597526699969e+01 -1.062020628788666698e+01
2.649469505340078257e+01 -1.060719968296771043e+01
2.653035413153456901e+01 -1.059910171058163542e+01
2.656601320966835189e+01 -1.059634148182542646e+01
2.660167228780213122e+01 -1.059913283927201277e+01
2.663733136593591411e+01 -1.060753308671855422e+01
2.667299044406970410e+01 -1.062147325335203973e+01
2.670864952220348343e+01 -1.064071893372490685e+01
2.674430860033726631e+01 -1.066476753342130301e+01
2.677996767847104564e+01 -1.069272464951789026e+01
2.681562675660482853e+01 -1.072302800830374103e+01
2.685128583473861852e+01 -1.075313839023179696e+01
2.688694491287239785e+01 -1.077946176397319888e+01
2.692260399100618073e+01 -1.079786255023891250e+01
2.695826306913996007e+01 -1.080504148468710213e+01
2.699392214727374295e+01 -1.080014983132759987e+01
2.702958122540753294e+01 -1.078530341528514924e+01
2.706524030354131227e+01 -1.076439388704853073e+01
2.710089938167509516e+01 -1.074143455848595785e+01
2.713655845980887449e+01 -1.071957154481711250e+01
2.717221753794266093e+01 -1.070091646872535307e+01
2.720787661607644736e+01 -1.068673442834725762e+01
2.724353569421022669e+01 -1.067773168386590754e+01
2.727919477234400958e+01 -1.067429615177625912e+01
2.731485385047779602e+01 -1.067663424688860729e+01
2.735051292861157535e+01 -1.068483044910958668e+01
2.738617200674536178e+01 -1.069886658584663941e+01
2.742183108487914112e+01 -1.071858117042163627e+01
2.745749016301292400e+01 -1.074356790701340714e+01
2.749314924114671044e+01 -1.077301937959892975e+01
2.752880831928049332e+01 -1.080544163307636829e+01
2.756446739741427621e+01 -1.083828815607666662e+01
2.760012647554805554e+01 -1.086775728709943500e+01
2.763578555368184198e+01 -1.088916087997804460e+01
2.767144463181562486e+01 -1.089840566348054729e+01
2.770710370994940774e+01 -1.089406701918396081e+01
2.774276278808319063e+01 -1.087830346143876170e+01
2.777842186621696996e+01 -1.085552395586563179e+01
2.781408094435075640e+01 -1.083033294911450461e+01
2.784974002248453928e+01 -1.080626383431567383e+01
2.788539910061832217e+01 -1.078562108368273798e+01
2.792105817875210505e+01 -1.076974167628817547e+01
2.795671725688589149e+01 -1.075936879589551864e+01
2.799237633501967082e+01 -1.075487836093380167e+01
2.802803541315345370e+01 -1.075647322243230519e+01
2.806369449128723659e+01 -1.076423907726282714e+01
2.809935356942101947e+01 -1.077818709393746310e+01
2.813501264755480591e+01 -1.079820726069256409e+01
2.817067172568858524e+01 -1.082401901425337698e+01
2.820633080382236813e+01 -1.085496602134542599e+01
2.824198988195615101e+01 -1.088973508931237788e+01
2.827764896008993745e+01 -1.092589550858121861e+01
2.831330803822372033e+01 -1.095950494302054778e+01
2.834896711635749966e+01 -1.098522327714960234e+01
2.838462619449128255e+01 -1.099782680444461036e+01
2.842028527262506543e+01 -1.099490857424569512e+01
2.845594435075885187e+01 -1.097844298307219368e+01
2.849160342889263475e+01 -1.095350798736305187e+01
2.852726250702641408e+01 -1.092551719643989472e+01
2.856292158516019697e+01 -1.089860881067466458e+01
2.859858066329398696e+01 -1.087537093300177560e+01
2.863423974142776629e+01 -1.085723679762871186e+01
2.866989881956154917e+01 -1.084495192809414199e+01
2.870555789769532851e+01 -1.083887195847950657e+01
2.874121697582911494e+01 -1.083917841507193813e+01
2.877687605396290138e+01 -1.084597093457866990e+01
2.881253513209668071e+01 -1.085928426970069616e+01
2.884819421023046360e+01 -1.087909705481131439e+01
2.888385328836424293e+01 -1.090524690479123393e+01
2.891951236649802937e+01 -1.093727878176179757e+01
2.895517144463181580e+01 -1.097414121849035773e+01
2.899083052276559513e+01 -1.101371152917196383e+01
2.902648960089937802e+01 -1.105218558225715952e+01
2.906214867903315735e+01 -1.108377344501031381e+01
2.909780775716694379e+01 -1.110187770156498921e+01
2.913346683530073022e+01 -1.110235819280852354e+01
2.916912591343450956e+01 -1.108639369798321539e+01
2.920478499156829244e+01 -1.105959604125653506e+01
2.924044406970207177e+01 -1.102851025392311257e+01
2.927610314783586176e+01 -1.099813186313970270e+01
2.931176222596964465e+01 -1.097151669526355988e+01
2.934742130410342398e+01 -1.095028529790753780e+01
2.938308038223721042e+01 -1.093522131837345945e+01
2.941873946037099330e+01 -1.092665406380231019e+01
2.945439853850477618e+01 -1.092474029015946435e+01
2.949005761663855907e+01 -1.092954465395211905e+01
2.952571669477233840e+01 -1.094111436776065993e+01
2.956137577290612484e+01 -1.095946935863952199e+01
2.959703485103990772e+01 -1.098456978862208722e+01
2.963269392917369061e+01 -1.101616626524945985e+01
2.966835300730747349e+01 -1.105358649247634517e+01
2.970401208544125282e+01 -1.109525324267742974e+01
2.973967116357503926e+01 -1.113799438423737698e+01
2.977533024170882214e+01 -1.117634217123473661e+01
2.981098931984260503e+01 -1.120281523138146262e+01
2.984664839797638791e+01 -1.121082690568411877e+01
2.988230747611016724e+01 -1.119913596707515069e+01
2.991796655424395368e+01 -1.117282850042496456e+01
2.995362563237773657e+01 -1.113951781851687350e+01
2.998928471051151945e+01 -1.110553613009448348e+01
3.002494378864530589e+01 -1.107480617778275622e+01
3.006060286677908877e+01 -1.104937895547220528e+01
3.009626194491286810e+01 -1.103019394123078811e+01
3.013192102304665099e+01 -1.101762773069043888e+01
3.016758010118043387e+01 -1.101178759369785176e+01
3.020323917931422031e+01 -1.101271175126219504e+01
3.023889825744800319e+01 -1.102039588018676319e+01
3.027455733558178252e+01 -1.103485525020420255e+01
3.031021641371556541e+01 -1.105606613193610244e+01
3.034587549184934829e+01 -1.108394323399866188e+01
3.038153456998313473e+01 -1.111810814181225737e+01
3.041719364811691761e+01 -1.115767348746967613e+01
3.045285272625069695e+01 -1.120062490390576926e+01
3.048851180438448338e+01 -1.124308589845847095e+01
3.052417088251826272e+01 -1.127871602494650993e+01
3.055982996065204915e+01 -1.129980019055128082e+01
3.059548903878583204e+01 -1.130094033113247498e+01
3.063114811691961137e+01 -1.128312705090585411e+01
3.066680719505339781e+01 -1.125285026695842028e+01
3.070246627318718424e+01 -1.121767872276408085e+01
3.073812535132096357e+01 -1.118317916965649950e+01
3.077378442945474646e+01 -1.115257952199229230e+01
3.080944350758852579e+01 -1.112746479571396385e+01
3.084510258572231223e+01 -1.110850727775036795e+01
3.088076166385609866e+01 -1.109594475489920029e+01
3.091642074198987800e+01 -1.108980257933682978e+01
3.095207982012366088e+01 -1.109006778884779365e+01
3.098773889825744021e+01 -1.109668197446234927e+01
3.102339797639123020e+01 -1.110962005608237568e+01
3.105905705452501309e+01 -1.112880716555081939e+01
3.109471613265879242e+01 -1.115409786775651391e+01
3.113037521079257886e+01 -1.118510005208883307e+01
3.116603428892635463e+01 -1.122098520860064319e+01
3.120169336706014462e+01 -1.125997911212999725e+01
3.123735244519392751e+01 -1.129885869042245083e+01
3.127301152332770684e+01 -1.133244802979916166e+01
3.130867060146149328e+01 -1.135417658936141727e+01
3.134432967959527261e+01 -1.135873029874354856e+01
3.137998875772905905e+01 -1.134543075991187244e+01
3.141564783586284193e+01 -1.131876280832968185e+01
3.145130691399662126e+01 -1.128523770045762475e+01
3.148696599213040770e+01 -1.125044267975531831e+01
3.152262507026419058e+01 -1.121798579873593660e+01
3.155828414839797347e+01 -1.118986496618773963e+01
3.159394322653175990e+01 -1.116704963038269760e+01
3.162960230466553568e+01 -1.114998412718578358e+01
3.166526138279932212e+01 -1.113881517392812270e+01
3.170092046093310501e+01 -1.113359376841951409e+01
