0.000000000000000000e+00 -inf
3.191021126760563292e-02 -4.626074229570824592e+00
6.382042253521126585e-02 -4.465176056933393589e+00
9.573063380281689183e-02 -4.105668222507227405e+00
1.276408450704225317e-01 -3.767294623950820043e+00
1.595510563380281577e-01 -3.509013199716407350e+00
1.914612676056337837e-01 -3.285052809606952451e+00
2.233714788732394652e-01 -3.101365445858428771e+00
2.552816901408450634e-01 -2.928479048832974829e+00
2.871919014084506894e-01 -2.760655928766608813e+00
3.191021126760563154e-01 -2.583927349664810968e+00
3.510123239436619413e-01 -2.426493566660279377e+00
3.829225352112675673e-01 -2.318863841025990968e+00
4.148327464788731933e-01 -2.222616518629739968e+00
4.467429577464789303e-01 -2.130596980843031396e+00
4.786531690140845008e-01 -2.054487485941905334e+00
5.105633802816901268e-01 -1.993142430639657903e+00
5.424735915492958638e-01 -1.891464541091632867e+00
5.743838028169013787e-01 -1.749956122964021032e+00
6.062940140845070047e-01 -1.606806293375687922e+00
6.382042253521126307e-01 -1.479291965654886631e+00
6.701144366197182567e-01 -1.382310706077151785e+00
7.020246478873238827e-01 -1.336227974441722033e+00
7.339348591549295087e-01 -1.327290532730860173e+00
7.658450704225351346e-01 -1.359339947693168904e+00
7.977552816901407606e-01 -1.429839402933435588e+00
8.296654929577463866e-01 -1.474882541563039551e+00
8.615757042253521236e-01 -1.450412360718229099e+00
8.934859154929578606e-01 -1.432931492436714471e+00
9.253961267605634866e-01 -1.469016151672213333e+00
9.573063380281690016e-01 -1.508141901388419859e+00
9.892165492957746276e-01 -1.459812142804394641e+00
1.021126760563380254e+00 -1.412734988039145989e+00
1.053036971830985991e+00 -1.449599541693391336e+00
1.084947183098591728e+00 -1.518974078793261295e+00
1.116857394366197020e+00 -1.502857940104400214e+00
1.148767605633802757e+00 -1.488112025280138973e+00
1.180677816901408494e+00 -1.559129504009290512e+00
1.212588028169014009e+00 -1.598190503668559304e+00
1.244498239436619746e+00 -1.558938043180371213e+00
1.276408450704225261e+00 -1.598121519773801902e+00
1.308318661971830998e+00 -1.670483235181573933e+00
1.340228873239436513e+00 -1.630409383273507817e+00
1.372139084507042250e+00 -1.612733937427089037e+00
1.404049295774647765e+00 -1.679076437876074746e+00
1.435959507042253502e+00 -1.680071042515779656e+00
1.467869718309859017e+00 -1.655849316039248675e+00
1.499779929577464754e+00 -1.725154226415542391e+00
1.531690140845070269e+00 -1.772465788553436283e+00
1.563600352112676006e+00 -1.721133170310561677e+00
1.595510563380281521e+00 -1.741265320114794957e+00
1.627420774647887258e+00 -1.817137426664213518e+00
1.659330985915492773e+00 -1.773951351175201196e+00
1.691241197183098954e+00 -1.763310399269643280e+00
1.723151408450704247e+00 -1.825215342938494523e+00
1.755061619718309762e+00 -1.793702498305020487e+00
1.786971830985915721e+00 -1.739412737766379946e+00
1.818882042253521236e+00 -1.759277807420165152e+00
1.850792253521126973e+00 -1.753941060367564253e+00
1.882702464788732488e+00 -1.681199789167297398e+00
1.914612676056338003e+00 -1.694071698989496166e+00
1.946522887323943740e+00 -1.714647318559308298e+00
1.978433098591549255e+00 -1.680709638678339779e+00
2.010343309859154992e+00 -1.707885486934571428e+00
2.042253521126760507e+00 -1.776085975629197788e+00
2.074163732394366022e+00 -1.737015310597973317e+00
2.106073943661971981e+00 -1.775602969273047282e+00
2.137984154929577496e+00 -1.850899535735184287e+00
2.169894366197183455e+00 -1.814817840274252081e+00
2.201804577464788526e+00 -1.803546642500263752e+00
2.233714788732394041e+00 -1.843480952884093860e+00
2.265625000000000000e+00 -1.816254773847590043e+00
2.297535211267605515e+00 -1.798011792970922285e+00
2.329445422535211474e+00 -1.865420097177168612e+00
2.361355633802816989e+00 -1.873017477668381003e+00
2.393265845070422504e+00 -1.968725619190550225e+00
2.425176056338028019e+00 -1.932464326301960300e+00
2.457086267605633534e+00 -1.944189067036080409e+00
2.488996478873239493e+00 -1.857916943345613525e+00
2.520906690140845008e+00 -1.789748850485336717e+00
2.552816901408450523e+00 -1.780137206446864573e+00
2.584727112676056482e+00 -1.806673080448634838e+00
2.616637323943661997e+00 -1.869746624694474724e+00
2.648547535211267512e+00 -1.918930287748532360e+00
2.680457746478873027e+00 -1.736063869877104482e+00
2.712367957746478986e+00 -1.930650698945928889e+00
2.744278169014084501e+00 -1.779409976130739146e+00
2.776188380281690016e+00 -1.776433947157120663e+00
2.808098591549295531e+00 -1.674456611373655868e+00
2.840008802816901046e+00 -1.590480557183738819e+00
2.871919014084507005e+00 -1.567990090253647439e+00
2.903829225352112520e+00 -1.521728839040969117e+00
2.935739436619718035e+00 -1.128910800214106169e+00
2.967649647887323994e+00 -1.209770816895991530e+00
2.999559859154929509e+00 -1.326395090285911182e+00
3.031470070422535024e+00 -1.281588358242756742e+00
3.063380281690140539e+00 -1.295087152328352031e+00
3.095290492957746054e+00 -1.314253800186248267e+00
3.127200704225352013e+00 -1.335194531574961596e+00
3.159110915492957528e+00 -1.418066279165323573e+00
3.191021126760563043e+00 -1.507936696126717546e+00
3.222931338028169002e+00 -1.633132517410559537e+00
3.254841549295774517e+00 -1.817176846858454597e+00
3.286751760563380031e+00 -2.031399677198718834e+00
3.318661971830985546e+00 -2.094721307237644492e+00
3.350572183098591061e+00 -2.250453380423573790e+00
3.382482394366197909e+00 -2.113945687345252011e+00
3.414392605633803424e+00 -2.195322468398730464e+00
3.446302816901408494e+00 -2.124473267892597050e+00
3.478213028169014009e+00 -2.049232075064295167e+00
3.510123239436619524e+00 -2.076737812476070477e+00
3.542033450704225928e+00 -2.081306030512871441e+00
3.573943661971831443e+00 -2.101529957261560888e+00
3.605853873239436957e+00 -2.206390582858450689e+00
3.637764084507042472e+00 -2.291376288233096581e+00
3.669674295774647987e+00 -2.359240870740553664e+00
3.701584507042253946e+00 -2.562503828994455723e+00
3.733494718309859461e+00 -2.548646528932008160e+00
3.765404929577464976e+00 -2.601739722011936262e+00
3.797315140845070491e+00 -2.436964212298529109e+00
3.829225352112676006e+00 -2.336032055433735266e+00
3.861135563380281965e+00 -2.303548809776502004e+00
3.893045774647887480e+00 -2.236688384408372254e+00
3.924955985915492995e+00 -2.275883974018981348e+00
3.956866197183098510e+00 -2.293608156402322074e+00
3.988776408450704025e+00 -2.306842534270729050e+00
4.020686619718309984e+00 -2.360049926520682018e+00
4.052596830985915055e+00 -2.339098425916186663e+00
4.084507042253521014e+00 -2.237561942634088918e+00
4.116417253521126085e+00 -2.207301559729795137e+00
4.148327464788732044e+00 -2.171795217220813257e+00
4.180237676056338003e+00 -2.144017680445943430e+00
4.212147887323943962e+00 -2.186598344873523558e+00
4.244058098591549033e+00 -2.222606702854156069e+00
4.275968309859154992e+00 -2.289345327802072116e+00
4.307878521126760063e+00 -2.413044146318816363e+00
4.339788732394366910e+00 -2.485301040552148510e+00
4.371698943661971093e+00 -2.601626823169884695e+00
4.403609154929577052e+00 -2.748646673488464476e+00
4.435519366197182123e+00 -2.777140394350942287e+00
4.467429577464788082e+00 -2.846510996434445939e+00
4.499339788732394041e+00 -2.934702365790627265e+00
4.531250000000000000e+00 -2.851015256404944687e+00
4.563160211267605959e+00 -2.881192026775143855e+00
4.595070422535211030e+00 -2.995170301419410208e+00
4.626980633802816989e+00 -2.937008699442581250e+00
4.658890845070422948e+00 -2.965562748083315547e+00
4.690801056338028907e+00 -3.041495048404231127e+00
4.722711267605633978e+00 -2.991010644796540774e+00
4.754621478873239937e+00 -3.035310924273516342e+00
4.786531690140845008e+00 -3.017573489077267634e+00
4.818441901408450967e+00 -3.012171885357339374e+00
4.850352112676056038e+00 -3.112023852387695744e+00
4.882262323943661997e+00 -3.052391531261390512e+00
4.914172535211267068e+00 -3.125495955510874335e+00
4.946082746478873027e+00 -3.344353202094366040e+00
4.977992957746478986e+00 -3.322450506947677518e+00
5.009903169014084945e+00 -3.485653623213645691e+00
5.041813380281690016e+00 -3.709564742616763500e+00
5.073723591549295975e+00 -3.815513246090560973e+00
5.105633802816901046e+00 -3.934840775139811342e+00
5.137544014084507893e+00 -3.975752224809571800e+00
5.169454225352112964e+00 -3.638967978656520774e+00
5.201364436619718923e+00 -3.715893861107990581e+00
5.233274647887323994e+00 -3.865802178382733434e+00
5.265184859154929953e+00 -3.740707575632218340e+00
5.297095070422535024e+00 -3.876398423312203079e+00
5.329005281690140983e+00 -3.629177135459736192e+00
5.360915492957746054e+00 -3.621981774918261010e+00
5.392825704225352013e+00 -3.605546135115141659e+00
5.424735915492957972e+00 -3.542014150429510178e+00
5.456646126760563931e+00 -3.540877774147948909e+00
5.488556338028169002e+00 -3.512807263219473786e+00
5.520466549295774961e+00 -3.526517874166771982e+00
5.552376760563380031e+00 -3.592647755293206568e+00
5.584286971830986879e+00 -3.629171931664633810e+00
5.616197183098591061e+00 -3.690644578250346974e+00
5.648107394366197020e+00 -3.726670057109469525e+00
5.680017605633802091e+00 -3.732078553856008174e+00
5.711927816901408050e+00 -3.778052511016513293e+00
5.743838028169014009e+00 -3.852601602698490169e+00
5.775748239436619969e+00 -3.880253171376911059e+00
5.807658450704225039e+00 -3.854426841958822347e+00
5.839568661971830998e+00 -3.906397360559508591e+00
5.871478873239436069e+00 -4.018287296680999710e+00
5.903389084507042917e+00 -3.926045315747340947e+00
5.935299295774647987e+00 -3.853418496852618613e+00
5.967209507042253946e+00 -3.951447818292638026e+00
5.999119718309859017e+00 -4.074293851133833577e+00
6.031029929577464976e+00 -4.111759282785203418e+00
6.062940140845070047e+00 -4.197566075772073191e+00
6.094850352112676006e+00 -4.258644692191453807e+00
6.126760563380281077e+00 -4.436538015627464304e+00
6.158670774647887036e+00 -4.556357725832145711e+00
6.190580985915492107e+00 -4.325942025956828196e+00
6.222491197183098954e+00 -4.314581648219377286e+00
6.254401408450704025e+00 -4.626367764340108657e+00
6.286311619718309984e+00 -4.856997525907329916e+00
6.318221830985915055e+00 -4.594083953535292864e+00
6.350132042253521902e+00 -4.574939875933013766e+00
6.382042253521126085e+00 -4.593497989033656026e+00
6.413952464788732932e+00 -4.520928747959025884e+00
6.445862676056338003e+00 -4.712286877451420608e+00
6.477772887323943962e+00 -4.760338725142941207e+00
6.509683098591549033e+00 -4.254720592551170633e+00
6.541593309859154104e+00 -4.263454084759698226e+00
6.573503521126760063e+00 -4.632083856151751888e+00
6.605413732394366910e+00 -4.372574028138315860e+00
6.637323943661971093e+00 -4.396122216627205148e+00
6.669234154929577940e+00 -4.516765063802352209e+00
6.701144366197182123e+00 -4.363056078477604238e+00
6.733054577464788970e+00 -4.518800805019634659e+00
6.764964788732395817e+00 -4.597462775849369798e+00
6.796875000000000000e+00 -4.389474867365202648e+00
6.828785211267606847e+00 -4.593325358255125224e+00
6.860695422535211030e+00 -4.606930685435415285e+00
6.892605633802816989e+00 -4.470203821213720730e+00
6.924515845070422948e+00 -4.781176663368702506e+00
6.956426056338028019e+00 -4.741003336960429415e+00
6.988336267605633978e+00 -4.538810603091263829e+00
7.020246478873239049e+00 -4.817208226469433363e+00
7.052156690140845008e+00 -4.853879114377774862e+00
7.084066901408451855e+00 -4.680069836018261320e+00
7.115977112676056038e+00 -4.972571409112071628e+00
7.147887323943662885e+00 -4.954369756016986592e+00
7.179797535211267068e+00 -4.920283860023515921e+00
7.211707746478873915e+00 -5.181612891595764658e+00
7.243617957746478986e+00 -5.103191139896440021e+00
7.275528169014084945e+00 -4.940315239913571688e+00
7.307438380281690016e+00 -4.996999436694457231e+00
7.339348591549295975e+00 -5.198686232928184658e+00
7.371258802816901046e+00 -5.022797084080717234e+00
7.403169014084507893e+00 -4.936583835399724229e+00
7.435079225352112076e+00 -5.017203505635920990e+00
7.466989436619718923e+00 -5.067316805171445004e+00
7.498899647887323106e+00 -5.021196748209213467e+00
7.530809859154929953e+00 -5.024699065618119853e+00
7.562720070422535912e+00 -5.271320972674321759e+00
7.594630281690140983e+00 -5.054603830050818480e+00
7.626540492957746942e+00 -4.989165043447705727e+00
7.658450704225352013e+00 -5.411453695040219891e+00
7.690360915492957972e+00 -4.975440537868806246e+00
7.722271126760563931e+00 -4.955841137408867780e+00
7.754181338028169002e+00 -5.271229409725092019e+00
7.786091549295774961e+00 -5.106582081433423070e+00
7.818001760563379143e+00 -5.178370277878107331e+00
7.849911971830985991e+00 -5.545005531160439816e+00
7.881822183098591950e+00 -5.082623897134600277e+00
7.913732394366197020e+00 -5.241351782655626401e+00
7.945642605633802980e+00 -5.406455724088998771e+00
7.977552816901408050e+00 -5.198361478229542421e+00
8.009463028169014009e+00 -5.196262950823598459e+00
8.041373239436619969e+00 -5.367448647950742391e+00
8.073283450704225928e+00 -5.233512306382920976e+00
8.105193661971830110e+00 -5.453264609389936624e+00
8.137103873239436069e+00 -5.313483867434294794e+00
8.169014084507042028e+00 -5.388274786029321639e+00
8.200924295774647987e+00 -5.221645433949837489e+00
8.232834507042252170e+00 -5.429050733068537582e+00
8.264744718309859906e+00 -5.312317278459110170e+00
8.296654929577464088e+00 -5.312871983679491095e+00
8.328565140845070047e+00 -5.433121120727664177e+00
8.360475352112676006e+00 -5.442024630674207053e+00
8.392385563380281965e+00 -5.430670905219968425e+00
8.424295774647887924e+00 -5.433664325778718052e+00
8.456205985915492107e+00 -5.493888714685138730e+00
8.488116197183098066e+00 -5.334573684005824212e+00
8.520026408450705802e+00 -5.353617282028178437e+00
8.551936619718309984e+00 -5.428041088550321192e+00
8.583846830985915943e+00 -5.634042348959715341e+00
8.615757042253520126e+00 -5.698071060555797374e+00
8.647667253521127861e+00 -5.651552847122276013e+00
8.679577464788733820e+00 -5.716423794884520682e+00
8.711487676056338003e+00 -5.596257021919415209e+00
8.743397887323942186e+00 -5.811917456599630327e+00
8.775308098591549921e+00 -5.813279438725507120e+00
8.807218309859154104e+00 -5.572945933795744544e+00
8.839128521126760063e+00 -6.029472589494019097e+00
8.871038732394364246e+00 -5.745412516538687342e+00
8.902948943661971981e+00 -5.626889380609667590e+00
8.934859154929576164e+00 -5.954887951636977483e+00
8.966769366197182123e+00 -5.747695638470454504e+00
8.998679577464788082e+00 -5.647884532006821168e+00
9.030589788732394041e+00 -6.028665527676810854e+00
9.062500000000000000e+00 -5.615954211393850315e+00
9.094410211267604183e+00 -5.762927821743334178e+00
9.126320422535211918e+00 -5.799369611358086374e+00
9.158230633802817877e+00 -5.721438861586869429e+00
9.190140845070422060e+00 -5.766502935740704494e+00
9.222051056338028019e+00 -5.734246403557039073e+00
9.253961267605633978e+00 -5.907171781635736529e+00
9.285871478873239937e+00 -5.739137103681405172e+00
9.317781690140845896e+00 -5.849562522587240743e+00
9.349691901408450079e+00 -5.895451309494336378e+00
9.381602112676057814e+00 -5.819442611832524648e+00
9.413512323943661997e+00 -5.839194123552695181e+00
9.445422535211267956e+00 -5.934836271847405698e+00
9.477332746478873915e+00 -5.865646600189328375e+00
9.509242957746479874e+00 -5.979830338374032550e+00
9.541153169014085833e+00 -5.985579050212574082e+00
9.573063380281690016e+00 -5.919819820395922250e+00
9.604973591549295975e+00 -6.071295057495945890e+00
9.636883802816901934e+00 -5.987319981506775690e+00
9.668794014084506117e+00 -6.107662680696113178e+00
9.700704225352112076e+00 -6.139303585400445407e+00
9.732614436619716258e+00 -6.083042803412053168e+00
9.764524647887323994e+00 -6.106444847898976569e+00
9.796434859154929953e+00 -6.122867431232553947e+00
9.828345070422534135e+00 -6.198282859929633126e+00
9.860255281690140094e+00 -6.151330210703111590e+00
9.892165492957746054e+00 -6.117266858143446839e+00
9.924075704225352013e+00 -6.235259241477927539e+00
9.955985915492957972e+00 -6.214969923199519464e+00
9.987896126760562154e+00 -6.198451435491049821e+00
1.001980633802816989e+01 -6.184109981850224536e+00
1.005171654929577407e+01 -6.203165559863696998e+00
1.008362676056338003e+01 -6.267740226860617270e+00
1.011553697183098599e+01 -6.219404025440928407e+00
1.014744718309859195e+01 -6.136978801919194204e+00
1.017935739436619791e+01 -6.213266740618196948e+00
1.021126760563380209e+01 -6.189549163330483772e+00
1.024317781690140805e+01 -6.188919551212253012e+00
1.027508802816901579e+01 -6.195281353323935036e+00
1.030699823943661997e+01 -6.187286929466101704e+00
1.033890845070422593e+01 -6.232794627331991855e+00
1.037081866197183011e+01 -6.259350450549732159e+00
1.040272887323943785e+01 -6.264985133086568680e+00
1.043463908450704203e+01 -6.278780039071001795e+00
1.046654929577464799e+01 -6.259788038092310103e+00
1.049845950704225217e+01 -6.411730125923192247e+00
1.053036971830985991e+01 -6.320337311718929207e+00
1.056227992957746409e+01 -6.268582589404467775e+00
1.059419014084507005e+01 -6.300395449590187269e+00
1.062610035211267423e+01 -6.365318536166134855e+00
1.065801056338028197e+01 -6.349613981318882772e+00
1.068992077464788792e+01 -6.347443781839124277e+00
1.072183098591549211e+01 -6.394250553862796060e+00
1.075374119718309807e+01 -6.363947383672026170e+00
1.078565140845070403e+01 -6.316732013692621273e+00
1.081756161971830998e+01 -6.310843885714493950e+00
1.084947183098591594e+01 -6.285985704650588701e+00
1.088138204225352013e+01 -6.305893251416143208e+00
1.091329225352112786e+01 -6.385757977110722905e+00
1.094520246478873204e+01 -6.309534859096089576e+00
1.097711267605633800e+01 -6.330913401793003104e+00
1.100902288732394396e+01 -6.295053073942711741e+00
1.104093309859154992e+01 -6.329737398607852228e+00
1.107284330985915588e+01 -6.297275499662944753e+00
1.110475352112676006e+01 -6.340925037796818486e+00
1.113666373239436602e+01 -6.420072548494031750e+00
1.116857394366197376e+01 -6.413230920731483486e+00
1.120048415492957794e+01 -6.348587226548023210e+00
1.123239436619718212e+01 -6.386782309052793316e+00
1.126430457746478808e+01 -6.410785857728749981e+00
1.129621478873239404e+01 -6.462374417407574789e+00
1.132812500000000000e+01 -6.434770102755059007e+00
1.136003521126760418e+01 -6.336529708176022346e+00
1.139194542253521192e+01 -6.340727869899239977e+00
1.142385563380281610e+01 -6.382398358790327464e+00
1.145576584507042206e+01 -6.394479460878733867e+00
1.148767605633802802e+01 -6.420106116476238078e+00
1.151958626760563398e+01 -6.443645110610664695e+00
1.155149647887323994e+01 -6.413403160581887086e+00
1.158340669014084412e+01 -6.417417625550665861e+00
1.161531690140845008e+01 -6.408275279148781145e+00
1.164722711267605781e+01 -6.419113435634158371e+00
1.167913732394366200e+01 -6.416523043050921693e+00
1.171104753521126796e+01 -6.431212571389206545e+00
1.174295774647887214e+01 -6.425042483120499526e+00
1.177486795774647987e+01 -6.418906535569764316e+00
1.180677816901408583e+01 -6.429694737360317269e+00
1.183868838028169002e+01 -6.467707909803943167e+00
1.187059859154929597e+01 -6.486789629247022404e+00
1.190250880281690193e+01 -6.491325509731751708e+00
1.193441901408450789e+01 -6.524843032869000581e+00
1.196632922535211385e+01 -6.542961029995559841e+00
1.199823943661971803e+01 -6.532092306615731481e+00
1.203014964788732577e+01 -6.537478935765332899e+00
1.206205985915492995e+01 -6.556355846202733595e+00
1.209397007042253591e+01 -6.560781387383122443e+00
1.212588028169014009e+01 -6.566067832226707424e+00
1.215779049295774605e+01 -6.557595240589265018e+00
1.218970070422535201e+01 -6.550947101090181413e+00
1.222161091549295620e+01 -6.564407539612036047e+00
1.225352112676056215e+01 -6.582755367058706675e+00
1.228543133802816989e+01 -6.629772900547910019e+00
1.231734154929577407e+01 -6.702694881602971222e+00
1.234925176056338003e+01 -6.686057152929261171e+00
1.238116197183098421e+01 -6.655999659862780859e+00
1.241307218309859195e+01 -6.681880299299801429e+00
1.244498239436619791e+01 -6.714503944255492129e+00
1.247689260563380209e+01 -6.709384529252664819e+00
1.250880281690140805e+01 -6.684629508200636394e+00
1.254071302816901401e+01 -6.697493477147249408e+00
1.257262323943661997e+01 -6.743306970202675110e+00
1.260453345070422593e+01 -6.810734801672118977e+00
1.263644366197183011e+01 -6.818405264784092701e+00
1.266835387323943785e+01 -6.812622553418372640e+00
1.270026408450704380e+01 -6.827267317560854032e+00
1.273217429577464976e+01 -6.826858365544596019e+00
1.276408450704225217e+01 -6.851434412349808767e+00
1.279599471830985991e+01 -6.871229667091238724e+00
1.282790492957746586e+01 -6.896477783610986734e+00
1.285981514084507005e+01 -6.946693711987151687e+00
1.289172535211267601e+01 -6.991281867295163543e+00
1.292363556338028197e+01 -6.985708667130158922e+00
1.295554577464788792e+01 -6.973120152132276317e+00
1.298745598591549211e+01 -6.989819999986477406e+00
1.301936619718309807e+01 -7.011600955754597742e+00
1.305127640845070580e+01 -7.023451236632197947e+00
1.308318661971830821e+01 -7.070108836516898698e+00
1.311509683098591417e+01 -7.101171970567031089e+00
1.314700704225352013e+01 -7.163293501352053561e+00
1.317891725352112786e+01 -7.289881650023154691e+00
1.321082746478873382e+01 -7.271712169143698112e+00
1.324273767605633623e+01 -7.192656123000059409e+00
1.327464788732394219e+01 -7.215199216272117688e+00
1.330655809859154992e+01 -7.244301559047149119e+00
1.333846830985915588e+01 -7.254622698899041211e+00
1.337037852112676184e+01 -7.298396522379880125e+00
1.340228873239436425e+01 -7.351054036309967898e+00
1.343419894366197198e+01 -7.423432114677065208e+00
1.346610915492957794e+01 -7.491622088153634174e+00
1.349801936619718390e+01 -7.437551926461227758e+00
1.352992957746479163e+01 -7.505288551343014092e+00
1.356183978873239404e+01 -7.547556497506679563e+00
1.359375000000000000e+01 -7.489717852112262264e+00
1.362566021126760596e+01 -7.509586698100044089e+00
1.365757042253521369e+01 -7.598247466360415814e+00
1.368948063380281788e+01 -7.681479838937725013e+00
1.372139084507042206e+01 -7.703518064084880379e+00
1.375330105633802802e+01 -7.726534911288759133e+00
1.378521126760563398e+01 -7.691886934115254704e+00
1.381712147887323994e+01 -7.634628780187490804e+00
1.384903169014084590e+01 -7.703644638309565806e+00
1.388094190140845008e+01 -7.814107879275701940e+00
1.391285211267605604e+01 -7.921752487715309599e+00
1.394476232394366200e+01 -8.000771034861267950e+00
1.397667253521126796e+01 -7.985496748540440670e+00
1.400858274647887391e+01 -8.003916278079957536e+00
1.404049295774647810e+01 -8.145863684716726283e+00
1.407240316901408406e+01 -8.118089928694605106e+00
1.410431338028169002e+01 -8.044498500934938789e+00
1.413622359154929597e+01 -8.079588960213595072e+00
1.416813380281690371e+01 -8.079683935608484191e+00
1.420004401408450612e+01 -8.201467781726869077e+00
1.423195422535211208e+01 -8.331290641354296866e+00
1.426386443661971803e+01 -8.227078060736841891e+00
1.429577464788732577e+01 -8.146163306068501697e+00
1.432768485915493173e+01 -8.288495764063769755e+00
1.435959507042253414e+01 -8.380519779969246130e+00
1.439150528169014009e+01 -8.486876889567623650e+00
1.442341549295774783e+01 -8.647843191836336985e+00
1.445532570422535379e+01 -8.650829193350018542e+00
1.448723591549295797e+01 -8.731523012428359820e+00
1.451914612676056215e+01 -8.643491689023496960e+00
1.455105633802816989e+01 -8.518330798983644314e+00
1.458296654929577585e+01 -8.537577286909419527e+00
1.461487676056338003e+01 -8.820034348117609113e+00
1.464678697183098599e+01 -8.815146867286218324e+00
1.467869718309859195e+01 -8.875189071613791114e+00
1.471060739436619613e+01 -9.017862199365275444e+00
1.474251760563380209e+01 -8.802717091912068526e+00
1.477442781690140805e+01 -8.661814584966316843e+00
1.480633802816901579e+01 -8.633916259069801313e+00
1.483824823943661819e+01 -8.652579200763817369e+00
1.487015845070422415e+01 -8.590613844200323257e+00
1.490206866197183011e+01 -8.495787663240024656e+00
1.493397887323943785e+01 -8.422340032530751586e+00
1.496588908450704380e+01 -8.493978769530718509e+00
1.499779929577464621e+01 -8.561952208906692618e+00
1.502970950704225217e+01 -8.591453481486317045e+00
1.506161971830985991e+01 -8.609952090403313107e+00
1.509352992957746586e+01 -8.587034327148574064e+00
1.512544014084507182e+01 -8.521681939455060473e+00
1.515735035211267423e+01 -8.449628754740228231e+00
1.518926056338028197e+01 -8.409940098096344130e+00
1.522117077464788792e+01 -8.437464810882662647e+00
1.525308098591549388e+01 -8.517792273692208482e+00
1.528499119718309984e+01 -8.580584804141210498e+00
1.531690140845070403e+01 -8.626965138578537307e+00
1.534881161971830998e+01 -8.716591620244223293e+00
1.538072183098591594e+01 -8.707531109050709262e+00
1.541263204225352013e+01 -8.680452569261628781e+00
1.544454225352112786e+01 -8.739001069369910724e+00
1.547645246478873204e+01 -8.765394258795501159e+00
1.550836267605633800e+01 -8.743418776707153839e+00
1.554027288732394219e+01 -8.727876425920520376e+00
1.557218309859154992e+01 -8.662086821220352562e+00
1.560409330985915588e+01 -8.588137727366879304e+00
1.563600352112675829e+01 -8.488605396446022411e+00
1.566791373239436425e+01 -8.495781594534591363e+00
1.569982394366197198e+01 -8.592962037871632930e+00
1.573173415492957794e+01 -8.664846870893487818e+00
1.576364436619718390e+01 -8.773221155592279885e+00
1.579555457746478631e+01 -8.847990556994547617e+00
1.582746478873239404e+01 -8.945924536460397647e+00
1.585937500000000000e+01 -8.958941881689558073e+00
1.589128521126760596e+01 -8.842387679976749126e+00
1.592319542253521369e+01 -8.816999750802146707e+00
1.595510563380281610e+01 -8.881019574609378964e+00
1.598701584507042206e+01 -8.991512559283554751e+00
1.601892605633802802e+01 -9.075987181570564388e+00
1.605083626760563575e+01 -9.063998148037455849e+00
1.608274647887323994e+01 -8.988550981471453483e+00
1.611465669014084412e+01 -8.868189149882654831e+00
1.614656690140845186e+01 -8.818026707410123066e+00
1.617847711267605604e+01 -8.827245126958631616e+00
1.621038732394366022e+01 -8.853476349547374724e+00
1.624229753521126796e+01 -8.869604611973324282e+00
1.627420774647887214e+01 -8.870535926126244419e+00
1.630611795774647987e+01 -8.866186938057571965e+00
1.633802816901408406e+01 -8.850534419756263205e+00
1.636993838028169179e+01 -8.829979978259355988e+00
1.640184859154929597e+01 -8.811601222945176559e+00
1.643375880281690016e+01 -8.836733814421966926e+00
1.646566901408450434e+01 -8.891139398839319696e+00
1.649757922535211563e+01 -8.968812241456305401e+00
1.652948943661971981e+01 -9.083998962533282651e+00
1.656139964788732399e+01 -9.245364476605834270e+00
1.659330985915492818e+01 -9.532937449810370723e+00
1.662522007042253591e+01 -9.964601759001576298e+00
1.665713028169014009e+01 -9.655424350159590219e+00
1.668904049295774428e+01 -9.426635134833292184e+00
1.672095070422535201e+01 -9.275818672487281091e+00
1.675286091549295975e+01 -9.165496894643087700e+00
1.678477112676056393e+01 -9.080448696613462545e+00
1.681668133802816811e+01 -9.010649767958181400e+00
1.684859154929577585e+01 -8.954569410587943423e+00
1.688050176056338003e+01 -8.914100037017794520e+00
1.691241197183098421e+01 -8.895477730491421653e+00
1.694432218309858840e+01 -8.890546486069977661e+00
1.697623239436619613e+01 -8.897826753923352427e+00
1.700814260563380387e+01 -8.917718221444047799e+00
1.704005281690141160e+01 -8.949860931849782375e+00
1.707196302816901223e+01 -8.996706679127349560e+00
1.710387323943661997e+01 -9.057055083671766482e+00
1.713578345070422415e+01 -9.125944689986548397e+00
1.716769366197183189e+01 -9.210325959335182944e+00
1.719960387323943607e+01 -9.327462046248454541e+00
1.723151408450704025e+01 -9.485457609538496371e+00
1.726342429577464799e+01 -9.658010404497293422e+00
1.729533450704225572e+01 -9.656977605402701670e+00
1.732724471830985991e+01 -9.486235660484114263e+00
1.735915492957746764e+01 -9.330124583376727898e+00
1.739106514084506827e+01 -9.215085686433841516e+00
1.742297535211267601e+01 -9.133977198428585353e+00
1.745488556338028019e+01 -9.075006896573118098e+00
1.748679577464788437e+01 -9.033345950515268896e+00
1.751870598591549566e+01 -9.005628946046469352e+00
1.755061619718309984e+01 -8.990654965385491693e+00
1.758252640845070403e+01 -8.987271678264994179e+00
1.761443661971830821e+01 -8.992391116294779607e+00
1.764634683098591594e+01 -9.006894713626818927e+00
1.767825704225352013e+01 -9.031647764554383784e+00
1.771016725352112431e+01 -9.068635479756654405e+00
1.774207746478872849e+01 -9.119256479209836286e+00
1.777398767605633978e+01 -9.187965187285284330e+00
1.780589788732394396e+01 -9.278066278751262885e+00
1.783780809859155170e+01 -9.401606429311952340e+00
1.786971830985915233e+01 -9.574602007277748683e+00
1.790162852112676006e+01 -9.769339617107810625e+00
1.793353873239436425e+01 -9.747652321806572928e+00
1.796544894366197198e+01 -9.559294576991584691e+00
1.799735915492957616e+01 -9.405939631485532360e+00
1.802926936619718390e+01 -9.295557924424723950e+00
1.806117957746478808e+01 -9.215830251199671252e+00
1.809308978873239582e+01 -9.157242324113669341e+00
1.812500000000000000e+01 -9.114820136021483776e+00
1.815691021126760774e+01 -9.085768513848528016e+00
1.818882042253520837e+01 -9.068504005715363192e+00
1.822073063380281610e+01 -9.062110883649088677e+00
1.825264084507042384e+01 -9.066154463579712441e+00
1.828455105633803157e+01 -9.080786093102080514e+00
1.831646126760563575e+01 -9.106753487036066019e+00
1.834837147887323994e+01 -9.145441498152672821e+00
1.838028169014084412e+01 -9.198891964454331216e+00
1.841219190140844830e+01 -9.269972200697033315e+00
1.844410211267605604e+01 -9.363625782133654596e+00
1.847601232394366022e+01 -9.488821673481691477e+00
1.850792253521126796e+01 -9.655235325708135363e+00
1.853983274647887214e+01 -9.831861781017504853e+00
1.857174295774647987e+01 -9.806294073546281354e+00
1.860365316901408406e+01 -9.629478976732912088e+00
1.863556338028169179e+01 -9.480155124022617841e+00
1.866747359154929242e+01 -9.370145701350844902e+00
1.869938380281690016e+01 -9.289160879487827316e+00
1.873129401408450434e+01 -9.229453034408949819e+00
1.876320422535211563e+01 -9.186615915713366221e+00
1.879511443661971981e+01 -9.157790223681457675e+00
1.882702464788732399e+01 -9.141362679055275109e+00
1.885893485915492818e+01 -9.136119043068683609e+00
1.889084507042253591e+01 -9.141591099095625950e+00
1.892275528169014009e+01 -9.157406866820162250e+00
1.895466549295774783e+01 -9.184162634831176675e+00
1.898657570422534846e+01 -9.222775303702480443e+00
1.901848591549295975e+01 -9.275258726573065715e+00
1.905039612676056393e+01 -9.344669248155303976e+00
1.908230633802817167e+01 -9.436370580428167898e+00
1.911421654929577585e+01 -9.558931325348140717e+00
1.914612676056338003e+01 -9.722166113648269103e+00
1.917803697183098421e+01 -9.892526850721685250e+00
1.920994718309859195e+01 -9.863823693142061089e+00
1.924185739436619613e+01 -9.689835021402565474e+00
1.927376760563380387e+01 -9.543039351041771923e+00
1.930567781690140805e+01 -9.435512297046482644e+00
1.933758802816901223e+01 -9.356972395277928456e+00
1.936949823943661997e+01 -9.299731384715659743e+00
1.940140845070422415e+01 -9.258846182025356697e+00
1.943331866197183189e+01 -9.231287906015197109e+00
1.946522887323943252e+01 -9.215211561561382325e+00
1.949713908450704025e+01 -9.209589225920037592e+00
1.952904929577464799e+01 -9.214081625997506464e+00
1.956095950704225572e+01 -9.228851212710649676e+00
1.959286971830985991e+01 -9.254755251502594149e+00
1.962477992957746409e+01 -9.293128763197303854e+00
1.965669014084506827e+01 -9.346086804414404980e+00
1.968860035211267601e+01 -9.416767242679295435e+00
1.972051056338028019e+01 -9.510217146211529027e+00
1.975242077464788792e+01 -9.633811181041506799e+00
1.978433098591549211e+01 -9.793369185153975920e+00
1.981624119718309984e+01 -9.944741102398307220e+00
1.984815140845070403e+01 -9.908417136080752030e+00
1.988006161971831176e+01 -9.748690245687640754e+00
1.991197183098591594e+01 -9.609731161799887289e+00
1.994388204225352013e+01 -9.505221296612827331e+00
1.997579225352112431e+01 -9.427262791508487894e+00
2.000770246478873204e+01 -9.369362427247095226e+00
2.003961267605633978e+01 -9.327430571094723177e+00
2.007152288732394396e+01 -9.299000381566900231e+00
2.010343309859154814e+01 -9.282533732453279285e+00
2.013534330985915588e+01 -9.277204978652825673e+00
2.016725352112676006e+01 -9.282602166340957695e+00
2.019916373239436425e+01 -9.298730405815110345e+00
2.023107394366197198e+01 -9.325955537571559262e+00
2.026298415492957261e+01 -9.365274531359576216e+00
2.029489436619718390e+01 -9.418335126071253782e+00
2.032680457746478808e+01 -9.488026978738970385e+00
2.035871478873239582e+01 -9.579170499056889554e+00
2.039062500000000000e+01 -9.699077326380471931e+00
2.042253521126760418e+01 -9.853517099335757479e+00
2.045444542253520837e+01 -1.000049322227632942e+01
2.048635563380281610e+01 -9.967115727596114638e+00
2.051826584507042384e+01 -9.809072315041600376e+00
2.055017605633803157e+01 -9.670026292234334520e+00
2.058208626760563575e+01 -9.565915792644419824e+00
2.061399647887323994e+01 -9.489135248473408168e+00
2.064590669014084412e+01 -9.432995291340441568e+00
2.067781690140845186e+01 -9.393016633881696720e+00
2.070972711267605604e+01 -9.366317186357756341e+00
2.074163732394366022e+01 -9.351067151382162379e+00
2.077354753521126796e+01 -9.346233925694136246e+00
2.080545774647887569e+01 -9.351405262548897923e+00
2.083736795774647987e+01 -9.366683843131383469e+00
2.086927816901408406e+01 -9.392808258763027496e+00
2.090118838028169179e+01 -9.431100047884859450e+00
2.093309859154929597e+01 -9.483653807310449935e+00
2.096500880281690016e+01 -9.553683309322520856e+00
2.099691901408450434e+01 -9.646042523190599738e+00
2.102882922535211563e+01 -9.767308048368070317e+00
2.106073943661971981e+01 -9.919579769192127472e+00
2.109264964788732399e+01 -1.004966289832335491e+01
2.112455985915492818e+01 -1.000519297374994743e+01
2.115647007042253591e+01 -9.858169007860137611e+00
2.118838028169014009e+01 -9.728129284075654581e+00
2.122029049295774783e+01 -9.628962252300157232e+00
2.125220070422534846e+01 -9.554434875789324266e+00
2.128411091549295975e+01 -9.498780606218577560e+00
2.131602112676056393e+01 -9.458286811369770675e+00
2.134793133802817167e+01 -9.430642643393603919e+00
2.137984154929577585e+01 -9.414575723039117605e+00
2.141175176056338003e+01 -9.409404262611888115e+00
2.144366197183098421e+01 -9.414866559896360343e+00
2.147557218309859195e+01 -9.431030423084019176e+00
2.150748239436619613e+01 -9.458390803050301443e+00
2.153939260563380387e+01 -9.497930069043210466e+00
2.157130281690140805e+01 -9.551283632835700033e+00
2.160321302816901579e+01 -9.621155338859326278e+00
2.163512323943661997e+01 -9.711797448076152861e+00
2.166703345070422415e+01 -9.828918286408264038e+00
2.169894366197183189e+01 -9.972940644066556004e+00
2.173085387323943607e+01 -1.009316055965956060e+01
2.176276408450704025e+01 -1.005432566708996234e+01
2.179467429577464799e+01 -9.914363865103670292e+00
2.182658450704225572e+01 -9.786060256967383353e+00
2.185849471830985991e+01 -9.687058374634935021e+00
2.189040492957746409e+01 -9.612755537816919826e+00
2.192231514084506827e+01 -9.557892455688289601e+00
2.195422535211267601e+01 -9.518667562350376699e+00
2.198613556338028019e+01 -9.492549641757777934e+00
2.201804577464788792e+01 -9.477902564165271215e+00
2.204995598591549211e+01 -9.473719606754794853e+00
2.208186619718309984e+01 -9.479543701557103574e+00
2.211377640845070403e+01 -9.495443516729176636e+00
2.214568661971831176e+01 -9.522049772744891172e+00
2.217759683098591594e+01 -9.560563333943957076e+00
2.220950704225352013e+01 -9.612958456162198573e+00
2.224141725352112431e+01 -9.682202127559035532e+00
2.227332746478873204e+01 -9.772621645143775737e+00
2.230523767605633978e+01 -9.889277960036416459e+00
2.233714788732394751e+01 -1.002949548250725442e+01
2.236905809859154814e+01 -1.013632926823541780e+01
2.240096830985915588e+01 -1.009088256102420367e+01
2.243287852112676006e+01 -9.958825839768399746e+00
2.246478873239436425e+01 -9.837939321355186451e+00
2.249669894366197198e+01 -9.743769507740362101e+00
2.252860915492957616e+01 -9.672342739582965976e+00
2.256051936619718390e+01 -9.618887346305230679e+00
2.259242957746478808e+01 -9.580031158700494487e+00
2.262433978873239582e+01 -9.553628172162213161e+00
2.265625000000000000e+01 -9.538424060681128580e+00
2.268816021126760418e+01 -9.533785404121896789e+00
2.272007042253520837e+01 -9.539510281401247127e+00
2.275198063380281610e+01 -9.555765609817742146e+00
2.278389084507042384e+01 -9.583064187831903169e+00
2.281580105633803157e+01 -9.622394000920545309e+00
2.284771126760563220e+01 -9.675381590340920823e+00
2.287962147887323994e+01 -9.744571096679358391e+00
2.291153169014084412e+01 -9.833586475772493785e+00
2.294344190140845186e+01 -9.946128564784615378e+00
2.297535211267605604e+01 -1.007697838590373607e+01
2.300726232394366022e+01 -1.017166645937371605e+01
2.303917253521126796e+01 -1.013035165199589471e+01
2.307108274647887569e+01 -1.000764887272420367e+01
2.310299295774647987e+01 -9.891019864809928563e+00
2.313490316901408761e+01 -9.798472643298438811e+00
2.316681338028168824e+01 -9.727832448946104549e+00
2.319872359154929597e+01 -9.675068935825036576e+00
2.323063380281690016e+01 -9.637043418001780992e+00
2.326254401408450789e+01 -9.611629528298575309e+00
2.329445422535211563e+01 -9.597439180672273196e+00
2.332636443661971981e+01 -9.593638966094216514e+00
2.335827464788732399e+01 -9.599860081333927653e+00
2.339018485915492818e+01 -9.616169258843745737e+00
2.342209507042253591e+01 -9.643110835575805950e+00
2.345400528169014009e+01 -9.681753510972544774e+00
2.348591549295774428e+01 -9.733829651253843807e+00
2.351782570422534846e+01 -9.801946716184271935e+00
2.354973591549295975e+01 -9.889529592413230930e+00
2.358164612676056393e+01 -9.999199585074142860e+00
2.361355633802817167e+01 -1.012275798733636378e+01
2.364546654929577230e+01 -1.020488501690627992e+01
2.367737676056338003e+01 -1.016272724127922622e+01
2.370928697183098421e+01 -1.004884440737772344e+01
2.374119718309859195e+01 -9.939012901316955251e+00
2.377310739436619613e+01 -9.850679432777059930e+00
2.380501760563380387e+01 -9.782623582692377084e+00
2.383692781690140805e+01 -9.731379271995368896e+00
2.386883802816901579e+01 -9.694149030852731386e+00
2.390074823943661997e+01 -9.669022206123242924e+00
2.393265845070422770e+01 -9.654824928236831028e+00
2.396456866197182833e+01 -9.650921185920138257e+00
2.399647887323943607e+01 -9.657081337756849848e+00
2.402838908450704025e+01 -9.673444944568911907e+00
2.406029929577465154e+01 -9.700525939404244014e+00
2.409220950704225572e+01 -9.739286492846005672e+00
2.412411971830985991e+01 -9.791254333954876543e+00
2.415602992957746409e+01 -9.858617540516370070e+00
2.418794014084507182e+01 -9.944052665496222687e+00
2.421985035211267601e+01 -1.004877133712930259e+01
2.425176056338028019e+01 -1.016229870513273426e+01
2.428367077464788437e+01 -1.023285609656717732e+01
2.431558098591549211e+01 -1.019387115383747400e+01
2.434749119718309984e+01 -1.008993085334478579e+01
2.437940140845070403e+01 -9.986423061941575696e+00
2.441131161971831176e+01 -9.901367248225648510e+00
2.444322183098591239e+01 -9.835053459437007817e+00
2.447513204225352013e+01 -9.784881127349528640e+00
2.450704225352112431e+01 -9.748461839718894240e+00
2.453895246478873204e+01 -9.724047662401609671e+00
2.457086267605633978e+01 -9.710471401386108425e+00
2.460277288732394396e+01 -9.707036926877833594e+00
2.463468309859154814e+01 -9.713464472914060011e+00
2.466659330985915588e+01 -9.729850193393746238e+00
2.469850352112676006e+01 -9.756682286833832762e+00
2.473041373239436780e+01 -9.794877044218516460e+00
2.476232394366196843e+01 -9.845879825215234860e+00
2.479423415492957616e+01 -9.911666168902986129e+00
2.482614436619718390e+01 -9.994323899402559164e+00
2.485805457746479163e+01 -1.009366607858522613e+01
2.488996478873239582e+01 -1.019706327263957846e+01
2.492187500000000000e+01 -1.025672814354584084e+01
2.495378521126760418e+01 -1.022067385415457963e+01
2.498569542253521192e+01 -1.012674453490021875e+01
2.501760563380281610e+01 -1.003040965813952923e+01
2.504951584507042384e+01 -9.949606596290983873e+00
2.508142605633802802e+01 -9.885863145304998767e+00
2.511333626760563575e+01 -9.837300735344220115e+00
2.514524647887323994e+01 -9.801890689205597695e+00
2.517715669014084412e+01 -9.778069405308270845e+00
2.520906690140845186e+01 -9.764787849706108247e+00
2.524097711267605249e+01 -9.761445738400997385e+00
2.527288732394366022e+01 -9.767820499582303029e+00
2.530479753521126796e+01 -9.784037323364719541e+00
2.533670774647887569e+01 -9.810560444237587774e+00
2.536861795774647987e+01 -9.848216418076905398e+00
2.540052816901408761e+01 -9.898230706021363901e+00
2.543243838028168824e+01 -9.962165486744876119e+00
2.546434859154929953e+01 -1.004131606681908018e+01
2.549625880281690016e+01 -1.013399792839858904e+01
2.552816901408450434e+01 -1.022623541679476666e+01
2.556007922535211563e+01 -1.027621978137923264e+01
2.559198943661971981e+01 -1.024455954927954515e+01
2.562389964788732755e+01 -1.016125754326246522e+01
2.565580985915493173e+01 -1.007251351678650231e+01
2.568772007042253236e+01 -9.996142058133273167e+00
2.571963028169014009e+01 -9.934983446224849857e+00
2.575154049295774428e+01 -9.887975958340099680e+00
2.578345070422535201e+01 -9.853532171798690342e+00
2.581536091549295975e+01 -9.830339279367834138e+00
2.584727112676056393e+01 -9.817462155234577992e+00
2.587918133802817167e+01 -9.814326760959959373e+00
2.591109154929577585e+01 -9.820700083937198954e+00
2.594300176056338358e+01 -9.836674113955366394e+00
2.597491197183098421e+01 -9.862654906318793380e+00
2.600682218309858840e+01 -9.899357123633199862e+00
2.603873239436619613e+01 -9.947795952281428100e+00
2.607064260563380387e+01 -1.000910963325026337e+01
2.610255281690141160e+01 -1.008378539542918695e+01
2.613446302816901579e+01 -1.016885618567737914e+01
2.616637323943661642e+01 -1.024993577943834033e+01
2.619828345070422770e+01 -1.029171933394303728e+01
2.623019366197182833e+01 -1.026489513855338842e+01
2.626210387323943962e+01 -1.019234304825225834e+01
2.629401408450704025e+01 -1.011178295147498218e+01
2.632592429577464799e+01 -1.004045918612073152e+01
2.635783450704225572e+01 -9.982371103532814871e+00
2.638974471830985991e+01 -9.937255020331951627e+00
2.642165492957746764e+01 -9.903954286826717635e+00
2.645356514084507182e+01 -9.881392154543949147e+00
2.648547535211267245e+01 -9.868780912573146935e+00
2.651738556338028019e+01 -9.865646698573753426e+00
2.654929577464788437e+01 -9.871791250068735479e+00
2.658120598591549566e+01 -9.887283788152570807e+00
2.661311619718309984e+01 -9.912443604915031514e+00
2.664502640845070403e+01 -9.947838199826030348e+00
2.667693661971831176e+01 -9.994203206576974807e+00
2.670884683098591594e+01 -1.005220138138436958e+01
2.674075704225352368e+01 -1.012151376819442739e+01
2.677266725352112431e+01 -1.019816392966481011e+01
2.680457746478872849e+01 -1.026822979551028858e+01
2.683648767605633978e+01 -1.030324351920002712e+01
2.686839788732394396e+01 -1.028185474775806796e+01
2.690030809859155170e+01 -1.022041194214229876e+01
2.693221830985915588e+01 -1.014869988290595515e+01
2.696412852112676006e+01 -1.008293732512660945e+01
2.699603873239436780e+01 -1.002815950465582162e+01
2.702794894366196843e+01 -9.985011198528944476e+00
2.705985915492958327e+01 -9.952874604758639165e+00
2.709176936619718390e+01 -9.930956926124789419e+00
2.712367957746478808e+01 -9.918608267569759107e+00
2.715558978873239582e+01 -9.915401700233317683e+00
2.718750000000000000e+01 -9.921141120010661396e+00
2.721941021126760774e+01 -9.935853316403417068e+00
2.725132042253521192e+01 -9.959775889858377695e+00
2.728323063380281255e+01 -9.993314753194612265e+00
2.731514084507042739e+01 -1.003693615884391832e+01
2.734705105633802802e+01 -1.009081479278547810e+01
2.737896126760563575e+01 -1.015391889151591620e+01
2.741087147887323994e+01 -1.022163056603636555e+01
2.744278169014084412e+01 -1.028137462112335676e+01
2.747469190140845186e+01 -1.031114657603387386e+01
2.750660211267605604e+01 -1.029551774673737086e+01
2.753851232394366377e+01 -1.024520467249800326e+01
2.757042253521126796e+01 -1.018287907434157624e+01
2.760233274647887214e+01 -1.012329146207512487e+01
2.763424295774647987e+01 -1.007229456546199842e+01
2.766615316901408406e+01 -1.003138443881413444e+01
2.769806338028169179e+01 -1.000050741530072962e+01
2.772997359154929597e+01 -9.979185918035268443e+00
2.776188380281690016e+01 -9.966944279120584227e+00
2.779379401408450789e+01 -9.963428285928534578e+00
2.782570422535211208e+01 -9.968460455759874606e+00
2.785761443661972336e+01 -9.982022592219641055e+00
2.788952464788732399e+01 -1.000424759936345431e+01
2.792143485915492818e+01 -1.003535345923929079e+01
2.795334507042253591e+01 -1.007549944844285861e+01
2.798525528169014009e+01 -1.012442129341283348e+01
2.801716549295774783e+01 -1.018055442170511959e+01
2.804907570422535201e+01 -1.023918376509590367e+01
2.808098591549295620e+01 -1.028968302482506481e+01
2.811289612676056748e+01 -1.031573814172541148e+01
2.814480633802816811e+01 -1.030605709719928775e+01
2.817671654929577585e+01 -1.026678291104090412e+01
2.820862676056338003e+01 -1.021430166060198630e+01
2.824053697183098421e+01 -1.016151077378012069e+01
2.827244718309859195e+01 -1.011475618522367803e+01
2.830435739436619613e+01 -1.007634929391656087e+01
2.833626760563380742e+01 -1.004681320284568358e+01
2.836817781690140805e+01 -1.002602472674983858e+01
2.840008802816901223e+01 -1.001370062460287436e+01
2.843199823943661997e+01 -1.000958515906495450e+01
2.846390845070422415e+01 -1.001351989601171510e+01
2.849581866197183189e+01 -1.002544641947336146e+01
2.852772887323943607e+01 -1.004538902329578853e+01
2.855963908450704025e+01 -1.007337304544838297e+01
2.859154929577465154e+01 -1.010928391192287101e+01
2.862345950704225217e+01 -1.015250322008952466e+01
2.865536971830986346e+01 -1.020120737014930690e+01
2.868727992957746409e+01 -1.025104312742832846e+01
2.871919014084506827e+01 -1.029363397528830859e+01
2.875110035211267601e+01 -1.031727253461339444e+01
2.878301056338028019e+01 -1.031356062374840299e+01
2.881492077464788792e+01 -1.028509891071521842e+01
2.884683098591549566e+01 -1.024287702834141989e+01
2.887874119718309629e+01 -1.019753815919941253e+01
2.891065140845070758e+01 -1.015554688987594822e+01
2.894256161971830821e+01 -1.011991420405649400e+01
2.897447183098591594e+01 -1.009177252289726034e+01
2.900638204225352013e+01 -1.007139414780230169e+01
2.903829225352112431e+01 -1.005873077649764191e+01
2.907020246478873204e+01 -1.005363700595657939e+01
2.910211267605633978e+01 -1.005598397333806915e+01
2.913402288732394751e+01 -1.006567617185170249e+01
2.916593309859155170e+01 -1.008264055668017534e+01
2.919784330985915233e+01 -1.010675659637688639e+01
2.922975352112676006e+01 -1.013770379646635256e+01
2.926166373239436425e+01 -1.017468550383197190e+01
2.929357394366197198e+01 -1.021587754374390933e+01
2.932548415492957616e+01 -1.025764560355945854e+01
2.935739436619718390e+01 -1.029375574770265445e+01
2.938930457746479163e+01 -1.031606243408394441e+01
2.942121478873239226e+01 -1.031816544124483492e+01
2.945312500000000355e+01 -1.030015388151477573e+01
2.948503521126760418e+01 -1.026848404873086018e+01
2.951694542253520837e+01 -1.023127053426414612e+01
2.954885563380281610e+01 -1.019461691506699452e+01
2.958076584507042384e+01 -1.016207439532617762e+01
2.961267605633803157e+01 -1.013535934193939703e+01
2.964458626760563575e+01 -1.011520255392016487e+01
2.967649647887323638e+01 -1.010182299617506096e+01
2.970840669014084767e+01 -1.009524367416437229e+01
2.974031690140844830e+01 -1.009538575917699887e+01
2.977222711267605604e+01 -1.010215684277470061e+01
2.980413732394366022e+01 -1.011541681504994550e+01
2.983604753521126796e+01 -1.013495462415469994e+01
2.986795774647887569e+01 -1.016035291174717869e+01
2.989986795774647987e+01 -1.019080289233647107e+01
2.993177816901408761e+01 -1.022474959714448417e+01
2.996368838028169179e+01 -1.025943026821079229e+01
2.999559859154929242e+01 -1.029050590252248121e+01
3.002750880281690016e+01 -1.031238132225519522e+01
3.005941901408450434e+01 -1.032009049405705525e+01
3.009132922535211563e+01 -1.031202361959412528e+01
3.012323943661971981e+01 -1.029105439191458871e+01
3.015514964788732399e+01 -1.026258495044871566e+01
3.018705985915493173e+01 -1.023190253861675636e+01
3.021897007042253236e+01 -1.020278165469444609e+01
3.025088028169014365e+01 -1.017751107499666219e+01
3.028279049295774428e+01 -1.015729338691431494e+01
3.031470070422534846e+01 -1.014271391006278655e+01
3.034661091549295975e+01 -1.013399673826064529e+01
3.037852112676056393e+01 -1.013120185906945103e+01
3.041043133802817167e+01 -1.013427409783414745e+01
3.044234154929577585e+01 -1.014309977513589978e+01
3.047425176056337648e+01 -1.015745306671339421e+01
3.050616197183098777e+01 -1.017696221739318041e+01
3.053807218309858840e+01 -1.020095152578598174e+01
3.056998239436619969e+01 -1.022827478190887263e+01
3.060189260563380387e+01 -1.025703121683384111e+01
3.063380281690140805e+01 -1.028435472747865731e+01
3.066571302816901579e+01 -1.030647058159354934e+01
3.069762323943661997e+01 -1.031946469680784340e+01
3.072953345070422770e+01 -1.032077079773213946e+01
3.076144366197183189e+01 -1.031050513329787321e+01
3.079335387323943252e+01 -1.029138603941797570e+01
3.082526408450704025e+01 -1.026732856524584037e+01
3.085717429577464799e+01 -1.024199507467091408e+01
3.088908450704225572e+01 -1.021811381212351399e+01
3.092099471830985991e+01 -1.019744340783056202e+01
3.095290492957746409e+01 -1.018101458577232421e+01
3.098481514084507182e+01 -1.016938848618659819e+01
3.101672535211267601e+01 -1.016282912066449740e+01
3.104863556338028374e+01 -1.016143671019928441e+01
3.108054577464788437e+01 -1.016518613187617603e+01
3.111245598591549211e+01 -1.017396408412868780e+01
3.114436619718309984e+01 -1.018752154799912546e+01
3.117627640845070403e+01 -1.020543847612951893e+01
3.120818661971831176e+01 -1.022698955972913737e+01
3.124009683098591594e+01 -1.025100966606346375e+01
3.127200704225351657e+01 -1.027570400171254228e+01
3.130391725352112786e+01 -1.029855267569477917e+01
3.133582746478872849e+01 -1.031647900028397657e+01
3.136773767605634333e+01 -1.032649966170989941e+01
3.139964788732394396e+01 -1.032679522683408457e+01
3.143155809859154814e+01 -1.031753604900366028e+01
3.146346830985915588e+01 -1.030079964221073396e+01
3.149537852112676006e+01 -1.027963456360542338e+01
3.152728873239436780e+01 -1.025702935115075931e+01
3.155919894366197198e+01 -1.023536072957059595e+01
3.159110915492957261e+01 -1.021627882442271051e+01
3.162301936619718390e+01 -1.020083315906030919e+01
3.165492957746478808e+01 -1.018965566531498368e+01
3.168683978873239582e+01 -1.018309446901524851e+01
3.171875000000000000e+01 -1.018132869873337576e+01
