0.000000000000000000e+00 0.000000000000000000e+00
3.200000000000000178e+00 1.342731477682094051e-06
6.400000000000000355e+00 2.652891550363006655e-06
9.599999999999999645e+00 3.935185849717555331e-06
1.280000000000000071e+01 5.188858880709054997e-06
1.600000000000000000e+01 6.414832516127740805e-06
1.919999999999999929e+01 7.613172805972635799e-06
2.239999999999999858e+01 8.784427278503811992e-06
2.560000000000000142e+01 9.928835728392318267e-06
2.880000000000000071e+01 1.104685246519837670e-05
3.200000000000000000e+01 1.213878035349379133e-05
3.520000000000000284e+01 1.320504117435525605e-05
3.839999999999999858e+01 1.424596831747594083e-05
4.160000000000000142e+01 1.526197022270555677e-05
4.479999999999999716e+01 1.625339777007450614e-05
4.800000000000000000e+01 1.722065337643728880e-05
5.120000000000000284e+01 1.816409892788440605e-05
5.439999999999999858e+01 1.908413380791297391e-05
5.760000000000000142e+01 1.998112708952368607e-05
6.079999999999999716e+01 2.085547626233311870e-05
6.400000000000000000e+01 2.170755501332133008e-05
6.720000000000000284e+01 2.253775919575887960e-05
7.040000000000000568e+01 2.334646518812815729e-05
7.359999999999999432e+01 2.413406701375064099e-05
7.679999999999999716e+01 2.490094219300224290e-05
8.000000000000000000e+01 2.564748248298032656e-05
8.320000000000000284e+01 2.637406522828458793e-05
8.640000000000000568e+01 2.708107935497280216e-05
8.959999999999999432e+01 2.776890087569499149e-05
9.279999999999999716e+01 2.843791525654416059e-05
9.600000000000000000e+01 2.908849613813680642e-05
9.920000000000000284e+01 2.972102486782490359e-05
1.024000000000000057e+02 3.033587176689042287e-05
1.055999999999999943e+02 3.093341340445248592e-05
1.087999999999999972e+02 3.151401591666830294e-05
1.120000000000000000e+02 3.207805044746568336e-05
1.152000000000000028e+02 3.262587814973965869e-05
1.184000000000000057e+02 3.315786411752372551e-05
1.215999999999999943e+02 3.367436378852115415e-05
1.247999999999999972e+02 3.417573561632296608e-05
1.280000000000000000e+02 3.466232865428846397e-05
1.311999999999999886e+02 3.513449416096420263e-05
1.344000000000000057e+02 3.559257419374241277e-05
1.375999999999999943e+02 3.603691230256715508e-05
1.408000000000000114e+02 3.646784299740018587e-05
1.440000000000000000e+02 3.688570165202496414e-05
1.471999999999999886e+02 3.729081473314733167e-05
1.504000000000000057e+02 3.768350901331409474e-05
1.535999999999999943e+02 3.806410247417988502e-05
1.568000000000000114e+02 3.843291291140575930e-05
1.600000000000000000e+02 3.879024943765520934e-05
1.631999999999999886e+02 3.913642054358629576e-05
1.664000000000000057e+02 3.947172613896224801e-05
1.695999999999999943e+02 3.979646512667381976e-05
1.728000000000000114e+02 4.011092793321239982e-05
1.760000000000000000e+02 4.041540364183554394e-05
1.791999999999999886e+02 4.071017296846126500e-05
1.824000000000000057e+02 4.099551499139335087e-05
1.855999999999999943e+02 4.127170053647994513e-05
1.888000000000000114e+02 4.153899853658320641e-05
1.920000000000000000e+02 4.179766979584402541e-05
1.951999999999999886e+02 4.204797300665566039e-05
1.984000000000000057e+02 4.229015886644139487e-05
2.015999999999999943e+02 4.252447577533627115e-05
2.048000000000000114e+02 4.275116428263889550e-05
2.080000000000000000e+02 4.297046248544451679e-05
2.111999999999999886e+02 4.318260078512289125e-05
2.144000000000000057e+02 4.338780700437607445e-05
2.175999999999999943e+02 4.358630143664768235e-05
2.208000000000000114e+02 4.377830169658917918e-05
2.240000000000000000e+02 4.396401804683437996e-05
2.271999999999999886e+02 4.414365799463345063e-05
2.304000000000000057e+02 4.431742188289551691e-05
2.335999999999999943e+02 4.448550724496654166e-05
2.368000000000000114e+02 4.464810464802512578e-05
2.400000000000000000e+02 4.480540181548579371e-05
2.431999999999999886e+02 4.495757971159741430e-05
2.464000000000000057e+02 4.510481644044648635e-05
2.495999999999999943e+02 4.524728356234733169e-05
2.528000000000000114e+02 4.538514977730949212e-05
2.560000000000000000e+02 4.551857746438315563e-05
2.591999999999999886e+02 4.564772615703149687e-05
2.623999999999999773e+02 4.577274929800405009e-05
2.656000000000000227e+02 4.589379751293159180e-05
2.688000000000000114e+02 4.601101557196701883e-05
2.720000000000000000e+02 4.612454546548275323e-05
2.751999999999999886e+02 4.623452356512609346e-05
2.783999999999999773e+02 4.634108350888007733e-05
2.816000000000000227e+02 4.644435355873854481e-05
2.848000000000000114e+02 4.654445930237650068e-05
2.880000000000000000e+02 4.664152120008653753e-05
2.911999999999999886e+02 4.673565710341660677e-05
2.943999999999999773e+02 4.682697998243890233e-05
2.976000000000000227e+02 4.691560026634917336e-05
3.008000000000000114e+02 4.700162374977822038e-05
3.040000000000000000e+02 4.708515376250458771e-05
3.071999999999999886e+02 4.716628924817145742e-05
3.103999999999999773e+02 4.724512676247620666e-05
3.136000000000000227e+02 4.732175871618690585e-05
3.168000000000000114e+02 4.739627520741708841e-05
3.200000000000000000e+02 4.746876242975296511e-05
3.231999999999999886e+02 4.753930434694416491e-05
3.263999999999999773e+02 4.760798126148637249e-05
3.296000000000000227e+02 4.767487133070239853e-05
3.328000000000000114e+02 4.774004928560597865e-05
3.360000000000000000e+02 4.780358778942969439e-05
3.391999999999999886e+02 4.786555630424787605e-05
3.423999999999999773e+02 4.792602230057202835e-05
3.456000000000000227e+02 4.798505027073661131e-05
3.488000000000000114e+02 4.804270279229932360e-05
3.520000000000000000e+02 4.809903967874047188e-05
3.551999999999999886e+02 4.815411889512604435e-05
3.583999999999999773e+02 4.820799584544060957e-05
3.616000000000000227e+02 4.826072415822587914e-05
3.648000000000000114e+02 4.831235512448645903e-05
3.680000000000000000e+02 4.836293836385657671e-05
3.711999999999999886e+02 4.841252139052496233e-05
3.743999999999999773e+02 4.846115011702784671e-05
3.776000000000000227e+02 4.850886845472822639e-05
3.808000000000000114e+02 4.855571849846073167e-05
3.840000000000000000e+02 4.860174000299508339e-05
3.871999999999999886e+02 4.864697062736443394e-05
3.903999999999999773e+02 4.869144738943546733e-05
3.936000000000000227e+02 4.873521159278821268e-05
3.968000000000000114e+02 4.877831656157580751e-05
4.000000000000000000e+02 4.882083146337275854e-05
4.031999999999999886e+02 4.886282589595470819e-05
4.063999999999999773e+02 4.890432093810221639e-05
4.096000000000000227e+02 4.894521492870197873e-05
4.128000000000000114e+02 4.898526289183043557e-05
4.160000000000000000e+02 4.902425329510459387e-05
4.191999999999999886e+02 4.906236509345170577e-05
4.223999999999999773e+02 4.910025690661220913e-05
4.256000000000000227e+02 4.913858287075254796e-05
4.288000000000000114e+02 4.917795604023591024e-05
4.320000000000000000e+02 4.921969889511372244e-05
4.351999999999999886e+02 4.926429742090667743e-05
4.383999999999999773e+02 4.930797078566306646e-05
4.416000000000000227e+02 4.934618354519714628e-05
4.448000000000000114e+02 4.938216768798293411e-05
4.480000000000000000e+02 4.942218798610896095e-05
4.511999999999999886e+02 4.946336479297705246e-05
4.543999999999999773e+02 4.950112042272046677e-05
4.576000000000000227e+02 4.954154802616171497e-05
4.608000000000000114e+02 4.958930055566274412e-05
4.640000000000000000e+02 4.963686399960661139e-05
4.671999999999999886e+02 4.967821472330791508e-05
4.703999999999999773e+02 4.971615988469429330e-05
4.736000000000000227e+02 4.975254914950108054e-05
4.768000000000000114e+02 4.978631732173852055e-05
4.800000000000000000e+02 4.981897058845413402e-05
4.831999999999999886e+02 4.985304997768217467e-05
4.863999999999999773e+02 4.988848251001219095e-05
4.896000000000000227e+02 4.992360101695110145e-05
4.928000000000000114e+02 4.995744900576699112e-05
4.960000000000000000e+02 4.999018861568842376e-05
4.991999999999999886e+02 5.002255637172771786e-05
5.023999999999999773e+02 5.005536287816962556e-05
5.056000000000000227e+02 5.008879713136974728e-05
5.088000000000000114e+02 5.012227425229781819e-05
5.120000000000000000e+02 5.015530327130780964e-05
5.152000000000000455e+02 5.018797645135380039e-05
5.183999999999999773e+02 5.022057407534915121e-05
5.216000000000000227e+02 5.025321674964475715e-05
5.247999999999999545e+02 5.028587458662811207e-05
5.280000000000000000e+02 5.031847731677815196e-05
5.312000000000000455e+02 5.035101491728471252e-05
5.343999999999999773e+02 5.038350852728432333e-05
5.376000000000000227e+02 5.041590034319815960e-05
5.407999999999999545e+02 5.044806360312687713e-05
5.440000000000000000e+02 5.047995919314427344e-05
5.472000000000000455e+02 5.051170684674011370e-05
5.503999999999999773e+02 5.054350517189580430e-05
5.536000000000000227e+02 5.057551139397645093e-05
5.567999999999999545e+02 5.060781356956334020e-05
5.600000000000000000e+02 5.064045117151142909e-05
5.632000000000000455e+02 5.067345888284674748e-05
5.663999999999999773e+02 5.070686830809382800e-05
5.696000000000000227e+02 5.074070288681226300e-05
5.727999999999999545e+02 5.077501487768782095e-05
5.760000000000000000e+02 5.081013208347431512e-05
5.792000000000000455e+02 5.084722244757836573e-05
5.823999999999999773e+02 5.088956407507216044e-05
5.856000000000000227e+02 5.094526468764713344e-05
5.887999999999999545e+02 5.103326441717633677e-05
5.920000000000000000e+02 5.119521687495395633e-05
5.952000000000000455e+02 5.151769792537247146e-05
5.983999999999999773e+02 5.216727057209542655e-05
6.016000000000000227e+02 5.343733677273136207e-05
6.047999999999999545e+02 5.578952639899380206e-05
6.080000000000000000e+02 5.986082255743196387e-05
6.112000000000000455e+02 6.639634658483718397e-05
6.143999999999999773e+02 7.609582588683100628e-05
6.176000000000000227e+02 8.939332747342119913e-05
6.207999999999999545e+02 1.062351862702134211e-04
6.240000000000000000e+02 1.259201611885927608e-04
6.272000000000000455e+02 1.470757352125781929e-04
6.303999999999999773e+02 1.678414688418439910e-04
6.336000000000000227e+02 1.863059337757479129e-04
6.367999999999999545e+02 2.011098552565874630e-04
6.400000000000000000e+02 2.119434373660727749e-04
6.432000000000000455e+02 2.196233624173877749e-04
6.463999999999999773e+02 2.256486999312377840e-04
6.496000000000000227e+02 2.314922797305897376e-04
6.527999999999999545e+02 2.380394010418270282e-04
6.560000000000000000e+02 2.454437761803682705e-04
6.592000000000000455e+02 2.533507726196568971e-04
6.623999999999999773e+02 2.612559072312628842e-04
6.656000000000000227e+02 2.687749024296222930e-04
6.687999999999999545e+02 2.757438941717377983e-04
6.720000000000000000e+02 2.821812120570035224e-04
6.752000000000000455e+02 2.881931611845255353e-04
6.783999999999999773e+02 2.938937037007854545e-04
6.816000000000000227e+02 2.993706557513066912e-04
6.847999999999999545e+02 3.046912203249080579e-04
6.880000000000000000e+02 3.099175220362011536e-04
6.912000000000000455e+02 3.151066194326558861e-04
6.943999999999999773e+02 3.202940967083523654e-04
6.976000000000000227e+02 3.254793550835428559e-04
7.007999999999999545e+02 3.306314112671255656e-04
7.040000000000000000e+02 3.357130406945850877e-04
7.072000000000000455e+02 3.407070851049092742e-04
7.103999999999999773e+02 3.456273314639458525e-04
7.136000000000000227e+02 3.505105941204310783e-04
7.167999999999999545e+02 3.553974481220300153e-04
7.200000000000000000e+02 3.603154095138091971e-04
7.232000000000000455e+02 3.652733484183603497e-04
7.263999999999999773e+02 3.702678010750117964e-04
7.296000000000000227e+02 3.752927707311089233e-04
7.327999999999999545e+02 3.803450645883580772e-04
7.360000000000000000e+02 3.854226471294856966e-04
7.392000000000000455e+02 3.905208825944053784e-04
7.423999999999999773e+02 3.956318371073322035e-04
7.456000000000000227e+02 4.007480327285390417e-04
7.487999999999999545e+02 4.058670459322817094e-04
7.520000000000000000e+02 4.109929060456878015e-04
7.552000000000000455e+02 4.161333709027025484e-04
7.583999999999999773e+02 4.212955741502311807e-04
7.616000000000000227e+02 4.264834590938951860e-04
7.647999999999999545e+02 4.316980139598915645e-04
7.680000000000000000e+02 4.369391900032052389e-04
7.712000000000000455e+02 4.422070754780092218e-04
7.743999999999999773e+02 4.475017367969946693e-04
7.776000000000000227e+02 4.528220939951806937e-04
7.807999999999999545e+02 4.581656394244335560e-04
7.840000000000000000e+02 4.635290653054495924e-04
7.872000000000000455e+02 4.689098392438425991e-04
7.903999999999999773e+02 4.743070770076366878e-04
7.936000000000000227e+02 4.797218856619225543e-04
7.967999999999999545e+02 4.851566630368827097e-04
8.000000000000000000e+02 4.906147136132490072e-04
8.032000000000000455e+02 4.960996019432424922e-04
8.063999999999999773e+02 5.016148094902551533e-04
8.096000000000000227e+02 5.071624259303569773e-04
8.127999999999999545e+02 5.127418054451731658e-04
8.160000000000000000e+02 5.183480568813625400e-04
8.192000000000000455e+02 5.239721519574420082e-04
8.223999999999999773e+02 5.296021167673884041e-04
8.256000000000000227e+02 5.352256233818144431e-04
8.287999999999999545e+02 5.408321194211017932e-04
8.320000000000000000e+02 5.464147387421325200e-04
8.352000000000000455e+02 5.519710121234899878e-04
8.383999999999999773e+02 5.575034938693311645e-04
8.416000000000000227e+02 5.630194639227654356e-04
8.447999999999999545e+02 5.685304972335653365e-04
8.480000000000000000e+02 5.740508483895753831e-04
8.512000000000000455e+02 5.795957655230333334e-04
8.543999999999999773e+02 5.851794046553129630e-04
8.576000000000000227e+02 5.908140409149203760e-04
8.607999999999999545e+02 5.965099244985246681e-04
8.640000000000000000e+02 6.022763631723582938e-04
8.672000000000000455e+02 6.081219581475373181e-04
8.703999999999999773e+02 6.140540991015180613e-04
8.736000000000000227e+02 6.200765546840025094e-04
8.767999999999999545e+02 6.261871694850998371e-04
8.800000000000000000e+02 6.323761567333459517e-04
8.832000000000000455e+02 6.386268579381146424e-04
8.863999999999999773e+02 6.449179524349153919e-04
8.896000000000000227e+02 6.512270058911885694e-04
8.927999999999999545e+02 6.575337367892887270e-04
8.960000000000000000e+02 6.638229998884136044e-04
8.992000000000000455e+02 6.700865282487761775e-04
9.023999999999999773e+02 6.763235653035453441e-04
9.056000000000000227e+02 6.825398349760618353e-04
9.087999999999999545e+02 6.887454490493634960e-04
9.120000000000000000e+02 6.949520536329291355e-04
9.152000000000000455e+02 7.011702237419281799e-04
9.183999999999999773e+02 7.074075110893470169e-04
9.216000000000000227e+02 7.136676942954496604e-04
9.247999999999999545e+02 7.199512061498905937e-04
9.280000000000000000e+02 7.262566063459957588e-04
9.312000000000000455e+02 7.325825259509523464e-04
9.343999999999999773e+02 7.389292506160442331e-04
9.376000000000000227e+02 7.452993103190844962e-04
9.407999999999999545e+02 7.516966046434873450e-04
9.440000000000000000e+02 7.581245801731197184e-04
9.472000000000000455e+02 7.645839926095711380e-04
9.503999999999999773e+02 7.710715188869887325e-04
9.536000000000000227e+02 7.775794409011551342e-04
9.567999999999999545e+02 7.840968440490879692e-04
9.600000000000000000e+02 7.906113809991933321e-04
9.632000000000000455e+02 7.971116840617101414e-04
9.663999999999999773e+02 8.035895218256991403e-04
9.696000000000000227e+02 8.100421281296505197e-04
9.727999999999999545e+02 8.164733815944291923e-04
9.760000000000000000e+02 8.228939251974058807e-04
9.792000000000000455e+02 8.293190310626079092e-04
9.823999999999999773e+02 8.357655404682883199e-04
9.856000000000000227e+02 8.422479611048013914e-04
9.887999999999999545e+02 8.487756711473763531e-04
9.920000000000000000e+02 8.553510099889444218e-04
9.952000000000000455e+02 8.619693734720153310e-04
9.983999999999999773e+02 8.686202385026920575e-04
1.001600000000000023e+03 8.752896662423042878e-04
1.004799999999999955e+03 8.819629864285868405e-04
1.008000000000000000e+03 8.886280803282952615e-04
1.011200000000000045e+03 8.952777784528460079e-04
1.014399999999999977e+03 9.019118425200126641e-04
1.017600000000000023e+03 9.085373304108264715e-04
1.020799999999999955e+03 9.151680495349583328e-04
1.024000000000000000e+03 9.218221809203539863e-04
1.027200000000000045e+03 9.285195398747560572e-04
1.030400000000000091e+03 9.352789043418102037e-04
1.033599999999999909e+03 9.421176292665800521e-04
1.036799999999999955e+03 9.490529254868670809e-04
1.040000000000000000e+03 9.561043972554509121e-04
1.043200000000000045e+03 9.632945472822036694e-04
1.046400000000000091e+03 9.706463398343799596e-04
1.049599999999999909e+03 9.781770647015978083e-04
1.052799999999999955e+03 9.858920893852389424e-04
1.056000000000000000e+03 9.937811488094476248e-04
1.059200000000000045e+03 1.001820100255532012e-03
1.062400000000000091e+03 1.009976716289851537e-03
1.065599999999999909e+03 1.018218411552076911e-03
1.068799999999999955e+03 1.026518176757396832e-03
1.072000000000000000e+03 1.034857230340867611e-03
1.075200000000000045e+03 1.043223991839068799e-03
1.078400000000000091e+03 1.051611339942317607e-03
1.081599999999999909e+03 1.060014164187839504e-03
1.084799999999999955e+03 1.068428823273346153e-03
1.088000000000000000e+03 1.076854545786000514e-03
1.091200000000000045e+03 1.085295711756350916e-03
1.094400000000000091e+03 1.093763507014787993e-03
1.097599999999999909e+03 1.102275424901496149e-03
1.100799999999999955e+03 1.110852195433916726e-03
1.104000000000000000e+03 1.119512557628760899e-03
1.107200000000000045e+03 1.128267907265397647e-03
1.110400000000000091e+03 1.137118562048995999e-03
1.113599999999999909e+03 1.146053431436987223e-03
1.116799999999999955e+03 1.155052790466949220e-03
1.120000000000000000e+03 1.164093742531814189e-03
1.123200000000000045e+03 1.173156157135699052e-03
1.126400000000000091e+03 1.182227937536603577e-03
1.129599999999999909e+03 1.191307243732559048e-03
1.132799999999999955e+03 1.200401734981527708e-03
1.136000000000000000e+03 1.209524466151896830e-03
1.139200000000000045e+03 1.218688917789091577e-03
1.142400000000000091e+03 1.227903999780315851e-03
1.145599999999999909e+03 1.237171203923146615e-03
1.148799999999999955e+03 1.246483503541312432e-03
1.152000000000000000e+03 1.255826974881671734e-03
1.155200000000000045e+03 1.265183740204295446e-03
1.158400000000000091e+03 1.274536072466285735e-03
1.161599999999999909e+03 1.283869172012278752e-03
1.164799999999999955e+03 1.293172794775018135e-03
1.168000000000000000e+03 1.302441292661946429e-03
1.171200000000000045e+03 1.311674519727632762e-03
1.174400000000000091e+03 1.320879031855753125e-03
1.177599999999999909e+03 1.330069354263803318e-03
1.180799999999999955e+03 1.339266456764612659e-03
1.184000000000000000e+03 1.348493767988190057e-03
1.187200000000000045e+03 1.357771410521629949e-03
1.190400000000000091e+03 1.367112428991533891e-03
1.193599999999999909e+03 1.376522879499001437e-03
1.196799999999999955e+03 1.386007334652753073e-03
1.200000000000000000e+03 1.395577047400965807e-03
1.203200000000000045e+03 1.405256978218352151e-03
1.206400000000000091e+03 1.415085396254309701e-03
1.209599999999999909e+03 1.425104130410128830e-03
1.212799999999999955e+03 1.435341810344879440e-03
1.216000000000000000e+03 1.445799155302599989e-03
1.219200000000000045e+03 1.456443638376461909e-03
1.222400000000000091e+03 1.467216540982521286e-03
1.225599999999999909e+03 1.478047785182924883e-03
1.228799999999999955e+03 1.488871891603496880e-03
1.232000000000000000e+03 1.499639317568361024e-03
1.235200000000000045e+03 1.510321289506879640e-03
1.238400000000000091e+03 1.520908925073225773e-03
1.241599999999999909e+03 1.531408645396129063e-03
1.244799999999999955e+03 1.541836321956951104e-03
1.248000000000000000e+03 1.552211928877305323e-03
1.251200000000000045e+03 1.562556005088518466e-03
1.254400000000000091e+03 1.572887471067003357e-03
1.257599999999999909e+03 1.583222223735671064e-03
1.260799999999999955e+03 1.593571234123011783e-03
1.264000000000000000e+03 1.603938656804664324e-03
1.267200000000000045e+03 1.614320480073066621e-03
1.270400000000000091e+03 1.624705718425291639e-03
1.273599999999999909e+03 1.635079971149158923e-03
1.276799999999999955e+03 1.645431098495855286e-03
1.280000000000000000e+03 1.655754170043233133e-03
1.283200000000000045e+03 1.666054521143264756e-03
1.286400000000000091e+03 1.676346805956748821e-03
1.289599999999999909e+03 1.686650928265088318e-03
1.292799999999999955e+03 1.696985013560576303e-03
1.296000000000000000e+03 1.707358357406440347e-03
1.299200000000000045e+03 1.717765760267193171e-03
1.302400000000000091e+03 1.728186203013092059e-03
1.305599999999999909e+03 1.738586001397351716e-03
1.308799999999999955e+03 1.748926944672329767e-03
1.312000000000000000e+03 1.759176377483720813e-03
1.315200000000000045e+03 1.769316881967506567e-03
1.318400000000000091e+03 1.779351253232707352e-03
1.321599999999999909e+03 1.789302004439707059e-03
1.324799999999999955e+03 1.799205069687383586e-03
1.328000000000000000e+03 1.809101199801161535e-03
1.331200000000000045e+03 1.819027040078212637e-03
1.334400000000000091e+03 1.829009132377128286e-03
1.337599999999999909e+03 1.839062001074204776e-03
1.340799999999999955e+03 1.849192636678973368e-03
1.344000000000000000e+03 1.859410396862545140e-03
1.347200000000000045e+03 1.869738959955063919e-03
1.350400000000000091e+03 1.880222070921643528e-03
1.353599999999999909e+03 1.890916979489074348e-03
1.356799999999999955e+03 1.901874765629323191e-03
1.360000000000000000e+03 1.913116989455781276e-03
1.363200000000000045e+03 1.924620891478291945e-03
1.366400000000000091e+03 1.936322041040329641e-03
1.369599999999999909e+03 1.948132500854782984e-03
1.372799999999999955e+03 1.959965418067886444e-03
1.376000000000000000e+03 1.971754961170832203e-03
1.379200000000000045e+03 1.983465122100327906e-03
1.382400000000000091e+03 1.995086990629565005e-03
1.385599999999999909e+03 2.006628720750674739e-03
1.388799999999999955e+03 2.018104350811521491e-03
1.392000000000000000e+03 2.029526055605842660e-03
1.395200000000000045e+03 2.040901952153349134e-03
1.398400000000000091e+03 2.052237884233943169e-03
1.401599999999999909e+03 2.063540559469963405e-03
1.404799999999999955e+03 2.074818774338006450e-03
1.408000000000000000e+03 2.086082245036252961e-03
1.411200000000000045e+03 2.097338660417843049e-03
1.414400000000000091e+03 2.108591771990950270e-03
1.417599999999999909e+03 2.119841284857953544e-03
1.420799999999999955e+03 2.131085043097926280e-03
1.424000000000000000e+03 2.142321341910332928e-03
1.427200000000000045e+03 2.153550857014192854e-03
1.430400000000000091e+03 2.164776844468600282e-03
1.433599999999999909e+03 2.176004680251421644e-03
1.436799999999999955e+03 2.187240211972921872e-03
1.440000000000000000e+03 2.198487930839015513e-03
1.443200000000000045e+03 2.209748070550656990e-03
1.446400000000000091e+03 2.221013709325108179e-03
1.449599999999999909e+03 2.232267865984531498e-03
1.452799999999999955e+03 2.243482910752749460e-03
1.456000000000000000e+03 2.254622939515685265e-03
1.459200000000000045e+03 2.265650403095331115e-03
1.462400000000000091e+03 2.276534954881773241e-03
1.465599999999999909e+03 2.287262584193761050e-03
1.468799999999999955e+03 2.297841163196991630e-03
1.472000000000000000e+03 2.308301057368302399e-03
1.475200000000000045e+03 2.318689882983621629e-03
1.478400000000000091e+03 2.329063942632822633e-03
1.481599999999999909e+03 2.339478828284456951e-03
1.484799999999999955e+03 2.349983093756229709e-03
1.488000000000000000e+03 2.360615953293638842e-03
1.491200000000000045e+03 2.371408561442100472e-03
1.494400000000000091e+03 2.382384958638269438e-03
1.497599999999999909e+03 2.393560217478417525e-03
1.500799999999999955e+03 2.404935098177488680e-03
1.504000000000000000e+03 2.416491196387554868e-03
1.507200000000000045e+03 2.428190649177699653e-03
1.510400000000000091e+03 2.439982744273678540e-03
1.513599999999999909e+03 2.451814855409344997e-03
1.516799999999999955e+03 2.463642940107574949e-03
1.520000000000000000e+03 2.475437042359281484e-03
1.523200000000000045e+03 2.487180507306781946e-03
1.526400000000000091e+03 2.498864977410360060e-03
1.529599999999999909e+03 2.510484714235686112e-03
1.532799999999999955e+03 2.522033348985306279e-03
1.536000000000000000e+03 2.533503794298367414e-03
1.539200000000000045e+03 2.544890707863135468e-03
1.542400000000000091e+03 2.556193403658768744e-03
1.545599999999999909e+03 2.567417800616040701e-03
1.548799999999999955e+03 2.578575793811791958e-03
1.552000000000000000e+03 2.589682351828352744e-03
1.555200000000000045e+03 2.600750852010265055e-03
1.558400000000000091e+03 2.611789176486281529e-03
1.561599999999999909e+03 2.622797934880827762e-03
1.564799999999999955e+03 2.633772414922048912e-03
1.568000000000000000e+03 2.644706777029093552e-03
1.571200000000000045e+03 2.655599088983677004e-03
1.574400000000000091e+03 2.666454155567567468e-03
1.577599999999999909e+03 2.677283719533795313e-03
1.580799999999999955e+03 2.688103481797793348e-03
1.584000000000000000e+03 2.698928793202018568e-03
1.587200000000000045e+03 2.709769425495058785e-03
1.590400000000000091e+03 2.720625256262991683e-03
1.593599999999999909e+03 2.731483338087913396e-03
1.596799999999999955e+03 2.742318498966728711e-03
1.600000000000000000e+03 2.753097697364936987e-03
1.603200000000000045e+03 2.763788480515877617e-03
1.606400000000000091e+03 2.774368775197459756e-03
1.609599999999999909e+03 2.784835589022114331e-03
1.612799999999999955e+03 2.795209069930873914e-03
1.616000000000000000e+03 2.805531164611288139e-03
1.619200000000000045e+03 2.815858832347487017e-03
1.622400000000000091e+03 2.826254686875065338e-03
1.625599999999999909e+03 2.836777411697845915e-03
1.628799999999999955e+03 2.847475106872695942e-03
1.632000000000000000e+03 2.858382321314567424e-03
1.635200000000000045e+03 2.869520851146873872e-03
1.638400000000000091e+03 2.880901588387281120e-03
1.641599999999999909e+03 2.892525376950215357e-03
1.644799999999999955e+03 2.904381582383695672e-03
1.648000000000000000e+03 2.916446630065513707e-03
1.651200000000000045e+03 2.928685151201584555e-03
1.654400000000000091e+03 2.941055344555675369e-03
1.657599999999999909e+03 2.953516589778303232e-03
1.660799999999999955e+03 2.966035938133069171e-03
1.664000000000000000e+03 2.978590694208275644e-03
1.667200000000000045e+03 2.991166743832220608e-03
1.670400000000000091e+03 3.003754430596584403e-03
1.673599999999999909e+03 3.016344373301800292e-03
1.676799999999999955e+03 3.028925452162622902e-03
1.680000000000000000e+03 3.041485579539684927e-03
1.683200000000000045e+03 3.054015032318377343e-03
1.686400000000000091e+03 3.066510413810338148e-03
1.689599999999999909e+03 3.078977699177242681e-03
1.692799999999999955e+03 3.091432428992634245e-03
1.696000000000000000e+03 3.103897168665421032e-03
1.699200000000000045e+03 3.116396504693093750e-03
1.702400000000000091e+03 3.128951854583275714e-03
1.705599999999999909e+03 3.141577166468408067e-03
1.708799999999999955e+03 3.154277214460164073e-03
1.712000000000000000e+03 3.167047911876289847e-03
1.715200000000000045e+03 3.179878940884776906e-03
1.718400000000000091e+03 3.192757316930148852e-03
1.721599999999999909e+03 3.205671627251756393e-03
1.724799999999999955e+03 3.218614700461420487e-03
1.728000000000000000e+03 3.231583919649001161e-03
1.731200000000000045e+03 3.244577944526584774e-03
1.734400000000000091e+03 3.257591833860720709e-03
1.737599999999999909e+03 3.270612307345529667e-03
1.740799999999999955e+03 3.283616332433407677e-03
1.744000000000000000e+03 3.296573611083613957e-03
1.747200000000000045e+03 3.309453402055447489e-03
1.750400000000000091e+03 3.322233300632687538e-03
1.753599999999999909e+03 3.334908074149067671e-03
1.756799999999999955e+03 3.347495557929171424e-03
1.760000000000000000e+03 3.360038813653644981e-03
1.763200000000000045e+03 3.372603787090839179e-03
1.766400000000000091e+03 3.385273296600253747e-03
1.769599999999999909e+03 3.398137191981360355e-03
1.772799999999999955e+03 3.411280017098306753e-03
1.776000000000000000e+03 3.424767799573401415e-03
1.779200000000000045e+03 3.438637743082263720e-03
1.782400000000000091e+03 3.452893402406414462e-03
1.785599999999999909e+03 3.467507013830052002e-03
1.788799999999999955e+03 3.482427760192837677e-03
1.792000000000000000e+03 3.497593974685664440e-03
1.795200000000000045e+03 3.512945934752522304e-03
1.798400000000000091e+03 3.528435754733582393e-03
1.801599999999999909e+03 3.544031006816003061e-03
1.804799999999999955e+03 3.559710709580821402e-03
1.808000000000000000e+03 3.575455819344762129e-03
1.811200000000000045e+03 3.591239120587330462e-03
1.814400000000000091e+03 3.607020379111185431e-03
1.817599999999999909e+03 3.622749593382821372e-03
1.820799999999999955e+03 3.638377708350928625e-03
1.824000000000000000e+03 3.653870046156633238e-03
1.827200000000000045e+03 3.669217659624813763e-03
1.830400000000000091e+03 3.684442149775630278e-03
1.833599999999999909e+03 3.699593168551653689e-03
1.836799999999999955e+03 3.714738947011977932e-03
1.840000000000000000e+03 3.729953092234564865e-03
1.843200000000000045e+03 3.745300165273355349e-03
1.846400000000000091e+03 3.760824193841925869e-03
1.849599999999999909e+03 3.776542357565455029e-03
1.852799999999999955e+03 3.792446331567043451e-03
1.856000000000000000e+03 3.808509849834516413e-03
1.859200000000000045e+03 3.824699889881329196e-03
1.862400000000000091e+03 3.840985798438924237e-03
1.865599999999999909e+03 3.857343403112008674e-03
1.868799999999999955e+03 3.873753004231989937e-03
1.872000000000000000e+03 3.890195262068111941e-03
1.875200000000000045e+03 3.906648670664580707e-03
1.878400000000000091e+03 3.923092190032892619e-03
1.881599999999999909e+03 3.939512048479591050e-03
1.884799999999999955e+03 3.955910755226780401e-03
1.888000000000000000e+03 3.972314484078537898e-03
1.891200000000000045e+03 3.988777035703905752e-03
1.894400000000000091e+03 4.005378304255839683e-03
1.897599999999999909e+03 4.022217086967564033e-03
1.900799999999999955e+03 4.039398178090135988e-03
1.904000000000000000e+03 4.057016572942594504e-03
1.907200000000000045e+03 4.075142078740682725e-03
1.910400000000000091e+03 4.093808580628348348e-03
1.913599999999999909e+03 4.113009870366298067e-03
1.916799999999999955e+03 4.132702865368838470e-03
1.920000000000000000e+03 4.152817045758983028e-03
1.923200000000000045e+03 4.173268211731860286e-03
1.926400000000000091e+03 4.193972818974192954e-03
1.929599999999999909e+03 4.214858389280164673e-03
1.932799999999999955e+03 4.235867020497443083e-03
1.936000000000000000e+03 4.256952559654512448e-03
1.939200000000000045e+03 4.278075863339787788e-03
1.942400000000000091e+03 4.299202291232279843e-03
1.945599999999999909e+03 4.320303505093170578e-03
1.948799999999999955e+03 4.341361466518390937e-03
1.952000000000000000e+03 4.362372516720579296e-03
1.955200000000000045e+03 4.383349365030342684e-03
1.958400000000000091e+03 4.404321513253849248e-03
1.961599999999999909e+03 4.425333328414021716e-03
1.964799999999999955e+03 4.446439851589712756e-03
1.968000000000000000e+03 4.467698873993793118e-03
1.971200000000000045e+03 4.489160852341513193e-03
1.974400000000000091e+03 4.510858280364423920e-03
1.977599999999999909e+03 4.532798548177967637e-03
1.980799999999999955e+03 4.554961602758667363e-03
1.984000000000000000e+03 4.577303713885093849e-03
1.987200000000000045e+03 4.599765209916117925e-03
1.990400000000000091e+03 4.622280853347936029e-03
1.993599999999999909e+03 4.644789499379560135e-03
1.996799999999999955e+03 4.667241920495773279e-03
2.000000000000000000e+03 4.689605370594355019e-03
2.003200000000000045e+03 4.711866691980793297e-03
2.006400000000000091e+03 4.734035119022559322e-03
2.009599999999999909e+03 4.756146577608525404e-03
2.012799999999999955e+03 4.778267884141155358e-03
2.016000000000000000e+03 4.800498274576645540e-03
2.019200000000000045e+03 4.822963885363727200e-03
2.022400000000000091e+03 4.845803513952918508e-03
2.025599999999999909e+03 4.869146505323188219e-03
2.028799999999999955e+03 4.893088060369113652e-03
2.032000000000000000e+03 4.917668534842300695e-03
2.035200000000000045e+03 4.942863573953648094e-03
2.038400000000000091e+03 4.968588606334670317e-03
2.041599999999999909e+03 4.994717180627896401e-03
2.044799999999999955e+03 5.021107840543203096e-03
2.048000000000000000e+03 5.047631348824736797e-03
2.051199999999999818e+03 5.074190583999437475e-03
2.054400000000000091e+03 5.100728448908553245e-03
2.057599999999999909e+03 5.127224516080104537e-03
2.060800000000000182e+03 5.153683941980104211e-03
2.064000000000000000e+03 5.180124425641021921e-03
2.067199999999999818e+03 5.206564861672137619e-03
2.070400000000000091e+03 5.233018667314609691e-03
2.073599999999999909e+03 5.259491440630525809e-03
2.076800000000000182e+03 5.285982949304230544e-03
2.080000000000000000e+03 5.312491449024308969e-03
2.083199999999999818e+03 5.339019943797153681e-03
2.086400000000000091e+03 5.365581745473118475e-03
2.089599999999999909e+03 5.392203448719331584e-03
2.092800000000000182e+03 5.418921254935063665e-03
2.096000000000000000e+03 5.445770526343987443e-03
2.099199999999999818e+03 5.472770766630581998e-03
2.102400000000000091e+03 5.499913808072395827e-03
2.105599999999999909e+03 5.527161215294246026e-03
2.108800000000000182e+03 5.554454762787274652e-03
2.112000000000000000e+03 5.581736301422562593e-03
2.115199999999999818e+03 5.608970586018155458e-03
2.118400000000000091e+03 5.636161992276247923e-03
2.121599999999999909e+03 5.663359942504581947e-03
2.124800000000000182e+03 5.690651102859285021e-03
2.128000000000000000e+03 5.718142251116231818e-03
2.131199999999999818e+03 5.745939193231926374e-03
2.134400000000000091e+03 5.774128015671530813e-03
2.137599999999999909e+03 5.802762167093939751e-03
2.140800000000000182e+03 5.831857463083475399e-03
2.144000000000000000e+03 5.861394865078362916e-03
2.147199999999999818e+03 5.891329956445845104e-03
2.150400000000000091e+03 5.921606375275900898e-03
2.153599999999999909e+03 5.952169529819992776e-03
2.156800000000000182e+03 5.982977051889097619e-03
2.160000000000000000e+03 6.014003264216067832e-03
2.163199999999999818e+03 6.045237332307645123e-03
2.166400000000000091e+03 6.076676168682913597e-03
2.169599999999999909e+03 6.108315754626835424e-03
2.172800000000000182e+03 6.140144055872991287e-03
2.176000000000000000e+03 6.172138710795475186e-03
2.179199999999999818e+03 6.204268911595534064e-03
2.182400000000000091e+03 6.236500218164442964e-03
2.185599999999999909e+03 6.268799105800402539e-03
2.188800000000000182e+03 6.301136919646068216e-03
2.192000000000000000e+03 6.333492404942229516e-03
2.195199999999999818e+03 6.365853792122419183e-03
2.198400000000000091e+03 6.398218624923590961e-03
2.201599999999999909e+03 6.430591101159626941e-03
2.204800000000000182e+03 6.462975954719867543e-03
2.208000000000000000e+03 6.495372052309800713e-03
2.211199999999999818e+03 6.527768555030222936e-03
2.214400000000000091e+03 6.560147840455779304e-03
2.217599999999999909e+03 6.592494788668421327e-03
2.220800000000000182e+03 6.624810046035993667e-03
2.224000000000000000e+03 6.657120819765692706e-03
2.227199999999999818e+03 6.689484442481371737e-03
2.230400000000000091e+03 6.721981600540381449e-03
2.233599999999999909e+03 6.754701832464895736e-03
2.236800000000000182e+03 6.787726599123290912e-03
2.240000000000000000e+03 6.821116886411406413e-03
2.243199999999999818e+03 6.854908500498059498e-03
2.246400000000000091e+03 6.889114182470290615e-03
2.249599999999999909e+03 6.923728437393110967e-03
2.252800000000000182e+03 6.958732119359760382e-03
2.256000000000000000e+03 6.994096484344879301e-03
2.259199999999999818e+03 7.029787943731082879e-03
2.262400000000000091e+03 7.065774185623405028e-03
2.265599999999999909e+03 7.102029866081554718e-03
2.268800000000000182e+03 7.138539599799349246e-03
2.272000000000000000e+03 7.175295905537896340e-03
2.275199999999999818e+03 7.212293030868276514e-03
2.278400000000000091e+03 7.249518937766223116e-03
2.281599999999999909e+03 7.286950217301663146e-03
2.284800000000000182e+03 7.324552105456413366e-03
2.288000000000000000e+03 7.362284323723096262e-03
2.291199999999999818e+03 7.400108930045569931e-03
2.294400000000000091e+03 7.437997259164393082e-03
2.297599999999999909e+03 7.475932599754759982e-03
2.300800000000000182e+03 7.513909388722502143e-03
2.304000000000000000e+03 7.551929431856722018e-03
2.307199999999999818e+03 7.589998202687792475e-03
2.310400000000000091e+03 7.628122212961448156e-03
2.313599999999999909e+03 7.666309734060131748e-03
2.316800000000000182e+03 7.704574265826619021e-03
2.320000000000000000e+03 7.742940630714813949e-03
2.323199999999999818e+03 7.781450748343934215e-03
2.326400000000000091e+03 7.820167114361314953e-03
2.329599999999999909e+03 7.859170969503202070e-03
2.332800000000000182e+03 7.898555113101586936e-03
2.336000000000000000e+03 7.938412683025751135e-03
2.339199999999999818e+03 7.978826087706570799e-03
2.342400000000000091e+03 8.019859094151362763e-03
2.345599999999999909e+03 8.061553301593256393e-03
2.348800000000000182e+03 8.103927380163205088e-03
2.352000000000000000e+03 8.146977539209768540e-03
2.355199999999999818e+03 8.190679395013977446e-03
2.358400000000000091e+03 8.234992783443148903e-03
2.361599999999999909e+03 8.279870633877677716e-03
2.364800000000000182e+03 8.325269778246551997e-03
2.368000000000000000e+03 8.371159904143965838e-03
2.371199999999999818e+03 8.417525938081673459e-03
2.374400000000000091e+03 8.464363108034353086e-03
2.377599999999999909e+03 8.511666642192470406e-03
2.380800000000000182e+03 8.559422329587583478e-03
2.384000000000000000e+03 8.607602359088355193e-03
2.387199999999999818e+03 8.656169368743053469e-03
2.390400000000000091e+03 8.705085374299172812e-03
2.393599999999999909e+03 8.754321389990172772e-03
2.396800000000000182e+03 8.803862210422378279e-03
2.400000000000000000e+03 8.853706293541249717e-03
2.403199999999999818e+03 8.903862129999801089e-03
2.406400000000000091e+03 8.954345835687429686e-03
2.409599999999999909e+03 9.005181589609154158e-03
2.412800000000000182e+03 9.056406414542549077e-03
2.416000000000000000e+03 9.108076960202790215e-03
2.419199999999999818e+03 9.160276106781384264e-03
2.422400000000000091e+03 9.213114674334072635e-03
2.425599999999999909e+03 9.266725786235227927e-03
2.428800000000000182e+03 9.321251233114990001e-03
2.432000000000000000e+03 9.376824360563610836e-03
2.435199999999999818e+03 9.433555086021689490e-03
2.438400000000000091e+03 9.491521489304599601e-03
2.441599999999999909e+03 9.550767685797214093e-03
2.444800000000000182e+03 9.611305162786670103e-03
2.448000000000000000e+03 9.673115492819808758e-03
2.451199999999999818e+03 9.736154991691906013e-03
2.454400000000000091e+03 9.800364006814644979e-03
2.457599999999999909e+03 9.865681380736308209e-03
2.460800000000000182e+03 9.932061972176329731e-03
2.464000000000000000e+03 9.999490615637419283e-03
2.467199999999999818e+03 1.006798700602760249e-02
2.470400000000000091e+03 1.013759795629981704e-02
2.473599999999999909e+03 1.020838145859931378e-02
2.476800000000000182e+03 1.028038976435708199e-02
2.480000000000000000e+03 1.035366085858113912e-02
2.483199999999999818e+03 1.042822010289924141e-02
2.486400000000000091e+03 1.050408973004501346e-02
2.489599999999999909e+03 1.058129894004765197e-02
2.492800000000000182e+03 1.065989292623906355e-02
2.496000000000000000e+03 1.073994129847718158e-02
2.499199999999999818e+03 1.082154961822017099e-02
2.502400000000000091e+03 1.090487145334492411e-02
2.505599999999999909e+03 1.099011589234789692e-02
2.508800000000000182e+03 1.107754290380504741e-02
2.512000000000000000e+03 1.116744534024862422e-02
2.515199999999999818e+03 1.126012152776390690e-02
2.518400000000000091e+03 1.135584822865103559e-02
2.521599999999999909e+03 1.145486223270265891e-02
2.524800000000000182e+03 1.155735397754115504e-02
2.528000000000000000e+03 1.166346923005993734e-02
2.531199999999999818e+03 1.177331160352441085e-02
2.534400000000000091e+03 1.188694285577419386e-02
2.537599999999999909e+03 1.200438478765169029e-02
2.540800000000000182e+03 1.212563237630078991e-02
2.544000000000000000e+03 1.225068194348304107e-02
2.547199999999999818e+03 1.237956933763994204e-02
2.550400000000000091e+03 1.251240110480088957e-02
2.553599999999999909e+03 1.264936429734338404e-02
2.556800000000000182e+03 1.279070706047511635e-02
2.560000000000000000e+03 1.293669879638427445e-02
2.563199999999999818e+03 1.308758508598553347e-02
2.566400000000000091e+03 1.324355983241630105e-02
2.569599999999999909e+03 1.340476945160218661e-02
2.572800000000000182e+03 1.357135552802267095e-02
2.576000000000000000e+03 1.374352011031923504e-02
2.579199999999999818e+03 1.392158303322152749e-02
2.582400000000000091e+03 1.410599221577477948e-02
2.585599999999999909e+03 1.429726541800122215e-02
2.588800000000000182e+03 1.449587313080522889e-02
2.592000000000000000e+03 1.470210802987588321e-02
2.595199999999999818e+03 1.491600020291695278e-02
2.598400000000000091e+03 1.513731765165214280e-02
2.601599999999999909e+03 1.536564926687228674e-02
2.604800000000000182e+03 1.560052481771521081e-02
2.608000000000000000e+03 1.584151701661971889e-02
2.611199999999999818e+03 1.608828596604471028e-02
2.614400000000000091e+03 1.634056487967096641e-02
2.617599999999999909e+03 1.659810879597840155e-02
2.620800000000000182e+03 1.686064232712360458e-02
2.624000000000000000e+03 1.712782445898674080e-02
2.627199999999999818e+03 1.739922990007183867e-02
2.630400000000000091e+03 1.767432231340869409e-02
2.633599999999999909e+03 1.795240186673946817e-02
2.636800000000000182e+03 1.823252955750230206e-02
2.640000000000000000e+03 1.851346174225997412e-02
2.643199999999999818e+03 1.879363567609015906e-02
2.646400000000000091e+03 1.907122548515891025e-02
2.649599999999999909e+03 1.934425148959782736e-02
2.652800000000000182e+03 1.961069701417068531e-02
2.656000000000000000e+03 1.986860054293984948e-02
2.659199999999999818e+03 2.011611915976495649e-02
2.662400000000000091e+03 2.035158978201977165e-02
2.665599999999999909e+03 2.057359639592286349e-02
2.668800000000000182e+03 2.078102676563828646e-02
2.672000000000000000e+03 2.097308652363180301e-02
2.675199999999999818e+03 2.114927401721470451e-02
2.678400000000000091e+03 2.130935660439077853e-02
2.681599999999999909e+03 2.145339062776495387e-02
2.684800000000000182e+03 2.158177969627041864e-02
2.688000000000000000e+03 2.169531114620516787e-02
2.691199999999999818e+03 2.179511061587231791e-02
2.694400000000000091e+03 2.188250185373933829e-02
2.697599999999999909e+03 2.195883010885560024e-02
2.700800000000000182e+03 2.202533032547756078e-02
2.704000000000000000e+03 2.208309497037386215e-02
2.707199999999999818e+03 2.213313009412826854e-02
2.710400000000000091e+03 2.217644573318571302e-02
2.713599999999999909e+03 2.221413035284173706e-02
2.716800000000000182e+03 2.224739192255729622e-02
2.720000000000000000e+03 2.227757015347707134e-02
2.723199999999999818e+03 2.230611022370291782e-02
2.726400000000000091e+03 2.233447685712958500e-02
2.729599999999999909e+03 2.236400291412712904e-02
2.732800000000000182e+03 2.239572028441199833e-02
2.736000000000000000e+03 2.243026099195169834e-02
2.739199999999999818e+03 2.246790563306390320e-02
2.742400000000000091e+03 2.250878334842616388e-02
2.745599999999999909e+03 2.255313047538573881e-02
2.748800000000000182e+03 2.260146454396544727e-02
2.752000000000000000e+03 2.265456194463872849e-02
2.755199999999999818e+03 2.271324048155181491e-02
2.758400000000000091e+03 2.277806216024420502e-02
2.761599999999999909e+03 2.284912074703826859e-02
2.764800000000000182e+03 2.292602351445668582e-02
2.768000000000000000e+03 2.300805873396681578e-02
2.771199999999999818e+03 2.309443945555857136e-02
2.774400000000000091e+03 2.318449013885347590e-02
2.777599999999999909e+03 2.327771028644095783e-02
2.780800000000000182e+03 2.337374078356709711e-02
2.784000000000000000e+03 2.347231655489490434e-02
2.787199999999999818e+03 2.357326757393730932e-02
2.790400000000000091e+03 2.367656833092626756e-02
2.793599999999999909e+03 2.378238058105730177e-02
2.796800000000000182e+03 2.389103221142285446e-02
2.800000000000000000e+03 2.400292159957284968e-02
2.803199999999999818e+03 2.411839417577106223e-02
2.806400000000000091e+03 2.423766850352819871e-02
2.809599999999999909e+03 2.436086430063779187e-02
2.812800000000000182e+03 2.448812868241651702e-02
2.816000000000000000e+03 2.461979600450589500e-02
2.819199999999999818e+03 2.475649971506764177e-02
2.822400000000000091e+03 2.489917744010277864e-02
2.825599999999999909e+03 2.504896483026289311e-02
2.828800000000000182e+03 2.520701790569998893e-02
2.832000000000000000e+03 2.537432457390117330e-02
2.835199999999999818e+03 2.555155594288615467e-02
2.838400000000000091e+03 2.573898435538390927e-02
2.841599999999999909e+03 2.593648000549368671e-02
2.844800000000000182e+03 2.614359300151047547e-02
2.848000000000000000e+03 2.635972531147280293e-02
2.851199999999999818e+03 2.658436202176861149e-02
2.854400000000000091e+03 2.681728201641102316e-02
2.857599999999999909e+03 2.705863093539136177e-02
2.860800000000000182e+03 2.730878045841422103e-02
2.864000000000000000e+03 2.756800795054235170e-02
2.867199999999999818e+03 2.783615686750054788e-02
2.870400000000000091e+03 2.811247636480564832e-02
2.873599999999999909e+03 2.839574260623085530e-02
2.876800000000000182e+03 2.868458995813814860e-02
2.880000000000000000e+03 2.897784477154626698e-02
2.883199999999999818e+03 2.927466721389261617e-02
2.886400000000000091e+03 2.957443950700159793e-02
2.889599999999999909e+03 2.987650658474533608e-02
2.892800000000000182e+03 3.017995367648746222e-02
2.896000000000000000e+03 3.048357665274965128e-02
2.899199999999999818e+03 3.078608206464766503e-02
2.902400000000000091e+03 3.108641039731814201e-02
2.905599999999999909e+03 3.138397519476979203e-02
2.908800000000000182e+03 3.167862413905930125e-02
2.912000000000000000e+03 3.197029353297524412e-02
2.915199999999999818e+03 3.225854571957625927e-02
2.918400000000000091e+03 3.254229686433447039e-02
2.921599999999999909e+03 3.281993392349034921e-02
2.924800000000000182e+03 3.308977189533055668e-02
2.928000000000000000e+03 3.335059192666912226e-02
2.931199999999999818e+03 3.360197236941685900e-02
2.934400000000000091e+03 3.384425717360447367e-02
2.937599999999999909e+03 3.407819380580175139e-02
2.940800000000000182e+03 3.430443101061578237e-02
2.944000000000000000e+03 3.452313307377583018e-02
2.947199999999999818e+03 3.473391804102105018e-02
2.950400000000000091e+03 3.493615278917992784e-02
2.953599999999999909e+03 3.512943571427921269e-02
2.956800000000000182e+03 3.531398861894385205e-02
2.960000000000000000e+03 3.549074558375336225e-02
2.963199999999999818e+03 3.566110852063973657e-02
2.966400000000000091e+03 3.582651342297361180e-02
2.969599999999999909e+03 3.598802394616500144e-02
2.972800000000000182e+03 3.614612753198697542e-02
2.976000000000000000e+03 3.630080214694449831e-02
2.979199999999999818e+03 3.645179391063532726e-02
2.982400000000000091e+03 3.659895451161900709e-02
2.985599999999999909e+03 3.674246900334143806e-02
2.988800000000000182e+03 3.688288192742920218e-02
2.992000000000000000e+03 3.702095047898238539e-02
2.995199999999999818e+03 3.715744197796837234e-02
2.998400000000000091e+03 3.729298988752077076e-02
3.001599999999999909e+03 3.742805020965270929e-02
3.004800000000000182e+03 3.756292534276808870e-02
3.008000000000000000e+03 3.769779849878548278e-02
3.011199999999999818e+03 3.783274948004462790e-02
3.014400000000000091e+03 3.796775887503105879e-02
3.017599999999999909e+03 3.810272427368775749e-02
3.020800000000000182e+03 3.823750090001991342e-02
3.024000000000000000e+03 3.837196498485265922e-02
3.027199999999999818e+03 3.850608768641353152e-02
3.030400000000000091e+03 3.864000241774250693e-02
3.033599999999999909e+03 3.877403719529914222e-02
3.036800000000000182e+03 3.890867817904533621e-02
3.040000000000000000e+03 3.904444842671454113e-02
3.043199999999999818e+03 3.918173234237821989e-02
3.046400000000000091e+03 3.932062524040425694e-02
3.049599999999999909e+03 3.946089329011064767e-02
3.052800000000000182e+03 3.960207798406593926e-02
3.056000000000000000e+03 3.974369573322669713e-02
3.059199999999999818e+03 3.988542993333035053e-02
3.062400000000000091e+03 4.002722203091153841e-02
3.065599999999999909e+03 4.016923286049339792e-02
3.068800000000000182e+03 4.031171406880953295e-02
3.072000000000000000e+03 4.045486214548557613e-02
3.075199999999999818e+03 4.059871606448843540e-02
3.078400000000000091e+03 4.074312578670946650e-02
3.081599999999999909e+03 4.088778955606679755e-02
3.084800000000000182e+03 4.103233764654558302e-02
3.088000000000000000e+03 4.117642873157002781e-02
3.091199999999999818e+03 4.131981810401805927e-02
3.094400000000000091e+03 4.146236853593352617e-02
3.097599999999999909e+03 4.160400469548144325e-02
3.100800000000000182e+03 4.174464729736548224e-02
3.104000000000000000e+03 4.188417346159802740e-02
3.107199999999999818e+03 4.202242478392553826e-02
3.110400000000000091e+03 4.215924630425702674e-02
3.113599999999999909e+03 4.229452010036256066e-02
3.116800000000000182e+03 4.242817156292569974e-02
3.120000000000000000e+03 4.256015310246247241e-02
3.123199999999999818e+03 4.269042583726085499e-02
3.126400000000000091e+03 4.281895347352119435e-02
3.129599999999999909e+03 4.294570840362792186e-02
3.132800000000000182e+03 4.307068060959975964e-02
3.136000000000000000e+03 4.319387985271956609e-02
3.139199999999999818e+03 4.331532670706759319e-02
3.142400000000000091e+03 4.343503464717075879e-02
3.145599999999999909e+03 4.355299329448771017e-02
3.148800000000000182e+03 4.366916595418408181e-02
3.152000000000000000e+03 4.378350859864171135e-02
3.155199999999999818e+03 4.389600256945534740e-02
3.158400000000000091e+03 4.400668278280635282e-02
3.161599999999999909e+03 4.411564699277142204e-02
3.164800000000000182e+03 4.422304669864495635e-02
3.168000000000000000e+03 4.432907029640403146e-02
3.171199999999999818e+03 4.443392443051640689e-02
3.174400000000000091e+03 4.453781003408727179e-02
3.177599999999999909e+03 4.464089142195983712e-02
3.180800000000000182e+03 4.474327180343073279e-02
3.184000000000000000e+03 4.484499790120861917e-02
3.187199999999999818e+03 4.494610388196108169e-02
3.190400000000000091e+03 4.504667634834277901e-02
3.193599999999999909e+03 4.514690182852477973e-02
3.196800000000000182e+03 4.524706493511171379e-02
3.200000000000000000e+03 4.534749475450707695e-02
3.203199999999999818e+03 4.544848741330055619e-02
3.206400000000000091e+03 4.555024326522145312e-02
3.209599999999999909e+03 4.565284417590599608e-02
3.212800000000000182e+03 4.575627273833127867e-02
3.216000000000000000e+03 4.586045655598759707e-02
3.219199999999999818e+03 4.596531512717294543e-02
3.222400000000000091e+03 4.607079084999453344e-02
3.225599999999999909e+03 4.617685494820906317e-02
3.228800000000000182e+03 4.628348941481320866e-02
3.232000000000000000e+03 4.639065661103499577e-02
3.235199999999999818e+03 4.649827405795854685e-02
3.238400000000000091e+03 4.660620834603952656e-02
3.241599999999999909e+03 4.671428900784996285e-02
3.244800000000000182e+03 4.682232853970452052e-02
3.248000000000000000e+03 4.693013195752990252e-02
3.251199999999999818e+03 4.703749033305601457e-02
3.254400000000000091e+03 4.714417079626189583e-02
3.257599999999999909e+03 4.724992305069738302e-02
3.260800000000000182e+03 4.735451308254268882e-02
3.264000000000000000e+03 4.745777172760864276e-02
3.267199999999999818e+03 4.755962669582880498e-02
3.270400000000000091e+03 4.766008877601599081e-02
3.273599999999999909e+03 4.775918961622429432e-02
3.276800000000000182e+03 4.785690504295667114e-02
3.280000000000000000e+03 4.795311457733360261e-02
3.283199999999999818e+03 4.804763126969874287e-02
3.286400000000000091e+03 4.814029244362363208e-02
3.289599999999999909e+03 4.823106371082396676e-02
3.292800000000000182e+03 4.832009842252189824e-02
3.296000000000000000e+03 4.840771860698300788e-02
3.299199999999999818e+03 4.849432367467267774e-02
3.302400000000000091e+03 4.858026804918849639e-02
3.305599999999999909e+03 4.866576409414224980e-02
3.308800000000000182e+03 4.875085426625110074e-02
3.312000000000000000e+03 4.883546341639724564e-02
3.315199999999999818e+03 4.891950137906587309e-02
3.318400000000000091e+03 4.900296428734380455e-02
3.321599999999999909e+03 4.908598984354308609e-02
3.324800000000000182e+03 4.916885214396463782e-02
3.328000000000000000e+03 4.925190935593817126e-02
3.331199999999999818e+03 4.933552878644022199e-02
3.334400000000000091e+03 4.942001101155830273e-02
3.337599999999999909e+03 4.950553070286301677e-02
3.340800000000000182e+03 4.959211179000588138e-02
3.344000000000000000e+03 4.967964813299283189e-02
3.347199999999999818e+03 4.976796580772520351e-02
3.350400000000000091e+03 4.985690310339858239e-02
3.353599999999999909e+03 4.994637855897791218e-02
3.356800000000000182e+03 5.003642567813577219e-02
3.360000000000000000e+03 5.012719064555149623e-02
3.363199999999999818e+03 5.021889916578059498e-02
3.366400000000000091e+03 5.031180034750419583e-02
3.369599999999999909e+03 5.040609554016903943e-02
3.372800000000000182e+03 5.050186681564872854e-02
3.376000000000000000e+03 5.059903128502098169e-02
3.379199999999999818e+03 5.069734711227917578e-02
3.382400000000000091e+03 5.079647983044061066e-02
3.385599999999999909e+03 5.089610547839021337e-02
3.388800000000000182e+03 5.099600708775090668e-02
3.392000000000000000e+03 5.109612258297020759e-02
3.395199999999999818e+03 5.119652851209293559e-02
3.398400000000000091e+03 5.129737158598925845e-02
3.401599999999999909e+03 5.139877675835340803e-02
3.404800000000000182e+03 5.150076210251231662e-02
3.408000000000000000e+03 5.160318545873211760e-02
3.411199999999999818e+03 5.170574151898942733e-02
3.414400000000000091e+03 5.180801299765609019e-02
3.417599999999999909e+03 5.190955915428237949e-02
3.420800000000000182e+03 5.201000304490406567e-02
3.424000000000000000e+03 5.210908094180550371e-02
3.427199999999999818e+03 5.220664012896612111e-02
3.430400000000000091e+03 5.230260373987437317e-02
3.433599999999999909e+03 5.239693083254631789e-02
3.436800000000000182e+03 5.248958498444465659e-02
3.440000000000000000e+03 5.258050481517465707e-02
3.443199999999999818e+03 5.266956999328612637e-02
3.446400000000000091e+03 5.275657740919768163e-02
3.449599999999999909e+03 5.284125179121262894e-02
3.452800000000000182e+03 5.292330059949745119e-02
3.456000000000000000e+03 5.300248987735083073e-02
3.459199999999999818e+03 5.307870547088350266e-02
3.462400000000000091e+03 5.315197621425880176e-02
3.465599999999999909e+03 5.322246116078113015e-02
3.468800000000000182e+03 5.329041247534455766e-02
3.472000000000000000e+03 5.335612124860649591e-02
3.475199999999999818e+03 5.341985132218933507e-02
3.478400000000000091e+03 5.348177572283831921e-02
3.481599999999999909e+03 5.354194403598760282e-02
3.484800000000000182e+03 5.360030243282463275e-02
3.488000000000000000e+03 5.365676348972072546e-02
3.491199999999999818e+03 5.371129211618339006e-02
3.494400000000000091e+03 5.376396794879342855e-02
3.497599999999999909e+03 5.381500041831176195e-02
3.500800000000000182e+03 5.386469958900776123e-02
3.504000000000000000e+03 5.391341968390511025e-02
3.507199999999999818e+03 5.396149384456778997e-02
3.510400000000000091e+03 5.400917513120463698e-02
3.513599999999999909e+03 5.405659671105767644e-02
3.516800000000000182e+03 5.410376305658968349e-02
3.520000000000000000e+03 5.415057557855317699e-02
3.523199999999999818e+03 5.419688617286573529e-02
3.526400000000000091e+03 5.424256019864735073e-02
3.529599999999999909e+03 5.428752947292214692e-02
3.532800000000000182e+03 5.433181934149136638e-02
3.536000000000000000e+03 5.437554509896946192e-02
3.539199999999999818e+03 5.441888062308269242e-02
3.542400000000000091e+03 5.446200898514805266e-02
3.545599999999999909e+03 5.450506785226042622e-02
3.548800000000000182e+03 5.454810386472835199e-02
3.552000000000000000e+03 5.459105043841928906e-02
3.555199999999999818e+03 5.463373826630245345e-02
3.558400000000000091e+03 5.467594064126071740e-02
3.561599999999999909e+03 5.471744083429152389e-02
3.564800000000000182e+03 5.475809942736857561e-02
3.568000000000000000e+03 5.479789534604759954e-02
3.571199999999999818e+03 5.483692650217033421e-02
3.574400000000000091e+03 5.487537127015932464e-02
3.577599999999999909e+03 5.491342604128803678e-02
3.580800000000000182e+03 5.495123817518324932e-02
3.584000000000000000e+03 5.498885259356235677e-02
3.587199999999999818e+03 5.502618914226219127e-02
3.590400000000000091e+03 5.506306130616763633e-02
3.593599999999999909e+03 5.509923532355699011e-02
3.596800000000000182e+03 5.513450798419884669e-02
3.600000000000000000e+03 5.516877180382234735e-02
3.603199999999999818e+03 5.520204031506460024e-02
3.606400000000000091e+03 5.523442888391964095e-02
3.609599999999999909e+03 5.526610544375516049e-02
3.612800000000000182e+03 5.529723368678701734e-02
3.616000000000000000e+03 5.532792553897483701e-02
3.619199999999999818e+03 5.535821187389595305e-02
3.622400000000000091e+03 5.538803758507509362e-02
3.625599999999999909e+03 5.541728315733859128e-02
3.628800000000000182e+03 5.544580925209354610e-02
3.632000000000000000e+03 5.547350898394366736e-02
3.635199999999999818e+03 5.550034996850225499e-02
3.638400000000000091e+03 5.552639122727395793e-02
3.641599999999999909e+03 5.555177283058806287e-02
3.644800000000000182e+03 5.557668418120213089e-02
3.648000000000000000e+03 5.560132195571071412e-02
3.651199999999999818e+03 5.562584803039100773e-02
3.654400000000000091e+03 5.565035663383063880e-02
3.657599999999999909e+03 5.567485960908463705e-02
3.660800000000000182e+03 5.569929475592790696e-02
3.664000000000000000e+03 5.572355734650005082e-02
3.667199999999999818e+03 5.574754483483373990e-02
3.670400000000000091e+03 5.577120109583437457e-02
3.673599999999999909e+03 5.579454480120610987e-02
3.676800000000000182e+03 5.581767431624588827e-02
3.680000000000000000e+03 5.584074812273233379e-02
3.683199999999999818e+03 5.586394776784919108e-02
3.686400000000000091e+03 5.588743341091529510e-02
3.689599999999999909e+03 5.591130353447929663e-02
3.692800000000000182e+03 5.593557024717482618e-02
3.696000000000000000e+03 5.596015789808626156e-02
3.699199999999999818e+03 5.598492797703002316e-02
3.702400000000000091e+03 5.600972320875703681e-02
3.705599999999999909e+03 5.603441815967789147e-02
3.708800000000000182e+03 5.605895872118328571e-02
3.712000000000000000e+03 5.608337854311653409e-02
3.715199999999999818e+03 5.610778727342769640e-02
3.718400000000000091e+03 5.613233620521348999e-02
3.721599999999999909e+03 5.615717178240497987e-02
3.724800000000000182e+03 5.618239000119593790e-02
3.728000000000000000e+03 5.620800473436377009e-02
3.731199999999999818e+03 5.623394048545907881e-02
3.734400000000000091e+03 5.626005596386915442e-02
3.737599999999999909e+03 5.628619274131022032e-02
3.740800000000000182e+03 5.631223369178719323e-02
3.744000000000000000e+03 5.633814733598001279e-02
3.747199999999999818e+03 5.636400131397806962e-02
3.750400000000000091e+03 5.638993939830398011e-02
3.753599999999999909e+03 5.641613268180990792e-02
3.756800000000000182e+03 5.644272223268602395e-02
3.760000000000000000e+03 5.646977122838134355e-02
3.763199999999999818e+03 5.649724018914107498e-02
3.766400000000000091e+03 5.652499193165515246e-02
3.769599999999999909e+03 5.655282714575724651e-02
3.772800000000000182e+03 5.658054005435080025e-02
3.776000000000000000e+03 5.660797737321517087e-02
3.779199999999999818e+03 5.663507788357786260e-02
3.782400000000000091e+03 5.666187937761556909e-02
3.785599999999999909e+03 5.668849153805466390e-02
3.788800000000000182e+03 5.671504885473071383e-02
3.792000000000000000e+03 5.674166188678803763e-02
3.795199999999999818e+03 5.676838191196909023e-02
3.798400000000000091e+03 5.679518651295267090e-02
3.801599999999999909e+03 5.682198610744418343e-02
3.804800000000000182e+03 5.684864981485614893e-02
3.808000000000000000e+03 5.687504396359671643e-02
3.811199999999999818e+03 5.690107508802567937e-02
3.814400000000000091e+03 5.692672245140098508e-02
3.817599999999999909e+03 5.695204833397900235e-02
3.820800000000000182e+03 5.697717970862821446e-02
3.824000000000000000e+03 5.700226856480571092e-02
3.827199999999999818e+03 5.702744561792393030e-02
3.830400000000000091e+03 5.705278323109348737e-02
3.833599999999999909e+03 5.707827767004364228e-02
3.836800000000000182e+03 5.710385257464332953e-02
3.840000000000000000e+03 5.712938250225820663e-02
3.843199999999999818e+03 5.715473020926421788e-02
3.846400000000000091e+03 5.717979029965809812e-02
3.849599999999999909e+03 5.720452497631840771e-02
3.852800000000000182e+03 5.722897945670721992e-02
3.856000000000000000e+03 5.725326802230079615e-02
3.859199999999999818e+03 5.727753530185283187e-02
3.862400000000000091e+03 5.730190705563209530e-02
3.865599999999999909e+03 5.732644917060325529e-02
3.868800000000000182e+03 5.735114847223201501e-02
3.872000000000000000e+03 5.737591813719586376e-02
3.875199999999999818e+03 5.740062406802027423e-02
3.878400000000000091e+03 5.742512237830912220e-02
3.881599999999999909e+03 5.744929969442698348e-02
3.884800000000000182e+03 5.747310393130743156e-02
3.888000000000000000e+03 5.749655651692245351e-02
3.891199999999999818e+03 5.751973896500010147e-02
3.894400000000000091e+03 5.754275829752247134e-02
3.897599999999999909e+03 5.756570389310755598e-02
3.900800000000000182e+03 5.758861234873441370e-02
3.904000000000000000e+03 5.761145250045410920e-02
3.907199999999999818e+03 5.763413249554454748e-02
3.910400000000000091e+03 5.765652540162521933e-02
3.913599999999999909e+03 5.767850381681730726e-02
3.916800000000000182e+03 5.769997611047972957e-02
3.920000000000000000e+03 5.772091329580152780e-02
3.923199999999999818e+03 5.774135924176018730e-02
3.926400000000000091e+03 5.776141825533830099e-02
3.929599999999999909e+03 5.778122362640924353e-02
3.932800000000000182e+03 5.780089727984280557e-02
3.936000000000000000e+03 5.782051452818658122e-02
3.939199999999999818e+03 5.784008573516307566e-02
3.942400000000000091e+03 5.785955842691286460e-02
3.945599999999999909e+03 5.787883851012166209e-02
3.948800000000000182e+03 5.789782201161271236e-02
3.952000000000000000e+03 5.791642965813866006e-02
3.955199999999999818e+03 5.793463315481005294e-02
3.958400000000000091e+03 5.795246615015550717e-02
3.961599999999999909e+03 5.797001436556364212e-02
3.964800000000000182e+03 5.798738776925167759e-02
3.968000000000000000e+03 5.800468362787024323e-02
3.971199999999999818e+03 5.802195332349847912e-02
3.974400000000000091e+03 5.803918461944804902e-02
3.977599999999999909e+03 5.805630347310105493e-02
3.980800000000000182e+03 5.807319441741135013e-02
3.984000000000000000e+03 5.808973128663318802e-02
3.987199999999999818e+03 5.810581090577257579e-02
3.990400000000000091e+03 5.812137955785427745e-02
3.993599999999999909e+03 5.813644610789365369e-02
3.996800000000000182e+03 5.815107659731141854e-02
4.000000000000000000e+03 5.816537201329265855e-02
4.003199999999999818e+03 5.817943556549674128e-02
4.006400000000000091e+03 5.819334007496769490e-02
4.009599999999999909e+03 5.820710659723148106e-02
4.012800000000000182e+03 5.822070039048380524e-02
4.016000000000000000e+03 5.823404599344877280e-02
4.019199999999999818e+03 5.824705501333763552e-02
4.022400000000000091e+03 5.825965889069789627e-02
4.025599999999999909e+03 5.827183502740356652e-02
4.028800000000000182e+03 5.828361896183812535e-02
4.032000000000000000e+03 5.829509734450825237e-02
4.035199999999999818e+03 5.830638423562441858e-02
4.038400000000000091e+03 5.831758782234174043e-02
4.041599999999999909e+03 5.832877831665744806e-02
4.044800000000000182e+03 5.833996774209389280e-02
4.048000000000000000e+03 5.835110728498714427e-02
4.051199999999999818e+03 5.836210382915085759e-02
4.054400000000000091e+03 5.837284920211062433e-02
4.057599999999999909e+03 5.838325421772166263e-02
4.060800000000000182e+03 5.839327579058663925e-02
4.064000000000000000e+03 5.840292989685853808e-02
4.067199999999999818e+03 5.841228549671242248e-02
4.070400000000000091e+03 5.842144195117986855e-02
4.073599999999999909e+03 5.843049703943382217e-02
4.076800000000000182e+03 5.843951626329699917e-02
4.080000000000000000e+03 5.844851433589627610e-02
4.083199999999999818e+03 5.845745419142292509e-02
4.086400000000000091e+03 5.846626406688339161e-02
4.089599999999999909e+03 5.847486492882626036e-02
4.092800000000000182e+03 5.848319980378550303e-02
4.096000000000000000e+03 5.849125442832504157e-02
4.099199999999999818e+03 5.849906402722203358e-02
4.102399999999999636e+03 5.850670370998635461e-02
4.105600000000000364e+03 5.851426621710829890e-02
4.108800000000000182e+03 5.852183386571332274e-02
4.112000000000000000e+03 5.852945342448961918e-02
4.115199999999999818e+03 5.853712234333285913e-02
4.118399999999999636e+03 5.854479014695176259e-02
4.121600000000000364e+03 5.855237562956187858e-02
4.124800000000000182e+03 5.855979341685269013e-02
4.128000000000000000e+03 5.856698230554106821e-02
4.131199999999999818e+03 5.857392500532958984e-02
4.134399999999999636e+03 5.858065385827321975e-02
4.137600000000000364e+03 5.858724052430457074e-02
4.140800000000000182e+03 5.859377415608004597e-02
4.144000000000000000e+03 5.860033521789028560e-02
4.147199999999999818e+03 5.860697261330244379e-02
4.150399999999999636e+03 5.861369062766558224e-02
4.153600000000000364e+03 5.862044837502600886e-02
4.156800000000000182e+03 5.862717313308474232e-02
4.160000000000000000e+03 5.863378347940093049e-02
4.163199999999999818e+03 5.864021653298566450e-02
4.166399999999999636e+03 5.864644899021893149e-02
4.169600000000000364e+03 5.865250488006697877e-02
4.172800000000000182e+03 5.865844622862181890e-02
4.176000000000000000e+03 5.866435060759771919e-02
4.179199999999999818e+03 5.867028363934449070e-02
4.182399999999999636e+03 5.867627578911333713e-02
4.185600000000000364e+03 5.868231115744804161e-02
4.188800000000000182e+03 5.868833066837648299e-02
4.192000000000000000e+03 5.869424936903958751e-02
4.195199999999999818e+03 5.869998168495102475e-02
4.198399999999999636e+03 5.870546802207480402e-02
4.201600000000000364e+03 5.871069293307348141e-02
4.204800000000000182e+03 5.871568915240145403e-02
4.208000000000000000e+03 5.872052525737026657e-02
4.211199999999999818e+03 5.872528218672389694e-02
4.214399999999999636e+03 5.873002760152565976e-02
4.217600000000000364e+03 5.873479685379075915e-02
4.220800000000000182e+03 5.873958628512254698e-02
4.224000000000000000e+03 5.874435844965554543e-02
4.227199999999999818e+03 5.874905745320423145e-02
4.230399999999999636e+03 5.875362899557963481e-02
4.233600000000000364e+03 5.875804079066117291e-02
4.236800000000000182e+03 5.876229605165945308e-02
4.240000000000000000e+03 5.876643544652611351e-02
4.243199999999999818e+03 5.877052538318706942e-02
4.246399999999999636e+03 5.877463685187244574e-02
4.249600000000000364e+03 5.877882273787027323e-02
4.252800000000000182e+03 5.878310124382377100e-02
4.256000000000000000e+03 5.878745071987725307e-02
4.259199999999999818e+03 5.879181562173397407e-02
4.262399999999999636e+03 5.879612215619760968e-02
4.265600000000000364e+03 5.880029855246629578e-02
4.268800000000000182e+03 5.880429566964404109e-02
4.272000000000000000e+03 5.880810095279744715e-02
4.275199999999999818e+03 5.881174119280405121e-02
4.278399999999999636e+03 5.881527200668467542e-02
4.281600000000000364e+03 5.881875779707848584e-02
4.284800000000000182e+03 5.882224993391289153e-02
4.288000000000000000e+03 5.882577085649859372e-02
4.291199999999999818e+03 5.882930944748607921e-02
4.294399999999999636e+03 5.883282703781535922e-02
4.297600000000000364e+03 5.883627163898276502e-02
4.300800000000000182e+03 5.883959504490466480e-02
4.304000000000000000e+03 5.884276914518966894e-02
4.307199999999999818e+03 5.884579631480152395e-02
4.310399999999999636e+03 5.884871070772657725e-02
4.313600000000000364e+03 5.885156842251822173e-02
4.316800000000000182e+03 5.885442909452826693e-02
4.320000000000000000e+03 5.885733553464397860e-02
4.323199999999999818e+03 5.886029923832785532e-02
4.326399999999999636e+03 5.886329776498426536e-02
4.329600000000000364e+03 5.886628343855125622e-02
4.332800000000000182e+03 5.886919988271787502e-02
4.336000000000000000e+03 5.887199974145468362e-02
4.339199999999999818e+03 5.887465963566704263e-02
4.342399999999999636e+03 5.887718800272569164e-02
4.345600000000000364e+03 5.887962395677536626e-02
4.348800000000000182e+03 5.888202619883404348e-02
4.352000000000000000e+03 5.888445486633023251e-02
4.355199999999999818e+03 5.888695270739295606e-02
4.358399999999999636e+03 5.888953236519441081e-02
4.361600000000000364e+03 5.889217509585448207e-02
4.364800000000000182e+03 5.889483977796947795e-02
4.368000000000000000e+03 5.889747874954506107e-02
4.371199999999999818e+03 5.890005370728480794e-02
4.374399999999999636e+03 5.890254792485372787e-02
4.377600000000000364e+03 5.890497138422613743e-02
4.380800000000000182e+03 5.890735803283585204e-02
4.384000000000000000e+03 5.890975513445126377e-02
4.387199999999999818e+03 5.891220694677345299e-02
4.390399999999999636e+03 5.891473830092026215e-02
4.393600000000000364e+03 5.891734397211641910e-02
4.396800000000000182e+03 5.891998939170988575e-02
4.400000000000000000e+03 5.892262176520803724e-02
4.403199999999999818e+03 5.892518769456311228e-02
4.406399999999999636e+03 5.892764966769752089e-02
4.409600000000000364e+03 5.892999680564808829e-02
4.412800000000000182e+03 5.893224721488886375e-02
4.416000000000000000e+03 5.893444230631440101e-02
4.419199999999999818e+03 5.893663465599640466e-02
4.422399999999999636e+03 5.893887201557449634e-02
4.425600000000000364e+03 5.894118283223871019e-02
4.428800000000000182e+03 5.894356821131140067e-02
4.432000000000000000e+03 5.894600449968145917e-02
4.435199999999999818e+03 5.894845457955425611e-02
4.438399999999999636e+03 5.895088343185952984e-02
4.441600000000000364e+03 5.895327137047348676e-02
4.444800000000000182e+03 5.895562152029977521e-02
4.448000000000000000e+03 5.895796001699288302e-02
4.451199999999999818e+03 5.896032929460779531e-02
4.454399999999999636e+03 5.896277557965524940e-02
4.457600000000000364e+03 5.896533299319634686e-02
4.460800000000000182e+03 5.896800971589723911e-02
4.464000000000000000e+03 5.897078173699962095e-02
4.467199999999999818e+03 5.897359853527742168e-02
4.470399999999999636e+03 5.897639841870819938e-02
4.473600000000000364e+03 5.897912796771893201e-02
4.476800000000000182e+03 5.898175729601256440e-02
4.480000000000000000e+03 5.898428683609861084e-02
4.483199999999999818e+03 5.898674434775151576e-02
4.486399999999999636e+03 5.898917453764922908e-02
4.489600000000000364e+03 5.899162451142732355e-02
4.492800000000000182e+03 5.899412842074615304e-02
4.496000000000000000e+03 5.899669607671396976e-02
4.499199999999999818e+03 5.899930901545710760e-02
4.502399999999999636e+03 5.900192719395543767e-02
4.505600000000000364e+03 5.900450335740410612e-02
4.508800000000000182e+03 5.900700022870342121e-02
4.512000000000000000e+03 5.900940271957690053e-02
4.515199999999999818e+03 5.901172155842319966e-02
4.518399999999999636e+03 5.901398777235076359e-02
4.521600000000000364e+03 5.901624095639675799e-02
4.524800000000000182e+03 5.901851541395122802e-02
4.528000000000000000e+03 5.902082732625704709e-02
4.531199999999999818e+03 5.902316754624251788e-02
4.534399999999999636e+03 5.902550231019461358e-02
4.537600000000000364e+03 5.902778389884418692e-02
4.540800000000000182e+03 5.902996694128418570e-02
4.544000000000000000e+03 5.903202441477595208e-02
4.547199999999999818e+03 5.903395601480345561e-02
4.550399999999999636e+03 5.903578669303697485e-02
4.553600000000000364e+03 5.903755763464010875e-02
4.556800000000000182e+03 5.903931396209743249e-02
4.560000000000000000e+03 5.904109320112212872e-02
4.563199999999999818e+03 5.904291565152645221e-02
4.566399999999999636e+03 5.904477911186045008e-02
4.569600000000000364e+03 5.904665941772594545e-02
4.572800000000000182e+03 5.904851883861563649e-02
4.576000000000000000e+03 5.905031935184915093e-02
4.579199999999999818e+03 5.905203549145496972e-02
4.582399999999999636e+03 5.905366083496000479e-02
4.585600000000000364e+03 5.905520682532650750e-02
4.588800000000000182e+03 5.905669690763811625e-02
4.592000000000000000e+03 5.905815951324686758e-02
4.595199999999999818e+03 5.905962144343911840e-02
4.598399999999999636e+03 5.906110069676043933e-02
4.601600000000000364e+03 5.906259983923320411e-02
4.604800000000000182e+03 5.906410274484725359e-02
4.608000000000000000e+03 5.906557851131361003e-02
4.611199999999999818e+03 5.906699162546359683e-02
4.614399999999999636e+03 5.906831384385693301e-02
4.617600000000000364e+03 5.906953155643578091e-02
4.620800000000000182e+03 5.907064685511005664e-02
4.624000000000000000e+03 5.907167436101277286e-02
4.627199999999999818e+03 5.907263715996074332e-02
4.630399999999999636e+03 5.907356261347809778e-02
4.633600000000000364e+03 5.907447655029724604e-02
4.636800000000000182e+03 5.907539627619040612e-02
4.640000000000000000e+03 5.907632502753103892e-02
4.643199999999999818e+03 5.907725237457250866e-02
4.646399999999999636e+03 5.907816063246738858e-02
4.649600000000000364e+03 5.907903420225629754e-02
4.652800000000000182e+03 5.907986630974166459e-02
4.656000000000000000e+03 5.908066094306114319e-02
4.659199999999999818e+03 5.908143097957425927e-02
4.662399999999999636e+03 5.908219452095336832e-02
4.665600000000000364e+03 5.908297058445254740e-02
4.668800000000000182e+03 5.908377331117694448e-02
4.672000000000000000e+03 5.908460635479081957e-02
4.675199999999999818e+03 5.908545994143281355e-02
4.678399999999999636e+03 5.908631410699022313e-02
4.681600000000000364e+03 5.908714701377957429e-02
4.684800000000000182e+03 5.908794419432882028e-02
4.688000000000000000e+03 5.908870386890861803e-02
4.691199999999999818e+03 5.908943662994458473e-02
4.694399999999999636e+03 5.909016194392405219e-02
4.697600000000000364e+03 5.909090347685436173e-02
4.700800000000000182e+03 5.909168443253356995e-02
4.704000000000000000e+03 5.909252149519963332e-02
4.707199999999999818e+03 5.909341884854479865e-02
4.710399999999999636e+03 5.909436511956116245e-02
4.713600000000000364e+03 5.909533656915716415e-02
4.716800000000000182e+03 5.909630568857748151e-02
4.720000000000000000e+03 5.909725051980024846e-02
4.723199999999999818e+03 5.909816049944977001e-02
4.726399999999999636e+03 5.909903731174557390e-02
4.729600000000000364e+03 5.909989334315812054e-02
4.732800000000000182e+03 5.910074889846907154e-02
4.736000000000000000e+03 5.910162820267653855e-02
4.739199999999999818e+03 5.910255256578613586e-02
4.742399999999999636e+03 5.910353231441917848e-02
4.745600000000000364e+03 5.910456145777528980e-02
4.748800000000000182e+03 5.910561897161566852e-02
4.752000000000000000e+03 5.910667673245510040e-02
4.755199999999999818e+03 5.910770985405369715e-02
4.758399999999999636e+03 5.910870502340392907e-02
4.761600000000000364e+03 5.910966435998554758e-02
4.764800000000000182e+03 5.911060565556561230e-02
4.768000000000000000e+03 5.911155932172356547e-02
4.771199999999999818e+03 5.911256211905226154e-02
4.774399999999999636e+03 5.911364709118328148e-02
4.777600000000000364e+03 5.911483252122170379e-02
4.780800000000000182e+03 5.911611454920175091e-02
4.784000000000000000e+03 5.911746795574735619e-02
4.787199999999999818e+03 5.911885490189781878e-02
4.790399999999999636e+03 5.912023704806000646e-02
4.793600000000000364e+03 5.912158601819279824e-02
4.796800000000000182e+03 5.912288935372638637e-02
4.800000000000000000e+03 5.912415306421332784e-02
4.803199999999999818e+03 5.912540065096086317e-02
4.806399999999999636e+03 5.912666845679821065e-02
4.809600000000000364e+03 5.912799550763174483e-02
4.812800000000000182e+03 5.912941051319046265e-02
4.816000000000000000e+03 5.913092090841463866e-02
4.819199999999999818e+03 5.913250987516180390e-02
4.822399999999999636e+03 5.913414301674951162e-02
4.825600000000000364e+03 5.913578093618718917e-02
4.828800000000000182e+03 5.913739276405554496e-02
4.832000000000000000e+03 5.913896570901443217e-02
4.835199999999999818e+03 5.914051041561124711e-02
4.838399999999999636e+03 5.914206063839056587e-02
4.841600000000000364e+03 5.914366743375224639e-02
4.844800000000000182e+03 5.914538623288952135e-02
4.848000000000000000e+03 5.914725984787925356e-02
4.851199999999999818e+03 5.914930306332253501e-02
4.854399999999999636e+03 5.915149592346197888e-02
4.857600000000000364e+03 5.915378947067650300e-02
4.860800000000000182e+03 5.915612073821446132e-02
4.864000000000000000e+03 5.915843154658733533e-02
4.867199999999999818e+03 5.916068358143902056e-02
4.870399999999999636e+03 5.916286760991333604e-02
4.873600000000000364e+03 5.916500454169396073e-02
4.876800000000000182e+03 5.916713953173289436e-02
4.880000000000000000e+03 5.916932879442684395e-02
4.883199999999999818e+03 5.917162231834013214e-02
4.886399999999999636e+03 5.917404738742736842e-02
4.889600000000000364e+03 5.917659914367001672e-02
4.892800000000000182e+03 5.917924267271921362e-02
4.896000000000000000e+03 5.918192525020192496e-02
4.899199999999999818e+03 5.918459499871283475e-02
4.902399999999999636e+03 5.918721852544800432e-02
4.905600000000000364e+03 5.918979361201583828e-02
4.908800000000000182e+03 5.919235236803786077e-02
4.912000000000000000e+03 5.919495475107006133e-02
4.915199999999999818e+03 5.919767233269784823e-02
4.918399999999999636e+03 5.920056714236399814e-02
4.921600000000000364e+03 5.920367172365360864e-02
4.924800000000000182e+03 5.920697778640945236e-02
4.928000000000000000e+03 5.921043785454010305e-02
4.931199999999999818e+03 5.921397867395195025e-02
4.934399999999999636e+03 5.921752227101101385e-02
4.937600000000000364e+03 5.922100676317623019e-02
4.940800000000000182e+03 5.922440252005851252e-02
4.944000000000000000e+03 5.922771809886225730e-02
4.947199999999999818e+03 5.923099589730061731e-02
4.950399999999999636e+03 5.923429688164626172e-02
4.953600000000000364e+03 5.923767986605955882e-02
4.956800000000000182e+03 5.924118119185167036e-02
4.960000000000000000e+03 5.924480252452291734e-02
4.963199999999999818e+03 5.924851118819150081e-02
4.966399999999999636e+03 5.925225209419027195e-02
4.969600000000000364e+03 5.925596780438879829e-02
4.972800000000000182e+03 5.925961860413360427e-02
4.976000000000000000e+03 5.926319826246160410e-02
4.979199999999999818e+03 5.926673872826497547e-02
4.982399999999999636e+03 5.927030365481109758e-02
4.985600000000000364e+03 5.927397001519681130e-02
4.988800000000000182e+03 5.927780440782699084e-02
4.992000000000000000e+03 5.928184092355581747e-02
4.995199999999999818e+03 5.928606873088811818e-02
4.998399999999999636e+03 5.929043397473000160e-02
5.001600000000000364e+03 5.929485430568767063e-02
5.004800000000000182e+03 5.929924244615956269e-02
5.008000000000000000e+03 5.930352974580886671e-02
5.011199999999999818e+03 5.930768492953798765e-02
5.014399999999999636e+03 5.931172062398227390e-02
5.017600000000000364e+03 5.931568762222166197e-02
5.020800000000000182e+03 5.931965690686851617e-02
5.024000000000000000e+03 5.932369649221710256e-02
5.027199999999999818e+03 5.932785023166656929e-02
5.030399999999999636e+03 5.933212582676752889e-02
5.033600000000000364e+03 5.933649604077575329e-02
5.036800000000000182e+03 5.934091101453511236e-02
5.040000000000000000e+03 5.934531857885151640e-02
5.043199999999999818e+03 5.934968432308786873e-02
5.046399999999999636e+03 5.935400736434184865e-02
5.049600000000000364e+03 5.935832492131544458e-02
5.052800000000000182e+03 5.936270554558603640e-02
5.056000000000000000e+03 5.936723051042978178e-02
5.059199999999999818e+03 5.937196984300575908e-02
5.062399999999999636e+03 5.937695994972898988e-02
5.065600000000000364e+03 5.938219081754862044e-02
5.068800000000000182e+03 5.938760785594138225e-02
5.072000000000000000e+03 5.939312711639743725e-02
5.075199999999999818e+03 5.939866059308964580e-02
5.078399999999999636e+03 5.940414162203307841e-02
5.081600000000000364e+03 5.940954445813884793e-02
5.084800000000000182e+03 5.941488929345280917e-02
5.088000000000000000e+03 5.942023332120451029e-02
5.091199999999999818e+03 5.942564895784897827e-02
5.094399999999999636e+03 5.943119851873848031e-02
5.097600000000000364e+03 5.943691337710218375e-02
5.100800000000000182e+03 5.944278497880224610e-02
5.104000000000000000e+03 5.944877095505415182e-02
5.107199999999999818e+03 5.945481253844456943e-02
5.110399999999999636e+03 5.946085926368088748e-02
5.113600000000000364e+03 5.946689010468488717e-02
5.116800000000000182e+03 5.947292653025657017e-02
5.120000000000000000e+03 5.947902949199321970e-02
5.123199999999999818e+03 5.948528336076637502e-02
5.126399999999999636e+03 5.949176965801113159e-02
5.129600000000000364e+03 5.949854113069536626e-02
5.132800000000000182e+03 5.950560419809765300e-02
5.136000000000000000e+03 5.951291494473999466e-02
5.139199999999999818e+03 5.952039032269312163e-02
5.142399999999999636e+03 5.952792860306013734e-02
5.145600000000000364e+03 5.953543577048215490e-02
5.148800000000000182e+03 5.954284765355726677e-02
5.152000000000000000e+03 5.955014500028055907e-02
5.155199999999999818e+03 5.955735380857864192e-02
5.158399999999999636e+03 5.956453313760103063e-02
5.161600000000000364e+03 5.957175215106081528e-02
5.164800000000000182e+03 5.957906552097695652e-02
5.168000000000000000e+03 5.958649536572530048e-02
5.171199999999999818e+03 5.959402492692358888e-02
5.174399999999999636e+03 5.960160675624545656e-02
5.177600000000000364e+03 5.960918001432519153e-02
5.180800000000000182e+03 5.961669405782158565e-02
5.184000000000000000e+03 5.962412783345247963e-02
5.187199999999999818e+03 5.963150167041648270e-02
5.190399999999999636e+03 5.963887372462165631e-02
5.193600000000000364e+03 5.964632400349591246e-02
5.196800000000000182e+03 5.965392884228874065e-02
5.200000000000000000e+03 5.966173561427436794e-02
5.203199999999999818e+03 5.966974570979920178e-02
5.206399999999999636e+03 5.967791068948424121e-02
5.209600000000000364e+03 5.968614401548805182e-02
5.212800000000000182e+03 5.969434238211795973e-02
5.216000000000000000e+03 5.970241310545433555e-02
5.219199999999999818e+03 5.971029639779845688e-02
5.222399999999999636e+03 5.971797966925836837e-02
5.225600000000000364e+03 5.972549661671514715e-02
5.228800000000000182e+03 5.973291445030844138e-02
5.232000000000000000e+03 5.974031102354832728e-02
5.235199999999999818e+03 5.974775045304808740e-02
5.238399999999999636e+03 5.975526462535415279e-02
5.241600000000000364e+03 5.976284580917793493e-02
5.244800000000000182e+03 5.977045412465230995e-02
5.248000000000000000e+03 5.977803460803948060e-02
5.251199999999999818e+03 5.978554133677853322e-02
5.254399999999999636e+03 5.979295699470237729e-02
5.257600000000000364e+03 5.980030482396163360e-02
5.260800000000000182e+03 5.980764487201704199e-02
5.264000000000000000e+03 5.981505806211066117e-02
5.267199999999999818e+03 5.982262084344062980e-02
5.270399999999999636e+03 5.983038008369128552e-02
5.273600000000000364e+03 5.983833660315193703e-02
5.276800000000000182e+03 5.984644173597510747e-02
5.280000000000000000e+03 5.985460988449585462e-02
5.283199999999999818e+03 5.986273998940120494e-02
5.286399999999999636e+03 5.987074283996777352e-02
5.289600000000000364e+03 5.987856234704574954e-02
5.292800000000000182e+03 5.988618856294151971e-02
5.296000000000000000e+03 5.989365536604368545e-02
5.299199999999999818e+03 5.990102668208548836e-02
5.302399999999999636e+03 5.990837392572617021e-02
5.305600000000000364e+03 5.991575309454118259e-02
5.308800000000000182e+03 5.992318912372866790e-02
5.312000000000000000e+03 5.993067092515506206e-02
5.315199999999999818e+03 5.993816019283781937e-02
5.318399999999999636e+03 5.994560741515416596e-02
5.321600000000000364e+03 5.995297322061372836e-02
5.324800000000000182e+03 5.996024445209780646e-02
5.328000000000000000e+03 5.996744358165528171e-02
5.331199999999999818e+03 5.997462465121728564e-02
5.334399999999999636e+03 5.998185914184386153e-02
5.337600000000000364e+03 5.998921384456835232e-02
5.340800000000000182e+03 5.999672864079694939e-02
5.344000000000000000e+03 6.000440168527987339e-02
5.347199999999999818e+03 6.001218563509401471e-02
5.350399999999999636e+03 6.001999825959888207e-02
5.353600000000000364e+03 6.002774098010028869e-02
5.356800000000000182e+03 6.003532339067958745e-02
5.360000000000000000e+03 6.004268292213737340e-02
5.363199999999999818e+03 6.004979815415150551e-02
5.366399999999999636e+03 6.005668867297993957e-02
5.369600000000000364e+03 6.006340475131137502e-02
5.372800000000000182e+03 6.007000842762960646e-02
5.376000000000000000e+03 6.007655329562474472e-02
5.379199999999999818e+03 6.008306953433230346e-02
5.382399999999999636e+03 6.008955710504464837e-02
5.385600000000000364e+03 6.009599062591411411e-02
5.388800000000000182e+03 6.010233069246541382e-02
5.392000000000000000e+03 6.010854166926916237e-02
5.395199999999999818e+03 6.011460661490104079e-02
5.398399999999999636e+03 6.012053834298192179e-02
5.401600000000000364e+03 6.012637899772104583e-02
5.404800000000000182e+03 6.013219032151687071e-02
5.408000000000000000e+03 6.013803533467326073e-02
5.411199999999999818e+03 6.014395812836598881e-02
5.414399999999999636e+03 6.014996851118115800e-02
5.417600000000000364e+03 6.015603518733086269e-02
5.420800000000000182e+03 6.016209191409153251e-02
5.424000000000000000e+03 6.016805206985607890e-02
5.427199999999999818e+03 6.017383113869581579e-02
5.430399999999999636e+03 6.017936705405319692e-02
5.433600000000000364e+03 6.018463612390245743e-02
5.436800000000000182e+03 6.018965644630800554e-02
5.440000000000000000e+03 6.019448044502602457e-02
5.443199999999999818e+03 6.019917720065919714e-02
5.446399999999999636e+03 6.020381139255293057e-02
5.449600000000000364e+03 6.020842585136892272e-02
5.452800000000000182e+03 6.021303189242306619e-02
5.456000000000000000e+03 6.021761180457659707e-02
5.459199999999999818e+03 6.022212919731512182e-02
5.462399999999999636e+03 6.022654684848758461e-02
5.465600000000000364e+03 6.023084281374792293e-02
5.468800000000000182e+03 6.023502307046958715e-02
5.472000000000000000e+03 6.023912298527574899e-02
5.475199999999999818e+03 6.024319919428494652e-02
5.478399999999999636e+03 6.024731237080569596e-02
5.481600000000000364e+03 6.025150746555730380e-02
5.484800000000000182e+03 6.025579812030569526e-02
5.488000000000000000e+03 6.026015913488963482e-02
5.491199999999999818e+03 6.026453119402151726e-02
5.494399999999999636e+03 6.026883343013445665e-02
5.497600000000000364e+03 6.027298351787262892e-02
5.500800000000000182e+03 6.027691626571812789e-02
5.504000000000000000e+03 6.028059927490019704e-02
5.507199999999999818e+03 6.028403827196066739e-02
5.510399999999999636e+03 6.028727305306044726e-02
5.513600000000000364e+03 6.029036373420048472e-02
5.516800000000000182e+03 6.029337239300910922e-02
5.520000000000000000e+03 6.029634663706256309e-02
5.523199999999999818e+03 6.029930889660067850e-02
5.526399999999999636e+03 6.030225658994419619e-02
5.529600000000000364e+03 6.030516937506501945e-02
5.532800000000000182e+03 6.030802377249237789e-02
5.536000000000000000e+03 6.031080691988900677e-02
5.539199999999999818e+03 6.031352790429320154e-02
5.542399999999999636e+03 6.031621983400686088e-02
5.545600000000000364e+03 6.031893280764399207e-02
5.548800000000000182e+03 6.032171831656974598e-02
5.552000000000000000e+03 6.032461037157382105e-02
5.555199999999999818e+03 6.032761140829714236e-02
5.558399999999999636e+03 6.033068712231876712e-02
5.561600000000000364e+03 6.033377481030135353e-02
5.564800000000000182e+03 6.033679966185795385e-02
5.568000000000000000e+03 6.033969636039148571e-02
5.571199999999999818e+03 6.034242616015010607e-02
5.574399999999999636e+03 6.034498687604514938e-02
5.577600000000000364e+03 6.034741089420283394e-02
5.580800000000000182e+03 6.034975359439750942e-02
5.584000000000000000e+03 6.035207559570927166e-02
5.587199999999999818e+03 6.035442484034665017e-02
5.590399999999999636e+03 6.035682558807446002e-02
5.593600000000000364e+03 6.035927605905843513e-02
5.596800000000000182e+03 6.036175701548445599e-02
5.600000000000000000e+03 6.036424477270263544e-02
5.603199999999999818e+03 6.036672647693390459e-02
5.606399999999999636e+03 6.036920938924163899e-02
5.609600000000000364e+03 6.037172368391917343e-02
5.612800000000000182e+03 6.037431550579472339e-02
5.616000000000000000e+03 6.037703371036854533e-02
5.619199999999999818e+03 6.037991350111595462e-02
5.622399999999999636e+03 6.038296210372710165e-02
5.625600000000000364e+03 6.038615268233615829e-02
5.628800000000000182e+03 6.038942720296090749e-02
5.632000000000000000e+03 6.039271051749752622e-02
5.635199999999999818e+03 6.039592809169251619e-02
5.638399999999999636e+03 6.039902535140533740e-02
5.641600000000000364e+03 6.040197929809893590e-02
5.644800000000000182e+03 6.040480240833867587e-02
5.648000000000000000e+03 6.040753551848649511e-02
5.651199999999999818e+03 6.041023382516123169e-02
5.654399999999999636e+03 6.041295001626725836e-02
5.657600000000000364e+03 6.041571949948577186e-02
5.660800000000000182e+03 6.041855449093866404e-02
5.664000000000000000e+03 6.042144600858702363e-02
5.667199999999999818e+03 6.042437604159335562e-02
5.670399999999999636e+03 6.042733082186526467e-02
5.673600000000000364e+03 6.043031402405291130e-02
5.676800000000000182e+03 6.043335105424432752e-02
5.680000000000000000e+03 6.043648578555303047e-02
5.683199999999999818e+03 6.043976794898447275e-02
5.686399999999999636e+03 6.044323603198924894e-02
5.689600000000000364e+03 6.044690142836177393e-02
5.692800000000000182e+03 6.045073845302743193e-02
5.696000000000000000e+03 6.045468685478228021e-02
5.699199999999999818e+03 6.045866327926531503e-02
5.702399999999999636e+03 6.046258197433733439e-02
5.705600000000000364e+03 6.046637385207066784e-02
5.708800000000000182e+03 6.047000226522923627e-02
5.712000000000000000e+03 6.047346761775692497e-02
5.715199999999999818e+03 6.047680324032855131e-02
5.718399999999999636e+03 6.048006236518376627e-02
5.721600000000000364e+03 6.048330123415172205e-02
5.724800000000000182e+03 6.048656361008584309e-02
5.728000000000000000e+03 6.048987004561246633e-02
5.731199999999999818e+03 6.049321757807987060e-02
5.734399999999999636e+03 6.049658656354924002e-02
5.737600000000000364e+03 6.049995561237531128e-02
5.740800000000000182e+03 6.050331499544909369e-02
5.744000000000000000e+03 6.050667761143774248e-02
5.747199999999999818e+03 6.051007984790211791e-02
5.750399999999999636e+03 6.051357503362245899e-02
5.753600000000000364e+03 6.051721872808276531e-02
5.756800000000000182e+03 6.052105141061433352e-02
5.760000000000000000e+03 6.052508347181190934e-02
5.763199999999999818e+03 6.052928668995020967e-02
5.766399999999999636e+03 6.053359788448631901e-02
5.769600000000000364e+03 6.053793130396099842e-02
5.772800000000000182e+03 6.054220030629294674e-02
5.776000000000000000e+03 6.054633676340601123e-02
5.779199999999999818e+03 6.055030705426651949e-02
5.782399999999999636e+03 6.055411542509920447e-02
5.785600000000000364e+03 6.055779881773167700e-02
5.788800000000000182e+03 6.056141229004360221e-02
5.792000000000000000e+03 6.056501175432810191e-02
5.795199999999999818e+03 6.056863892731817467e-02
5.798399999999999636e+03 6.057231192118544411e-02
5.801600000000000364e+03 6.057602714773220598e-02
5.804800000000000182e+03 6.057976733124383062e-02
5.808000000000000000e+03 6.058351746838228774e-02
5.811199999999999818e+03 6.058727684884125664e-02
5.814399999999999636e+03 6.059106855394070373e-02
5.817600000000000364e+03 6.059493754930058568e-02
5.820800000000000182e+03 6.059894217989614251e-02
5.824000000000000000e+03 6.060313797165074734e-02
5.827199999999999818e+03 6.060755980926840064e-02
5.830399999999999636e+03 6.061220821490506672e-02
5.833600000000000364e+03 6.061704255512392198e-02
5.836800000000000182e+03 6.062198792371186612e-02
5.840000000000000000e+03 6.062694940314965891e-02
5.843199999999999818e+03 6.063183549773512593e-02
5.846399999999999636e+03 6.063657736752805366e-02
5.849600000000000364e+03 6.064114432894365109e-02
5.852800000000000182e+03 6.064554602637536873e-02
5.856000000000000000e+03 6.064982576612643755e-02
5.859199999999999818e+03 6.065404453489632586e-02
5.862399999999999636e+03 6.065826198599535285e-02
5.865600000000000364e+03 6.066252052455724242e-02
5.868800000000000182e+03 6.066683535256407744e-02
5.872000000000000000e+03 6.067119727805901641e-02
5.875199999999999818e+03 6.067558235249989607e-02
5.878399999999999636e+03 6.067997031508466643e-02
5.881600000000000364e+03 6.068435868422128454e-02
5.884800000000000182e+03 6.068877326498955949e-02
5.888000000000000000e+03 6.069326529661198122e-02
5.891199999999999818e+03 6.069790088018861551e-02
5.894399999999999636e+03 6.070274207897592700e-02
5.897600000000000364e+03 6.070782748352888253e-02
5.900800000000000182e+03 6.071315756863372715e-02
5.904000000000000000e+03 6.071868803327536146e-02
5.907199999999999818e+03 6.072433707661623048e-02
5.910399999999999636e+03 6.073000018616241807e-02
5.913600000000000364e+03 6.073557481084921467e-02
5.916800000000000182e+03 6.074098037075491979e-02
5.920000000000000000e+03 6.074617543213835236e-02
5.923199999999999818e+03 6.075116006029259580e-02
5.926399999999999636e+03 6.075597003745272784e-02
5.929600000000000364e+03 6.076066057565965295e-02
5.932800000000000182e+03 6.076528804588871707e-02
5.936000000000000000e+03 6.076989493586282959e-02
5.939199999999999818e+03 6.077450085966009524e-02
5.942399999999999636e+03 6.077910643656225104e-02
5.945600000000000364e+03 6.078370188822520420e-02
5.948800000000000182e+03 6.078828462689935680e-02
5.952000000000000000e+03 6.079287019490904609e-02
5.955199999999999818e+03 6.079750088441757128e-02
5.958399999999999636e+03 6.080223998808426122e-02
5.961600000000000364e+03 6.080715984131275509e-02
5.964800000000000182e+03 6.081232202067579640e-02
5.968000000000000000e+03 6.081775789436669188e-02
5.971199999999999818e+03 6.082345549990846034e-02
5.974399999999999636e+03 6.082935408209407674e-02
5.977600000000000364e+03 6.083535431953191602e-02
5.980800000000000182e+03 6.084133500126887723e-02
5.984000000000000000e+03 6.084718080894485626e-02
5.987199999999999818e+03 6.085280380850839610e-02
5.990399999999999636e+03 6.085816165729480282e-02
5.993600000000000364e+03 6.086325934677639521e-02
5.996800000000000182e+03 6.086814176799298232e-02
6.000000000000000000e+03 6.087287578587989578e-02
6.003199999999999818e+03 6.087752999985097946e-02
6.006399999999999636e+03 6.088215898124547248e-02
6.009600000000000364e+03 6.088679356401287268e-02
6.012800000000000182e+03 6.089144547086246945e-02
6.016000000000000000e+03 6.089611697958464270e-02
6.019199999999999818e+03 6.090082052292757758e-02
6.022399999999999636e+03 6.090559068123169162e-02
6.025600000000000364e+03 6.091049235942939954e-02
6.028800000000000182e+03 6.091561166437011593e-02
6.032000000000000000e+03 6.092103915339343312e-02
6.035199999999999818e+03 6.092684480945753656e-02
6.038399999999999636e+03 6.093305582249890218e-02
6.041600000000000364e+03 6.093964349764853516e-02
6.044800000000000182e+03 6.094652051192103737e-02
6.048000000000000000e+03 6.095355534007199788e-02
6.051199999999999818e+03 6.096059217529927604e-02
6.054399999999999636e+03 6.096748208069526637e-02
6.057600000000000364e+03 6.097410529288910946e-02
6.060800000000000182e+03 6.098039131541322516e-02
6.064000000000000000e+03 6.098632036942604195e-02
6.067199999999999818e+03 6.099191771279340035e-02
6.070399999999999636e+03 6.099723703253281948e-02
6.073600000000000364e+03 6.100234342777099278e-02
6.076800000000000182e+03 6.100730140706759480e-02
6.080000000000000000e+03 6.101216708780787118e-02
6.083199999999999818e+03 6.101699387198456642e-02
6.086399999999999636e+03 6.102183725046550489e-02
6.089600000000000364e+03 6.102676914384470158e-02
6.092800000000000182e+03 6.103187984143531447e-02
6.096000000000000000e+03 6.103727890408949114e-02
6.099199999999999818e+03 6.104307826240926160e-02
6.102399999999999636e+03 6.104937154336666921e-02
6.105600000000000364e+03 6.105620760820107407e-02
6.108800000000000182e+03 6.106356926640874733e-02
6.112000000000000000e+03 6.107136606091242981e-02
6.115199999999999818e+03 6.107943818997441099e-02
6.118399999999999636e+03 6.108758240017925223e-02
6.121600000000000364e+03 6.109558029360776660e-02
6.124800000000000182e+03 6.110323811001085875e-02
6.128000000000000000e+03 6.111041155004813541e-02
6.131199999999999818e+03 6.111702598263829556e-02
6.134399999999999636e+03 6.112307443321610828e-02
6.137600000000000364e+03 6.112860698014473126e-02
6.140800000000000182e+03 6.113370994689402288e-02
6.144000000000000000e+03 6.113848442175117553e-02
6.147199999999999818e+03 6.114303324884496488e-02
6.150399999999999636e+03 6.114745231745154913e-02
6.153600000000000364e+03 6.115183832128925218e-02
6.156800000000000182e+03 6.115629342338441132e-02
6.160000000000000000e+03 6.116093904034890227e-02
6.163199999999999818e+03 6.116591309553557482e-02
6.166399999999999636e+03 6.117136568505494171e-02
6.169600000000000364e+03 6.117743563405942525e-02
6.172800000000000182e+03 6.118422572187123126e-02
6.176000000000000000e+03 6.119177380031261965e-02
6.179199999999999818e+03 6.120003182976356537e-02
6.182399999999999636e+03 6.120886131295189686e-02
6.185600000000000364e+03 6.121804052939553570e-02
6.188800000000000182e+03 6.122729650343001345e-02
6.192000000000000000e+03 6.123633722511364480e-02
6.195199999999999818e+03 6.124489858829099825e-02
6.198399999999999636e+03 6.125277213494240147e-02
6.201600000000000364e+03 6.125983209930899870e-02
6.204800000000000182e+03 6.126603626249862294e-02
6.208000000000000000e+03 6.127142134092471160e-02
6.211199999999999818e+03 6.127608560448307568e-02
6.214399999999999636e+03 6.128016975706677971e-02
6.217600000000000364e+03 6.128384527417458233e-02
6.220800000000000182e+03 6.128730014291437767e-02
6.224000000000000000e+03 6.129074242186441368e-02
6.227199999999999818e+03 6.129439057629100518e-02
6.230399999999999636e+03 6.129847748617041348e-02
6.233600000000000364e+03 6.130322957135563022e-02
6.236800000000000182e+03 6.130885166221507893e-02
6.240000000000000000e+03 6.131549186473394392e-02
6.243199999999999818e+03 6.132321412267199845e-02
6.246399999999999636e+03 6.133197467385342189e-02
6.249600000000000364e+03 6.134161100836876129e-02
6.252800000000000182e+03 6.135185697049728298e-02
6.256000000000000000e+03 6.136236384311984093e-02
6.259199999999999818e+03 6.137275264776849426e-02
6.262399999999999636e+03 6.138265345762408676e-02
6.265600000000000364e+03 6.139176213939526172e-02
6.268800000000000182e+03 6.139986376477028079e-02
6.272000000000000000e+03 6.140685608962385272e-02
6.275199999999999818e+03 6.141273996926925605e-02
6.278399999999999636e+03 6.141760628296370067e-02
6.281600000000000364e+03 6.142161293599606581e-02
6.284800000000000182e+03 6.142495969525539612e-02
6.288000000000000000e+03 6.142787780063115044e-02
6.291199999999999818e+03 6.143061043725189102e-02
6.294399999999999636e+03 6.143342109897814013e-02
6.297600000000000364e+03 6.143657735470124670e-02
6.300800000000000182e+03 6.144036034232300963e-02
6.304000000000000000e+03 6.144503414862605151e-02
6.307199999999999818e+03 6.145083355670095948e-02
6.310399999999999636e+03 6.145791777343468515e-02
6.313600000000000364e+03 6.146634483531487891e-02
6.316800000000000182e+03 6.147604348539754265e-02
6.320000000000000000e+03 6.148680384144423333e-02
6.323199999999999818e+03 6.149829832743536340e-02
6.326399999999999636e+03 6.151009838118272344e-02
6.329600000000000364e+03 6.152174370160456290e-02
6.332800000000000182e+03 6.153276779223168513e-02
6.336000000000000000e+03 6.154278577720088961e-02
6.339199999999999818e+03 6.155149544420512875e-02
6.342399999999999636e+03 6.155874394669563765e-02
6.345600000000000364e+03 6.156448810414236888e-02
6.348800000000000182e+03 6.156882854620013973e-02
6.352000000000000000e+03 6.157195274121638612e-02
6.355199999999999818e+03 6.157414606866608991e-02
6.358399999999999636e+03 6.157575492119731625e-02
