0.000000000000000000e+00 0.000000000000000000e+00
3.200000000000000178e+00 6.875563632854453882e-06
6.400000000000000355e+00 1.357942873845740861e-05
9.599999999999999645e+00 2.014097343209699049e-05
1.280000000000000071e+01 2.655469311075144765e-05
1.600000000000000000e+01 3.282613465909909808e-05
1.919999999999999929e+01 3.895508090887464086e-05
2.239999999999999858e+01 4.494462015909665822e-05
2.560000000000000142e+01 5.079568826120751821e-05
2.880000000000000071e+01 5.651073559922716673e-05
3.200000000000000000e+01 6.209112356622804938e-05
3.520000000000000284e+01 6.753906971272314805e-05
3.839999999999999858e+01 7.285614313543654951e-05
4.160000000000000142e+01 7.804446087742682571e-05
4.479999999999999716e+01 8.310571195888028992e-05
4.800000000000000000e+01 8.804196565314139928e-05
5.120000000000000284e+01 9.285498756846889896e-05
5.439999999999999858e+01 9.754682238772643076e-05
5.760000000000000142e+01 1.021192873088570873e-04
6.079999999999999716e+01 1.065744127349231969e-04
6.400000000000000000e+01 1.109140511066031504e-04
6.720000000000000284e+01 1.151402226016072982e-04
7.040000000000000568e+01 1.192548030864999095e-04
7.359999999999999432e+01 1.232598032786708412e-04
7.679999999999999716e+01 1.271571132367295116e-04
8.000000000000000000e+01 1.309487331622797548e-04
8.320000000000000284e+01 1.346365596663176740e-04
8.640000000000000568e+01 1.382225803405588314e-04
8.959999999999999432e+01 1.417086917589927995e-04
9.279999999999999716e+01 1.450968662203200765e-04
9.600000000000000000e+01 1.483889944292466061e-04
9.920000000000000284e+01 1.515870303955134282e-04
1.024000000000000057e+02 1.546928536893805821e-04
1.055999999999999943e+02 1.577083968807563156e-04
1.087999999999999972e+02 1.606355236008048131e-04
1.120000000000000000e+02 1.634761418005659908e-04
1.152000000000000028e+02 1.662320947662326116e-04
1.184000000000000057e+02 1.689052626927224025e-04
1.215999999999999943e+02 1.714974644643369199e-04
1.247999999999999972e+02 1.740105494807571960e-04
1.280000000000000000e+02 1.764463084942215665e-04
1.311999999999999886e+02 1.788065572086115762e-04
1.344000000000000057e+02 1.810930548209675175e-04
1.375999999999999943e+02 1.833075806053327582e-04
1.408000000000000114e+02 1.854518590753289372e-04
1.440000000000000000e+02 1.875276305292646463e-04
1.471999999999999886e+02 1.895365819585356380e-04
1.504000000000000057e+02 1.914804123475256751e-04
1.535999999999999943e+02 1.933607686070753162e-04
1.568000000000000114e+02 1.951793062786760010e-04
1.600000000000000000e+02 1.969376299043738886e-04
1.631999999999999886e+02 1.986373496803689866e-04
1.664000000000000057e+02 2.002800257715428047e-04
1.695999999999999943e+02 2.018672213584013053e-04
1.728000000000000114e+02 2.034004504786272307e-04
1.760000000000000000e+02 2.048812278477185492e-04
1.791999999999999886e+02 2.063110198859350046e-04
1.824000000000000057e+02 2.076912916335741700e-04
1.855999999999999943e+02 2.090234606624379314e-04
1.888000000000000114e+02 2.103089413522352905e-04
1.920000000000000000e+02 2.115491014353523087e-04
1.951999999999999886e+02 2.127453038703462000e-04
1.984000000000000057e+02 2.138988658029877528e-04
2.015999999999999943e+02 2.150110982317758547e-04
2.048000000000000114e+02 2.160832671957520939e-04
2.080000000000000000e+02 2.171166314061079262e-04
2.111999999999999886e+02 2.181124055000031653e-04
2.144000000000000057e+02 2.190717957845416601e-04
2.175999999999999943e+02 2.199959654104307802e-04
2.208000000000000114e+02 2.208860683567693271e-04
2.240000000000000000e+02 2.217432164021855535e-04
2.271999999999999886e+02 2.225685114644342013e-04
2.304000000000000057e+02 2.233630142574001337e-04
2.335999999999999943e+02 2.241277750822560715e-04
2.368000000000000114e+02 2.248638040729167341e-04
2.400000000000000000e+02 2.255721005266612424e-04
2.431999999999999886e+02 2.262536246508166306e-04
2.464000000000000057e+02 2.269093255068667598e-04
2.495999999999999943e+02 2.275401141783305883e-04
2.528000000000000114e+02 2.281468903964931430e-04
2.560000000000000000e+02 2.287305170629234160e-04
2.591999999999999886e+02 2.292918456207458276e-04
2.623999999999999773e+02 2.298316918696285938e-04
2.656000000000000227e+02 2.303508601331638464e-04
2.688000000000000114e+02 2.308501203031851389e-04
2.720000000000000000e+02 2.313302308463260730e-04
2.751999999999999886e+02 2.317919170254021104e-04
2.783999999999999773e+02 2.322358927954448749e-04
2.816000000000000227e+02 2.326628401651514150e-04
2.848000000000000114e+02 2.330734300275168333e-04
2.880000000000000000e+02 2.334683026117638754e-04
2.911999999999999886e+02 2.338480872697438551e-04
2.943999999999999773e+02 2.342133839672569308e-04
2.976000000000000227e+02 2.345647820632117294e-04
3.008000000000000114e+02 2.349028428186859308e-04
3.040000000000000000e+02 2.352281172115289806e-04
3.071999999999999886e+02 2.355411294243729930e-04
3.103999999999999773e+02 2.358423937075017904e-04
3.136000000000000227e+02 2.361323988015227382e-04
3.168000000000000114e+02 2.364116238789423059e-04
3.200000000000000000e+02 2.366805238850733337e-04
3.231999999999999886e+02 2.369395445923553180e-04
3.263999999999999773e+02 2.371891088254847652e-04
3.296000000000000227e+02 2.374296306380475267e-04
3.328000000000000114e+02 2.376615023848719439e-04
3.360000000000000000e+02 2.378851080479048416e-04
3.391999999999999886e+02 2.381008111438389057e-04
3.423999999999999773e+02 2.383089672366800818e-04
3.456000000000000227e+02 2.385099126591789739e-04
3.488000000000000114e+02 2.387039762187256431e-04
3.520000000000000000e+02 2.388914686790777526e-04
3.551999999999999886e+02 2.390726936541152708e-04
3.583999999999999773e+02 2.392479378333179708e-04
3.616000000000000227e+02 2.394174811316114007e-04
3.648000000000000114e+02 2.395815876989043755e-04
3.680000000000000000e+02 2.397405153637619793e-04
3.711999999999999886e+02 2.398945073349355273e-04
3.743999999999999773e+02 2.400438008246249893e-04
3.776000000000000227e+02 2.401886192943648250e-04
3.808000000000000114e+02 2.403291802723986077e-04
3.840000000000000000e+02 2.404656884052818985e-04
3.871999999999999886e+02 2.405983433373055154e-04
3.903999999999999773e+02 2.407273353047400968e-04
3.936000000000000227e+02 2.408528546996499802e-04
3.968000000000000114e+02 2.409750877721702177e-04
4.000000000000000000e+02 2.410942169200429286e-04
4.031999999999999886e+02 2.412103945572115584e-04
4.063999999999999773e+02 2.413237204360491625e-04
4.096000000000000227e+02 2.414342189967312103e-04
4.128000000000000114e+02 2.415419045946153704e-04
4.160000000000000000e+02 2.416469864940491653e-04
4.191999999999999886e+02 2.417500441858605042e-04
4.223999999999999773e+02 2.418517448214836088e-04
4.256000000000000227e+02 2.419522305562997499e-04
4.288000000000000114e+02 2.420515010015232712e-04
4.320000000000000000e+02 2.421503771434089548e-04
4.351999999999999886e+02 2.422486470339120198e-04
4.383999999999999773e+02 2.423430900052471861e-04
4.416000000000000227e+02 2.424327925061445840e-04
4.448000000000000114e+02 2.425237755481078530e-04
4.480000000000000000e+02 2.426194119124302606e-04
4.511999999999999886e+02 2.427133160892010427e-04
4.543999999999999773e+02 2.428023264105423911e-04
4.576000000000000227e+02 2.428925322695073101e-04
4.608000000000000114e+02 2.429847995010510462e-04
4.640000000000000000e+02 2.430730310502363654e-04
4.671999999999999886e+02 2.431571548900761371e-04
4.703999999999999773e+02 2.432410713545465637e-04
4.736000000000000227e+02 2.433238868377856224e-04
4.768000000000000114e+02 2.434034116053448874e-04
4.800000000000000000e+02 2.434808519155366431e-04
4.831999999999999886e+02 2.435581527387458334e-04
4.863999999999999773e+02 2.436356435626079841e-04
4.896000000000000227e+02 2.437128664692875550e-04
4.928000000000000114e+02 2.437894230597526012e-04
4.960000000000000000e+02 2.438650626918718867e-04
4.991999999999999886e+02 2.439399518151735900e-04
5.023999999999999773e+02 2.440146188050675426e-04
5.056000000000000227e+02 2.440892154636518712e-04
5.088000000000000114e+02 2.441634257936519509e-04
5.120000000000000000e+02 2.442371178328447859e-04
5.152000000000000455e+02 2.443104973009216038e-04
5.183999999999999773e+02 2.443838036730575547e-04
5.216000000000000227e+02 2.444571247258333475e-04
5.247999999999999545e+02 2.445303803633576910e-04
5.280000000000000000e+02 2.446034535471786845e-04
5.312000000000000455e+02 2.446763685003083789e-04
5.343999999999999773e+02 2.447492678976745275e-04
5.376000000000000227e+02 2.448222616930798663e-04
5.407999999999999545e+02 2.448953809507281218e-04
5.440000000000000000e+02 2.449686982606554355e-04
5.472000000000000455e+02 2.450423924327075893e-04
5.503999999999999773e+02 2.451167101707026562e-04
5.536000000000000227e+02 2.451918672774143449e-04
5.567999999999999545e+02 2.452680113128934765e-04
5.600000000000000000e+02 2.453452309302491560e-04
5.632000000000000455e+02 2.454235957209697713e-04
5.663999999999999773e+02 2.455031548929238424e-04
5.696000000000000227e+02 2.455839616404620405e-04
5.727999999999999545e+02 2.456662503853156870e-04
5.760000000000000000e+02 2.457509959421204241e-04
5.792000000000000455e+02 2.458410258605919947e-04
5.823999999999999773e+02 2.459431805358053128e-04
5.856000000000000227e+02 2.460723993505327433e-04
5.887999999999999545e+02 2.462595353690242607e-04
5.920000000000000000e+02 2.465652766423289126e-04
5.952000000000000455e+02 2.471034634013102534e-04
5.983999999999999773e+02 2.480740254565347042e-04
6.016000000000000227e+02 2.497998689683616070e-04
6.047999999999999545e+02 2.527466385231763720e-04
6.080000000000000000e+02 2.574975669989130762e-04
6.112000000000000455e+02 2.646560743155400449e-04
6.143999999999999773e+02 2.746844281139923646e-04
6.176000000000000227e+02 2.877131904038637790e-04
6.207999999999999545e+02 3.033851089823834846e-04
6.240000000000000000e+02 3.207839517472669297e-04
6.272000000000000455e+02 3.385118808084911380e-04
6.303999999999999773e+02 3.549602974211952871e-04
6.336000000000000227e+02 3.687613834506270468e-04
6.367999999999999545e+02 3.792533627343111437e-04
6.400000000000000000e+02 3.866978178895418743e-04
6.432000000000000455e+02 3.920799528600413968e-04
6.463999999999999773e+02 3.965948105748507888e-04
6.496000000000000227e+02 4.011360230233555367e-04
6.527999999999999545e+02 4.060603467593191466e-04
6.560000000000000000e+02 4.112749057564088332e-04
6.592000000000000455e+02 4.164870123702707678e-04
6.623999999999999773e+02 4.214318343415748847e-04
6.656000000000000227e+02 4.259791560900830199e-04
6.687999999999999545e+02 4.301303481577986284e-04
6.720000000000000000e+02 4.339587762328221817e-04
6.752000000000000455e+02 4.375500226607367685e-04
6.783999999999999773e+02 4.409695864352503893e-04
6.816000000000000227e+02 4.442623673076039927e-04
6.847999999999999545e+02 4.474661396180518625e-04
6.880000000000000000e+02 4.506195214945208282e-04
6.912000000000000455e+02 4.537537286525475237e-04
6.943999999999999773e+02 4.568791363010579385e-04
6.976000000000000227e+02 4.599806411704380018e-04
7.007999999999999545e+02 4.630307159688149595e-04
7.040000000000000000e+02 4.660086064225657152e-04
7.072000000000000455e+02 4.689144511903589087e-04
7.103999999999999773e+02 4.717681975666608530e-04
7.136000000000000227e+02 4.745988874625942555e-04
7.167999999999999545e+02 4.774307440189918574e-04
7.200000000000000000e+02 4.802768798325714574e-04
7.232000000000000455e+02 4.831407023792859846e-04
7.263999999999999773e+02 4.860229037785366722e-04
7.296000000000000227e+02 4.889251874611156125e-04
7.327999999999999545e+02 4.918500766059974265e-04
7.360000000000000000e+02 4.947971995428224233e-04
7.392000000000000455e+02 4.977627072999561350e-04
7.423999999999999773e+02 5.007414843033154098e-04
7.456000000000000227e+02 5.037318624266091775e-04
7.487999999999999545e+02 5.067372891772578200e-04
7.520000000000000000e+02 5.097653103677044330e-04
7.552000000000000455e+02 5.128237932418020298e-04
7.583999999999999773e+02 5.159187697805495002e-04
7.616000000000000227e+02 5.190537701248743594e-04
7.647999999999999545e+02 5.222313474994717515e-04
7.680000000000000000e+02 5.254538290312905013e-04
7.712000000000000455e+02 5.287235876474911467e-04
7.743999999999999773e+02 5.320420169061266039e-04
7.776000000000000227e+02 5.354091643564468919e-04
7.807999999999999545e+02 5.388236959639192136e-04
7.840000000000000000e+02 5.422838715666711143e-04
7.872000000000000455e+02 5.457883043358237535e-04
7.903999999999999773e+02 5.493365744703503995e-04
7.936000000000000227e+02 5.529292395690455549e-04
7.967999999999999545e+02 5.565677335083255841e-04
8.000000000000000000e+02 5.602542415516863607e-04
8.032000000000000455e+02 5.639914943191458524e-04
8.063999999999999773e+02 5.677823263666720429e-04
8.096000000000000227e+02 5.716286051081093675e-04
8.127999999999999545e+02 5.755301076974592275e-04
8.160000000000000000e+02 5.794835873661173271e-04
8.192000000000000455e+02 5.834831236973944332e-04
8.223999999999999773e+02 5.875211542907998914e-04
8.256000000000000227e+02 5.915901733360162413e-04
8.287999999999999545e+02 5.956835038924418327e-04
8.320000000000000000e+02 5.997957615781065403e-04
8.352000000000000455e+02 6.039223990107285469e-04
8.383999999999999773e+02 6.080600172650232893e-04
8.416000000000000227e+02 6.122066348814175253e-04
8.447999999999999545e+02 6.163630366660863800e-04
8.480000000000000000e+02 6.205334115389033681e-04
8.512000000000000455e+02 6.247261405276141035e-04
8.543999999999999773e+02 6.289530117244258129e-04
8.576000000000000227e+02 6.332284817602054075e-04
8.607999999999999545e+02 6.375676522023999591e-04
8.640000000000000000e+02 6.419850811751464390e-04
8.672000000000000455e+02 6.464927229792922407e-04
8.703999999999999773e+02 6.510989197190876921e-04
8.736000000000000227e+02 6.558062294811810083e-04
8.767999999999999545e+02 6.606105434769121883e-04
8.800000000000000000e+02 6.655000368357533820e-04
8.832000000000000455e+02 6.704567678961270488e-04
8.863999999999999773e+02 6.754585866971805127e-04
8.896000000000000227e+02 6.804826104503766031e-04
8.927999999999999545e+02 6.855073134963839306e-04
8.960000000000000000e+02 6.905149655652742567e-04
8.992000000000000455e+02 6.954925784961720012e-04
9.023999999999999773e+02 7.004333622311006719e-04
9.056000000000000227e+02 7.053365177802701407e-04
9.087999999999999545e+02 7.102069424577832661e-04
9.120000000000000000e+02 7.150530017860733502e-04
9.152000000000000455e+02 7.198846358985301836e-04
9.183999999999999773e+02 7.247106183550736797e-04
9.216000000000000227e+02 7.295373144053254964e-04
9.247999999999999545e+02 7.343676285827325069e-04
9.280000000000000000e+02 7.392019267336825093e-04
9.312000000000000455e+02 7.440390249196762902e-04
9.343999999999999773e+02 7.488780996290128524e-04
9.376000000000000227e+02 7.537193380509218076e-04
9.407999999999999545e+02 7.585643274951346183e-04
9.440000000000000000e+02 7.634150102406042984e-04
9.472000000000000455e+02 7.682728979518517291e-04
9.503999999999999773e+02 7.731378718161183421e-04
9.536000000000000227e+02 7.780077899908292025e-04
9.567999999999999545e+02 7.828778846732234236e-04
9.600000000000000000e+02 7.877407523567251952e-04
9.632000000000000455e+02 7.925864923135602161e-04
9.663999999999999773e+02 7.974039601657004423e-04
9.696000000000000227e+02 8.021827205380689055e-04
9.727999999999999545e+02 8.069154070912015232e-04
9.760000000000000000e+02 8.115994195085734749e-04
9.792000000000000455e+02 8.162373747523075668e-04
9.823999999999999773e+02 8.208364525736619498e-04
9.856000000000000227e+02 8.254067562581213300e-04
9.887999999999999545e+02 8.299594415923824660e-04
9.920000000000000000e+02 8.345044780442262928e-04
9.952000000000000455e+02 8.390489711837860682e-04
9.983999999999999773e+02 8.435958689785873731e-04
1.001600000000000023e+03 8.481440010470613121e-04
1.004799999999999955e+03 8.526886569595543489e-04
1.008000000000000000e+03 8.572231964980339377e-04
1.011200000000000045e+03 8.617403945871227955e-04
1.014399999999999977e+03 8.662342750653630793e-04
1.017600000000000023e+03 8.707011249422542259e-04
1.020799999999999955e+03 8.751406969070428706e-04
1.024000000000000000e+03 8.795560508593389636e-04
1.027200000000000045e+03 8.839533744759600457e-04
1.030400000000000091e+03 8.883406784191488163e-04
1.033599999999999909e+03 8.927274396012752555e-04
1.036799999999999955e+03 8.971242397977466669e-04
1.040000000000000000e+03 9.015441278498302234e-04
1.043200000000000045e+03 9.060034904849395077e-04
1.046400000000000091e+03 9.105230372992599228e-04
1.049599999999999909e+03 9.151256291248135825e-04
1.052799999999999955e+03 9.198325438641881532e-04
1.056000000000000000e+03 9.246570905168255416e-04
1.059200000000000045e+03 9.296003506691389532e-04
1.062400000000000091e+03 9.346492751602967445e-04
1.065599999999999909e+03 9.397803390529553937e-04
1.068799999999999955e+03 9.449652542026694153e-04
1.072000000000000000e+03 9.501781990635404813e-04
1.075200000000000045e+03 9.554001281885519167e-04
1.078400000000000091e+03 9.606209891087749480e-04
1.081599999999999909e+03 9.658382506414776294e-04
1.084799999999999955e+03 9.710546900324321844e-04
1.088000000000000000e+03 9.762751450914483771e-04
1.091200000000000045e+03 9.815050654494322530e-04
1.094400000000000091e+03 9.867496939023005093e-04
1.097599999999999909e+03 9.920149719028091475e-04
1.100799999999999955e+03 9.973079594666500215e-04
1.104000000000000000e+03 1.002637478591957964e-03
1.107200000000000045e+03 1.008013503790260905e-03
1.110400000000000091e+03 1.013446515642525301e-03
1.113599999999999909e+03 1.018945788586074312e-03
1.116799999999999955e+03 1.024517898987659884e-03
1.120000000000000000e+03 1.030164963595682492e-03
1.123200000000000045e+03 1.035884211308525519e-03
1.126400000000000091e+03 1.041668497490003337e-03
1.129599999999999909e+03 1.047508245006157019e-03
1.132799999999999955e+03 1.053393560341115429e-03
1.136000000000000000e+03 1.059316272965865223e-03
1.139200000000000045e+03 1.065271249304861924e-03
1.142400000000000091e+03 1.071256898290531400e-03
1.145599999999999909e+03 1.077274796014541418e-03
1.148799999999999955e+03 1.083328400188541532e-03
1.152000000000000000e+03 1.089421673477707552e-03
1.155200000000000045e+03 1.095557787195626433e-03
1.158400000000000091e+03 1.101738626640595860e-03
1.161599999999999909e+03 1.107964238534992667e-03
1.164799999999999955e+03 1.114232704615461620e-03
1.168000000000000000e+03 1.120539713837639863e-03
1.171200000000000045e+03 1.126878925308134362e-03
1.174400000000000091e+03 1.133242044449978654e-03
1.177599999999999909e+03 1.139619642095114627e-03
1.180799999999999955e+03 1.146001732218250666e-03
1.184000000000000000e+03 1.152379938804957201e-03
1.187200000000000045e+03 1.158749721228099529e-03
1.190400000000000091e+03 1.165112987894096654e-03
1.193599999999999909e+03 1.171478063201418594e-03
1.196799999999999955e+03 1.177857933479389742e-03
1.200000000000000000e+03 1.184266390293892265e-03
1.203200000000000045e+03 1.190715772928590665e-03
1.206400000000000091e+03 1.197216565902910982e-03
1.209599999999999909e+03 1.203780457038548064e-03
1.212799999999999955e+03 1.210423287610483574e-03
1.216000000000000000e+03 1.217167003955439827e-03
1.219200000000000045e+03 1.224036392693900145e-03
1.222400000000000091e+03 1.231052715617779285e-03
1.225599999999999909e+03 1.238224620744053824e-03
1.228799999999999955e+03 1.245543027604112570e-03
1.232000000000000000e+03 1.252980772057836825e-03
1.235200000000000045e+03 1.260498940389611971e-03
1.238400000000000091e+03 1.268054464900827483e-03
1.241599999999999909e+03 1.275607118443696040e-03
1.244799999999999955e+03 1.283122484418301734e-03
1.248000000000000000e+03 1.290573268594905369e-03
1.251200000000000045e+03 1.297939456974590237e-03
1.254400000000000091e+03 1.305209687489952870e-03
1.257599999999999909e+03 1.312382362906348594e-03
1.260799999999999955e+03 1.319466432932899207e-03
1.264000000000000000e+03 1.326479867416053247e-03
1.267200000000000045e+03 1.333446532047706306e-03
1.270400000000000091e+03 1.340391008457004216e-03
1.273599999999999909e+03 1.347333253268166242e-03
1.276799999999999955e+03 1.354283623736643894e-03
1.280000000000000000e+03 1.361240480000835192e-03
1.283200000000000045e+03 1.368190701736884127e-03
1.286400000000000091e+03 1.375113731492152080e-03
1.289599999999999909e+03 1.381987568053794210e-03
1.292799999999999955e+03 1.388795007234303177e-03
1.296000000000000000e+03 1.395528005241338659e-03
1.299200000000000045e+03 1.402188880909012361e-03
1.302400000000000091e+03 1.408788459844735434e-03
1.305599999999999909e+03 1.415341760968048422e-03
1.308799999999999955e+03 1.421863117195638817e-03
1.312000000000000000e+03 1.428361641824820241e-03
1.315200000000000045e+03 1.434838750198072412e-03
1.318400000000000091e+03 1.441287772041879725e-03
1.321599999999999909e+03 1.447696538767738808e-03
1.324799999999999955e+03 1.454051427403958621e-03
1.328000000000000000e+03 1.460342195244188328e-03
1.331200000000000045e+03 1.466564754970100821e-03
1.334400000000000091e+03 1.472722037898663251e-03
1.337599999999999909e+03 1.478822059587649347e-03
1.340799999999999955e+03 1.484875837946618860e-03
1.344000000000000000e+03 1.490894853624234436e-03
1.347200000000000045e+03 1.496889815982350644e-03
1.350400000000000091e+03 1.502869110295713094e-03
1.353599999999999909e+03 1.508838356553028831e-03
1.356799999999999955e+03 1.514800435763229711e-03
1.360000000000000000e+03 1.520758304561763705e-03
1.363200000000000045e+03 1.526719482485573362e-03
1.366400000000000091e+03 1.532702029008989808e-03
1.369599999999999909e+03 1.538737166737874900e-03
1.372799999999999955e+03 1.544866987914022714e-03
1.376000000000000000e+03 1.551134754818345434e-03
1.379200000000000045e+03 1.557572845544275345e-03
1.382400000000000091e+03 1.564191786998483458e-03
1.385599999999999909e+03 1.570977121962631277e-03
1.388799999999999955e+03 1.577893430899881882e-03
1.392000000000000000e+03 1.584894642424013612e-03
1.395200000000000045e+03 1.591934237843904872e-03
1.398400000000000091e+03 1.598972935194968061e-03
1.401599999999999909e+03 1.605981349724243954e-03
1.404799999999999955e+03 1.612940113127917614e-03
1.408000000000000000e+03 1.619838638323078386e-03
1.411200000000000045e+03 1.626674904928023836e-03
1.414400000000000091e+03 1.633455442601681887e-03
1.417599999999999909e+03 1.640195331010188984e-03
1.420799999999999955e+03 1.646916395325002339e-03
1.424000000000000000e+03 1.653643860028645302e-03
1.427200000000000045e+03 1.660401328351772572e-03
1.430400000000000091e+03 1.667205964477918700e-03
1.433599999999999909e+03 1.674064818903240204e-03
1.436799999999999955e+03 1.680973871686005381e-03
1.440000000000000000e+03 1.687919757007835938e-03
1.443200000000000045e+03 1.694883958934305553e-03
1.446400000000000091e+03 1.701848164614860534e-03
1.449599999999999909e+03 1.708799275097663828e-03
1.452799999999999955e+03 1.715732670144353182e-03
1.456000000000000000e+03 1.722652515796026847e-03
1.459200000000000045e+03 1.729569407919452802e-03
1.462400000000000091e+03 1.736495806469039562e-03
1.465599999999999909e+03 1.743441204475176896e-03
1.468799999999999955e+03 1.750407883950705432e-03
1.472000000000000000e+03 1.757389017711768510e-03
1.475200000000000045e+03 1.764369142127310145e-03
1.478400000000000091e+03 1.771327798113869322e-03
1.481599999999999909e+03 1.778244690972030249e-03
1.484799999999999955e+03 1.785105502475931678e-03
1.488000000000000000e+03 1.791905271424740860e-03
1.491200000000000045e+03 1.798649173410337776e-03
1.494400000000000091e+03 1.805349837919775595e-03
1.497599999999999909e+03 1.812024085009127745e-03
1.500799999999999955e+03 1.818689337222692765e-03
1.504000000000000000e+03 1.825361358683549613e-03
1.507200000000000045e+03 1.832051723862155234e-03
1.510400000000000091e+03 1.838766312108583911e-03
1.513599999999999909e+03 1.845505199471190105e-03
1.516799999999999955e+03 1.852266822987203975e-03
1.520000000000000000e+03 1.859055201428794516e-03
1.523200000000000045e+03 1.865887862354759317e-03
1.526400000000000091e+03 1.872797445100764235e-03
1.529599999999999909e+03 1.879824749016987531e-03
1.532799999999999955e+03 1.887003638723402021e-03
1.536000000000000000e+03 1.894346667062185531e-03
1.539200000000000045e+03 1.901837391036036422e-03
1.542400000000000091e+03 1.909434025903212085e-03
1.545599999999999909e+03 1.917080295713644586e-03
1.548799999999999955e+03 1.924719144240751153e-03
1.552000000000000000e+03 1.932303303932643391e-03
1.555200000000000045e+03 1.939801401176134742e-03
1.558400000000000091e+03 1.947198781348003687e-03
1.561599999999999909e+03 1.954495189867147282e-03
1.564799999999999955e+03 1.961700507410187467e-03
1.568000000000000000e+03 1.968830886718887525e-03
1.571200000000000045e+03 1.975905509824248812e-03
1.574400000000000091e+03 1.982944478399365634e-03
1.577599999999999909e+03 1.989966694338133994e-03
1.580799999999999955e+03 1.996987751389029103e-03
1.584000000000000000e+03 2.004017283533965701e-03
1.587200000000000045e+03 2.011056710377562111e-03
1.590400000000000091e+03 2.018098136094406431e-03
1.593599999999999909e+03 2.025125879947353279e-03
1.596799999999999955e+03 2.032120839395453425e-03
1.600000000000000000e+03 2.039066616617260692e-03
1.603200000000000045e+03 2.045955107945886513e-03
1.606400000000000091e+03 2.052789193720607874e-03
1.609599999999999909e+03 2.059581805337138121e-03
1.612799999999999955e+03 2.066351559222309210e-03
1.616000000000000000e+03 2.073116819130960391e-03
1.619200000000000045e+03 2.079889540134697515e-03
1.622400000000000091e+03 2.086671118275093724e-03
1.625599999999999909e+03 2.093451081321888105e-03
1.628799999999999955e+03 2.100209768525205297e-03
1.632000000000000000e+03 2.106923812203395814e-03
1.635200000000000045e+03 2.113573341436727950e-03
1.638400000000000091e+03 2.120147664079908428e-03
1.641599999999999909e+03 2.126648162361232611e-03
1.644799999999999955e+03 2.133086766481232400e-03
1.648000000000000000e+03 2.139482203831844041e-03
1.651200000000000045e+03 2.145855030442704245e-03
1.654400000000000091e+03 2.152224022741644396e-03
1.657599999999999909e+03 2.158603244220458784e-03
1.660799999999999955e+03 2.165000828700893321e-03
1.664000000000000000e+03 2.171419253622826253e-03
1.667200000000000045e+03 2.177859224294064529e-03
1.670400000000000091e+03 2.184326426804310967e-03
1.673599999999999909e+03 2.190839801086673540e-03
1.676799999999999955e+03 2.197435535024665383e-03
1.680000000000000000e+03 2.204163350239863022e-03
1.683200000000000045e+03 2.211073002669529559e-03
1.686400000000000091e+03 2.218197323009740360e-03
1.689599999999999909e+03 2.225538756908645131e-03
1.692799999999999955e+03 2.233067290363690161e-03
1.696000000000000000e+03 2.240729081345705243e-03
1.699200000000000045e+03 2.248461962729352177e-03
1.702400000000000091e+03 2.256209984039279220e-03
1.705599999999999909e+03 2.263933121110872290e-03
1.708799999999999955e+03 2.271610107958531733e-03
1.712000000000000000e+03 2.279236349998817711e-03
1.715200000000000045e+03 2.286818699253781537e-03
1.718400000000000091e+03 2.294370178290516035e-03
1.721599999999999909e+03 2.301905984239226068e-03
1.724799999999999955e+03 2.309441895407794102e-03
1.728000000000000000e+03 2.316993848739610975e-03
1.731200000000000045e+03 2.324577714595984362e-03
1.734400000000000091e+03 2.332207793618771598e-03
1.737599999999999909e+03 2.339894308109835303e-03
1.740799999999999955e+03 2.347640650214004397e-03
1.744000000000000000e+03 2.355442178978745579e-03
1.747200000000000045e+03 2.363287616184629302e-03
1.750400000000000091e+03 2.371163050301713232e-03
1.753599999999999909e+03 2.379057147587623506e-03
1.756799999999999955e+03 2.386965357299104373e-03
1.760000000000000000e+03 2.394891713208947316e-03
1.763200000000000045e+03 2.402847507363510202e-03
1.766400000000000091e+03 2.410847897047136909e-03
1.769599999999999909e+03 2.418907270136981015e-03
1.772799999999999955e+03 2.427035185712975510e-03
1.776000000000000000e+03 2.435233332492101749e-03
1.779200000000000045e+03 2.443494441220808635e-03
1.782400000000000091e+03 2.451802324611402316e-03
1.785599999999999909e+03 2.460133394863530092e-03
1.788799999999999955e+03 2.468459016925660197e-03
1.792000000000000000e+03 2.476749832373198023e-03
1.795200000000000045e+03 2.484981297538349683e-03
1.798400000000000091e+03 2.493140400899276476e-03
1.801599999999999909e+03 2.501230815941754386e-03
1.804799999999999955e+03 2.509275371209043586e-03
1.808000000000000000e+03 2.517313634521370098e-03
1.811200000000000045e+03 2.525395890425519933e-03
1.814400000000000091e+03 2.533574238570153025e-03
1.817599999999999909e+03 2.541894356127502759e-03
1.820799999999999955e+03 2.550389293476822833e-03
1.824000000000000000e+03 2.559077779728967036e-03
1.827200000000000045e+03 2.567965638597713516e-03
1.830400000000000091e+03 2.577049346714392966e-03
1.833599999999999909e+03 2.586318175828777096e-03
1.836799999999999955e+03 2.595755075670796389e-03
1.840000000000000000e+03 2.605336508645268029e-03
1.843200000000000045e+03 2.615034289925769612e-03
1.846400000000000091e+03 2.624819035304806411e-03
1.849599999999999909e+03 2.634664631388697938e-03
1.852799999999999955e+03 2.644550630426428361e-03
1.856000000000000000e+03 2.654462203733709384e-03
1.859200000000000045e+03 2.664387608746945045e-03
1.862400000000000091e+03 2.674315617938509849e-03
1.865599999999999909e+03 2.684234016544669900e-03
1.868799999999999955e+03 2.694130370075587238e-03
1.872000000000000000e+03 2.703994157372730228e-03
1.875200000000000045e+03 2.713819432473977764e-03
1.878400000000000091e+03 2.723606426933146765e-03
1.881599999999999909e+03 2.733361586719449624e-03
1.884799999999999955e+03 2.743095942684137863e-03
1.888000000000000000e+03 2.752822546503303370e-03
1.891200000000000045e+03 2.762553784931736419e-03
1.894400000000000091e+03 2.772299250767448243e-03
1.897599999999999909e+03 2.782064831660110461e-03
1.900799999999999955e+03 2.791853009247397942e-03
1.904000000000000000e+03 2.801664400109882876e-03
1.907200000000000045e+03 2.811499525836088503e-03
1.910400000000000091e+03 2.821360418027141301e-03
1.913599999999999909e+03 2.831250912239824044e-03
1.916799999999999955e+03 2.841175820273805948e-03
1.920000000000000000e+03 2.851138476795737897e-03
1.923200000000000045e+03 2.861137893763459217e-03
1.926400000000000091e+03 2.871165840568811779e-03
1.929599999999999909e+03 2.881205791733179415e-03
1.932799999999999955e+03 2.891234015654810252e-03
1.936000000000000000e+03 2.901224061262441291e-03
1.939200000000000045e+03 2.911153148201011016e-03
1.942400000000000091e+03 2.921009560386315495e-03
1.945599999999999909e+03 2.930798095561768218e-03
1.948799999999999955e+03 2.940543179010412286e-03
1.952000000000000000e+03 2.950288640422162045e-03
1.955200000000000045e+03 2.960095374036775771e-03
1.958400000000000091e+03 2.970035742134724543e-03
1.961599999999999909e+03 2.980185111279538314e-03
1.964799999999999955e+03 2.990609955736549773e-03
1.968000000000000000e+03 3.001356091036701344e-03
1.971200000000000045e+03 3.012440092671632864e-03
1.974400000000000091e+03 3.023848214832101314e-03
1.977599999999999909e+03 3.035542297147275550e-03
1.980799999999999955e+03 3.047471156165763861e-03
1.984000000000000000e+03 3.059582649358042090e-03
1.987200000000000045e+03 3.071833466696699023e-03
1.990400000000000091e+03 3.084193139485831136e-03
1.993599999999999909e+03 3.096641849621287190e-03
1.996799999999999955e+03 3.109162680536193320e-03
2.000000000000000000e+03 3.121732722229791056e-03
2.003200000000000045e+03 3.134317664597554252e-03
2.006400000000000091e+03 3.146873782396648889e-03
2.009599999999999909e+03 3.159356654408412759e-03
2.012799999999999955e+03 3.171732983726431067e-03
2.016000000000000000e+03 3.183990520745341637e-03
2.019200000000000045e+03 3.196142750765166955e-03
2.022400000000000091e+03 3.208227244424892346e-03
2.025599999999999909e+03 3.220298165809116781e-03
2.028799999999999955e+03 3.232414824838218421e-03
2.032000000000000000e+03 3.244628664679289308e-03
2.035200000000000045e+03 3.256972373319057864e-03
2.038400000000000091e+03 3.269454162576561785e-03
2.041599999999999909e+03 3.282059509428010991e-03
2.044799999999999955e+03 3.294759021899509518e-03
2.048000000000000000e+03 3.307519153743827215e-03
2.051199999999999818e+03 3.320310341278099459e-03
2.054400000000000091e+03 3.333109843721670552e-03
2.057599999999999909e+03 3.345898751829611516e-03
2.060800000000000182e+03 3.358657177675788280e-03
2.064000000000000000e+03 3.371361189011567484e-03
2.067199999999999818e+03 3.383984943623753391e-03
2.070400000000000091e+03 3.396507012534033705e-03
2.073599999999999909e+03 3.408919160243755603e-03
2.076800000000000182e+03 3.421233660346692778e-03
2.080000000000000000e+03 3.433487549582470502e-03
2.083199999999999818e+03 3.445741628453306317e-03
2.086400000000000091e+03 3.458074482920588718e-03
2.089599999999999909e+03 3.470571188312082493e-03
2.092800000000000182e+03 3.483309522629071068e-03
2.096000000000000000e+03 3.496346227500029668e-03
2.099199999999999818e+03 3.509707862971662810e-03
2.102400000000000091e+03 3.523387927048435633e-03
2.105599999999999909e+03 3.537351411550636662e-03
2.108800000000000182e+03 3.551544371810442038e-03
2.112000000000000000e+03 3.565906293993723226e-03
2.115199999999999818e+03 3.580381032872084063e-03
2.118400000000000091e+03 3.594923391989572180e-03
2.121599999999999909e+03 3.609498696668630383e-03
2.124800000000000182e+03 3.624076718265700336e-03
2.128000000000000000e+03 3.638623736473837328e-03
2.131199999999999818e+03 3.653098399361263699e-03
2.134400000000000091e+03 3.667454341586170920e-03
2.137599999999999909e+03 3.681648946519375503e-03
2.140800000000000182e+03 3.695654186868432226e-03
2.144000000000000000e+03 3.709465043813795371e-03
2.147199999999999818e+03 3.723102598492651540e-03
2.150400000000000091e+03 3.736610942725989305e-03
2.153599999999999909e+03 3.750049043400204528e-03
2.156800000000000182e+03 3.763479373220770825e-03
2.160000000000000000e+03 3.776956208934458426e-03
2.163199999999999818e+03 3.790515995488029193e-03
2.166400000000000091e+03 3.804172241514709903e-03
2.169599999999999909e+03 3.817915521495541045e-03
2.172800000000000182e+03 3.831718450542204255e-03
2.176000000000000000e+03 3.845543222246592969e-03
2.179199999999999818e+03 3.859349501174052545e-03
2.182400000000000091e+03 3.873099929341802371e-03
2.185599999999999909e+03 3.886763161299692463e-03
2.188800000000000182e+03 3.900314880857796637e-03
2.192000000000000000e+03 3.913739084919769413e-03
2.195199999999999818e+03 3.927030102839746892e-03
2.198400000000000091e+03 3.940195939210027094e-03
2.201599999999999909e+03 3.953261503641608034e-03
2.204800000000000182e+03 3.966271066856492077e-03
2.208000000000000000e+03 3.979287723455373488e-03
2.211199999999999818e+03 3.992388849811376143e-03
2.214400000000000091e+03 4.005656347177227738e-03
2.217599999999999909e+03 4.019163774779734369e-03
2.220800000000000182e+03 4.032963301255063950e-03
2.224000000000000000e+03 4.047077136772147914e-03
2.227199999999999818e+03 4.061495519355994878e-03
2.230400000000000091e+03 4.076181940499379666e-03
2.233599999999999909e+03 4.091082897855068297e-03
2.236800000000000182e+03 4.106139170350573027e-03
2.240000000000000000e+03 4.121294720193692182e-03
2.243199999999999818e+03 4.136501244531946668e-03
2.246400000000000091e+03 4.151717670299243275e-03
2.249599999999999909e+03 4.166906681880405174e-03
2.252800000000000182e+03 4.182031340776843492e-03
2.256000000000000000e+03 4.197054939360704215e-03
2.259199999999999818e+03 4.211944874362773608e-03
2.262400000000000091e+03 4.226678901514491736e-03
2.265599999999999909e+03 4.241250691846670459e-03
2.268800000000000182e+03 4.255672195580030744e-03
2.272000000000000000e+03 4.269972192600827131e-03
2.275199999999999818e+03 4.284191600192924568e-03
2.278400000000000091e+03 4.298376861813295660e-03
2.281599999999999909e+03 4.312572374734935550e-03
2.284800000000000182e+03 4.326813448956404705e-03
2.288000000000000000e+03 4.341120908588368132e-03
2.291199999999999818e+03 4.355498685576806445e-03
2.294400000000000091e+03 4.369934439265193461e-03
2.297599999999999909e+03 4.384402994167852993e-03
2.300800000000000182e+03 4.398871110546009357e-03
2.304000000000000000e+03 4.413302618187554122e-03
2.307199999999999818e+03 4.427662560127915148e-03
2.310400000000000091e+03 4.441920476661428453e-03
2.313599999999999909e+03 4.456052896589836505e-03
2.316800000000000182e+03 4.470046120128997984e-03
2.320000000000000000e+03 4.483899308064503986e-03
2.323199999999999818e+03 4.497628109932047882e-03
2.326400000000000091e+03 4.511267716187446382e-03
2.329599999999999909e+03 4.524874383776705637e-03
2.332800000000000182e+03 4.538523372433446966e-03
2.336000000000000000e+03 4.552302258461493785e-03
2.339199999999999818e+03 4.566299283641831602e-03
2.342400000000000091e+03 4.580589190264702792e-03
2.345599999999999909e+03 4.595219997466568757e-03
2.348800000000000182e+03 4.610204948800120626e-03
2.352000000000000000e+03 4.625521668218971968e-03
2.355199999999999818e+03 4.641118640838146937e-03
2.358400000000000091e+03 4.656926373546797261e-03
2.361599999999999909e+03 4.672869826766901970e-03
2.364800000000000182e+03 4.688878468099462460e-03
2.368000000000000000e+03 4.704892064870678722e-03
2.371199999999999818e+03 4.720862262520587015e-03
2.374400000000000091e+03 4.736751986132744022e-03
2.377599999999999909e+03 4.752534887994410741e-03
2.380800000000000182e+03 4.768195796328565834e-03
2.384000000000000000e+03 4.783731372021420881e-03
2.387199999999999818e+03 4.799149508585680464e-03
2.390400000000000091e+03 4.814467061722933414e-03
2.393599999999999909e+03 4.829706787088198019e-03
2.396800000000000182e+03 4.844895113474930945e-03
2.400000000000000000e+03 4.860061318666611049e-03
2.403199999999999818e+03 4.875237411383097005e-03
2.406400000000000091e+03 4.890456712873983425e-03
2.409599999999999909e+03 4.905749844227344329e-03
2.412800000000000182e+03 4.921138263343849580e-03
2.416000000000000000e+03 4.936627852565252626e-03
2.419199999999999818e+03 4.952205447235726206e-03
2.422400000000000091e+03 4.967840361006798516e-03
2.425599999999999909e+03 4.983490263403320131e-03
2.428800000000000182e+03 4.999109347413823248e-03
2.432000000000000000e+03 5.014656221190573818e-03
2.435199999999999818e+03 5.030100457679122054e-03
2.438400000000000091e+03 5.045427597933731939e-03
2.441599999999999909e+03 5.060643122224245567e-03
2.444800000000000182e+03 5.075775230453326813e-03
2.448000000000000000e+03 5.090875977716825818e-03
2.451199999999999818e+03 5.106019684162387169e-03
2.454400000000000091e+03 5.121297759523061981e-03
2.457599999999999909e+03 5.136809279025209181e-03
2.460800000000000182e+03 5.152647826648235757e-03
2.464000000000000000e+03 5.168886537910549576e-03
2.467199999999999818e+03 5.185564933338355532e-03
2.470400000000000091e+03 5.202681453075915126e-03
2.473599999999999909e+03 5.220194238433437106e-03
2.476800000000000182e+03 5.238029886176454215e-03
2.480000000000000000e+03 5.256097259694013195e-03
2.483199999999999818e+03 5.274302427986645066e-03
2.486400000000000091e+03 5.292561450518666957e-03
2.489599999999999909e+03 5.310809329721877074e-03
2.492800000000000182e+03 5.329004550404576115e-03
2.496000000000000000e+03 5.347129397658194512e-03
2.499199999999999818e+03 5.365186432012512656e-03
2.502400000000000091e+03 5.383192105812187322e-03
2.505599999999999909e+03 5.401168912831278042e-03
2.508800000000000182e+03 5.419138246023554387e-03
2.512000000000000000e+03 5.437116157615780321e-03
2.515199999999999818e+03 5.455113662713084212e-03
2.518400000000000091e+03 5.473141156373634471e-03
2.521599999999999909e+03 5.491214359660793673e-03
2.524800000000000182e+03 5.509357814052430816e-03
2.528000000000000000e+03 5.527602950160967650e-03
2.531199999999999818e+03 5.545980369098649047e-03
2.534400000000000091e+03 5.564509105307434249e-03
2.537599999999999909e+03 5.583187380400196458e-03
2.540800000000000182e+03 5.601989036333157763e-03
2.544000000000000000e+03 5.620867735195613467e-03
2.547199999999999818e+03 5.639768099057572773e-03
2.550400000000000091e+03 5.658640686673499683e-03
2.553599999999999909e+03 5.677456389018402556e-03
2.556800000000000182e+03 5.696216303419805380e-03
2.560000000000000000e+03 5.714954524694071565e-03
2.563199999999999818e+03 5.733733870399468184e-03
2.566400000000000091e+03 5.752636223216297216e-03
2.569599999999999909e+03 5.771750311510682671e-03
2.572800000000000182e+03 5.791158985591162746e-03
2.576000000000000000e+03 5.810927843269822479e-03
2.579199999999999818e+03 5.831096431774413121e-03
2.582400000000000091e+03 5.851673968164560619e-03
2.585599999999999909e+03 5.872640756077815959e-03
2.588800000000000182e+03 5.893955766275457350e-03
2.592000000000000000e+03 5.915568283591194319e-03
2.595199999999999818e+03 5.937430393705449803e-03
2.598400000000000091e+03 5.959506201542853418e-03
2.601599999999999909e+03 5.981775604876848201e-03
2.604800000000000182e+03 6.004232316121972321e-03
2.608000000000000000e+03 6.026878386192787221e-03
2.611199999999999818e+03 6.049717761231550479e-03
2.614400000000000091e+03 6.072751232705551373e-03
2.617599999999999909e+03 6.095973669852579845e-03
2.620800000000000182e+03 6.119373799226355236e-03
2.624000000000000000e+03 6.142935958962091568e-03
2.627199999999999818e+03 6.166643084206840583e-03
2.630400000000000091e+03 6.190480009069146417e-03
2.633599999999999909e+03 6.214436331010333124e-03
2.636800000000000182e+03 6.238508266823124607e-03
2.640000000000000000e+03 6.262698597549708202e-03
2.643199999999999818e+03 6.287014078049579444e-03
2.646400000000000091e+03 6.311460166198369810e-03
2.649599999999999909e+03 6.336035174863055737e-03
2.652800000000000182e+03 6.360726867305362651e-03
2.656000000000000000e+03 6.385514941866135552e-03
2.659199999999999818e+03 6.410379649491548988e-03
2.662400000000000091e+03 6.435314273359101986e-03
2.665599999999999909e+03 6.460335880921872984e-03
2.668800000000000182e+03 6.485489781157134301e-03
2.672000000000000000e+03 6.510844526329010763e-03
2.675199999999999818e+03 6.536479440610687246e-03
2.678400000000000091e+03 6.562468991770638825e-03
2.681599999999999909e+03 6.588870648203815419e-03
2.684800000000000182e+03 6.615719294310221966e-03
2.688000000000000000e+03 6.643028600175798423e-03
2.691199999999999818e+03 6.670795552209012221e-03
2.694400000000000091e+03 6.699005758607313316e-03
2.697599999999999909e+03 6.727637835424336334e-03
2.700800000000000182e+03 6.756667975038702610e-03
2.704000000000000000e+03 6.786074255026060612e-03
2.707199999999999818e+03 6.815840036282227316e-03
2.710400000000000091e+03 6.845954252838278541e-03
2.713599999999999909e+03 6.876408461407072792e-03
2.716800000000000182e+03 6.907191674200118502e-03
2.720000000000000000e+03 6.938285912730261795e-03
2.723199999999999818e+03 6.969664678301063301e-03
2.726400000000000091e+03 7.001295337751270789e-03
2.729599999999999909e+03 7.033144352047508187e-03
2.732800000000000182e+03 7.065182897428763827e-03
2.736000000000000000e+03 7.097390647719751394e-03
2.739199999999999818e+03 7.129756247417867558e-03
2.742400000000000091e+03 7.162275371452416634e-03
2.745599999999999909e+03 7.194947419010974503e-03
2.748800000000000182e+03 7.227773039868315950e-03
2.752000000000000000e+03 7.260752861330188254e-03
2.755199999999999818e+03 7.293888979896071510e-03
2.758400000000000091e+03 7.327188744076522722e-03
2.761599999999999909e+03 7.360671204114196953e-03
2.764800000000000182e+03 7.394372779411483888e-03
2.768000000000000000e+03 7.428349744643790095e-03
2.771199999999999818e+03 7.462673999180781045e-03
2.774400000000000091e+03 7.497424162706512255e-03
2.777599999999999909e+03 7.532674524993923822e-03
2.780800000000000182e+03 7.568487126257703555e-03
2.784000000000000000e+03 7.604907269386208812e-03
2.787199999999999818e+03 7.641962431507659005e-03
2.790400000000000091e+03 7.679661373248609924e-03
2.793599999999999909e+03 7.717994300659549063e-03
2.796800000000000182e+03 7.756934736915405484e-03
2.800000000000000000e+03 7.796446055433244211e-03
2.803199999999999818e+03 7.836491382145377091e-03
2.806400000000000091e+03 7.877044017371187534e-03
2.809599999999999909e+03 7.918092482508845217e-03
2.812800000000000182e+03 7.959637314745722850e-03
2.816000000000000000e+03 8.001680552241279346e-03
2.819199999999999818e+03 8.044213908754101194e-03
2.822400000000000091e+03 8.087212514457955276e-03
2.825599999999999909e+03 8.130637532544853288e-03
2.828800000000000182e+03 8.174445988383103462e-03
2.832000000000000000e+03 8.218601409397903457e-03
2.835199999999999818e+03 8.263080499081304833e-03
2.838400000000000091e+03 8.307872937440664157e-03
2.841599999999999909e+03 8.352977698041514493e-03
2.844800000000000182e+03 8.398399107610083139e-03
2.848000000000000000e+03 8.444148234633339078e-03
2.851199999999999818e+03 8.490249153566888432e-03
2.854400000000000091e+03 8.536749071724577392e-03
2.857599999999999909e+03 8.583724750302008932e-03
2.860800000000000182e+03 8.631281743034326104e-03
2.864000000000000000e+03 8.679542776448827268e-03
2.867199999999999818e+03 8.728630892547589032e-03
2.870400000000000091e+03 8.778651853456385587e-03
2.873599999999999909e+03 8.829683346378779454e-03
2.876800000000000182e+03 8.881770201752861582e-03
2.880000000000000000e+03 8.934925174420188174e-03
2.883199999999999818e+03 8.989130429851605389e-03
2.886400000000000091e+03 9.044340958807692635e-03
2.889599999999999909e+03 9.100490517598999393e-03
2.892800000000000182e+03 9.157503812929762566e-03
2.896000000000000000e+03 9.215313044859233665e-03
2.899199999999999818e+03 9.273874567651439402e-03
2.902400000000000091e+03 9.333177999180144666e-03
2.905599999999999909e+03 9.393243601700327489e-03
2.908800000000000182e+03 9.454109804240823714e-03
2.912000000000000000e+03 9.515817620470082630e-03
2.915199999999999818e+03 9.578400460687497633e-03
2.918400000000000091e+03 9.641881460055607908e-03
2.921599999999999909e+03 9.706277765727066090e-03
2.924800000000000182e+03 9.771606322178686896e-03
2.928000000000000000e+03 9.837892203695641075e-03
2.931199999999999818e+03 9.905178513874932783e-03
2.934400000000000091e+03 9.973540985649903198e-03
2.937599999999999909e+03 1.004310046405663612e-02
2.940800000000000182e+03 1.011402973175710811e-02
2.944000000000000000e+03 1.018654619164215298e-02
2.947199999999999818e+03 1.026089435341246379e-02
2.950400000000000091e+03 1.033732058593746575e-02
2.953599999999999909e+03 1.041605168336027891e-02
2.956800000000000182e+03 1.049727887277705080e-02
2.960000000000000000e+03 1.058115075692246665e-02
2.963199999999999818e+03 1.066776871680889804e-02
2.966400000000000091e+03 1.075718563831931131e-02
2.969599999999999909e+03 1.084940742255108628e-02
2.972800000000000182e+03 1.094440453350162441e-02
2.976000000000000000e+03 1.104213506920874964e-02
2.979199999999999818e+03 1.114257747719305490e-02
2.982400000000000091e+03 1.124576295935938303e-02
2.985599999999999909e+03 1.135179536627112760e-02
2.988800000000000182e+03 1.146085024939332529e-02
2.992000000000000000e+03 1.157314894956828523e-02
2.995199999999999818e+03 1.168891729434879193e-02
2.998400000000000091e+03 1.180834253441843083e-02
3.001599999999999909e+03 1.193155465719600988e-02
3.004800000000000182e+03 1.205864356717533011e-02
3.008000000000000000e+03 1.218971526657417620e-02
3.011199999999999818e+03 1.232495631012861872e-02
3.014400000000000091e+03 1.246467679656865744e-02
3.017599999999999909e+03 1.260929822437537734e-02
3.020800000000000182e+03 1.275929178929077583e-02
3.024000000000000000e+03 1.291508486341552686e-02
3.027199999999999818e+03 1.307697878822456847e-02
3.030400000000000091e+03 1.324510163981516310e-02
3.033599999999999909e+03 1.341941365500078781e-02
3.036800000000000182e+03 1.359975404061037133e-02
3.040000000000000000e+03 1.378591244306715327e-02
3.043199999999999818e+03 1.397769814204963788e-02
3.046400000000000091e+03 1.417498549655765022e-02
3.049599999999999909e+03 1.437772641548950778e-02
3.052800000000000182e+03 1.458592883724496060e-02
3.056000000000000000e+03 1.479961990872176274e-02
3.059199999999999818e+03 1.501880089999238499e-02
3.062400000000000091e+03 1.524341074007934914e-02
3.065599999999999909e+03 1.547328374052828713e-02
3.068800000000000182e+03 1.570810415620371714e-02
3.072000000000000000e+03 1.594733932343012084e-02
3.075199999999999818e+03 1.619017275971061307e-02
3.078400000000000091e+03 1.643544888332548748e-02
3.081599999999999909e+03 1.668166914579708587e-02
3.084800000000000182e+03 1.692704844653879215e-02
3.088000000000000000e+03 1.716963021237816536e-02
3.091199999999999818e+03 1.740742935890736073e-02
3.094400000000000091e+03 1.763856404649114668e-02
3.097599999999999909e+03 1.786135464507795576e-02
3.100800000000000182e+03 1.807436885905607318e-02
3.104000000000000000e+03 1.827643082276738176e-02
3.107199999999999818e+03 1.846659337248409208e-02
3.110400000000000091e+03 1.864410951562633229e-02
3.113599999999999909e+03 1.880840907293339706e-02
3.116800000000000182e+03 1.895911176861707695e-02
3.120000000000000000e+03 1.909606658190953973e-02
3.123199999999999818e+03 1.921940142518930097e-02
3.126400000000000091e+03 1.932954034956693712e-02
3.129599999999999909e+03 1.942715506909718434e-02
3.132800000000000182e+03 1.951305891956936836e-02
3.136000000000000000e+03 1.958807555351278762e-02
3.139199999999999818e+03 1.965295609519940659e-02
3.142400000000000091e+03 1.970837958316982302e-02
3.145599999999999909e+03 1.975505274023688779e-02
3.148800000000000182e+03 1.979384784838151765e-02
3.152000000000000000e+03 1.982590268583902388e-02
3.155199999999999818e+03 1.985260816287534244e-02
3.158400000000000091e+03 1.987547035565193077e-02
3.161599999999999909e+03 1.989590861972272140e-02
3.164800000000000182e+03 1.991507975938316272e-02
3.168000000000000000e+03 1.993382289675963912e-02
3.171199999999999818e+03 1.995274838823190428e-02
3.174400000000000091e+03 1.997244231208603407e-02
3.177599999999999909e+03 1.999368516519529557e-02
3.180800000000000182e+03 2.001756231715845491e-02
3.184000000000000000e+03 2.004537887542870780e-02
3.187199999999999818e+03 2.007838299362714463e-02
3.190400000000000091e+03 2.011743845113433959e-02
3.193599999999999909e+03 2.016282149804193499e-02
3.196800000000000182e+03 2.021426901806783194e-02
3.200000000000000000e+03 2.027123472393438722e-02
3.203199999999999818e+03 2.033319330913666359e-02
3.206400000000000091e+03 2.039981493999598952e-02
3.209599999999999909e+03 2.047093051910818529e-02
3.212800000000000182e+03 2.054636344406323561e-02
3.216000000000000000e+03 2.062576185146444349e-02
3.219199999999999818e+03 2.070856191036991867e-02
3.222400000000000091e+03 2.079408010103815652e-02
3.225599999999999909e+03 2.088166168525767974e-02
3.228800000000000182e+03 2.097077477707406587e-02
3.232000000000000000e+03 2.106101561049740847e-02
3.235199999999999818e+03 2.115206525972562063e-02
3.238400000000000091e+03 2.124366787448339275e-02
3.241599999999999909e+03 2.133567917741893347e-02
3.244800000000000182e+03 2.142815472902591389e-02
3.248000000000000000e+03 2.152142791659636401e-02
3.251199999999999818e+03 2.161610515907969737e-02
3.254400000000000091e+03 2.171297475251132356e-02
3.257599999999999909e+03 2.181284758179903582e-02
3.260800000000000182e+03 2.191639950687587421e-02
3.264000000000000000e+03 2.202405824479222035e-02
3.267199999999999818e+03 2.213596740679156863e-02
3.270400000000000091e+03 2.225202544128245322e-02
3.273599999999999909e+03 2.237198534282634765e-02
3.276800000000000182e+03 2.249559838305044066e-02
3.280000000000000000e+03 2.262276199549833472e-02
3.283199999999999818e+03 2.275363951055211359e-02
3.286400000000000091e+03 2.288868871254885404e-02
3.289599999999999909e+03 2.302858502704691404e-02
3.292800000000000182e+03 2.317403075858770825e-02
3.296000000000000000e+03 2.332552413470018529e-02
3.299199999999999818e+03 2.348315762506065010e-02
3.302400000000000091e+03 2.364653645412491748e-02
3.305599999999999909e+03 2.381485016150276801e-02
3.308800000000000182e+03 2.398708637860048204e-02
3.312000000000000000e+03 2.416232807959763085e-02
3.315199999999999818e+03 2.434002181734032030e-02
3.318400000000000091e+03 2.452012005158295954e-02
3.321599999999999909e+03 2.470299263645711618e-02
3.324800000000000182e+03 2.488913561860489274e-02
3.328000000000000000e+03 2.507877726439262933e-02
3.331199999999999818e+03 2.527161325290328345e-02
3.334400000000000091e+03 2.546683203128009138e-02
3.337599999999999909e+03 2.566345269739088442e-02
3.340800000000000182e+03 2.586077925358406041e-02
3.344000000000000000e+03 2.605866869961026566e-02
3.347199999999999818e+03 2.625743827762387628e-02
3.350400000000000091e+03 2.645744476259457786e-02
3.353599999999999909e+03 2.665864851897090451e-02
3.356800000000000182e+03 2.686045428072533423e-02
3.360000000000000000e+03 2.706198376838044387e-02
3.363199999999999818e+03 2.726258885006145952e-02
3.366400000000000091e+03 2.746225322427839344e-02
3.369599999999999909e+03 2.766158535891782150e-02
3.372800000000000182e+03 2.786138244664310842e-02
3.376000000000000000e+03 2.806207232594263440e-02
3.379199999999999818e+03 2.826337967774856727e-02
3.382400000000000091e+03 2.846444177685895568e-02
3.385599999999999909e+03 2.866424077185392855e-02
3.388800000000000182e+03 2.886207628232519487e-02
3.392000000000000000e+03 2.905777234251239252e-02
3.395199999999999818e+03 2.925153236650444855e-02
3.398400000000000091e+03 2.944356803429437272e-02
3.401599999999999909e+03 2.963373982914144569e-02
3.404800000000000182e+03 2.982144007543463191e-02
3.408000000000000000e+03 3.000575274534133044e-02
3.411199999999999818e+03 3.018580501991631471e-02
3.414400000000000091e+03 3.036108275576858070e-02
3.417599999999999909e+03 3.053157437874443395e-02
3.420800000000000182e+03 3.069768039731038400e-02
3.424000000000000000e+03 3.085997835078109486e-02
3.427199999999999818e+03 3.101896817453100516e-02
3.430400000000000091e+03 3.117491627771658280e-02
3.433599999999999909e+03 3.132786893783384707e-02
3.436800000000000182e+03 3.147780604900146662e-02
3.440000000000000000e+03 3.162487338230934170e-02
3.443199999999999818e+03 3.176955750104762388e-02
3.446400000000000091e+03 3.191273830177885490e-02
3.449599999999999909e+03 3.205557197838064531e-02
3.452800000000000182e+03 3.219927290318978091e-02
3.456000000000000000e+03 3.234486389913768939e-02
3.459199999999999818e+03 3.249299433315113589e-02
3.462400000000000091e+03 3.264387863340644652e-02
3.465599999999999909e+03 3.279737448651449255e-02
3.468800000000000182e+03 3.295318156821017835e-02
3.472000000000000000e+03 3.311108035895734408e-02
3.475199999999999818e+03 3.327113659820284119e-02
3.478400000000000091e+03 3.343376346975793917e-02
3.481599999999999909e+03 3.359962815694574056e-02
3.484800000000000182e+03 3.376940757739250315e-02
3.488000000000000000e+03 3.394351607726570769e-02
3.491199999999999818e+03 3.412190765078283033e-02
3.494400000000000091e+03 3.430406325604464651e-02
3.497599999999999909e+03 3.448917044524441727e-02
3.500800000000000182e+03 3.467642003326135841e-02
3.504000000000000000e+03 3.486529342499403161e-02
3.507199999999999818e+03 3.505568319916539666e-02
3.510400000000000091e+03 3.524779885156816006e-02
3.513599999999999909e+03 3.544186340571114924e-02
3.516800000000000182e+03 3.563778552642632436e-02
3.520000000000000000e+03 3.583496952874840047e-02
3.523199999999999818e+03 3.603241112468526242e-02
3.526400000000000091e+03 3.622901392929907260e-02
3.529599999999999909e+03 3.642393501514202409e-02
3.532800000000000182e+03 3.661674307755928559e-02
3.536000000000000000e+03 3.680728011227774737e-02
3.539199999999999818e+03 3.699534981562278835e-02
3.542400000000000091e+03 3.718041255674412598e-02
3.545599999999999909e+03 3.736152452279117159e-02
3.548800000000000182e+03 3.753755969766495865e-02
3.552000000000000000e+03 3.770764335556445190e-02
3.555199999999999818e+03 3.787153808570866559e-02
3.558400000000000091e+03 3.802973561806131247e-02
3.561599999999999909e+03 3.818316672904040199e-02
3.564800000000000182e+03 3.833267081599958659e-02
3.568000000000000000e+03 3.847857811659632227e-02
3.571199999999999818e+03 3.862062874580276389e-02
3.574400000000000091e+03 3.875826917175251296e-02
3.577599999999999909e+03 3.889106390508718925e-02
3.580800000000000182e+03 3.901896790403793641e-02
3.584000000000000000e+03 3.914230561583586371e-02
3.587199999999999818e+03 3.926151910938798645e-02
3.590400000000000091e+03 3.937687576801044559e-02
3.593599999999999909e+03 3.948830147050617217e-02
3.596800000000000182e+03 3.959544750838878829e-02
3.600000000000000000e+03 3.969791111535408978e-02
3.603199999999999818e+03 3.979549271581964837e-02
3.606400000000000091e+03 3.988831886273622868e-02
3.609599999999999909e+03 3.997679928287518891e-02
3.612800000000000182e+03 4.006146217805509058e-02
3.616000000000000000e+03 4.014278655088874409e-02
3.619199999999999818e+03 4.022112060030903768e-02
3.622400000000000091e+03 4.029669716180304950e-02
3.625599999999999909e+03 4.036972651369500481e-02
3.628800000000000182e+03 4.044049022515291969e-02
3.632000000000000000e+03 4.050940919428708265e-02
3.635199999999999818e+03 4.057703500083276182e-02
3.638400000000000091e+03 4.064398559352660339e-02
3.641599999999999909e+03 4.071083342933863591e-02
3.644800000000000182e+03 4.077800285458665908e-02
3.648000000000000000e+03 4.084570912975177964e-02
3.651199999999999818e+03 4.091396335068199497e-02
3.654400000000000091e+03 4.098264278311068015e-02
3.657599999999999909e+03 4.105158953278049971e-02
3.660800000000000182e+03 4.112071317940706183e-02
3.664000000000000000e+03 4.119004082139365169e-02
3.667199999999999818e+03 4.125971669241812467e-02
3.670400000000000091e+03 4.132993585794519226e-02
3.673599999999999909e+03 4.140086577583007577e-02
3.676800000000000182e+03 4.147257796303335797e-02
3.680000000000000000e+03 4.154503260187490665e-02
3.683199999999999818e+03 4.161811293455450200e-02
3.686400000000000091e+03 4.169169017642872233e-02
3.689599999999999909e+03 4.176569654881261140e-02
3.692800000000000182e+03 4.184016461118214569e-02
3.696000000000000000e+03 4.191523903303977228e-02
3.699199999999999818e+03 4.199113514916487377e-02
3.702400000000000091e+03 4.206808235613065244e-02
3.705599999999999909e+03 4.214624597179277704e-02
3.708800000000000182e+03 4.222567194047938816e-02
3.712000000000000000e+03 4.230625876315431688e-02
3.715199999999999818e+03 4.238777487618999862e-02
3.718400000000000091e+03 4.246991662220490904e-02
3.721599999999999909e+03 4.255237278739600060e-02
3.724800000000000182e+03 4.263488238455282603e-02
3.728000000000000000e+03 4.271723957621460788e-02
3.731199999999999818e+03 4.279927688684988241e-02
3.734400000000000091e+03 4.288082332016062564e-02
3.737599999999999909e+03 4.296169446397679614e-02
3.740800000000000182e+03 4.304170757932351127e-02
3.744000000000000000e+03 4.312072542757379445e-02
3.747199999999999818e+03 4.319869801427804468e-02
3.750400000000000091e+03 4.327567284564676903e-02
3.753599999999999909e+03 4.335177806950248069e-02
3.756800000000000182e+03 4.342716837976208499e-02
3.760000000000000000e+03 4.350198522255432215e-02
3.763199999999999818e+03 4.357632676836144248e-02
3.766400000000000091e+03 4.365026272295891713e-02
3.769599999999999909e+03 4.372385271161646075e-02
3.772800000000000182e+03 4.379716087273601705e-02
3.776000000000000000e+03 4.387023960990400762e-02
3.779199999999999818e+03 4.394309634602852621e-02
3.782400000000000091e+03 4.401567554922229675e-02
3.785599999999999909e+03 4.408786715762699066e-02
3.788800000000000182e+03 4.415956227420787111e-02
3.792000000000000000e+03 4.423071185203063943e-02
3.795199999999999818e+03 4.430138386057765748e-02
3.798400000000000091e+03 4.437176642519049391e-02
3.801599999999999909e+03 4.444213346921391944e-02
3.804800000000000182e+03 4.451276557791335187e-02
3.808000000000000000e+03 4.458387593872689680e-02
3.811199999999999818e+03 4.465557075270534804e-02
3.814400000000000091e+03 4.472786797900985684e-02
3.817599999999999909e+03 4.480077214903135235e-02
3.820800000000000182e+03 4.487435565799174214e-02
3.824000000000000000e+03 4.494882430997108880e-02
3.827199999999999818e+03 4.502451359417208865e-02
3.830400000000000091e+03 4.510184246044141032e-02
3.833599999999999909e+03 4.518121473943140232e-02
3.836800000000000182e+03 4.526292651966613845e-02
3.840000000000000000e+03 4.534708721253222913e-02
3.843199999999999818e+03 4.543359528139564313e-02
3.846400000000000091e+03 4.552217113623688999e-02
3.849599999999999909e+03 4.561243704076863026e-02
3.852800000000000182e+03 4.570402569444204782e-02
3.856000000000000000e+03 4.579665656038996169e-02
3.859199999999999818e+03 4.589017360879364682e-02
3.862400000000000091e+03 4.598450247028714605e-02
3.865599999999999909e+03 4.607958442502625013e-02
3.868800000000000182e+03 4.617529698176352920e-02
3.872000000000000000e+03 4.627143108945424438e-02
3.875199999999999818e+03 4.636771930404186282e-02
3.878400000000000091e+03 4.646390932266035445e-02
3.881599999999999909e+03 4.655984465294967650e-02
3.884800000000000182e+03 4.665550149750471304e-02
3.888000000000000000e+03 4.675098322685073554e-02
3.891199999999999818e+03 4.684644500379973875e-02
3.894400000000000091e+03 4.694201401763227477e-02
3.897599999999999909e+03 4.703770729801749068e-02
3.900800000000000182e+03 4.713341656330140989e-02
3.904000000000000000e+03 4.722893353444043013e-02
3.907199999999999818e+03 4.732400794148774320e-02
3.910400000000000091e+03 4.741838980643442447e-02
3.913599999999999909e+03 4.751183275912682774e-02
3.916800000000000182e+03 4.760408524194455204e-02
3.920000000000000000e+03 4.769486867162033017e-02
3.923199999999999818e+03 4.778389400652446189e-02
3.926400000000000091e+03 4.787087997316832877e-02
3.929599999999999909e+03 4.795560284567855491e-02
3.932800000000000182e+03 4.803793060813427857e-02
3.936000000000000000e+03 4.811785131479263955e-02
3.939199999999999818e+03 4.819546241512273621e-02
3.942400000000000091e+03 4.827092686428030577e-02
3.945599999999999909e+03 4.834442448546510257e-02
3.948800000000000182e+03 4.841611480240850390e-02
3.952000000000000000e+03 4.848615209477508819e-02
3.955199999999999818e+03 4.855470836207480267e-02
3.958400000000000091e+03 4.862200988966752097e-02
3.961599999999999909e+03 4.868833120720895274e-02
3.964800000000000182e+03 4.875397368827334710e-02
3.968000000000000000e+03 4.881921178872978412e-02
3.971199999999999818e+03 4.888423908112210503e-02
3.974400000000000091e+03 4.894912528503275739e-02
3.977599999999999909e+03 4.901380488824973181e-02
3.980800000000000182e+03 4.907812126819074972e-02
3.984000000000000000e+03 4.914189675316235628e-02
3.987199999999999818e+03 4.920502287085946197e-02
3.990400000000000091e+03 4.926750321507432362e-02
3.993599999999999909e+03 4.932946188120670983e-02
3.996800000000000182e+03 4.939109063065424965e-02
4.000000000000000000e+03 4.945258731751771275e-02
4.003199999999999818e+03 4.951409366470704843e-02
4.006400000000000091e+03 4.957567242521723760e-02
4.009599999999999909e+03 4.963733099677803545e-02
4.012800000000000182e+03 4.969907778891744649e-02
4.016000000000000000e+03 4.976099875517492332e-02
4.019199999999999818e+03 4.982329415295394526e-02
4.022400000000000091e+03 4.988628108773672520e-02
4.025599999999999909e+03 4.995032542390723945e-02
4.028800000000000182e+03 5.001576227054718715e-02
4.032000000000000000e+03 5.008280557073397504e-02
4.035199999999999818e+03 5.015150385444212822e-02
4.038400000000000091e+03 5.022173569736076287e-02
4.041599999999999909e+03 5.029324794891744388e-02
4.044800000000000182e+03 5.036572066499556827e-02
4.048000000000000000e+03 5.043881801599451459e-02
4.051199999999999818e+03 5.051223154923556447e-02
4.054400000000000091e+03 5.058567617490275503e-02
4.057599999999999909e+03 5.065889040724718545e-02
4.060800000000000182e+03 5.073162001050479653e-02
4.064000000000000000e+03 5.080363629193877795e-02
4.067199999999999818e+03 5.087475732493433600e-02
4.070400000000000091e+03 5.094487887043259305e-02
4.073599999999999909e+03 5.101399308743011229e-02
4.076800000000000182e+03 5.108218175493343949e-02
4.080000000000000000e+03 5.114960469965172674e-02
4.083199999999999818e+03 5.121645980709466084e-02
4.086400000000000091e+03 5.128296101746282476e-02
4.089599999999999909e+03 5.134929955851261912e-02
4.092800000000000182e+03 5.141563364230109651e-02
4.096000000000000000e+03 5.148206665131428023e-02
4.099199999999999818e+03 5.154863588231379384e-02
4.102399999999999636e+03 5.161529201456790950e-02
4.105600000000000364e+03 5.168188207781485022e-02
4.108800000000000182e+03 5.174815900724613615e-02
4.112000000000000000e+03 5.181380689297652997e-02
4.115199999999999818e+03 5.187850737448095051e-02
4.118399999999999636e+03 5.194199217066552271e-02
4.121600000000000364e+03 5.200410071060475314e-02
4.124800000000000182e+03 5.206478769705498444e-02
4.128000000000000000e+03 5.212411238817199477e-02
4.131199999999999818e+03 5.218219125156142030e-02
4.134399999999999636e+03 5.223915342363039810e-02
4.137600000000000364e+03 5.229511627679039182e-02
4.140800000000000182e+03 5.235018984637080514e-02
4.144000000000000000e+03 5.240452087609680232e-02
4.147199999999999818e+03 5.245832665714389442e-02
4.150399999999999636e+03 5.251192526069652089e-02
4.153600000000000364e+03 5.256570658543568975e-02
4.156800000000000182e+03 5.262008530666377470e-02
4.160000000000000000e+03 5.267541517308473725e-02
4.163199999999999818e+03 5.273192154391342229e-02
4.166399999999999636e+03 5.278965314298540712e-02
4.169600000000000364e+03 5.284848080317550156e-02
4.172800000000000182e+03 5.290814408722694512e-02
4.176000000000000000e+03 5.296831823664695932e-02
4.179199999999999818e+03 5.302869838273850667e-02
4.182399999999999636e+03 5.308904040443113148e-02
4.185600000000000364e+03 5.314918427392296280e-02
4.188800000000000182e+03 5.320902239782276943e-02
4.192000000000000000e+03 5.326847570833577461e-02
4.195199999999999818e+03 5.332746351500879806e-02
4.198399999999999636e+03 5.338590854491086224e-02
4.201600000000000364e+03 5.344376012076158811e-02
4.204800000000000182e+03 5.350102614175161753e-02
4.208000000000000000e+03 5.355780784608584616e-02
4.211199999999999818e+03 5.361429648744250182e-02
4.214399999999999636e+03 5.367076024251694888e-02
4.217600000000000364e+03 5.372748315706642880e-02
4.220800000000000182e+03 5.378471882309780044e-02
4.224000000000000000e+03 5.384263092531515332e-02
4.227199999999999818e+03 5.390127050853630447e-02
4.230399999999999636e+03 5.396056132124909394e-02
4.233600000000000364e+03 5.402030570478690008e-02
4.236800000000000182e+03 5.408020679568082550e-02
4.240000000000000000e+03 5.413989300452742154e-02
4.243199999999999818e+03 5.419896953266561956e-02
4.246399999999999636e+03 5.425705282671862417e-02
4.249600000000000364e+03 5.431382460500039366e-02
4.252800000000000182e+03 5.436905166740671480e-02
4.256000000000000000e+03 5.442261249432032988e-02
4.259199999999999818e+03 5.447448893700380240e-02
4.262399999999999636e+03 5.452475061427593944e-02
4.265600000000000364e+03 5.457352389394953818e-02
4.268800000000000182e+03 5.462096197850131035e-02
4.272000000000000000e+03 5.466724405848862739e-02
4.275199999999999818e+03 5.471257891135008350e-02
4.278399999999999636e+03 5.475723431711845834e-02
4.281600000000000364e+03 5.480152878633362534e-02
4.284800000000000182e+03 5.484581865859070732e-02
4.288000000000000000e+03 5.489043825939828036e-02
4.291199999999999818e+03 5.493564417952428308e-02
4.294399999999999636e+03 5.498155357701172558e-02
4.297600000000000364e+03 5.502811404059786138e-02
4.300800000000000182e+03 5.507511558023425735e-02
4.304000000000000000e+03 5.512223530703568020e-02
4.307199999999999818e+03 5.516912063708852287e-02
4.310399999999999636e+03 5.521545200795889563e-02
4.313600000000000364e+03 5.526100423754869151e-02
4.316800000000000182e+03 5.530565198726685588e-02
4.320000000000000000e+03 5.534936684347708385e-02
4.323199999999999818e+03 5.539217610812692538e-02
4.326399999999999636e+03 5.543413200958008380e-02
4.329600000000000364e+03 5.547528740765650390e-02
4.332800000000000182e+03 5.551569888573416184e-02
4.336000000000000000e+03 5.555546220627546883e-02
4.339199999999999818e+03 5.559474401113207592e-02
4.342399999999999636e+03 5.563381759538794935e-02
4.345600000000000364e+03 5.567304274840110395e-02
4.348800000000000182e+03 5.571283275353468983e-02
4.352000000000000000e+03 5.575357197756036776e-02
4.355199999999999818e+03 5.579554935140622340e-02
4.358399999999999636e+03 5.583889271720548358e-02
4.361600000000000364e+03 5.588354624313868896e-02
4.364800000000000182e+03 5.592928700231415001e-02
4.368000000000000000e+03 5.597577148784215612e-02
4.371199999999999818e+03 5.602261503250179769e-02
4.374399999999999636e+03 5.606944867755615097e-02
4.377600000000000364e+03 5.611597837714589476e-02
4.380800000000000182e+03 5.616198843776427224e-02
4.384000000000000000e+03 5.620734531759102176e-02
4.387199999999999818e+03 5.625196568462222102e-02
4.390399999999999636e+03 5.629580306893854774e-02
4.393600000000000364e+03 5.633883623607770924e-02
4.396800000000000182e+03 5.638107698229272158e-02
4.400000000000000000e+03 5.642259724396792020e-02
4.403199999999999818e+03 5.646354385333171577e-02
4.406399999999999636e+03 5.650416047995205499e-02
4.409600000000000364e+03 5.654475979151409731e-02
4.412800000000000182e+03 5.658569708587338210e-02
4.416000000000000000e+03 5.662729861544477106e-02
4.419199999999999818e+03 5.666981072729766755e-02
4.422399999999999636e+03 5.671334273560075384e-02
4.425600000000000364e+03 5.675784795703846947e-02
4.428800000000000182e+03 5.680313480828555472e-02
4.432000000000000000e+03 5.684890307316146918e-02
4.435199999999999818e+03 5.689481177430882886e-02
4.438399999999999636e+03 5.694052640050274727e-02
4.441600000000000364e+03 5.698577728023510036e-02
4.444800000000000182e+03 5.703036690621814814e-02
4.448000000000000000e+03 5.707418433693195459e-02
4.451199999999999818e+03 5.711717756399010970e-02
4.454399999999999636e+03 5.715933975445326026e-02
4.457600000000000364e+03 5.720068545196783233e-02
4.460800000000000182e+03 5.724124580778686133e-02
4.464000000000000000e+03 5.728108647870572973e-02
4.467199999999999818e+03 5.732032589035737646e-02
4.470399999999999636e+03 5.735917257023866872e-02
4.473600000000000364e+03 5.739791690384715706e-02
4.476800000000000182e+03 5.743692315626044292e-02
4.480000000000000000e+03 5.747656188177180381e-02
4.483199999999999818e+03 5.751715397998731494e-02
4.486399999999999636e+03 5.755889309926799646e-02
4.489600000000000364e+03 5.760180635857710396e-02
4.492800000000000182e+03 5.764574508013182996e-02
4.496000000000000000e+03 5.769041497333832896e-02
4.499199999999999818e+03 5.773544999633537650e-02
4.502399999999999636e+03 5.778047498466689497e-02
4.505600000000000364e+03 5.782518055140963009e-02
4.508800000000000182e+03 5.786933481019999187e-02
4.512000000000000000e+03 5.791279596444465216e-02
4.515199999999999818e+03 5.795547373208462943e-02
4.518399999999999636e+03 5.799731529120311091e-02
4.521600000000000364e+03 5.803828623124849401e-02
4.524800000000000182e+03 5.807838181946902573e-02
4.528000000000000000e+03 5.811765762136979208e-02
4.531199999999999818e+03 5.815625343421367693e-02
4.534399999999999636e+03 5.819442704700125008e-02
4.537600000000000364e+03 5.823253226109698782e-02
4.540800000000000182e+03 5.827099950136930412e-02
4.544000000000000000e+03 5.831025447939144207e-02
4.547199999999999818e+03 5.835065942197637662e-02
4.550399999999999636e+03 5.839243228997555157e-02
4.553600000000000364e+03 5.843561121812527320e-02
4.556800000000000182e+03 5.848004506063884250e-02
4.560000000000000000e+03 5.852542078314581370e-02
4.563199999999999818e+03 5.857133112928872981e-02
4.566399999999999636e+03 5.861732757621317125e-02
4.569600000000000364e+03 5.866299498276060509e-02
4.572800000000000182e+03 5.870796827243532356e-02
4.576000000000000000e+03 5.875196674569901217e-02
4.579199999999999818e+03 5.879477717995661851e-02
4.582399999999999636e+03 5.883626340853865405e-02
4.585600000000000364e+03 5.887635721772228881e-02
4.588800000000000182e+03 5.891506872441445303e-02
4.592000000000000000e+03 5.895250570872786339e-02
4.595199999999999818e+03 5.898888012912795881e-02
4.598399999999999636e+03 5.902452981719879394e-02
4.601600000000000364e+03 5.905988596075641833e-02
4.604800000000000182e+03 5.909545479426443065e-02
4.608000000000000000e+03 5.913173517641531068e-02
4.611199999999999818e+03 5.916916304999585846e-02
4.614399999999999636e+03 5.920802550798810043e-02
4.617600000000000364e+03 5.924841818022306278e-02
4.620800000000000182e+03 5.929022356440818292e-02
4.624000000000000000e+03 5.933312707111899897e-02
4.627199999999999818e+03 5.937668061314433504e-02
4.630399999999999636e+03 5.942035882875797842e-02
4.633600000000000364e+03 5.946365076490322393e-02
4.636800000000000182e+03 5.950609422523379238e-02
4.640000000000000000e+03 5.954733053637176893e-02
4.643199999999999818e+03 5.958709487116710390e-02
4.646399999999999636e+03 5.962522861025581350e-02
4.649600000000000364e+03 5.966166363317899901e-02
4.652800000000000182e+03 5.969642952636798616e-02
4.656000000000000000e+03 5.972967247329741269e-02
4.659199999999999818e+03 5.976166574007515248e-02
4.662399999999999636e+03 5.979283822456078062e-02
4.665600000000000364e+03 5.982374160067021468e-02
4.668800000000000182e+03 5.985502888284743167e-02
4.672000000000000000e+03 5.988735348227885308e-02
4.675199999999999818e+03 5.992129554094404592e-02
4.678399999999999636e+03 5.995725005912421607e-02
4.681600000000000364e+03 5.999536985338543849e-02
4.684800000000000182e+03 6.003553356979209055e-02
4.688000000000000000e+03 6.007736341483255194e-02
4.691199999999999818e+03 6.012029676188846566e-02
4.694399999999999636e+03 6.016365120397002691e-02
4.697600000000000364e+03 6.020673047590728577e-02
4.700800000000000182e+03 6.024886608810250954e-02
4.704000000000000000e+03 6.028949040529602704e-02
4.707199999999999818e+03 6.032814147899204921e-02
4.710399999999999636e+03 6.036450459597137580e-02
4.713600000000000364e+03 6.039842000168198222e-02
4.716800000000000182e+03 6.042991275739750118e-02
4.720000000000000000e+03 6.045921878685939915e-02
4.723199999999999818e+03 6.048678451852666782e-02
4.726399999999999636e+03 6.051327377150166748e-02
4.729600000000000364e+03 6.053949697558539539e-02
4.732800000000000182e+03 6.056636076794764262e-02
4.736000000000000000e+03 6.059473427784942828e-02
4.739199999999999818e+03 6.062536361096516890e-02
4.742399999999999636e+03 6.065874685079274131e-02
4.745600000000000364e+03 6.069507487818544961e-02
4.748800000000000182e+03 6.073419192689746837e-02
4.752000000000000000e+03 6.077560662991749602e-02
4.755199999999999818e+03 6.081856358587527100e-02
4.758399999999999636e+03 6.086211379872547705e-02
4.761600000000000364e+03 6.090524944094278387e-02
4.764800000000000182e+03 6.094697754399747841e-02
4.768000000000000000e+03 6.098644260016517632e-02
4.771199999999999818e+03 6.102296499691652054e-02
4.774399999999999636e+03 6.105611235039425794e-02
4.777600000000000364e+03 6.108570999116708089e-02
4.780800000000000182e+03 6.111186285126480461e-02
4.784000000000000000e+03 6.113496247358802399e-02
4.787199999999999818e+03 6.115566654441435823e-02
4.790399999999999636e+03 6.117489605530307406e-02
4.793600000000000364e+03 6.119375135926465731e-02
4.796800000000000182e+03 6.121345900978275578e-02
4.800000000000000000e+03 6.123521479230039505e-02
4.803199999999999818e+03 6.126007904125543857e-02
4.806399999999999636e+03 6.128881048477281129e-02
4.809600000000000364e+03 6.132177869315591501e-02
4.812800000000000182e+03 6.135889541788831780e-02
4.816000000000000000e+03 6.139961838182281251e-02
4.819199999999999818e+03 6.144303180503040557e-02
4.822399999999999636e+03 6.148793379183013774e-02
4.825600000000000364e+03 6.153300521185906674e-02
4.828800000000000182e+03 6.157690219690293426e-02
4.832000000000000000e+03 6.161841750962580161e-02
4.835199999999999818e+03 6.165653433598716759e-02
4.838399999999999636e+03 6.169053871136861295e-02
4.841600000000000364e+03 6.172005098515432470e-02
4.844800000000000182e+03 6.174508418243539187e-02
4.848000000000000000e+03 6.176606948293688476e-02
4.851199999999999818e+03 6.178383967216213857e-02
4.854399999999999636e+03 6.179961921414949683e-02
4.857600000000000364e+03 6.181489455305844843e-02
4.860800000000000182e+03 6.183133039191706509e-02
4.864000000000000000e+03 6.185054292045440855e-02
4.867199999999999818e+03 6.187396772780508203e-02
4.870399999999999636e+03 6.190263562532687114e-02
4.873600000000000364e+03 6.193707136364894061e-02
4.876800000000000182e+03 6.197719587687280235e-02
4.880000000000000000e+03 6.202232763575217522e-02
4.883199999999999818e+03 6.207127488398203607e-02
4.886399999999999636e+03 6.212243427375186561e-02
4.889600000000000364e+03 6.217401647568191608e-02
4.892800000000000182e+03 6.222416149725387008e-02
4.896000000000000000e+03 6.227118354748351070e-02
4.899199999999999818e+03 6.231364563417988306e-02
4.902399999999999636e+03 6.235054458185739640e-02
4.905600000000000364e+03 6.238134502028826189e-02
4.908800000000000182e+03 6.240606511273195933e-02
4.912000000000000000e+03 6.242528964117853574e-02
4.915199999999999818e+03 6.244013050893489764e-02
4.918399999999999636e+03 6.245221064467917221e-02
4.921600000000000364e+03 6.246346919100048689e-02
4.924800000000000182e+03 6.247608442556859543e-02
4.928000000000000000e+03 6.249214885898390914e-02
4.931199999999999818e+03 6.251355276056989874e-02
4.934399999999999636e+03 6.254165686040645544e-02
4.937600000000000364e+03 6.257721293954250641e-02
4.940800000000000182e+03 6.262019921596287397e-02
4.944000000000000000e+03 6.266983838029344112e-02
4.947199999999999818e+03 6.272469553078335869e-02
4.950399999999999636e+03 6.278276670886914768e-02
4.953600000000000364e+03 6.284180487489496314e-02
4.956800000000000182e+03 6.289937355455610390e-02
4.960000000000000000e+03 6.295328654641672850e-02
4.963199999999999818e+03 6.300155012600514026e-02
4.966399999999999636e+03 6.304281376602956233e-02
4.969600000000000364e+03 6.307620312332505585e-02
4.972800000000000182e+03 6.310169840345314363e-02
4.976000000000000000e+03 6.311990650034397798e-02
4.979199999999999818e+03 6.313226071374858361e-02
4.982399999999999636e+03 6.314082561042513864e-02
