0.000000000000000000e+00 0.000000000000000000e+00
3.200000000000000178e+00 3.401454269188872977e-07
6.400000000000000355e+00 6.720701397723842348e-07
9.599999999999999645e+00 9.969923867575346607e-07
1.280000000000000071e+01 1.314654302558258158e-06
1.600000000000000000e+01 1.625334577154946774e-06
1.919999999999999929e+01 1.929022653762911974e-06
2.239999999999999858e+01 2.225884407952682542e-06
2.560000000000000142e+01 2.515967084159584560e-06
2.880000000000000071e+01 2.799404149965950394e-06
3.200000000000000000e+01 3.076265126238760382e-06
3.520000000000000284e+01 3.346670476831524750e-06
3.839999999999999858e+01 3.610700766441283445e-06
4.160000000000000142e+01 3.868470183886919139e-06
4.479999999999999716e+01 4.120065613750709460e-06
4.800000000000000000e+01 4.365597786108169057e-06
5.120000000000000284e+01 4.605157499912467577e-06
5.439999999999999858e+01 4.838853324810711370e-06
5.760000000000000142e+01 5.066778560761086707e-06
6.079999999999999716e+01 5.289040231452550674e-06
6.400000000000000000e+01 5.505733207563206965e-06
6.720000000000000284e+01 5.716963239034984808e-06
7.040000000000000568e+01 5.922826097436898298e-06
7.359999999999999432e+01 6.123426348147223612e-06
7.679999999999999716e+01 6.318860147114234392e-06
8.000000000000000000e+01 6.509230861612759206e-06
8.320000000000000284e+01 6.694634612167075569e-06
8.640000000000000568e+01 6.875173495019937395e-06
8.959999999999999432e+01 7.050943240581523541e-06
9.279999999999999716e+01 7.222044567549189104e-06
9.600000000000000000e+01 7.388572509431383704e-06
9.920000000000000284e+01 7.550626282824199071e-06
1.024000000000000057e+02 7.708299953562613364e-06
1.055999999999999943e+02 7.861691103639143177e-06
1.087999999999999972e+02 8.010892591338999259e-06
1.120000000000000000e+02 8.156000230345268116e-06
1.152000000000000028e+02 8.297105455081580844e-06
1.184000000000000057e+02 8.434302177941388641e-06
1.215999999999999943e+02 8.567680215908936715e-06
1.247999999999999972e+02 8.697331455888204682e-06
1.280000000000000000e+02 8.823343926379344733e-06
1.311999999999999886e+02 8.945807371524206375e-06
1.344000000000000057e+02 9.064807875803728275e-06
1.375999999999999943e+02 9.180432930894518500e-06
1.408000000000000114e+02 9.292766541235129420e-06
1.440000000000000000e+02 9.401893850500374616e-06
1.471999999999999886e+02 9.507896665526734351e-06
1.504000000000000057e+02 9.610857695690909659e-06
1.535999999999999943e+02 9.710856445851731372e-06
1.568000000000000114e+02 9.807973115753075753e-06
1.600000000000000000e+02 9.902284821158975311e-06
1.631999999999999886e+02 9.993869190386000942e-06
1.664000000000000057e+02 1.008280087780001918e-05
1.695999999999999943e+02 1.016915488919242145e-05
1.728000000000000114e+02 1.025300335873510223e-05
1.760000000000000000e+02 1.033441863078565411e-05
1.791999999999999886e+02 1.041347027546022452e-05
1.824000000000000057e+02 1.049022794954411915e-05
1.855999999999999943e+02 1.056475862846372969e-05
1.888000000000000114e+02 1.063712926560707184e-05
1.920000000000000000e+02 1.070740422256186367e-05
1.951999999999999886e+02 1.077564774461342399e-05
1.984000000000000057e+02 1.084192157326851000e-05
2.015999999999999943e+02 1.090628725200845848e-05
2.048000000000000114e+02 1.096880390642214629e-05
2.080000000000000000e+02 1.102953039328612567e-05
2.111999999999999886e+02 1.108852323668253726e-05
2.144000000000000057e+02 1.114583863198400255e-05
2.175999999999999943e+02 1.120153052657730654e-05
2.208000000000000114e+02 1.125565248804092958e-05
2.240000000000000000e+02 1.130825591975095959e-05
2.271999999999999886e+02 1.135939180264069291e-05
2.304000000000000057e+02 1.140910903755445784e-05
2.335999999999999943e+02 1.145745606819079701e-05
2.368000000000000114e+02 1.150447934175813011e-05
2.400000000000000000e+02 1.155022481975814478e-05
2.431999999999999886e+02 1.159473655033059352e-05
2.464000000000000057e+02 1.163805807365234186e-05
2.495999999999999943e+02 1.168023109958656676e-05
2.528000000000000114e+02 1.172129681298566830e-05
2.560000000000000000e+02 1.176129465091641958e-05
2.591999999999999886e+02 1.180026351350240617e-05
2.623999999999999773e+02 1.183824063554905663e-05
2.656000000000000227e+02 1.187526270692089641e-05
2.688000000000000114e+02 1.191136483290686599e-05
2.720000000000000000e+02 1.194658156845971120e-05
2.751999999999999886e+02 1.198094596374276817e-05
2.783999999999999773e+02 1.201449051706153623e-05
2.816000000000000227e+02 1.204724630174194302e-05
2.848000000000000114e+02 1.207924384126318119e-05
2.880000000000000000e+02 1.211051231318400987e-05
2.911999999999999886e+02 1.214108034934560837e-05
2.943999999999999773e+02 1.217097531288804908e-05
2.976000000000000227e+02 1.220022402692168811e-05
3.008000000000000114e+02 1.222885212200963044e-05
3.040000000000000000e+02 1.225688469658391474e-05
3.071999999999999886e+02 1.228434573074504418e-05
3.103999999999999773e+02 1.231125867972555477e-05
3.136000000000000227e+02 1.233764595040408074e-05
3.168000000000000114e+02 1.236352943178127610e-05
3.200000000000000000e+02 1.238893003380769682e-05
3.231999999999999886e+02 1.241386815933648984e-05
3.263999999999999773e+02 1.243836330262102959e-05
3.296000000000000227e+02 1.246243446345707133e-05
3.328000000000000114e+02 1.248609980026570989e-05
3.360000000000000000e+02 1.250937698687474976e-05
3.391999999999999886e+02 1.253228291715787766e-05
3.423999999999999773e+02 1.255483400770288558e-05
3.456000000000000227e+02 1.257704595303230347e-05
3.488000000000000114e+02 1.259893397750549369e-05
3.520000000000000000e+02 1.262051263930121711e-05
3.551999999999999886e+02 1.264179603410878745e-05
3.583999999999999773e+02 1.266279764794312858e-05
3.616000000000000227e+02 1.268353051867066771e-05
3.648000000000000114e+02 1.270400713938704535e-05
3.680000000000000000e+02 1.272423958050442768e-05
3.711999999999999886e+02 1.274423943565679941e-05
3.743999999999999773e+02 1.276401788672759281e-05
3.776000000000000227e+02 1.278358563077864738e-05
3.808000000000000114e+02 1.280295275512813904e-05
3.840000000000000000e+02 1.282212850615296429e-05
3.871999999999999886e+02 1.284112128814149675e-05
3.903999999999999773e+02 1.285993998837413541e-05
3.936000000000000227e+02 1.287859774889827390e-05
3.968000000000000114e+02 1.289711799140331165e-05
4.000000000000000000e+02 1.291553691518527112e-05
4.031999999999999886e+02 1.293389117245716540e-05
4.063999999999999773e+02 1.295217886712538793e-05
4.096000000000000227e+02 1.297030184160830385e-05
4.128000000000000114e+02 1.298805731415898994e-05
4.160000000000000000e+02 1.300529801096236834e-05
4.191999999999999886e+02 1.302220474680270992e-05
4.223999999999999773e+02 1.303925045820824845e-05
4.256000000000000227e+02 1.305679274850252054e-05
4.288000000000000114e+02 1.307536224565185659e-05
4.320000000000000000e+02 1.309636928261276380e-05
4.351999999999999886e+02 1.312008394782247182e-05
4.383999999999999773e+02 1.314274262573128029e-05
4.416000000000000227e+02 1.316106172323838751e-05
4.448000000000000114e+02 1.317896792057804666e-05
4.480000000000000000e+02 1.320079763260903255e-05
4.511999999999999886e+02 1.322236741692220224e-05
4.543999999999999773e+02 1.324099215722117404e-05
4.576000000000000227e+02 1.326341070058542618e-05
4.608000000000000114e+02 1.329196534677264761e-05
4.640000000000000000e+02 1.331893559300465055e-05
4.671999999999999886e+02 1.334051649091525542e-05
4.703999999999999773e+02 1.335989768381482531e-05
4.736000000000000227e+02 1.337814763698837339e-05
4.768000000000000114e+02 1.339446997430393741e-05
4.800000000000000000e+02 1.341044731740145971e-05
4.831999999999999886e+02 1.342779844472381874e-05
4.863999999999999773e+02 1.344595835969779244e-05
4.896000000000000227e+02 1.346358278237687942e-05
4.928000000000000114e+02 1.348021356843502956e-05
4.960000000000000000e+02 1.349616094688439817e-05
4.991999999999999886e+02 1.351199602080022161e-05
5.023999999999999773e+02 1.352825219151405544e-05
5.056000000000000227e+02 1.354493184205863395e-05
5.088000000000000114e+02 1.356155184679452444e-05
5.120000000000000000e+02 1.357785146068823857e-05
5.152000000000000455e+02 1.359396665471803083e-05
5.183999999999999773e+02 1.361006218427231556e-05
5.216000000000000227e+02 1.362617832209853366e-05
5.247999999999999545e+02 1.364229170054246339e-05
5.280000000000000000e+02 1.365837904290846693e-05
5.312000000000000455e+02 1.367445044829431762e-05
5.343999999999999773e+02 1.369049931082486003e-05
5.376000000000000227e+02 1.370643907224464941e-05
5.407999999999999545e+02 1.372215634311744812e-05
5.440000000000000000e+02 1.373763335743536156e-05
5.472000000000000455e+02 1.375296671126055107e-05
5.503999999999999773e+02 1.376828108672569565e-05
5.536000000000000227e+02 1.378365820835714876e-05
5.567999999999999545e+02 1.379913788813089873e-05
5.600000000000000000e+02 1.381473915875096756e-05
5.632000000000000455e+02 1.383047836059582609e-05
5.663999999999999773e+02 1.384636257670733846e-05
5.696000000000000227e+02 1.386238454671981208e-05
5.727999999999999545e+02 1.387856966043514289e-05
5.760000000000000000e+02 1.389518431732446967e-05
5.792000000000000455e+02 1.391323125597978802e-05
5.823999999999999773e+02 1.393562152647394498e-05
5.856000000000000227e+02 1.396987600387771433e-05
5.887999999999999545e+02 1.403418020728461082e-05
5.920000000000000000e+02 1.416959201245883358e-05
5.952000000000000455e+02 1.446243019869825020e-05
5.983999999999999773e+02 1.507886052139438108e-05
6.016000000000000227e+02 1.630784669292182715e-05
6.047999999999999545e+02 1.859400752201877634e-05
6.080000000000000000e+02 2.253072198639928460e-05
6.112000000000000455e+02 2.878181883823318501e-05
6.143999999999999773e+02 3.792733397792537092e-05
6.176000000000000227e+02 5.026167627922255564e-05
6.207999999999999545e+02 6.560225286265452085e-05
6.240000000000000000e+02 8.316957853631758309e-05
6.272000000000000455e+02 1.016086156037604118e-04
6.303999999999999773e+02 1.192192408267893762e-04
6.336000000000000227e+02 1.344084988634161842e-04
6.367999999999999545e+02 1.462294567734763007e-04
6.400000000000000000e+02 1.547275056376402219e-04
6.432000000000000455e+02 1.608553090939880931e-04
6.463999999999999773e+02 1.659730501004973505e-04
6.496000000000000227e+02 1.712342665339984386e-04
6.527999999999999545e+02 1.772027307933357870e-04
6.560000000000000000e+02 1.838454798813697480e-04
6.592000000000000455e+02 1.907869399231639851e-04
6.623999999999999773e+02 1.976079238443573314e-04
6.656000000000000227e+02 2.040329085993841131e-04
6.687999999999999545e+02 2.099732324588807480e-04
6.720000000000000000e+02 2.154742069935417230e-04
6.752000000000000455e+02 2.206352449175427396e-04
6.783999999999999773e+02 2.255522518737124909e-04
6.816000000000000227e+02 2.302987748323617203e-04
6.847999999999999545e+02 2.349337633225910028e-04
6.880000000000000000e+02 2.395111937030691869e-04
6.912000000000000455e+02 2.440752225563627535e-04
6.943999999999999773e+02 2.486454060854971808e-04
6.976000000000000227e+02 2.532090562113423920e-04
7.007999999999999545e+02 2.577320898309651948e-04
7.040000000000000000e+02 2.621822175777974856e-04
7.072000000000000455e+02 2.665488979881887690e-04
7.103999999999999773e+02 2.708481631271521597e-04
7.136000000000000227e+02 2.751123488221662926e-04
7.167999999999999545e+02 2.793735156262530358e-04
7.200000000000000000e+02 2.836515919867469478e-04
7.232000000000000455e+02 2.879527852955002416e-04
7.263999999999999773e+02 2.922758741995866243e-04
7.296000000000000227e+02 2.966189085859987674e-04
7.327999999999999545e+02 3.009810102657067116e-04
7.360000000000000000e+02 3.053598576345045940e-04
7.392000000000000455e+02 3.097495354514753730e-04
7.423999999999999773e+02 3.141420996885298396e-04
7.456000000000000227e+02 3.185318815462567180e-04
7.487999999999999545e+02 3.229188171240709895e-04
7.520000000000000000e+02 3.273080854768581805e-04
7.552000000000000455e+02 3.317067811885982638e-04
7.583999999999999773e+02 3.361203574204141482e-04
7.616000000000000227e+02 3.405512526844808418e-04
7.647999999999999545e+02 3.449996524507723591e-04
7.680000000000000000e+02 3.494649828867852129e-04
7.712000000000000455e+02 3.539464898364826843e-04
7.743999999999999773e+02 3.584429013673669706e-04
7.776000000000000227e+02 3.629518152930826403e-04
7.807999999999999545e+02 3.674699060924489975e-04
7.840000000000000000e+02 3.719937898013623190e-04
7.872000000000000455e+02 3.765212153391691804e-04
7.903999999999999773e+02 3.810516224327540279e-04
7.936000000000000227e+02 3.855861944658455984e-04
7.967999999999999545e+02 3.901273925270282291e-04
8.000000000000000000e+02 3.946786795313716881e-04
8.032000000000000455e+02 3.992441180857606671e-04
8.063999999999999773e+02 4.038278603043709766e-04
8.096000000000000227e+02 4.084329022833074448e-04
8.127999999999999545e+02 4.130596788370529391e-04
8.160000000000000000e+02 4.177049373196632621e-04
8.192000000000000455e+02 4.223620182493073041e-04
8.223999999999999773e+02 4.270223021036141436e-04
8.256000000000000227e+02 4.316773726119502402e-04
8.287999999999999545e+02 4.363205434130943317e-04
8.320000000000000000e+02 4.409476097897387418e-04
8.352000000000000455e+02 4.455567824857405916e-04
8.383999999999999773e+02 4.501486933544679024e-04
8.416000000000000227e+02 4.547264741609619823e-04
8.447999999999999545e+02 4.592960978706006094e-04
8.480000000000000000e+02 4.638663113380608622e-04
8.512000000000000455e+02 4.684482258660222810e-04
8.543999999999999773e+02 4.730543562061062654e-04
8.576000000000000227e+02 4.776977526296034057e-04
8.607999999999999545e+02 4.823911790324178343e-04
8.640000000000000000e+02 4.871466388681528121e-04
8.672000000000000455e+02 4.919745641425224674e-04
8.703999999999999773e+02 4.968826215177571046e-04
8.736000000000000227e+02 5.018738188624351183e-04
8.767999999999999545e+02 5.069449123834186572e-04
8.800000000000000000e+02 5.120857944204632375e-04
8.832000000000000455e+02 5.172806655923447563e-04
8.863999999999999773e+02 5.225104031133277760e-04
8.896000000000000227e+02 5.277555073400202329e-04
8.927999999999999545e+02 5.329987546326079434e-04
8.960000000000000000e+02 5.382274185023725767e-04
8.992000000000000455e+02 5.434347952361395003e-04
9.023999999999999773e+02 5.486208853042987173e-04
9.056000000000000227e+02 5.537918895858716384e-04
9.087999999999999545e+02 5.589585707593854166e-04
9.120000000000000000e+02 5.641338070707083065e-04
9.152000000000000455e+02 5.693299780738693286e-04
9.183999999999999773e+02 5.745568147752739890e-04
9.216000000000000227e+02 5.798202403911685478e-04
9.247999999999999545e+02 5.851224958863704721e-04
9.280000000000000000e+02 5.904633907358469453e-04
9.312000000000000455e+02 5.958421357003926191e-04
9.343999999999999773e+02 6.012588370340045223e-04
9.376000000000000227e+02 6.067150435197674009e-04
9.407999999999999545e+02 6.122130511302188889e-04
9.440000000000000000e+02 6.177544942623370942e-04
9.472000000000000455e+02 6.233388085783128944e-04
9.503999999999999773e+02 6.289623866753479365e-04
9.536000000000000227e+02 6.346184869016435574e-04
9.567999999999999545e+02 6.402979088836503740e-04
9.600000000000000000e+02 6.459899085169789040e-04
9.632000000000000455e+02 6.516834986846830810e-04
9.663999999999999773e+02 6.573689722924256880e-04
9.696000000000000227e+02 6.630398433990547296e-04
9.727999999999999545e+02 6.686943906801064890e-04
9.760000000000000000e+02 6.743364219546532819e-04
9.792000000000000455e+02 6.799745461391750812e-04
9.823999999999999773e+02 6.856204645298732926e-04
9.856000000000000227e+02 6.912864165328870070e-04
9.887999999999999545e+02 6.969826865001555122e-04
9.920000000000000000e+02 7.027153779824843113e-04
9.952000000000000455e+02 7.084853034840564792e-04
9.983999999999999773e+02 7.142879345514387048e-04
1.001600000000000023e+03 7.201146572495298629e-04
1.004799999999999955e+03 7.259546384795057114e-04
1.008000000000000000e+03 7.317971917019539668e-04
1.011200000000000045e+03 7.376339898711945777e-04
1.014399999999999977e+03 7.434611686003076000e-04
1.017600000000000023e+03 7.492806192906326188e-04
1.020799999999999955e+03 7.551002732803669543e-04
1.024000000000000000e+03 7.609327600197290887e-04
1.027200000000000045e+03 7.667930800098836895e-04
1.030400000000000091e+03 7.726960834542361597e-04
1.033599999999999909e+03 7.786553136522591720e-04
1.036799999999999955e+03 7.846835089168783606e-04
1.040000000000000000e+03 7.907944247252589147e-04
1.043200000000000045e+03 7.970040291216272301e-04
1.046400000000000091e+03 8.033295985358415280e-04
1.049599999999999909e+03 8.097858216879296519e-04
1.052799999999999955e+03 8.163795193762016580e-04
1.056000000000000000e+03 8.231054189886332587e-04
1.059200000000000045e+03 8.299456013211264742e-04
1.062400000000000091e+03 8.368729842015939276e-04
1.065599999999999909e+03 8.438575838302546980e-04
1.068799999999999955e+03 8.508728976362019353e-04
1.072000000000000000e+03 8.579002360523925669e-04
1.075200000000000045e+03 8.649298308112466889e-04
1.078400000000000091e+03 8.719591866008398733e-04
1.081599999999999909e+03 8.789901487719838395e-04
1.084799999999999955e+03 8.860263556587923920e-04
1.088000000000000000e+03 8.930721512166672977e-04
1.091200000000000045e+03 9.001329830429800199e-04
1.094400000000000091e+03 9.072165955936372034e-04
1.097599999999999909e+03 9.143337713707341352e-04
1.100799999999999955e+03 9.214977819600753215e-04
1.104000000000000000e+03 9.287222039716653936e-04
1.107200000000000045e+03 9.360178681942969790e-04
1.110400000000000091e+03 9.433898858243156904e-04
1.113599999999999909e+03 9.508359517659032041e-04
1.116799999999999955e+03 9.583463274005499244e-04
1.120000000000000000e+03 9.659058639848460987e-04
1.123200000000000045e+03 9.734974883776953067e-04
1.126400000000000091e+03 9.811064813557200757e-04
1.129599999999999909e+03 9.887238418251854608e-04
1.132799999999999955e+03 9.963477641019755603e-04
1.136000000000000000e+03 1.003982537372716472e-03
1.139200000000000045e+03 1.011635924011690607e-03
1.142400000000000091e+03 1.019315846682353807e-03
1.145599999999999909e+03 1.027027617244015466e-03
1.148799999999999955e+03 1.034771849372196359e-03
1.152000000000000000e+03 1.042543848872436261e-03
1.155200000000000045e+03 1.050334521469330814e-03
1.158400000000000091e+03 1.058132819844956720e-03
1.161599999999999909e+03 1.065928124990072386e-03
1.164799999999999955e+03 1.073711648920452075e-03
1.168000000000000000e+03 1.081476492884516673e-03
1.171200000000000045e+03 1.089217897043916541e-03
1.174400000000000091e+03 1.096934269260742972e-03
1.177599999999999909e+03 1.104628936456618273e-03
1.180799999999999955e+03 1.112310980266181413e-03
1.184000000000000000e+03 1.119994470087725498e-03
1.187200000000000045e+03 1.127695826575466449e-03
1.190400000000000091e+03 1.135430533362731791e-03
1.193599999999999909e+03 1.143210484295741503e-03
1.196799999999999955e+03 1.151043957177385994e-03
1.200000000000000000e+03 1.158939064044175018e-03
1.203200000000000045e+03 1.166909844716439203e-03
1.206400000000000091e+03 1.174980849402873289e-03
1.209599999999999909e+03 1.183185705027668200e-03
1.212799999999999955e+03 1.191557850054689822e-03
1.216000000000000000e+03 1.200117445469671895e-03
1.219200000000000045e+03 1.208861095347001872e-03
1.222400000000000091e+03 1.217759620308035955e-03
1.225599999999999909e+03 1.226764000034044578e-03
1.228799999999999955e+03 1.235815965978936080e-03
1.232000000000000000e+03 1.244858850376425905e-03
1.235200000000000045e+03 1.253846030651353284e-03
1.238400000000000091e+03 1.262746102021945933e-03
1.241599999999999909e+03 1.271544680814816084e-03
1.244799999999999955e+03 1.280243258602447318e-03
1.248000000000000000e+03 1.288855863987173897e-03
1.251200000000000045e+03 1.297404873866938712e-03
1.254400000000000091e+03 1.305916773127604753e-03
1.257599999999999909e+03 1.314418272959007533e-03
1.260799999999999955e+03 1.322932423810306048e-03
1.264000000000000000e+03 1.331474937299934524e-03
1.267200000000000045e+03 1.340051213033719010e-03
1.270400000000000091e+03 1.348655504025292025e-03
1.273599999999999909e+03 1.357272930865653085e-03
1.276799999999999955e+03 1.365884479833677501e-03
1.280000000000000000e+03 1.374473281693446318e-03
1.283200000000000045e+03 1.383030314804828192e-03
1.286400000000000091e+03 1.391557296908707770e-03
1.289599999999999909e+03 1.400066147736759182e-03
1.292799999999999955e+03 1.408574941862975527e-03
1.296000000000000000e+03 1.417101906968271574e-03
1.299200000000000045e+03 1.425658923868894368e-03
1.302400000000000091e+03 1.434246778522081135e-03
1.305599999999999909e+03 1.442853418016999071e-03
1.308799999999999955e+03 1.451456219798078233e-03
1.312000000000000000e+03 1.460027444273849940e-03
1.315200000000000045e+03 1.468541494277826424e-03
1.318400000000000091e+03 1.476981375306585546e-03
1.321599999999999909e+03 1.485342738717950264e-03
1.324799999999999955e+03 1.493634471280413109e-03
1.328000000000000000e+03 1.501876649029466318e-03
1.331200000000000045e+03 1.510096500435134138e-03
1.334400000000000091e+03 1.518323380884301120e-03
1.337599999999999909e+03 1.526583131414364393e-03
1.340799999999999955e+03 1.534893249940680196e-03
1.344000000000000000e+03 1.543260594309721736e-03
1.347200000000000045e+03 1.551683854909208845e-03
1.350400000000000091e+03 1.560161199915925407e-03
1.353599999999999909e+03 1.568700826329292664e-03
1.356799999999999955e+03 1.577328491982572757e-03
1.360000000000000000e+03 1.586086030810278380e-03
1.363200000000000045e+03 1.595018817597674372e-03
1.366400000000000091e+03 1.604157543672332350e-03
1.369599999999999909e+03 1.613503654571423179e-03
1.372799999999999955e+03 1.623025904381530113e-03
1.376000000000000000e+03 1.632668449770616464e-03
1.379200000000000045e+03 1.642365247543345862e-03
1.382400000000000091e+03 1.652054305463787100e-03
1.385599999999999909e+03 1.661687856622149099e-03
1.388799999999999955e+03 1.671237371706343986e-03
1.392000000000000000e+03 1.680693699594898102e-03
1.395200000000000045e+03 1.690063462327760606e-03
1.398400000000000091e+03 1.699363240336045078e-03
1.401599999999999909e+03 1.708613659403546842e-03
1.404799999999999955e+03 1.717834754532382218e-03
1.408000000000000000e+03 1.727043256900214147e-03
1.411200000000000045e+03 1.736251122569029432e-03
1.414400000000000091e+03 1.745464724409147858e-03
1.417599999999999909e+03 1.754684131374946573e-03
1.420799999999999955e+03 1.763903031841856667e-03
1.424000000000000000e+03 1.773109750495064025e-03
1.427200000000000045e+03 1.782290066557571046e-03
1.430400000000000091e+03 1.791431281960193488e-03
1.433599999999999909e+03 1.800526737825649311e-03
1.436799999999999955e+03 1.809578877996970755e-03
1.440000000000000000e+03 1.818599636884689038e-03
1.443200000000000045e+03 1.827607142427571012e-03
1.446400000000000091e+03 1.836619676783157133e-03
1.449599999999999909e+03 1.845648460020840511e-03
1.452799999999999955e+03 1.854691857441026492e-03
1.456000000000000000e+03 1.863732665428424057e-03
1.459200000000000045e+03 1.872739920967419515e-03
1.462400000000000091e+03 1.881675258001322968e-03
1.465599999999999909e+03 1.890503026719341775e-03
1.468799999999999955e+03 1.899201085237024354e-03
1.472000000000000000e+03 1.907768485454868585e-03
1.475200000000000045e+03 1.916226543579607798e-03
1.478400000000000091e+03 1.924612993456105165e-03
1.481599999999999909e+03 1.932971418182643369e-03
1.484799999999999955e+03 1.941340124639013903e-03
1.488000000000000000e+03 1.949744037352454896e-03
1.491200000000000045e+03 1.958192608747669552e-03
1.494400000000000091e+03 1.966684975503785616e-03
1.497599999999999909e+03 1.975221390595958883e-03
1.500799999999999955e+03 1.983815799630189204e-03
1.504000000000000000e+03 1.992501889292518352e-03
1.507200000000000045e+03 2.001326424201944724e-03
1.510400000000000091e+03 2.010331166365713490e-03
1.513599999999999909e+03 2.019532407175203808e-03
1.516799999999999955e+03 2.028909699483198541e-03
1.520000000000000000e+03 2.038409683363791910e-03
1.523200000000000045e+03 2.047962274301760519e-03
1.526400000000000091e+03 2.057500654243077983e-03
1.529599999999999909e+03 2.066976558199906753e-03
1.532799999999999955e+03 2.076366284364344200e-03
1.536000000000000000e+03 2.085667507594783730e-03
1.539200000000000045e+03 2.094890622735450739e-03
1.542400000000000091e+03 2.104049589487195365e-03
1.545599999999999909e+03 2.113156452743502559e-03
1.548799999999999955e+03 2.122220654027407501e-03
1.552000000000000000e+03 2.131251452030817096e-03
1.555200000000000045e+03 2.140260040542600693e-03
1.558400000000000091e+03 2.149259096514498802e-03
1.561599999999999909e+03 2.158259460710746074e-03
1.564799999999999955e+03 2.167266099395297706e-03
1.568000000000000000e+03 2.176275722555038889e-03
1.571200000000000045e+03 2.185277822229433203e-03
1.574400000000000091e+03 2.194258758741474309e-03
1.577599999999999909e+03 2.203207622324236410e-03
1.580799999999999955e+03 2.212121501430879510e-03
1.584000000000000000e+03 2.221008358180134867e-03
1.587200000000000045e+03 2.229885949917890034e-03
1.590400000000000091e+03 2.238777089599323575e-03
1.593599999999999909e+03 2.247702460632336387e-03
1.596799999999999955e+03 2.256673535315435047e-03
1.600000000000000000e+03 2.265687515480371231e-03
1.603200000000000045e+03 2.274725922578174457e-03
1.606400000000000091e+03 2.283757196256679285e-03
1.609599999999999909e+03 2.292743397316385819e-03
1.612799999999999955e+03 2.301649633724536619e-03
1.616000000000000000e+03 2.310453923790665998e-03
1.619200000000000045e+03 2.319153980265391875e-03
1.622400000000000091e+03 2.327768502080401151e-03
1.625599999999999909e+03 2.336332174848492881e-03
1.628799999999999955e+03 2.344886372389329461e-03
1.632000000000000000e+03 2.353468812739449145e-03
1.635200000000000045e+03 2.362106228708018337e-03
1.638400000000000091e+03 2.370812919619983816e-03
1.641599999999999909e+03 2.379596315022417322e-03
1.644799999999999955e+03 2.388467300064326271e-03
1.648000000000000000e+03 2.397450160388183826e-03
1.651200000000000045e+03 2.406585356999003424e-03
1.654400000000000091e+03 2.415921098581008068e-03
1.657599999999999909e+03 2.425495698076348631e-03
1.660799999999999955e+03 2.435319379069586510e-03
1.664000000000000000e+03 2.445365591791143992e-03
1.667200000000000045e+03 2.455576945405706091e-03
1.670400000000000091e+03 2.465882490003104034e-03
1.673599999999999909e+03 2.476217615210224952e-03
1.676799999999999955e+03 2.486537998410511419e-03
1.680000000000000000e+03 2.496823427362081932e-03
1.683200000000000045e+03 2.507072586310092003e-03
1.686400000000000091e+03 2.517293221315594631e-03
1.689599999999999909e+03 2.527493080369559112e-03
1.692799999999999955e+03 2.537675265664882107e-03
1.696000000000000000e+03 2.547838930843655380e-03
1.699200000000000045e+03 2.557983252641072777e-03
1.702400000000000091e+03 2.568111604257575058e-03
1.705599999999999909e+03 2.578233111335650422e-03
1.708799999999999955e+03 2.588360924250819595e-03
1.712000000000000000e+03 2.598508108807900865e-03
1.715200000000000045e+03 2.608683521156247159e-03
1.718400000000000091e+03 2.618889491609982436e-03
1.721599999999999909e+03 2.629122494730983840e-03
1.724799999999999955e+03 2.639376084772806531e-03
1.728000000000000000e+03 2.649644768915078788e-03
1.731200000000000045e+03 2.659926830871773250e-03
1.734400000000000091e+03 2.670225289132053398e-03
1.737599999999999909e+03 2.680546717596805125e-03
1.740799999999999955e+03 2.690898908041855844e-03
1.744000000000000000e+03 2.701288062880832959e-03
1.747200000000000045e+03 2.711716401099767415e-03
1.750400000000000091e+03 2.722180233892245674e-03
1.753599999999999909e+03 2.732668915319869541e-03
1.756799999999999955e+03 2.743164803081333831e-03
1.760000000000000000e+03 2.753645031998321405e-03
1.763200000000000045e+03 2.764085362752919175e-03
1.766400000000000091e+03 2.774466062388625687e-03
1.769599999999999909e+03 2.784778374611044348e-03
1.772799999999999955e+03 2.795029886017094851e-03
1.776000000000000000e+03 2.805247082447536074e-03
1.779200000000000045e+03 2.815474632698451458e-03
1.782400000000000091e+03 2.825771487502824926e-03
1.785599999999999909e+03 2.836204491851935204e-03
1.788799999999999955e+03 2.846840109844530828e-03
1.792000000000000000e+03 2.857735500518516526e-03
1.795200000000000045e+03 2.868930426833512116e-03
1.798400000000000091e+03 2.880441787267689919e-03
1.801599999999999909e+03 2.892261849748809215e-03
1.804799999999999955e+03 2.904360767940794216e-03
1.808000000000000000e+03 2.916693148869087780e-03
1.811200000000000045e+03 2.929207649131619629e-03
1.814400000000000091e+03 2.941857162522243472e-03
1.817599999999999909e+03 2.954606128996802635e-03
1.820799999999999955e+03 2.967432016007432241e-03
1.824000000000000000e+03 2.980320398267025106e-03
1.827200000000000045e+03 2.993256428480660803e-03
1.830400000000000091e+03 3.006217336317277677e-03
1.833599999999999909e+03 3.019170297285901031e-03
1.836799999999999955e+03 3.032077090075031844e-03
1.840000000000000000e+03 3.044903927700736822e-03
1.843200000000000045e+03 3.057632290472669153e-03
1.846400000000000091e+03 3.070266636457489890e-03
1.849599999999999909e+03 3.082835959937469273e-03
1.852799999999999955e+03 3.095388844630302897e-03
1.856000000000000000e+03 3.107983254958233705e-03
1.859200000000000045e+03 3.120674058535321919e-03
1.862400000000000091e+03 3.133501377524186733e-03
1.865599999999999909e+03 3.146483333335131031e-03
1.868799999999999955e+03 3.159615371955691240e-03
1.872000000000000000e+03 3.172876743794595614e-03
1.875200000000000045e+03 3.186241211588840445e-03
1.878400000000000091e+03 3.199687215711410643e-03
1.881599999999999909e+03 3.213202451583999000e-03
1.884799999999999955e+03 3.226781380476877615e-03
1.888000000000000000e+03 3.240417788327960846e-03
1.891200000000000045e+03 3.254097468181816732e-03
1.894400000000000091e+03 3.267795307121180038e-03
1.897599999999999909e+03 3.281478955705427122e-03
1.900799999999999955e+03 3.295117732066381658e-03
1.904000000000000000e+03 3.308693699726804847e-03
1.907200000000000045e+03 3.322211118622588576e-03
1.910400000000000091e+03 3.335701859196309096e-03
1.913599999999999909e+03 3.349225498637276813e-03
1.916799999999999955e+03 3.362864088256419665e-03
1.920000000000000000e+03 3.376711848860205339e-03
1.923200000000000045e+03 3.390861165170276116e-03
1.926400000000000091e+03 3.405387452699636195e-03
1.929599999999999909e+03 3.420336858583488109e-03
1.932799999999999955e+03 3.435720221446206604e-03
1.936000000000000000e+03 3.451514946504580586e-03
1.939200000000000045e+03 3.467673819441390720e-03
1.942400000000000091e+03 3.484137866865112242e-03
1.945599999999999909e+03 3.500849198842001780e-03
1.948799999999999955e+03 3.517759648925850632e-03
1.952000000000000000e+03 3.534832404264096496e-03
1.955200000000000045e+03 3.552036600303203149e-03
1.958400000000000091e+03 3.569338540955942392e-03
1.961599999999999909e+03 3.586695031623002381e-03
1.964799999999999955e+03 3.604053496911638430e-03
1.968000000000000000e+03 3.621359570972940145e-03
1.971200000000000045e+03 3.638569242037255173e-03
1.974400000000000091e+03 3.655660340964993465e-03
1.977599999999999909e+03 3.672639300207337400e-03
1.980799999999999955e+03 3.689540920073744023e-03
1.984000000000000000e+03 3.706421704711004503e-03
1.987200000000000045e+03 3.723348462283647582e-03
1.990400000000000091e+03 3.740385229601194111e-03
1.993599999999999909e+03 3.757581178925765986e-03
1.996799999999999955e+03 3.774962277246238750e-03
2.000000000000000000e+03 3.792528182354422232e-03
2.003200000000000045e+03 3.810255291791005226e-03
2.006400000000000091e+03 3.828104661137677733e-03
2.009599999999999909e+03 3.846032083447553217e-03
2.012799999999999955e+03 3.863996195912026369e-03
2.016000000000000000e+03 3.881962276726483828e-03
2.019200000000000045e+03 3.899901932729607414e-03
2.022400000000000091e+03 3.917791842658270747e-03
2.025599999999999909e+03 3.935614510842015863e-03
2.028799999999999955e+03 3.953362520444121155e-03
2.032000000000000000e+03 3.971045179171209423e-03
2.035200000000000045e+03 3.988695512171020439e-03
2.038400000000000091e+03 4.006375026554394488e-03
2.041599999999999909e+03 4.024173999896544715e-03
2.044799999999999955e+03 4.042204947009366521e-03
2.048000000000000000e+03 4.060588104436027058e-03
2.051199999999999818e+03 4.079430240686412849e-03
2.054400000000000091e+03 4.098801939407487570e-03
2.057599999999999909e+03 4.118720757556039794e-03
2.060800000000000182e+03 4.139146628667994196e-03
2.064000000000000000e+03 4.159991259350515058e-03
2.067199999999999818e+03 4.181137862462444045e-03
2.070400000000000091e+03 4.202464317398734404e-03
2.073599999999999909e+03 4.223862849913846869e-03
2.076800000000000182e+03 4.245252124160242557e-03
2.080000000000000000e+03 4.266580891029814020e-03
2.083199999999999818e+03 4.287825313845573978e-03
2.086400000000000091e+03 4.308982847420311270e-03
2.089599999999999909e+03 4.330065332035359406e-03
2.092800000000000182e+03 4.351092273466594836e-03
2.096000000000000000e+03 4.372084976895024115e-03
2.099199999999999818e+03 4.393062094909008265e-03
2.102400000000000091e+03 4.414038238137188257e-03
2.105599999999999909e+03 4.435026303130079096e-03
2.108800000000000182e+03 4.456042658561643922e-03
2.112000000000000000e+03 4.477111598297911846e-03
2.115199999999999818e+03 4.498265480640493107e-03
2.118400000000000091e+03 4.519538375186185099e-03
2.121599999999999909e+03 4.540954871692693545e-03
2.124800000000000182e+03 4.562518031577903269e-03
2.128000000000000000e+03 4.584202000366964166e-03
2.131199999999999818e+03 4.605953068339770778e-03
2.134400000000000091e+03 4.627700421977149620e-03
2.137599999999999909e+03 4.649373757878910718e-03
2.140800000000000182e+03 4.670922745431423280e-03
2.144000000000000000e+03 4.692332496660635809e-03
2.147199999999999818e+03 4.713631312617323765e-03
2.150400000000000091e+03 4.734889481425157490e-03
2.153599999999999909e+03 4.756210587771834974e-03
2.156800000000000182e+03 4.777717558610032264e-03
2.160000000000000000e+03 4.799535748994256112e-03
2.163199999999999818e+03 4.821774888796263175e-03
2.166400000000000091e+03 4.844512253922937835e-03
2.169599999999999909e+03 4.867780070846871275e-03
2.172800000000000182e+03 4.891560370841771879e-03
2.176000000000000000e+03 4.915789109577396905e-03
2.179199999999999818e+03 4.940368859762052887e-03
2.182400000000000091e+03 4.965186899195420285e-03
2.185599999999999909e+03 4.990134011873086951e-03
2.188800000000000182e+03 5.015119688820492139e-03
2.192000000000000000e+03 5.040080802273059352e-03
2.195199999999999818e+03 5.064983313028033514e-03
2.198400000000000091e+03 5.089818156492975122e-03
2.201599999999999909e+03 5.114593723826005821e-03
2.204800000000000182e+03 5.139326970139348680e-03
2.208000000000000000e+03 5.164035328105857567e-03
2.211199999999999818e+03 5.188731068482916632e-03
2.214400000000000091e+03 5.213419940418574129e-03
2.217599999999999909e+03 5.238104307773969008e-03
2.220800000000000182e+03 5.262789475258254981e-03
2.224000000000000000e+03 5.287489575932244855e-03
2.227199999999999818e+03 5.312229477955426014e-03
2.230400000000000091e+03 5.337040125777119115e-03
2.233599999999999909e+03 5.361948117359215289e-03
2.236800000000000182e+03 5.386963013135724967e-03
2.240000000000000000e+03 5.412068319799037859e-03
2.243199999999999818e+03 5.437221031259299731e-03
2.246400000000000091e+03 5.462361738404337454e-03
2.249599999999999909e+03 5.487432397280436400e-03
2.252800000000000182e+03 5.512395827415072884e-03
2.256000000000000000e+03 5.537250102663873567e-03
2.259199999999999818e+03 5.562033596384680437e-03
2.262400000000000091e+03 5.586819921951896584e-03
2.265599999999999909e+03 5.611705469502805375e-03
2.268800000000000182e+03 5.636793448403999880e-03
2.272000000000000000e+03 5.662178064961644920e-03
2.275199999999999818e+03 5.687931140512335511e-03
2.278400000000000091e+03 5.714092817493480504e-03
2.281599999999999909e+03 5.740667829733742296e-03
2.284800000000000182e+03 5.767628486554976334e-03
2.288000000000000000e+03 5.794924155195121419e-03
2.291199999999999818e+03 5.822494851708967349e-03
2.294400000000000091e+03 5.850285057319511324e-03
2.297599999999999909e+03 5.878253635518218730e-03
2.300800000000000182e+03 5.906377463271178345e-03
2.304000000000000000e+03 5.934648581360757111e-03
2.307199999999999818e+03 5.963067230863966679e-03
2.310400000000000091e+03 5.991633988481368488e-03
2.313599999999999909e+03 6.020344197538950864e-03
2.316800000000000182e+03 6.049185973065557276e-03
2.320000000000000000e+03 6.078141713437366055e-03
2.323199999999999818e+03 6.107191563189184186e-03
2.326400000000000091e+03 6.136317525981345791e-03
2.329599999999999909e+03 6.165506753617355437e-03
2.332800000000000182e+03 6.194753289117393112e-03
2.336000000000000000e+03 6.224057384681301423e-03
2.339199999999999818e+03 6.253422542828100845e-03
2.342400000000000091e+03 6.282850883373367924e-03
2.345599999999999909e+03 6.312338892592604667e-03
2.348800000000000182e+03 6.341875759268236247e-03
2.352000000000000000e+03 6.371446510138379683e-03
2.355199999999999818e+03 6.401040053299091905e-03
2.358400000000000091e+03 6.430660025877747363e-03
2.361599999999999909e+03 6.460333942530212259e-03
2.364800000000000182e+03 6.490116432855072733e-03
2.368000000000000000e+03 6.520084558874943495e-03
2.371199999999999818e+03 6.550326989164381025e-03
2.374400000000000091e+03 6.580931016424664513e-03
2.377599999999999909e+03 6.611971433884742712e-03
2.380800000000000182e+03 6.643503139885358760e-03
2.384000000000000000e+03 6.675557408940948310e-03
2.387199999999999818e+03 6.708141227200152719e-03
2.390400000000000091e+03 6.741239806436234196e-03
2.393599999999999909e+03 6.774822926428045178e-03
2.396800000000000182e+03 6.808854701083478199e-03
2.400000000000000000e+03 6.843304455815554278e-03
2.403199999999999818e+03 6.878154624044886117e-03
2.406400000000000091e+03 6.913402266688586928e-03
2.409599999999999909e+03 6.949053266247059296e-03
2.412800000000000182e+03 6.985112143386830973e-03
2.416000000000000000e+03 7.021572376095991386e-03
2.419199999999999818e+03 7.058411996157983904e-03
2.422400000000000091e+03 7.095595921659795906e-03
2.425599999999999909e+03 7.133083482921725310e-03
2.428800000000000182e+03 7.170837313095431743e-03
2.432000000000000000e+03 7.208830532759509524e-03
2.435199999999999818e+03 7.247050152784240661e-03
2.438400000000000091e+03 7.285496459512232764e-03
2.441599999999999909e+03 7.324178867268955201e-03
2.444800000000000182e+03 7.363110561177966910e-03
2.448000000000000000e+03 7.402305022778747287e-03
2.451199999999999818e+03 7.441777579073664134e-03
2.454400000000000091e+03 7.481552099051097873e-03
2.457599999999999909e+03 7.521669815834913439e-03
2.460800000000000182e+03 7.562195148852966266e-03
2.464000000000000000e+03 7.603215085208309999e-03
2.467199999999999818e+03 7.644831933902269255e-03
2.470400000000000091e+03 7.687152571059083749e-03
2.473599999999999909e+03 7.730277903758938154e-03
2.476800000000000182e+03 7.774294932758920619e-03
2.480000000000000000e+03 7.819271626747115178e-03
2.483199999999999818e+03 7.865253860928640012e-03
2.486400000000000091e+03 7.912264179324635452e-03
2.489599999999999909e+03 7.960303132907506352e-03
2.492800000000000182e+03 8.009354367870284361e-03
2.496000000000000000e+03 8.059393404844893485e-03
2.499199999999999818e+03 8.110398224229178193e-03
2.502400000000000091e+03 8.162357856852776525e-03
2.505599999999999909e+03 8.215275598639005736e-03
2.508800000000000182e+03 8.269165451028603550e-03
2.512000000000000000e+03 8.324044145074125517e-03
2.515199999999999818e+03 8.379923129956619310e-03
2.518400000000000091e+03 8.436805410040770781e-03
2.521599999999999909e+03 8.494689273589980244e-03
2.524800000000000182e+03 8.553577690710294223e-03
2.528000000000000000e+03 8.613488335805953230e-03
2.531199999999999818e+03 8.674458941350880400e-03
2.534400000000000091e+03 8.736545344807077063e-03
2.537599999999999909e+03 8.799815787533620676e-03
2.540800000000000182e+03 8.864348511506312325e-03
2.544000000000000000e+03 8.930238328007100712e-03
2.547199999999999818e+03 8.997610233324290080e-03
2.550400000000000091e+03 9.066631512684763042e-03
2.553599999999999909e+03 9.137512555951776347e-03
2.556800000000000182e+03 9.210493187644910179e-03
2.560000000000000000e+03 9.285819615718152523e-03
2.563199999999999818e+03 9.363721747438564363e-03
2.566400000000000091e+03 9.444398408051803834e-03
2.569599999999999909e+03 9.528011979732400535e-03
2.572800000000000182e+03 9.614688577957011817e-03
2.576000000000000000e+03 9.704518329999767615e-03
2.579199999999999818e+03 9.797553684388941864e-03
2.582400000000000091e+03 9.893809037467912390e-03
2.585599999999999909e+03 9.993268690680652891e-03
2.588800000000000182e+03 1.009590676265039594e-02
2.592000000000000000e+03 1.020171463421415924e-02
2.595199999999999818e+03 1.031072368098335384e-02
2.598400000000000091e+03 1.042301237433067469e-02
2.601599999999999909e+03 1.053869450006720589e-02
2.604800000000000182e+03 1.065789457977403369e-02
2.608000000000000000e+03 1.078071927087978672e-02
2.611199999999999818e+03 1.090723400471853809e-02
2.614400000000000091e+03 1.103745406570688821e-02
2.617599999999999909e+03 1.117135982865930140e-02
2.620800000000000182e+03 1.130893751656117559e-02
2.624000000000000000e+03 1.145023091230034165e-02
2.627199999999999818e+03 1.159537523813057754e-02
2.630400000000000091e+03 1.174458804024210330e-02
2.633599999999999909e+03 1.189811379255463833e-02
2.636800000000000182e+03 1.205614529906687098e-02
2.640000000000000000e+03 1.221875732439746398e-02
2.643199999999999818e+03 1.238587932402714954e-02
2.646400000000000091e+03 1.255731305100977330e-02
2.649599999999999909e+03 1.273277946961580073e-02
2.652800000000000182e+03 1.291196938893389608e-02
2.656000000000000000e+03 1.309457404356162945e-02
2.659199999999999818e+03 1.328028535912610490e-02
2.662400000000000091e+03 1.346877131063734662e-02
2.665599999999999909e+03 1.365964405233768830e-02
2.668800000000000182e+03 1.385243688103482418e-02
2.672000000000000000e+03 1.404659504006362455e-02
2.675199999999999818e+03 1.424147157640225092e-02
2.678400000000000091e+03 1.443631693990308704e-02
2.681599999999999909e+03 1.463025902853681490e-02
2.684800000000000182e+03 1.482228367183356654e-02
2.688000000000000000e+03 1.501123353069074018e-02
2.691199999999999818e+03 1.519584125566446689e-02
2.694400000000000091e+03 1.537479972790478135e-02
2.697599999999999909e+03 1.554685242738262398e-02
2.700800000000000182e+03 1.571087512510173367e-02
2.704000000000000000e+03 1.586592567348818830e-02
2.707199999999999818e+03 1.601126192797666312e-02
2.710400000000000091e+03 1.614634624649307834e-02
2.713599999999999909e+03 1.627085575349077745e-02
2.716800000000000182e+03 1.638470135283884993e-02
2.720000000000000000e+03 1.648804543065836639e-02
2.723199999999999818e+03 1.658130562026959715e-02
2.726400000000000091e+03 1.666513631974614676e-02
2.729599999999999909e+03 1.674038288108994216e-02
2.732800000000000182e+03 1.680800636819949206e-02
2.736000000000000000e+03 1.686898529943288080e-02
2.739199999999999818e+03 1.692421378825455583e-02
2.742400000000000091e+03 1.697442701919073607e-02
2.745599999999999909e+03 1.702018197466158636e-02
2.748800000000000182e+03 1.706190041969735810e-02
2.752000000000000000e+03 1.709995023660735095e-02
2.755199999999999818e+03 1.713472329141553160e-02
2.758400000000000091e+03 1.716667617127512133e-02
2.761599999999999909e+03 1.719632737039421613e-02
2.764800000000000182e+03 1.722422726054043118e-02
2.768000000000000000e+03 1.725091990655371749e-02
2.771199999999999818e+03 1.727690465393346558e-02
2.774400000000000091e+03 1.730259828443912393e-02
2.777599999999999909e+03 1.732830650053248517e-02
2.780800000000000182e+03 1.735422484344122801e-02
2.784000000000000000e+03 1.738048476265042011e-02
2.787199999999999818e+03 1.740723352819378844e-02
2.790400000000000091e+03 1.743470684073543386e-02
2.793599999999999909e+03 1.746324748674394148e-02
2.796800000000000182e+03 1.749325189108627207e-02
2.800000000000000000e+03 1.752507088574292715e-02
2.803199999999999818e+03 1.755892043409842951e-02
2.806400000000000091e+03 1.759485386644847257e-02
2.809599999999999909e+03 1.763281290289904837e-02
2.812800000000000182e+03 1.767273321390271448e-02
2.816000000000000000e+03 1.771465454131369854e-02
2.819199999999999818e+03 1.775878752459311011e-02
2.822400000000000091e+03 1.780551350531668978e-02
2.825599999999999909e+03 1.785532418364721083e-02
2.828800000000000182e+03 1.790872942465026110e-02
2.832000000000000000e+03 1.796616715801461345e-02
2.835199999999999818e+03 1.802794312961143036e-02
2.838400000000000091e+03 1.809421724549428387e-02
2.841599999999999909e+03 1.816504111557093806e-02
2.844800000000000182e+03 1.824043653195445494e-02
2.848000000000000000e+03 1.832048932362482369e-02
2.851199999999999818e+03 1.840542458730012182e-02
2.854400000000000091e+03 1.849563498411720477e-02
2.857599999999999909e+03 1.859165065144501375e-02
2.860800000000000182e+03 1.869405761915201789e-02
2.864000000000000000e+03 1.880338380269255816e-02
2.867199999999999818e+03 1.891997755795255323e-02
2.870400000000000091e+03 1.904390669767678373e-02
2.873599999999999909e+03 1.917490614013613731e-02
2.876800000000000182e+03 1.931239757669064860e-02
2.880000000000000000e+03 1.945559114528338726e-02
2.883199999999999818e+03 1.960365550394157011e-02
2.886400000000000091e+03 1.975591101140012837e-02
2.889599999999999909e+03 1.991197317231577571e-02
2.892800000000000182e+03 2.007177298734433984e-02
2.896000000000000000e+03 2.023542535789144350e-02
2.899199999999999818e+03 2.040299376140360804e-02
2.902400000000000091e+03 2.057426038796995871e-02
2.905599999999999909e+03 2.074860758850382431e-02
2.908800000000000182e+03 2.092504823342431972e-02
2.912000000000000000e+03 2.110236303600495841e-02
2.915199999999999818e+03 2.127927046964865621e-02
2.918400000000000091e+03 2.145457924033224509e-02
2.921599999999999909e+03 2.162731400911336796e-02
2.924800000000000182e+03 2.179681678633814054e-02
2.928000000000000000e+03 2.196280468763251240e-02
2.931199999999999818e+03 2.212534411103407941e-02
2.934400000000000091e+03 2.228471939913339098e-02
2.937599999999999909e+03 2.244122866810371181e-02
2.940800000000000182e+03 2.259498906563415024e-02
2.944000000000000000e+03 2.274583448196625460e-02
2.947199999999999818e+03 2.289333780710236382e-02
2.950400000000000091e+03 2.303692720411984127e-02
2.953599999999999909e+03 2.317603431173583667e-02
2.956800000000000182e+03 2.331022281625316772e-02
2.960000000000000000e+03 2.343927441646377272e-02
2.963199999999999818e+03 2.356322977515155556e-02
2.966400000000000091e+03 2.368238580903119297e-02
2.969599999999999909e+03 2.379724949043111187e-02
2.972800000000000182e+03 2.390845297359344562e-02
2.976000000000000000e+03 2.401664628371987659e-02
2.979199999999999818e+03 2.412239258456767149e-02
2.982400000000000091e+03 2.422609009456888618e-02
2.985599999999999909e+03 2.432793505328842421e-02
2.988800000000000182e+03 2.442792762869191309e-02
2.992000000000000000e+03 2.452591430162768399e-02
2.995199999999999818e+03 2.462165726907127039e-02
2.998400000000000091e+03 2.471492231098431150e-02
3.001599999999999909e+03 2.480557363138342561e-02
3.004800000000000182e+03 2.489365564376247800e-02
3.008000000000000000e+03 2.497943205364167377e-02
3.011199999999999818e+03 2.506335568139274675e-02
3.014400000000000091e+03 2.514596406505812884e-02
3.017599999999999909e+03 2.522772912451492697e-02
3.020800000000000182e+03 2.530891500473545289e-02
3.024000000000000000e+03 2.538949955686426244e-02
3.027199999999999818e+03 2.546918890584860470e-02
3.030400000000000091e+03 2.554751400922117277e-02
3.033599999999999909e+03 2.562396717731707518e-02
3.036800000000000182e+03 2.569812978473793100e-02
3.040000000000000000e+03 2.576976008175589292e-02
3.043199999999999818e+03 2.583883372776513490e-02
3.046400000000000091e+03 2.590554446719717588e-02
3.049599999999999909e+03 2.597027182170721926e-02
3.052800000000000182e+03 2.603351641139333220e-02
3.056000000000000000e+03 2.609580332529982602e-02
3.059199999999999818e+03 2.615756634529212490e-02
3.062400000000000091e+03 2.621904458132613691e-02
3.065599999999999909e+03 2.628023176871953706e-02
3.068800000000000182e+03 2.634090587308275666e-02
3.072000000000000000e+03 2.640073394222604633e-02
3.075199999999999818e+03 2.645941478850464754e-02
3.078400000000000091e+03 2.651680740216916243e-02
3.081599999999999909e+03 2.657300338621788535e-02
3.084800000000000182e+03 2.662832487342115320e-02
3.088000000000000000e+03 2.668325361160773374e-02
3.091199999999999818e+03 2.673831460157446299e-02
3.094400000000000091e+03 2.679394885898347956e-02
3.097599999999999909e+03 2.685041279033271999e-02
3.100800000000000182e+03 2.690773298640631445e-02
3.104000000000000000e+03 2.696572746359027217e-02
3.107199999999999818e+03 2.702408335899017869e-02
3.110400000000000091e+03 2.708246702372789361e-02
3.113599999999999909e+03 2.714063610409850683e-02
3.116800000000000182e+03 2.719852520464003526e-02
3.120000000000000000e+03 2.725628236623826167e-02
3.123199999999999818e+03 2.731424493894422587e-02
3.126400000000000091e+03 2.737285887267445691e-02
3.129599999999999909e+03 2.743256385860735891e-02
3.132800000000000182e+03 2.749368050410135045e-02
3.136000000000000000e+03 2.755633675954164558e-02
3.139199999999999818e+03 2.762045607726996282e-02
3.142400000000000091e+03 2.768580422202302979e-02
3.145599999999999909e+03 2.775207077483824239e-02
3.148800000000000182e+03 2.781895471583953686e-02
3.152000000000000000e+03 2.788623453474093489e-02
3.155199999999999818e+03 2.795381829165791143e-02
3.158400000000000091e+03 2.802177747900838969e-02
3.161599999999999909e+03 2.809036262424419866e-02
3.164800000000000182e+03 2.815998866815028201e-02
3.168000000000000000e+03 2.823117618163292764e-02
3.171199999999999818e+03 2.830444928096881654e-02
3.174400000000000091e+03 2.838021505063579794e-02
3.177599999999999909e+03 2.845866547717287171e-02
3.180800000000000182e+03 2.853974008193334994e-02
3.184000000000000000e+03 2.862316531961315441e-02
3.187199999999999818e+03 2.870856044199980583e-02
3.190400000000000091e+03 2.879557732835901981e-02
3.193599999999999909e+03 2.888403217417479657e-02
3.196800000000000182e+03 2.897398602189349068e-02
3.200000000000000000e+03 2.906574381815318214e-02
3.203199999999999818e+03 2.915976532219568054e-02
3.206400000000000091e+03 2.925651395908902483e-02
3.209599999999999909e+03 2.935629627927363594e-02
3.212800000000000182e+03 2.945915076049466369e-02
3.216000000000000000e+03 2.956482439263108386e-02
3.219199999999999818e+03 2.967283665744771884e-02
3.222400000000000091e+03 2.978259710010038031e-02
3.225599999999999909e+03 2.989352904933615176e-02
3.228800000000000182e+03 3.000516546132875675e-02
3.232000000000000000e+03 3.011720266507441485e-02
3.235199999999999818e+03 3.022951177956312296e-02
3.238400000000000091e+03 3.034210718486570965e-02
3.241599999999999909e+03 3.045507279767156045e-02
3.244800000000000182e+03 3.056845798150174126e-02
3.248000000000000000e+03 3.068217303918103003e-02
3.251199999999999818e+03 3.079592395931544241e-02
3.254400000000000091e+03 3.090921407680214186e-02
3.257599999999999909e+03 3.102141415016891959e-02
3.260800000000000182e+03 3.113187331965432125e-02
3.264000000000000000e+03 3.124003305339794964e-02
3.267199999999999818e+03 3.134551207357531150e-02
3.270400000000000091e+03 3.144814862150377421e-02
3.273599999999999909e+03 3.154799801058785075e-02
3.276800000000000182e+03 3.164528821707308925e-02
3.280000000000000000e+03 3.174033820307214926e-02
3.283199999999999818e+03 3.183345276043682975e-02
3.286400000000000091e+03 3.192482195369739789e-02
3.289599999999999909e+03 3.201445938245475048e-02
3.292800000000000182e+03 3.210220468484190071e-02
3.296000000000000000e+03 3.218779010016316333e-02
3.299199999999999818e+03 3.227094701103602054e-02
3.302400000000000091e+03 3.235151424492089395e-02
3.305599999999999909e+03 3.242951503237277711e-02
3.308800000000000182e+03 3.250518235114563392e-02
3.312000000000000000e+03 3.257892925904826847e-02
3.315199999999999818e+03 3.265127356955913746e-02
3.318400000000000091e+03 3.272273717175672864e-02
3.321599999999999909e+03 3.279374686984429244e-02
3.324800000000000182e+03 3.286456326141869860e-02
3.328000000000000000e+03 3.293525596434066643e-02
3.331199999999999818e+03 3.300572762693467638e-02
3.334400000000000091e+03 3.307577515065198565e-02
3.337599999999999909e+03 3.314516671699174050e-02
3.340800000000000182e+03 3.321371504724258961e-02
3.344000000000000000e+03 3.328133302064673754e-02
3.347199999999999818e+03 3.334806666599700320e-02
3.350400000000000091e+03 3.341410252422667704e-02
3.353599999999999909e+03 3.347974655355019646e-02
3.356800000000000182e+03 3.354537204800568662e-02
3.360000000000000000e+03 3.361134222511688585e-02
3.363199999999999818e+03 3.367792520264906858e-02
3.366400000000000091e+03 3.374522632242390324e-02
3.369599999999999909e+03 3.381315980722497672e-02
3.372800000000000182e+03 3.388146790286004906e-02
3.376000000000000000e+03 3.394978264526531120e-02
3.379199999999999818e+03 3.401771376310669392e-02
3.382400000000000091e+03 3.408494203755928903e-02
3.385599999999999909e+03 3.415129355482272866e-02
3.388800000000000182e+03 3.421677407990576097e-02
3.392000000000000000e+03 3.428155100353862117e-02
3.395199999999999818e+03 3.434588668293965530e-02
3.398400000000000091e+03 3.441004253431227677e-02
3.401599999999999909e+03 3.447418317165759638e-02
3.404800000000000182e+03 3.453830987295253979e-02
3.408000000000000000e+03 3.460224182399327525e-02
3.411199999999999818e+03 3.466564860160643857e-02
3.414400000000000091e+03 3.472812004642336636e-02
3.417599999999999909e+03 3.478925177111996669e-02
3.420800000000000182e+03 3.484872319694926057e-02
3.424000000000000000e+03 3.490635356063402639e-02
3.427199999999999818e+03 3.496212708229436139e-02
3.430400000000000091e+03 3.501618381123038776e-02
3.433599999999999909e+03 3.506877572672651572e-02
3.436800000000000182e+03 3.512019584355244306e-02
3.440000000000000000e+03 3.517069799669548386e-02
3.443199999999999818e+03 3.522043079041118491e-02
3.446400000000000091e+03 3.526940662491057088e-02
3.449599999999999909e+03 3.531751328857080097e-02
3.452800000000000182e+03 3.536456085819794648e-02
3.456000000000000000e+03 3.541034405841333998e-02
3.459199999999999818e+03 3.545470093929286443e-02
3.462400000000000091e+03 3.549755553969372035e-02
3.465599999999999909e+03 3.553894262446921637e-02
3.468800000000000182e+03 3.557901401639233102e-02
3.472000000000000000e+03 3.561802381505853321e-02
3.475199999999999818e+03 3.565628833137710757e-02
3.478400000000000091e+03 3.569412434462351791e-02
3.481599999999999909e+03 3.573178174840182381e-02
3.484800000000000182e+03 3.576939329737380963e-02
3.488000000000000000e+03 3.580695906373875664e-02
3.491199999999999818e+03 3.584436693910651728e-02
3.494400000000000091e+03 3.588143741363827854e-02
3.497599999999999909e+03 3.591797529447986886e-02
3.500800000000000182e+03 3.595381754877247787e-02
3.504000000000000000e+03 3.598887211570521438e-02
3.507199999999999818e+03 3.602314553325001306e-02
3.510400000000000091e+03 3.605675272939577042e-02
3.513599999999999909e+03 3.608990121970733628e-02
3.516800000000000182e+03 3.612284685741665169e-02
3.520000000000000000e+03 3.615583070954995343e-02
3.523199999999999818e+03 3.618901742956859985e-02
3.526400000000000091e+03 3.622245620788624998e-02
3.529599999999999909e+03 3.625607634294472637e-02
3.532800000000000182e+03 3.628971446081684371e-02
3.536000000000000000e+03 3.632316176482761061e-02
3.539199999999999818e+03 3.635621634958297738e-02
3.542400000000000091e+03 3.638873061905092271e-02
3.545599999999999909e+03 3.642064636225933461e-02
3.548800000000000182e+03 3.645201221131708774e-02
3.552000000000000000e+03 3.648297641682201470e-02
3.555199999999999818e+03 3.651375133189267708e-02
3.558400000000000091e+03 3.654455470805510059e-02
3.561599999999999909e+03 3.657554485261488297e-02
3.564800000000000182e+03 3.660677276950924375e-02
3.568000000000000000e+03 3.663816773987683267e-02
3.571199999999999818e+03 3.666955923964920067e-02
3.574400000000000091e+03 3.670072319704965197e-02
3.577599999999999909e+03 3.673143662441994556e-02
3.580800000000000182e+03 3.676152627941356443e-02
3.584000000000000000e+03 3.679090452517598531e-02
3.587199999999999818e+03 3.681958775894814823e-02
3.590400000000000091e+03 3.684769420684234909e-02
3.593599999999999909e+03 3.687541786900403601e-02
3.596800000000000182e+03 3.690298124770242244e-02
3.600000000000000000e+03 3.693057830033277811e-02
3.603199999999999818e+03 3.695832566017402676e-02
3.606400000000000091e+03 3.698623932161875655e-02
3.609599999999999909e+03 3.701424289017522795e-02
3.612800000000000182e+03 3.704220143178979519e-02
3.616000000000000000e+03 3.706996539085820330e-02
3.619199999999999818e+03 3.709741120358969746e-02
3.622400000000000091e+03 3.712447095904886779e-02
3.625599999999999909e+03 3.715115150910180269e-02
3.628800000000000182e+03 3.717754298829999138e-02
3.632000000000000000e+03 3.720381364158842352e-02
3.635199999999999818e+03 3.723018492934913881e-02
3.638400000000000091e+03 3.725688672091134745e-02
3.641599999999999909e+03 3.728410339264378454e-02
3.644800000000000182e+03 3.731192947635636470e-02
3.648000000000000000e+03 3.734035191093361405e-02
3.651199999999999818e+03 3.736926336158969547e-02
3.654400000000000091e+03 3.739849928855636801e-02
3.657599999999999909e+03 3.742788378055779408e-02
3.660800000000000182e+03 3.745727301922659180e-02
3.664000000000000000e+03 3.748658960315095351e-02
3.667199999999999818e+03 3.751584552857656352e-02
3.670400000000000091e+03 3.754514857562184227e-02
3.673599999999999909e+03 3.757468597296892421e-02
3.676800000000000182e+03 3.760468247640588735e-02
3.680000000000000000e+03 3.763534116643628413e-02
3.683199999999999818e+03 3.766678625444701972e-02
3.686400000000000091e+03 3.769902877328953211e-02
3.689599999999999909e+03 3.773196744344695097e-02
3.692800000000000182e+03 3.776542062831114016e-02
3.696000000000000000e+03 3.779917596415743181e-02
3.699199999999999818e+03 3.783304116605812339e-02
3.702400000000000091e+03 3.786688680434509291e-02
3.705599999999999909e+03 3.790067525584831648e-02
3.708800000000000182e+03 3.793447217534029470e-02
3.712000000000000000e+03 3.796843398703728112e-02
3.715199999999999818e+03 3.800276855575862589e-02
3.718400000000000091e+03 3.803767528505460488e-02
3.721599999999999909e+03 3.807328237945935279e-02
3.724800000000000182e+03 3.810960369265296160e-02
3.728000000000000000e+03 3.814652935321419247e-02
3.731199999999999818e+03 3.818385121160897816e-02
3.734400000000000091e+03 3.822131025922548969e-02
3.737599999999999909e+03 3.825865125528136318e-02
3.740800000000000182e+03 3.829567145563408243e-02
3.744000000000000000e+03 3.833225769120492121e-02
3.747199999999999818e+03 3.836840637591180242e-02
3.750400000000000091e+03 3.840422185440182240e-02
3.753599999999999909e+03 3.843988819925381328e-02
3.756800000000000182e+03 3.847561704681844164e-02
3.760000000000000000e+03 3.851158464013108157e-02
3.763199999999999818e+03 3.854787850764684887e-02
3.766400000000000091e+03 3.858447259325735457e-02
3.769599999999999909e+03 3.862123651942823976e-02
3.772800000000000182e+03 3.865797285977714409e-02
3.776000000000000000e+03 3.869446715915880741e-02
3.779199999999999818e+03 3.873053853135874358e-02
3.782400000000000091e+03 3.876608099811112984e-02
3.785599999999999909e+03 3.880109039985703973e-02
3.788800000000000182e+03 3.883566971174708116e-02
3.792000000000000000e+03 3.887000785203958281e-02
3.795199999999999818e+03 3.890433222128462931e-02
3.798400000000000091e+03 3.893884627900714296e-02
3.801599999999999909e+03 3.897367232211649407e-02
3.804800000000000182e+03 3.900881867086999216e-02
3.808000000000000000e+03 3.904418127971674701e-02
3.811199999999999818e+03 3.907957414228781234e-02
3.814400000000000091e+03 3.911477577603440781e-02
3.817599999999999909e+03 3.914957678313663036e-02
3.820800000000000182e+03 3.918382107839003120e-02
3.824000000000000000e+03 3.921743572675285422e-02
3.827199999999999818e+03 3.925044636691076005e-02
3.830400000000000091e+03 3.928297194642757506e-02
3.833599999999999909e+03 3.931519551602791901e-02
3.836800000000000182e+03 3.934731503078937875e-02
3.840000000000000000e+03 3.937948788759671609e-02
3.843199999999999818e+03 3.941178774831723824e-02
3.846400000000000091e+03 3.944418639381366831e-02
3.849599999999999909e+03 3.947656403162463912e-02
3.852800000000000182e+03 3.950874019210044025e-02
3.856000000000000000e+03 3.954051575477220831e-02
3.859199999999999818e+03 3.957171590927767435e-02
3.862400000000000091e+03 3.960222807636861603e-02
3.865599999999999909e+03 3.963202699300640702e-02
3.868800000000000182e+03 3.966118020114838688e-02
3.872000000000000000e+03 3.968982824082176869e-02
3.875199999999999818e+03 3.971814227559723048e-02
3.878400000000000091e+03 3.974627150566736877e-02
3.881599999999999909e+03 3.977429838042533666e-02
3.884800000000000182e+03 3.980221695166488022e-02
3.888000000000000000e+03 3.982993785337748255e-02
3.891199999999999818e+03 3.985731412841862775e-02
3.894400000000000091e+03 3.988417584375635039e-02
3.897599999999999909e+03 3.991036579028987841e-02
3.900800000000000182e+03 3.993577085746265881e-02
3.904000000000000000e+03 3.996034738200040376e-02
3.907199999999999818e+03 3.998413517084770108e-02
3.910400000000000091e+03 4.000725463279274086e-02
3.913599999999999909e+03 4.002988276929044659e-02
3.916800000000000182e+03 4.005221188151160405e-02
3.920000000000000000e+03 4.007440322060484839e-02
3.923199999999999818e+03 4.009655081497088408e-02
3.926400000000000091e+03 4.011866707660916020e-02
3.929599999999999909e+03 4.014069089223575026e-02
3.932800000000000182e+03 4.016251225243454986e-02
3.936000000000000000e+03 4.018400296785488296e-02
3.939199999999999818e+03 4.020504754208478748e-02
3.942400000000000091e+03 4.022556981433868944e-02
3.945599999999999909e+03 4.024555366445316945e-02
3.948800000000000182e+03 4.026505272433746757e-02
3.952000000000000000e+03 4.028418426025231341e-02
3.955199999999999818e+03 4.030310457567111426e-02
3.958400000000000091e+03 4.032197073183373809e-02
3.961599999999999909e+03 4.034090042144862498e-02
3.964800000000000182e+03 4.035994319551256676e-02
3.968000000000000000e+03 4.037907211720069556e-02
3.971199999999999818e+03 4.039819498382788560e-02
3.974400000000000091e+03 4.041717916671420940e-02
3.977599999999999909e+03 4.043588100044594180e-02
3.980800000000000182e+03 4.045417499770102149e-02
3.984000000000000000e+03 4.047197885607509149e-02
3.987199999999999818e+03 4.048927197321539745e-02
3.990400000000000091e+03 4.050610226565155847e-02
3.993599999999999909e+03 4.052257746572042463e-02
3.996800000000000182e+03 4.053884010495053397e-02
4.000000000000000000e+03 4.055503221223670518e-02
4.003199999999999818e+03 4.057126075742721605e-02
4.006400000000000091e+03 4.058757442001954124e-02
4.009599999999999909e+03 4.060395784486302284e-02
4.012800000000000182e+03 4.062034142866322028e-02
4.016000000000000000e+03 4.063662177104181150e-02
4.019199999999999818e+03 4.065268604161222793e-02
4.022400000000000091e+03 4.066843733329091742e-02
4.025599999999999909e+03 4.068381759208124920e-02
4.028800000000000182e+03 4.069882546710789500e-02
4.032000000000000000e+03 4.071352318432102518e-02
4.035199999999999818e+03 4.072802816458746811e-02
4.038400000000000091e+03 4.074248849300123043e-02
4.041599999999999909e+03 4.075704851858882871e-02
4.044800000000000182e+03 4.077181561238570756e-02
4.048000000000000000e+03 4.078683833525527380e-02
4.051199999999999818e+03 4.080210144055076982e-02
4.054400000000000091e+03 4.081753514408584943e-02
4.057599999999999909e+03 4.083303359050061143e-02
4.060800000000000182e+03 4.084847629864531149e-02
4.064000000000000000e+03 4.086375106770218785e-02
4.067199999999999818e+03 4.087877649618966436e-02
4.070400000000000091e+03 4.089352230390672083e-02
4.073599999999999909e+03 4.090802068002907105e-02
4.076800000000000182e+03 4.092236239205418458e-02
4.080000000000000000e+03 4.093667473618792241e-02
4.083199999999999818e+03 4.095108688864181057e-02
4.086400000000000091e+03 4.096569450369418053e-02
4.089599999999999909e+03 4.098053537926433371e-02
4.092800000000000182e+03 4.099558297120195482e-02
4.096000000000000000e+03 4.101075565560929198e-02
4.099199999999999818e+03 4.102593670547799443e-02
4.102399999999999636e+03 4.104099848632964537e-02
4.105600000000000364e+03 4.105582858264265195e-02
4.108800000000000182e+03 4.107035427495540902e-02
4.112000000000000000e+03 4.108456154135557703e-02
4.115199999999999818e+03 4.109850114467886173e-02
4.118399999999999636e+03 4.111227735908457026e-02
4.121600000000000364e+03 4.112602006639359820e-02
4.124800000000000182e+03 4.113984893500351875e-02
4.128000000000000000e+03 4.115384202317158568e-02
4.131199999999999818e+03 4.116801814784361996e-02
4.134399999999999636e+03 4.118233609726695138e-02
4.137600000000000364e+03 4.119670617110116756e-02
4.140800000000000182e+03 4.121100920596521000e-02
4.144000000000000000e+03 4.122511862107729186e-02
4.147199999999999818e+03 4.123892515979316747e-02
4.150399999999999636e+03 4.125236108492600501e-02
4.153600000000000364e+03 4.126541904113809750e-02
4.156800000000000182e+03 4.127815717300262199e-02
4.160000000000000000e+03 4.129068625380524077e-02
4.163199999999999818e+03 4.130314071902756873e-02
4.166399999999999636e+03 4.131564321656684691e-02
4.169600000000000364e+03 4.132827484651487027e-02
4.172800000000000182e+03 4.134105914301228896e-02
4.176000000000000000e+03 4.135396184987577550e-02
4.179199999999999818e+03 4.136690189452825461e-02
4.182399999999999636e+03 4.137976973789711521e-02
4.185600000000000364e+03 4.139244944493102735e-02
4.188800000000000182e+03 4.140484389324468328e-02
4.192000000000000000e+03 4.141689855884406191e-02
4.195199999999999818e+03 4.142861777820132374e-02
4.198399999999999636e+03 4.144006528827789276e-02
4.201600000000000364e+03 4.145134670254707610e-02
4.204800000000000182e+03 4.146257852530782495e-02
4.208000000000000000e+03 4.147385462146482155e-02
4.211199999999999818e+03 4.148522161089429616e-02
4.214399999999999636e+03 4.149666908444712976e-02
4.217600000000000364e+03 4.150813485435089767e-02
4.220800000000000182e+03 4.151951968127302189e-02
4.224000000000000000e+03 4.153070733998103642e-02
4.227199999999999818e+03 4.154158614435353447e-02
4.230399999999999636e+03 4.155207115017330727e-02
4.233600000000000364e+03 4.156212290719227265e-02
4.236800000000000182e+03 4.157175787163706893e-02
4.240000000000000000e+03 4.158104440216232184e-02
4.243199999999999818e+03 4.159008387166319987e-02
4.246399999999999636e+03 4.159898245124344501e-02
4.249600000000000364e+03 4.160782348818297532e-02
4.252800000000000182e+03 4.161664958419938193e-02
4.256000000000000000e+03 4.162545751537800875e-02
4.259199999999999818e+03 4.163420463386736936e-02
4.262399999999999636e+03 4.164282148820628443e-02
4.265600000000000364e+03 4.165122788519867031e-02
4.268800000000000182e+03 4.165934996273435581e-02
4.272000000000000000e+03 4.166713796590207353e-02
4.275199999999999818e+03 4.167458092032052391e-02
4.278399999999999636e+03 4.168171374871398882e-02
4.281600000000000364e+03 4.168861181299844676e-02
4.284800000000000182e+03 4.169537309910335832e-02
4.288000000000000000e+03 4.170209342296601895e-02
4.291199999999999818e+03 4.170884331102669984e-02
4.294399999999999636e+03 4.171565396409435827e-02
4.297600000000000364e+03 4.172251434289232785e-02
4.300800000000000182e+03 4.172937785393877191e-02
4.304000000000000000e+03 4.173617405629165278e-02
4.307199999999999818e+03 4.174282318608218967e-02
4.310399999999999636e+03 4.174925134044442376e-02
4.313600000000000364e+03 4.175540605351556189e-02
4.316800000000000182e+03 4.176126898922270098e-02
4.320000000000000000e+03 4.176686228597877720e-02
4.323199999999999818e+03 4.177224454904306800e-02
4.326399999999999636e+03 4.177749672588052660e-02
4.329600000000000364e+03 4.178270204205290772e-02
4.332800000000000182e+03 4.178792670317153096e-02
4.336000000000000000e+03 4.179320734138750743e-02
4.339199999999999818e+03 4.179854703990490417e-02
4.342399999999999636e+03 4.180391925926061486e-02
4.345600000000000364e+03 4.180927622059046195e-02
4.348800000000000182e+03 4.181456013530830684e-02
4.352000000000000000e+03 4.181971541407359522e-02
4.355199999999999818e+03 4.182470172745345049e-02
4.358399999999999636e+03 4.182950522164403939e-02
4.361600000000000364e+03 4.183414484886373991e-02
4.364800000000000182e+03 4.183866988814061161e-02
4.368000000000000000e+03 4.184314832161559888e-02
4.371199999999999818e+03 4.184764938569870973e-02
4.374399999999999636e+03 4.185222633690859062e-02
4.377600000000000364e+03 4.185690492990692957e-02
4.380800000000000182e+03 4.186167949147585887e-02
4.384000000000000000e+03 4.186651608275575309e-02
4.387199999999999818e+03 4.187135991530378798e-02
4.390399999999999636e+03 4.187614586727039095e-02
4.393600000000000364e+03 4.188081054756454674e-02
4.396800000000000182e+03 4.188530561442933842e-02
4.400000000000000000e+03 4.188960932022173234e-02
4.403199999999999818e+03 4.189373319444082006e-02
4.406399999999999636e+03 4.189772018404561149e-02
4.409600000000000364e+03 4.190163428435292325e-02
4.412800000000000182e+03 4.190554468110918585e-02
4.416000000000000000e+03 4.190950975125923988e-02
4.419199999999999818e+03 4.191356562193288698e-02
4.422399999999999636e+03 4.191772111091989633e-02
4.425600000000000364e+03 4.192195897589214709e-02
4.428800000000000182e+03 4.192624124020553900e-02
4.432000000000000000e+03 4.193051773718381448e-02
4.435199999999999818e+03 4.193473645564329416e-02
4.438399999999999636e+03 4.193885572218023633e-02
4.441600000000000364e+03 4.194285566143117483e-02
4.444800000000000182e+03 4.194674621129300396e-02
4.448000000000000000e+03 4.195056759496110232e-02
4.451199999999999818e+03 4.195438230393155193e-02
4.454399999999999636e+03 4.195826041095888220e-02
4.457600000000000364e+03 4.196226308994943643e-02
4.460800000000000182e+03 4.196642937092796843e-02
4.464000000000000000e+03 4.197076888773602216e-02
4.467199999999999818e+03 4.197526145741421050e-02
4.470399999999999636e+03 4.197986177316838374e-02
4.473600000000000364e+03 4.198450842555472712e-02
4.476800000000000182e+03 4.198913541312892378e-02
4.480000000000000000e+03 4.199368564485375654e-02
4.483199999999999818e+03 4.199812345750530279e-02
4.486399999999999636e+03 4.200244354461100255e-02
4.489600000000000364e+03 4.200667256693490365e-02
4.492800000000000182e+03 4.201086266493994636e-02
4.496000000000000000e+03 4.201507821698417799e-02
4.499199999999999818e+03 4.201937992588621051e-02
4.502399999999999636e+03 4.202381072981829779e-02
4.505600000000000364e+03 4.202838660305711210e-02
4.508800000000000182e+03 4.203309397287841725e-02
4.512000000000000000e+03 4.203789314530812643e-02
4.515199999999999818e+03 4.204272743025804643e-02
4.518399999999999636e+03 4.204753579847162609e-02
4.521600000000000364e+03 4.205226748089108818e-02
4.524800000000000182e+03 4.205689446932301540e-02
4.528000000000000000e+03 4.206141915858941510e-02
4.531199999999999818e+03 4.206587410190434223e-02
4.534399999999999636e+03 4.207031432890469963e-02
4.537600000000000364e+03 4.207480383778151867e-02
4.540800000000000182e+03 4.207939989509967144e-02
4.544000000000000000e+03 4.208413867690224963e-02
4.547199999999999818e+03 4.208902539514110946e-02
4.550399999999999636e+03 4.209403157979847709e-02
4.553600000000000364e+03 4.209909985729953785e-02
4.556800000000000182e+03 4.210415581761019904e-02
4.560000000000000000e+03 4.210912336836439285e-02
4.563199999999999818e+03 4.211394079679502134e-02
4.566399999999999636e+03 4.211857303363070182e-02
4.569600000000000364e+03 4.212301829092068850e-02
4.572800000000000182e+03 4.212730698331097756e-02
4.576000000000000000e+03 4.213149399675134715e-02
4.579199999999999818e+03 4.213564577784309484e-02
4.582399999999999636e+03 4.213982538771779418e-02
4.585600000000000364e+03 4.214407869536256762e-02
4.588800000000000182e+03 4.214842438497728300e-02
4.592000000000000000e+03 4.215285036723027262e-02
4.595199999999999818e+03 4.215731684846020511e-02
4.598399999999999636e+03 4.216176623727535544e-02
4.601600000000000364e+03 4.216613689129042331e-02
4.604800000000000182e+03 4.217037840394134707e-02
4.608000000000000000e+03 4.217446375193163038e-02
4.611199999999999818e+03 4.217839581109112529e-02
4.614399999999999636e+03 4.218220577883483730e-02
4.617600000000000364e+03 4.218594459205336072e-02
4.620800000000000182e+03 4.218966967260692758e-02
4.624000000000000000e+03 4.219343076854800700e-02
4.627199999999999818e+03 4.219725843001457394e-02
4.630399999999999636e+03 4.220115713945511021e-02
4.633600000000000364e+03 4.220510463722864508e-02
4.636800000000000182e+03 4.220905658199646665e-02
4.640000000000000000e+03 4.221295609669623722e-02
4.643199999999999818e+03 4.221674547101111896e-02
4.646399999999999636e+03 4.222037840505696304e-02
4.649600000000000364e+03 4.222382943728912597e-02
4.652800000000000182e+03 4.222709892654819691e-02
4.656000000000000000e+03 4.223021178662245828e-02
4.659199999999999818e+03 4.223321064745876041e-02
4.662399999999999636e+03 4.223614500076104672e-02
4.665600000000000364e+03 4.223905913344819241e-02
4.668800000000000182e+03 4.224198187509682623e-02
4.672000000000000000e+03 4.224492037331532834e-02
4.675199999999999818e+03 4.224785965645278668e-02
4.678399999999999636e+03 4.225076743790510958e-02
4.681600000000000364e+03 4.225360325327889160e-02
4.684800000000000182e+03 4.225632893338353291e-02
4.688000000000000000e+03 4.225891852328457488e-02
4.691199999999999818e+03 4.226136486159612349e-02
4.694399999999999636e+03 4.226368207242436198e-02
4.697600000000000364e+03 4.226590298195434525e-02
4.700800000000000182e+03 4.226807242453082397e-02
4.704000000000000000e+03 4.227023745656701553e-02
4.707199999999999818e+03 4.227243668616107591e-02
4.710399999999999636e+03 4.227469117464462828e-02
4.713600000000000364e+03 4.227699916400794872e-02
4.716800000000000182e+03 4.227933652228946237e-02
4.720000000000000000e+03 4.228166242025147709e-02
4.723199999999999818e+03 4.228392917059912992e-02
4.726399999999999636e+03 4.228609287982973419e-02
4.729600000000000364e+03 4.228812301467776980e-02
4.732800000000000182e+03 4.229000825926113732e-02
4.736000000000000000e+03 4.229175836270097910e-02
4.739199999999999818e+03 4.229340130651128987e-02
4.742399999999999636e+03 4.229497686474679302e-02
4.745600000000000364e+03 4.229652770451348270e-02
4.748800000000000182e+03 4.229809005231965902e-02
4.752000000000000000e+03 4.229968627469003761e-02
4.755199999999999818e+03 4.230132086450730244e-02
4.758399999999999636e+03 4.230298108847970612e-02
4.761600000000000364e+03 4.230464121854569243e-02
4.764800000000000182e+03 4.230626958415883987e-02
4.768000000000000000e+03 4.230783606729001528e-02
4.771199999999999818e+03 4.230931918008278003e-02
4.774399999999999636e+03 4.231071088902389754e-02
4.777600000000000364e+03 4.231201868449343401e-02
4.780800000000000182e+03 4.231326398215476403e-02
4.784000000000000000e+03 4.231447724502996471e-02
4.787199999999999818e+03 4.231569083979965645e-02
4.790399999999999636e+03 4.231693127631832446e-02
4.793600000000000364e+03 4.231821299992837709e-02
4.796800000000000182e+03 4.231953493279014961e-02
4.800000000000000000e+03 4.232088089353280153e-02
4.803199999999999818e+03 4.232222311680217813e-02
4.806399999999999636e+03 4.232352830263432647e-02
4.809600000000000364e+03 4.232476433229478974e-02
4.812800000000000182e+03 4.232590675989396367e-02
4.816000000000000000e+03 4.232694351650047315e-02
4.819199999999999818e+03 4.232787707719527087e-02
4.822399999999999636e+03 4.232872324381133089e-02
4.825600000000000364e+03 4.232950685127733620e-02
4.828800000000000182e+03 4.233025555899347370e-02
4.832000000000000000e+03 4.233099345195735080e-02
4.835199999999999818e+03 4.233173622350575038e-02
4.838399999999999636e+03 4.233248876818075657e-02
4.841600000000000364e+03 4.233324561742687897e-02
4.844800000000000182e+03 4.233399349422832525e-02
4.848000000000000000e+03 4.233471536260448309e-02
4.851199999999999818e+03 4.233539467394167866e-02
4.854399999999999636e+03 4.233601929018133286e-02
4.857600000000000364e+03 4.233658421228549129e-02
4.860800000000000182e+03 4.233709293903610560e-02
4.864000000000000000e+03 4.233755683220963295e-02
4.867199999999999818e+03 4.233799262903967242e-02
4.870399999999999636e+03 4.233841844624321865e-02
4.873600000000000364e+03 4.233884944164129777e-02
4.876800000000000182e+03 4.233929441506585623e-02
4.880000000000000000e+03 4.233975425674207232e-02
4.883199999999999818e+03 4.234022264962048615e-02
4.886399999999999636e+03 4.234068828984113159e-02
4.889600000000000364e+03 4.234113792927905046e-02
4.892800000000000182e+03 4.234155904661308922e-02
4.896000000000000000e+03 4.234194202282139108e-02
4.899199999999999818e+03 4.234228148283544074e-02
4.902399999999999636e+03 4.234257707641258389e-02
4.905600000000000364e+03 4.234283331438785242e-02
4.908800000000000182e+03 4.234305838073553624e-02
4.912000000000000000e+03 4.234326202052993843e-02
4.915199999999999818e+03 4.234345315436409407e-02
4.918399999999999636e+03 4.234363821476658934e-02
4.921600000000000364e+03 4.234382063481723774e-02
4.924800000000000182e+03 4.234400156930013398e-02
4.928000000000000000e+03 4.234418100094725079e-02
4.931199999999999818e+03 4.234435863693567642e-02
4.934399999999999636e+03 4.234453410326012579e-02
4.937600000000000364e+03 4.234470673749478331e-02
4.940800000000000182e+03 4.234487544893219407e-02
4.944000000000000000e+03 4.234503890964565892e-02
4.947199999999999818e+03 4.234519595907110939e-02
4.950399999999999636e+03 4.234534576067771477e-02
4.953600000000000364e+03 4.234548774145312916e-02
4.956800000000000182e+03 4.234562161541820247e-02
4.960000000000000000e+03 4.234574799369358877e-02
4.963199999999999818e+03 4.234586947732903173e-02
4.966399999999999636e+03 4.234599146931760510e-02
4.969600000000000364e+03 4.234612195565830295e-02
4.972800000000000182e+03 4.234626985758318390e-02
4.976000000000000000e+03 4.234644275435119759e-02
4.979199999999999818e+03 4.234664481611036951e-02
4.982399999999999636e+03 4.234687595889525397e-02
4.985600000000000364e+03 4.234713209845085424e-02
4.988800000000000182e+03 4.234740617875217689e-02
4.992000000000000000e+03 4.234768938527531251e-02
4.995199999999999818e+03 4.234797246924010966e-02
4.998399999999999636e+03 4.234824747503222742e-02
5.001600000000000364e+03 4.234850970281194005e-02
5.004800000000000182e+03 4.234875956446122747e-02
5.008000000000000000e+03 4.234900308400554869e-02
5.011199999999999818e+03 4.234925079316959745e-02
5.014399999999999636e+03 4.234951487974988882e-02
5.017600000000000364e+03 4.234980592956066187e-02
5.020800000000000182e+03 4.235013010683540136e-02
5.024000000000000000e+03 4.235048782526645850e-02
5.027199999999999818e+03 4.235087387310629281e-02
5.030399999999999636e+03 4.235127873146612293e-02
5.033600000000000364e+03 4.235169062370602866e-02
5.036800000000000182e+03 4.235209789749187076e-02
5.040000000000000000e+03 4.235249181575284627e-02
5.043199999999999818e+03 4.235286917794787998e-02
5.046399999999999636e+03 4.235323445007400239e-02
5.049600000000000364e+03 4.235360010782215218e-02
5.052800000000000182e+03 4.235398508454601280e-02
5.056000000000000000e+03 4.235441110126258318e-02
5.059199999999999818e+03 4.235489832538673338e-02
5.062399999999999636e+03 4.235546125566710257e-02
5.065600000000000364e+03 4.235610622999121111e-02
5.068800000000000182e+03 4.235683064641806300e-02
5.072000000000000000e+03 4.235762385139277275e-02
5.075199999999999818e+03 4.235846908300614638e-02
5.078399999999999636e+03 4.235934603754062944e-02
5.081600000000000364e+03 4.236023406955704423e-02
5.084800000000000182e+03 4.236111556298189501e-02
5.088000000000000000e+03 4.236197938922454942e-02
5.091199999999999818e+03 4.236282301492014929e-02
5.094399999999999636e+03 4.236365300297242897e-02
5.097600000000000364e+03 4.236448289407555162e-02
5.100800000000000182e+03 4.236532964446664690e-02
5.104000000000000000e+03 4.236620904443587354e-02
5.107199999999999818e+03 4.236713193796940585e-02
5.110399999999999636e+03 4.236810162497305771e-02
5.113600000000000364e+03 4.236911311672624664e-02
5.116800000000000182e+03 4.237015399162805812e-02
5.120000000000000000e+03 4.237120661444029185e-02
5.123199999999999818e+03 4.237225175466399069e-02
5.126399999999999636e+03 4.237327283981045384e-02
5.129600000000000364e+03 4.237426070333027983e-02
5.132800000000000182e+03 4.237521686549665378e-02
5.136000000000000000e+03 4.237615496685311761e-02
5.139199999999999818e+03 4.237709873149827361e-02
5.142399999999999636e+03 4.237807765222418449e-02
5.145600000000000364e+03 4.237912068334619836e-02
5.148800000000000182e+03 4.238025028971884739e-02
5.152000000000000000e+03 4.238147772282561260e-02
5.155199999999999818e+03 4.238280079386147481e-02
5.158399999999999636e+03 4.238420423038226359e-02
5.161600000000000364e+03 4.238566222444604265e-02
5.164800000000000182e+03 4.238714303650671644e-02
5.168000000000000000e+03 4.238861436603850313e-02
5.171199999999999818e+03 4.239004936561772269e-02
5.174399999999999636e+03 4.239143111162557015e-02
5.177600000000000364e+03 4.239275540427828171e-02
5.180800000000000182e+03 4.239403011592556697e-02
5.184000000000000000e+03 4.239527230974152183e-02
5.187199999999999818e+03 4.239650310885433038e-02
5.190399999999999636e+03 4.239774244159590783e-02
5.193600000000000364e+03 4.239900433764586668e-02
5.196800000000000182e+03 4.240029400419390027e-02
5.200000000000000000e+03 4.240160700034469737e-02
5.203199999999999818e+03 4.240293030820752734e-02
5.206399999999999636e+03 4.240424547595057075e-02
5.209600000000000364e+03 4.240553268123945646e-02
5.212800000000000182e+03 4.240677589535620656e-02
5.216000000000000000e+03 4.240796711353163329e-02
5.219199999999999818e+03 4.240910964849308601e-02
5.222399999999999636e+03 4.241021839850326464e-02
5.225600000000000364e+03 4.241131786553222621e-02
5.228800000000000182e+03 4.241243726609848774e-02
5.232000000000000000e+03 4.241360461380720009e-02
5.235199999999999818e+03 4.241484053174719715e-02
5.238399999999999636e+03 4.241615360908095739e-02
5.241600000000000364e+03 4.241753822725655154e-02
5.244800000000000182e+03 4.241897507888432728e-02
5.248000000000000000e+03 4.242043462730512443e-02
5.251199999999999818e+03 4.242188213621644888e-02
5.254399999999999636e+03 4.242328421410208189e-02
5.257600000000000364e+03 4.242461458815133951e-02
5.260800000000000182e+03 4.242585902725606178e-02
5.264000000000000000e+03 4.242701719931920440e-02
5.267199999999999818e+03 4.242810210520298053e-02
5.270399999999999636e+03 4.242913617174234181e-02
5.273600000000000364e+03 4.243014565020940959e-02
5.276800000000000182e+03 4.243115398251614406e-02
5.280000000000000000e+03 4.243217609930232531e-02
5.283199999999999818e+03 4.243321500646809324e-02
5.286399999999999636e+03 4.243426137613658111e-02
5.289600000000000364e+03 4.243529675115287336e-02
5.292800000000000182e+03 4.243629888904752734e-02
5.296000000000000000e+03 4.243724879207284861e-02
5.299199999999999818e+03 4.243813652467636616e-02
5.302399999999999636e+03 4.243896534654022917e-02
5.305600000000000364e+03 4.243975182486360576e-02
5.308800000000000182e+03 4.244052287527266126e-02
5.312000000000000000e+03 4.244130951427745740e-02
5.315199999999999818e+03 4.244213969620146132e-02
5.318399999999999636e+03 4.244303156385442755e-02
5.321600000000000364e+03 4.244398900991094847e-02
5.324800000000000182e+03 4.244500061842485655e-02
5.328000000000000000e+03 4.244604182939324538e-02
5.331199999999999818e+03 4.244708036937108742e-02
5.334399999999999636e+03 4.244808287274119685e-02
5.337600000000000364e+03 4.244902215084448566e-02
5.340800000000000182e+03 4.244988235151165440e-02
5.344000000000000000e+03 4.245066189886906316e-02
5.347199999999999818e+03 4.245137245928468084e-02
5.350399999999999636e+03 4.245203519754407046e-02
5.353600000000000364e+03 4.245267454153835163e-02
5.356800000000000182e+03 4.245331170744524180e-02
5.360000000000000000e+03 4.245395933387609289e-02
5.363199999999999818e+03 4.245461867609696960e-02
5.366399999999999636e+03 4.245528018557625377e-02
5.369600000000000364e+03 4.245592683892909086e-02
5.372800000000000182e+03 4.245653997058145696e-02
5.376000000000000000e+03 4.245710526566910670e-02
5.379199999999999818e+03 4.245761829155236117e-02
5.382399999999999636e+03 4.245808696565605417e-02
5.385600000000000364e+03 4.245853120954299481e-02
5.388800000000000182e+03 4.245897870991695994e-02
5.392000000000000000e+03 4.245945876777623695e-02
5.395199999999999818e+03 4.245999518728518080e-02
5.398399999999999636e+03 4.246060066361576762e-02
5.401600000000000364e+03 4.246127383171939551e-02
5.404800000000000182e+03 4.246199950963339131e-02
5.408000000000000000e+03 4.246275214138151011e-02
5.411199999999999818e+03 4.246350088652249555e-02
5.414399999999999636e+03 4.246421601747869118e-02
5.417600000000000364e+03 4.246487430335863650e-02
5.420800000000000182e+03 4.246546340219355120e-02
5.424000000000000000e+03 4.246598313303354827e-02
5.427199999999999818e+03 4.246644442463564512e-02
5.430399999999999636e+03 4.246686520672224296e-02
5.433600000000000364e+03 4.246726515823251447e-02
5.436800000000000182e+03 4.246766024269835876e-02
5.440000000000000000e+03 4.246805885278864823e-02
5.443199999999999818e+03 4.246846062404183164e-02
5.446399999999999636e+03 4.246885779312616765e-02
5.449600000000000364e+03 4.246923916666155152e-02
5.452800000000000182e+03 4.246959467481385003e-02
5.456000000000000000e+03 4.246992024795321480e-02
5.459199999999999818e+03 4.247022054517925194e-02
5.462399999999999636e+03 4.247050984996290912e-02
5.465600000000000364e+03 4.247080962894824591e-02
5.468800000000000182e+03 4.247114427717334217e-02
5.472000000000000000e+03 4.247153534806112629e-02
5.475199999999999818e+03 4.247199637871481442e-02
5.478399999999999636e+03 4.247252935044999039e-02
5.481600000000000364e+03 4.247312361359514149e-02
5.484800000000000182e+03 4.247375770708548826e-02
5.488000000000000000e+03 4.247440299279239134e-02
5.491199999999999818e+03 4.247502901377371576e-02
5.494399999999999636e+03 4.247560848848410536e-02
5.497600000000000364e+03 4.247612202146113652e-02
5.500800000000000182e+03 4.247656050195854766e-02
5.504000000000000000e+03 4.247692577423659022e-02
5.507199999999999818e+03 4.247722850496999519e-02
5.510399999999999636e+03 4.247748462351559617e-02
5.513600000000000364e+03 4.247771075571661614e-02
5.516800000000000182e+03 4.247792022691132541e-02
5.520000000000000000e+03 4.247812064541407057e-02
5.523199999999999818e+03 4.247831344060853248e-02
5.526399999999999636e+03 4.247849586460059751e-02
5.529600000000000364e+03 4.247866411739119330e-02
5.532800000000000182e+03 4.247881751500857950e-02
5.536000000000000000e+03 4.247896144673837110e-02
5.539199999999999818e+03 4.247910924673249655e-02
5.542399999999999636e+03 4.247928120660619117e-02
5.545600000000000364e+03 4.247950176910340880e-02
5.548800000000000182e+03 4.247979457658929148e-02
5.552000000000000000e+03 4.248017722336282914e-02
5.555199999999999818e+03 4.248065661852355734e-02
5.558399999999999636e+03 4.248122627471023760e-02
5.561600000000000364e+03 4.248186645741339196e-02
5.564800000000000182e+03 4.248254669997106325e-02
5.568000000000000000e+03 4.248323101867860357e-02
5.571199999999999818e+03 4.248388354024624364e-02
5.574399999999999636e+03 4.248447465139898460e-02
5.577600000000000364e+03 4.248498487227183457e-02
5.580800000000000182e+03 4.248540721507870072e-02
5.584000000000000000e+03 4.248574623580431142e-02
5.587199999999999818e+03 4.248601541712859059e-02
5.590399999999999636e+03 4.248623282929839262e-02
5.593600000000000364e+03 4.248641681734992293e-02
5.596800000000000182e+03 4.248658293745748160e-02
5.600000000000000000e+03 4.248674241111002892e-02
5.603199999999999818e+03 4.248690344139312985e-02
5.606399999999999636e+03 4.248707332479381704e-02
5.609600000000000364e+03 4.248726245783884109e-02
5.612800000000000182e+03 4.248748667024696696e-02
5.616000000000000000e+03 4.248776924387427656e-02
5.619199999999999818e+03 4.248813942019848827e-02
5.622399999999999636e+03 4.248862948304042708e-02
5.625600000000000364e+03 4.248926908714326101e-02
5.628800000000000182e+03 4.249007922841657736e-02
5.632000000000000000e+03 4.249106672034258514e-02
5.635199999999999818e+03 4.249222044634268919e-02
5.638399999999999636e+03 4.249351122856318691e-02
5.641600000000000364e+03 4.249489381380056052e-02
5.644800000000000182e+03 4.249631287301676441e-02
5.648000000000000000e+03 4.249770914748936257e-02
5.651199999999999818e+03 4.249902788329116415e-02
5.654399999999999636e+03 4.250022468196166386e-02
5.657600000000000364e+03 4.250127118800717252e-02
5.660800000000000182e+03 4.250215644704843920e-02
5.664000000000000000e+03 4.250288664192473226e-02
5.667199999999999818e+03 4.250348120314067363e-02
5.670399999999999636e+03 4.250396770492961135e-02
5.673600000000000364e+03 4.250437638898366122e-02
5.676800000000000182e+03 4.250473526580766936e-02
5.680000000000000000e+03 4.250506862175611189e-02
5.683199999999999818e+03 4.250539650841185513e-02
5.686399999999999636e+03 4.250573871795747943e-02
5.689600000000000364e+03 4.250611732944236526e-02
5.692800000000000182e+03 4.250656197706832728e-02
5.696000000000000000e+03 4.250711019432731191e-02
5.699199999999999818e+03 4.250780809130250831e-02
5.702399999999999636e+03 4.250870477885806270e-02
5.705600000000000364e+03 4.250984675042602384e-02
5.708800000000000182e+03 4.251126858761746646e-02
5.712000000000000000e+03 4.251298521600364172e-02
5.715199999999999818e+03 4.251498582019771350e-02
5.718399999999999636e+03 4.251723086121032835e-02
5.721600000000000364e+03 4.251965561154616435e-02
5.724800000000000182e+03 4.252217478643900705e-02
5.728000000000000000e+03 4.252469492451338429e-02
5.731199999999999818e+03 4.252712195193487921e-02
5.734399999999999636e+03 4.252937550366017727e-02
5.737600000000000364e+03 4.253139219204046112e-02
5.740800000000000182e+03 4.253313533740240432e-02
5.744000000000000000e+03 4.253459042709988730e-02
5.747199999999999818e+03 4.253576842372250311e-02
5.750399999999999636e+03 4.253669541703148510e-02
5.753600000000000364e+03 4.253741191698721252e-02
5.756800000000000182e+03 4.253796273742111583e-02
5.760000000000000000e+03 4.253839657373477412e-02
5.763199999999999818e+03 4.253876383244281634e-02
