0.000000000000000000e+00 -inf
4.071726572528882454e-02 -4.136643032164317724e+00
8.143453145057764908e-02 -4.009610902699007440e+00
1.221517971758664806e-01 -3.828251590195148601e+00
1.628690629011552982e-01 -3.559816481266428134e+00
2.035863286264441574e-01 -3.266402104643196136e+00
2.443035943517329611e-01 -3.015378488910307908e+00
2.850208600770218204e-01 -2.785806159306101648e+00
3.257381258023105963e-01 -2.569411859275809284e+00
3.664553915275994278e-01 -2.403435003148768789e+00
4.071726572528883148e-01 -2.269850546206222397e+00
4.478899229781771463e-01 -2.169465943332663738e+00
4.886071887034659222e-01 -2.083556735662315251e+00
5.293244544287547537e-01 -1.908588638877193322e+00
5.700417201540436407e-01 -1.684558586985003270e+00
6.107589858793325277e-01 -1.522774561544679273e+00
6.514762516046211926e-01 -1.412096309557588691e+00
6.921935173299100796e-01 -1.346943694380016376e+00
7.329107830551988556e-01 -1.366884257512404721e+00
7.736280487804878536e-01 -1.450997268155271858e+00
8.143453145057766296e-01 -1.441605232234671963e+00
8.550625802310654056e-01 -1.413390331442495818e+00
8.957798459563542925e-01 -1.476593131559738481e+00
9.364971116816429575e-01 -1.431755208315502514e+00
9.772143774069318445e-01 -1.497488806187071031e+00
1.017931643132220731e+00 -1.591593083095045102e+00
1.058648908857509507e+00 -1.554481043739033286e+00
1.099366174582798505e+00 -1.642717637104406325e+00
1.140083440308087281e+00 -1.564569333705024379e+00
1.180800706033376279e+00 -1.623326555890559630e+00
1.221517971758665055e+00 -1.585032502401430454e+00
1.262235237483953831e+00 -1.619900812022763814e+00
1.302952503209242385e+00 -1.627129846296285098e+00
1.343669768934531161e+00 -1.633172953122590920e+00
1.384387034659820159e+00 -1.668392921439943777e+00
1.425104300385108935e+00 -1.655418302344408010e+00
1.465821566110397711e+00 -1.716923145307896359e+00
1.506538831835686487e+00 -1.680725048052096993e+00
1.547256097560975707e+00 -1.763876746751630753e+00
1.587973363286264483e+00 -1.714858965554378001e+00
1.628690629011553259e+00 -1.804999345195766658e+00
1.669407894736842035e+00 -1.760911332296998921e+00
1.710125160462130811e+00 -1.853262051597892368e+00
1.750842426187419809e+00 -1.808552764656216505e+00
1.791559691912708585e+00 -1.869715721664761299e+00
1.832276957637997139e+00 -1.813221333743392449e+00
1.872994223363285915e+00 -1.900511794187633052e+00
1.913711489088574913e+00 -1.866484815507638340e+00
1.954428754813863689e+00 -1.893793773548557047e+00
1.995146020539152465e+00 -1.785508530531253690e+00
2.035863286264441463e+00 -1.750674514177602115e+00
2.076580551989730239e+00 -1.694961153896878736e+00
2.117297817715019015e+00 -1.688430094662225045e+00
2.158015083440307347e+00 -1.675104664758614303e+00
2.198732349165597011e+00 -1.717213242899020331e+00
2.239449614890885787e+00 -1.717395404018874583e+00
2.280166880616174563e+00 -1.807256671563455930e+00
2.320884146341463339e+00 -1.811637441156816131e+00
2.361601412066752559e+00 -1.905528303450052974e+00
2.402318677792040891e+00 -1.965655601765575522e+00
2.443035943517330111e+00 -1.991071114928876007e+00
2.483753209242618443e+00 -2.025565857248943669e+00
2.524470474967907663e+00 -2.141875973656223842e+00
2.565187740693196439e+00 -1.970002485819824845e+00
2.605905006418484771e+00 -2.017226995782245957e+00
2.646622272143773991e+00 -1.989143637921624519e+00
2.687339537869062323e+00 -1.905761282713163141e+00
2.728056803594351543e+00 -1.989443716506884119e+00
2.768774069319640319e+00 -2.262359872858676457e+00
2.809491335044929095e+00 -2.063251891933372217e+00
2.850208600770217870e+00 -2.078607494183467352e+00
2.890925866495506646e+00 -2.224022982970926154e+00
2.931643132220795422e+00 -2.750336341234761228e+00
2.972360397946084642e+00 -2.057023602868422341e+00
3.013077663671372974e+00 -2.098588999357031692e+00
3.053794929396662194e+00 -1.733945200875341541e+00
3.094512195121951414e+00 -1.273518080658831986e+00
3.135229460847239746e+00 -1.096509024431250978e+00
3.175946726572528966e+00 -1.090807388848360704e+00
3.216663992297817298e+00 -1.271420626742702398e+00
3.257381258023106518e+00 -1.572606967922350663e+00
3.298098523748394850e+00 -1.512851877875761586e+00
3.338815789473684070e+00 -1.545729627345199475e+00
3.379533055198972402e+00 -1.780442028697030832e+00
3.420250320924261622e+00 -1.845458478560306537e+00
3.460967586649549954e+00 -1.828395865617805649e+00
3.501684852374839618e+00 -2.144339278515245528e+00
3.542402118100128394e+00 -2.597569628179279722e+00
3.583119383825417170e+00 -2.672505416512689358e+00
3.623836649550706390e+00 -3.097342780485457858e+00
3.664553915275994278e+00 -2.377003526239937159e+00
3.705271181001283942e+00 -2.390947760306474379e+00
3.745988446726571830e+00 -2.361817391312210912e+00
3.786705712451861494e+00 -2.327751351498765775e+00
3.827422978177149826e+00 -2.550912341268725569e+00
3.868140243902439046e+00 -3.019157190400644009e+00
3.908857509627727378e+00 -3.053241739804512189e+00
3.949574775353016598e+00 -2.769655415652422903e+00
3.990292041078304930e+00 -2.405403254859180162e+00
4.031009306803594150e+00 -2.368638481693775333e+00
4.071726572528882926e+00 -2.291358033576842868e+00
4.112443838254171702e+00 -2.253415077124844679e+00
4.153161103979460478e+00 -2.173927143334516643e+00
4.193878369704749254e+00 -2.129092141107763236e+00
4.234595635430038030e+00 -2.061254812326988706e+00
4.275312901155327694e+00 -2.017099549713267770e+00
4.316030166880614694e+00 -2.018590381284916635e+00
4.356747432605904358e+00 -2.059695918387876024e+00
4.397464698331194022e+00 -2.205770529400477020e+00
4.438181964056482798e+00 -2.374957482610361659e+00
4.478899229781771574e+00 -2.608621673385746131e+00
4.519616495507059462e+00 -2.694747932115360456e+00
4.560333761232349126e+00 -2.887946541599189842e+00
4.601051026957637902e+00 -3.025819656708940819e+00
4.641768292682926678e+00 -3.275787019388581633e+00
4.682485558408215454e+00 -3.462383726773884174e+00
4.723202824133505118e+00 -3.356834132490923217e+00
4.763920089858792117e+00 -3.167834715125134704e+00
4.804637355584081782e+00 -3.267590965128096769e+00
4.845354621309370557e+00 -3.198350195975013577e+00
4.886071887034660222e+00 -3.322783095983794510e+00
4.926789152759948109e+00 -3.286617945318834888e+00
4.967506418485236885e+00 -3.482554639503542493e+00
5.008223684210525661e+00 -3.630732531992345802e+00
5.048940949935815325e+00 -3.758440937862807196e+00
5.089658215661103213e+00 -3.871206242040664325e+00
5.130375481386392877e+00 -3.608398494594800887e+00
5.171092747111680765e+00 -3.443436221577865552e+00
5.211810012836969541e+00 -3.377742664680060347e+00
5.252527278562259205e+00 -3.264789260277395577e+00
5.293244544287547981e+00 -3.277569511881357478e+00
5.333961810012837645e+00 -3.213304719368514473e+00
5.374679075738124645e+00 -3.214736715190782856e+00
5.415396341463414309e+00 -3.208718634288111993e+00
5.456113607188703085e+00 -3.252415695019160502e+00
5.496830872913991861e+00 -3.311157386580992235e+00
5.537548138639280637e+00 -3.409590893307539172e+00
5.578265404364569413e+00 -3.551769926739016370e+00
5.618982670089858189e+00 -3.675884350269663425e+00
5.659699935815146965e+00 -3.721089561103224419e+00
5.700417201540435741e+00 -3.750330651613880573e+00
5.741134467265725405e+00 -3.669554358166164487e+00
5.781851732991013293e+00 -3.845851388198983756e+00
5.822568998716302069e+00 -4.091049049609751798e+00
5.863286264441590845e+00 -4.046868460543638690e+00
5.904003530166880509e+00 -4.175217532557938149e+00
5.944720795892169285e+00 -4.207998836204797755e+00
5.985438061617457173e+00 -4.022631788370538253e+00
6.026155327342745949e+00 -4.323805114856600795e+00
6.066872593068035613e+00 -4.300645306131582579e+00
6.107589858793324389e+00 -4.306602153105703934e+00
6.148307124518613165e+00 -4.763293120237089617e+00
6.189024390243902829e+00 -4.594352831541359095e+00
6.229741655969190717e+00 -4.725088732315007256e+00
6.270458921694479493e+00 -4.382289449429224604e+00
6.311176187419768269e+00 -4.390920504068002828e+00
6.351893453145057933e+00 -4.424250886079199141e+00
6.392610718870346709e+00 -4.260638110004115298e+00
6.433327984595634597e+00 -4.452327641635705824e+00
6.474045250320923373e+00 -4.460435338903229407e+00
6.514762516046213037e+00 -4.531680457685496322e+00
6.555479781771501813e+00 -4.408248181869860893e+00
6.596197047496789700e+00 -4.728398532656105324e+00
6.636914313222078476e+00 -4.533316308389570892e+00
6.677631578947368141e+00 -4.643351763597628690e+00
6.718348844672656917e+00 -4.515043668932034571e+00
6.759066110397944804e+00 -4.695201547520966301e+00
6.799783376123234468e+00 -4.478066941190973260e+00
6.840500641848523244e+00 -4.536248465836417942e+00
6.881217907573812020e+00 -4.548568507866354693e+00
6.921935173299099908e+00 -4.536407981906014797e+00
6.962652439024389572e+00 -4.674370150478345032e+00
7.003369704749679236e+00 -4.634713195414337683e+00
7.044086970474967124e+00 -4.835205740405418950e+00
7.084804236200256788e+00 -4.612914073295984352e+00
7.125521501925544676e+00 -5.130591272829615690e+00
7.166238767650834340e+00 -4.664832258007424848e+00
7.206956033376123116e+00 -5.007539322182745778e+00
7.247673299101412780e+00 -4.743065390090245970e+00
7.288390564826699780e+00 -4.991594242043493779e+00
7.329107830551988556e+00 -4.855697377630248113e+00
7.369825096277278220e+00 -5.207618656019050718e+00
7.410542362002567884e+00 -4.929149737271723453e+00
7.451259627727855772e+00 -5.131422143726265261e+00
7.491976893453143660e+00 -5.023521435482685149e+00
7.532694159178433324e+00 -5.223427067767945076e+00
7.573411424903722988e+00 -5.121053819478323277e+00
7.614128690629010876e+00 -5.069530127700894617e+00
7.654845956354299652e+00 -5.184470952134703658e+00
7.695563222079588428e+00 -5.299322502135833446e+00
7.736280487804878092e+00 -5.185389825716310241e+00
7.776997753530165980e+00 -5.360054956968752116e+00
7.817715019255454756e+00 -5.189012061067709070e+00
7.858432284980744420e+00 -5.421683762437712772e+00
7.899149550706033196e+00 -5.111758111564830287e+00
7.939866816431321972e+00 -5.725579337768484933e+00
7.980584082156609860e+00 -5.192470777495373113e+00
8.021301347881898636e+00 -5.388477274327600597e+00
8.062018613607188300e+00 -5.359822385350573093e+00
8.102735879332477964e+00 -5.339678930509474064e+00
8.143453145057765852e+00 -5.347610436147836488e+00
8.184170410783055516e+00 -5.294128897187518668e+00
8.224887676508343404e+00 -5.438578860650289393e+00
8.265604942233633068e+00 -5.371961756610040162e+00
8.306322207958920956e+00 -5.478913904660197787e+00
8.347039473684210620e+00 -5.368807935610689697e+00
8.387756739409498508e+00 -5.544904036205361209e+00
8.428474005134786395e+00 -5.386732650200062089e+00
8.469191270860076060e+00 -5.528257439436971232e+00
8.509908536585363947e+00 -5.580723881133067721e+00
8.550625802310655388e+00 -5.631380827155277657e+00
8.591343068035943276e+00 -5.576328080693120803e+00
8.632060333761229387e+00 -5.563975278327569107e+00
8.672777599486520828e+00 -5.734217135335900828e+00
8.713494865211808715e+00 -5.727404106863494881e+00
8.754212130937098379e+00 -5.736864111420923784e+00
8.794929396662388044e+00 -5.864973999714330866e+00
8.835646662387674155e+00 -5.860693813696792986e+00
8.876363928112965596e+00 -5.715156003882900571e+00
8.917081193838253483e+00 -5.772214358037738080e+00
8.957798459563543148e+00 -5.870225006397799206e+00
8.998515725288831035e+00 -5.804223534307923593e+00
9.039232991014118923e+00 -5.812580853410429960e+00
9.079950256739408587e+00 -5.863000468458664294e+00
9.120667522464698251e+00 -5.767677512966745468e+00
9.161384788189986139e+00 -5.736277661838244946e+00
9.202102053915275803e+00 -5.894117689520791181e+00
9.242819319640563691e+00 -5.725523907972799087e+00
9.283536585365853355e+00 -5.869491694617937405e+00
9.324253851091141243e+00 -5.827423835780259687e+00
9.364971116816430907e+00 -5.878122837471952522e+00
9.405688382541718795e+00 -5.818969083442857126e+00
9.446405648267010235e+00 -5.935577264788606477e+00
9.487122913992296347e+00 -5.909626309750071194e+00
9.527840179717584235e+00 -5.922832835841163046e+00
9.568557445442875675e+00 -5.911484037813020009e+00
9.609274711168163563e+00 -6.048403777185212604e+00
9.649991976893453227e+00 -5.966006041752934586e+00
9.690709242618741115e+00 -6.028973139211295518e+00
9.731426508344029003e+00 -6.191620887027935005e+00
9.772143774069320443e+00 -6.104036627456838282e+00
9.812861039794608331e+00 -6.202774817110019434e+00
9.853578305519896219e+00 -6.221494233988586586e+00
9.894295571245185883e+00 -6.205244405073289116e+00
9.935012836970473771e+00 -6.196978376475971828e+00
9.975730102695763435e+00 -6.173532230349700889e+00
1.001644736842105132e+01 -6.256177074724116771e+00
1.005716463414634099e+01 -6.262405457529128583e+00
1.009788189987163065e+01 -6.239041169555970434e+00
1.013859916559691854e+01 -6.290491020552885004e+00
1.017931643132220643e+01 -6.168953919756353876e+00
1.022003369704749609e+01 -6.268449861601196105e+00
1.026075096277278575e+01 -6.278670987569341833e+00
1.030146822849807364e+01 -6.266816783592506823e+00
1.034218549422336153e+01 -6.292140738609756312e+00
1.038290275994865119e+01 -6.258487518906699520e+00
1.042362002567393908e+01 -6.247565906250434509e+00
1.046433729139923052e+01 -6.273176354427394408e+00
1.050505455712451841e+01 -6.364017072462664792e+00
1.054577182284980630e+01 -6.389146891529828842e+00
1.058648908857509596e+01 -6.515800133723603338e+00
1.062720635430038385e+01 -6.433583342769235713e+00
1.066792362002567529e+01 -6.503155873079527360e+00
1.070864088575096140e+01 -6.314808675798328608e+00
1.074935815147624929e+01 -6.373221591094558214e+00
1.079007541720154073e+01 -6.375656683046689643e+00
1.083079268292682862e+01 -6.333409909300634411e+00
1.087150994865211828e+01 -6.375129844467706697e+00
1.091222721437740617e+01 -6.343770841756246170e+00
1.095294448010269406e+01 -6.387602969962851596e+00
1.099366174582798372e+01 -6.373976591980960116e+00
1.103437901155327161e+01 -6.356339548202003975e+00
1.107509627727856127e+01 -6.383937062732494283e+00
1.111581354300385094e+01 -6.439624508598800645e+00
1.115653080872913883e+01 -6.458749950918571514e+00
1.119724807445442671e+01 -6.435228050676341738e+00
1.123796534017971638e+01 -6.363923719499974929e+00
1.127868260590500604e+01 -6.407310582002302191e+00
1.131939987163029393e+01 -6.450566709357946849e+00
1.136011713735558359e+01 -6.435431192361601660e+00
1.140083440308087148e+01 -6.408236887574787488e+00
1.144155166880616115e+01 -6.456316993386282732e+00
1.148226893453145081e+01 -6.477431610768197068e+00
1.152298620025673870e+01 -6.444393037229284360e+00
1.156370346598202659e+01 -6.450399199810677331e+00
1.160442073170731625e+01 -6.406742897940764792e+00
1.164513799743260414e+01 -6.416388710508804216e+00
1.168585526315789558e+01 -6.447329827559097559e+00
1.172657252888318169e+01 -6.468642367839625429e+00
1.176728979460847135e+01 -6.461582071490662216e+00
1.180800706033376102e+01 -6.432500808727134256e+00
1.184872432605904891e+01 -6.475596416620128082e+00
1.188944159178433857e+01 -6.510196803532948273e+00
1.193015885750962646e+01 -6.558326848800752451e+00
1.197087612323491435e+01 -6.562585687605641205e+00
1.201159338896020579e+01 -6.562091042494947679e+00
1.205231065468549190e+01 -6.556455886217746887e+00
1.209302792041078156e+01 -6.545682683829479487e+00
1.213374518613607123e+01 -6.537571901470312419e+00
1.217446245186136089e+01 -6.554080141507637514e+00
1.221517971758664878e+01 -6.567080941932589511e+00
1.225589698331193667e+01 -6.648667299219832572e+00
1.229661424903722633e+01 -6.683921417773386331e+00
1.233733151476251599e+01 -6.709093608431223821e+00
1.237804878048780566e+01 -6.661948083985493874e+00
1.241876604621309177e+01 -6.670366445395163879e+00
1.245948331193838143e+01 -6.686931418234508762e+00
1.250020057766367110e+01 -6.706793134713767479e+00
1.254091784338895899e+01 -6.708674377066510708e+00
1.258163510911424865e+01 -6.726884919091968840e+00
1.262235237483953654e+01 -6.800871094665035699e+00
1.266306964056482620e+01 -6.819187155451851723e+00
1.270378690629011587e+01 -6.811946098477847933e+00
1.274450417201540375e+01 -6.850163708805612650e+00
1.278522143774069342e+01 -6.913769976460420352e+00
1.282593870346597953e+01 -6.919669799314706715e+00
1.286665596919126919e+01 -6.902487550508791259e+00
1.290737323491655886e+01 -6.905087286958859316e+00
1.294809050064184675e+01 -6.898062615526976415e+00
1.298880776636713641e+01 -6.935883232826957290e+00
1.302952503209242607e+01 -7.019940180658807982e+00
1.307024229781771396e+01 -7.095148074197973997e+00
1.311095956354300363e+01 -7.147589249758647512e+00
1.315167682926829329e+01 -7.145032306762900021e+00
1.319239409499357940e+01 -7.215350348269076619e+00
1.323311136071886907e+01 -7.205967775163166777e+00
1.327382862644415695e+01 -7.150334436811930594e+00
1.331454589216944662e+01 -7.222080042175611503e+00
1.335526315789473628e+01 -7.250316138073030992e+00
1.339598042362002595e+01 -7.291770363487886542e+00
1.343669768934531383e+01 -7.305236775579359687e+00
1.347741495507060350e+01 -7.372913621595803768e+00
1.351813222079588961e+01 -7.395056455977372600e+00
1.355884948652117927e+01 -7.546815531209039030e+00
1.359956675224646894e+01 -7.600876545038006249e+00
1.364028401797175682e+01 -7.564301804490712655e+00
1.368100128369704649e+01 -7.517438179843461299e+00
1.372171854942233615e+01 -7.465718033934006570e+00
1.376243581514762404e+01 -7.485140699254212215e+00
1.380315308087291548e+01 -7.441137159485617936e+00
1.384387034659819982e+01 -7.514744901170041125e+00
1.388458761232348948e+01 -7.724517633111469550e+00
1.392530487804877914e+01 -8.051044778699896654e+00
1.396602214377406703e+01 -8.235940364615036202e+00
1.400673940949935847e+01 -7.981076671681457846e+00
1.404745667522464636e+01 -7.888130214784263572e+00
1.408817394094993425e+01 -7.899701425791747944e+00
1.412889120667522569e+01 -7.892302872303849526e+00
1.416960847240051358e+01 -7.944270669036320065e+00
1.421032573812580146e+01 -8.065978957696092522e+00
1.425104300385108935e+01 -8.104965226617089513e+00
1.429176026957637724e+01 -7.926056847761504542e+00
1.433247753530166868e+01 -7.897551780301960811e+00
1.437319480102695657e+01 -7.976535097861202850e+00
1.441391206675224623e+01 -8.024924060140527615e+00
1.445462933247753412e+01 -8.020211182829084962e+00
1.449534659820282556e+01 -7.943353533038612468e+00
1.453606386392811167e+01 -7.931173952709103858e+00
1.457678112965339956e+01 -7.881300652951432895e+00
1.461749839537868922e+01 -7.885220438878373983e+00
1.465821566110397711e+01 -7.950569186522154830e+00
1.469893292682926855e+01 -7.991571939314912498e+00
1.473965019255455644e+01 -8.029608747057091378e+00
1.478036745827984433e+01 -8.045292350688121985e+00
1.482108472400513577e+01 -8.122075481340688796e+00
1.486180198973042366e+01 -8.295399749636272801e+00
1.490251925545571154e+01 -8.406214518092747667e+00
1.494323652118099943e+01 -8.847817977257019351e+00
1.498395378690628732e+01 -8.592411541346137938e+00
1.502467105263157876e+01 -8.429341402371882452e+00
1.506538831835686665e+01 -8.395089794289120277e+00
1.510610558408215631e+01 -8.351729122138108252e+00
1.514682284980744598e+01 -8.258370872285526687e+00
1.518754011553273386e+01 -8.127316560312857874e+00
1.522825738125802175e+01 -8.029465621862872382e+00
1.526897464698330964e+01 -7.978604201687099717e+00
1.530969191270859930e+01 -7.974293768053079212e+00
1.535040917843388897e+01 -8.016077587015567829e+00
1.539112644415917686e+01 -8.091944650119895499e+00
1.543184370988446652e+01 -8.121166359935275025e+00
1.547256097560975618e+01 -8.126623718198857205e+00
1.551327824133504585e+01 -8.101282939374593539e+00
1.555399550706033196e+01 -8.089109473342199763e+00
1.559471277278561985e+01 -8.122846444768422103e+00
1.563543003851090951e+01 -8.186677489029897004e+00
1.567614730423619918e+01 -8.369067868528723864e+00
1.571686456996148884e+01 -8.715194806827787133e+00
1.575758183568677673e+01 -8.926431064003493177e+00
1.579829910141206639e+01 -8.808848562324657294e+00
1.583901636713735606e+01 -8.617945019690502306e+00
1.587973363286264394e+01 -8.516531591891334685e+00
1.592045089858793183e+01 -8.471803111660539898e+00
1.596116816431321972e+01 -8.363096979567254508e+00
1.600188543003850938e+01 -8.252418645273889908e+00
1.604260269576379727e+01 -8.193281798183477349e+00
1.608331996148908871e+01 -8.151518094842067796e+00
1.612403722721437660e+01 -8.128043080955213995e+00
1.616475449293966804e+01 -8.133823426348826047e+00
1.620547175866495593e+01 -8.175767808245758772e+00
1.624618902439024026e+01 -8.193577295911772751e+00
1.628690629011553170e+01 -8.208941642792993321e+00
1.632762355584081959e+01 -8.229889408245492533e+00
1.636834082156611103e+01 -8.258312111777902587e+00
1.640905808729139892e+01 -8.293276326077815952e+00
1.644977535301668681e+01 -8.372486754332033598e+00
1.649049261874197825e+01 -8.492049233159548294e+00
1.653120988446726614e+01 -8.644183455026777096e+00
1.657192715019255402e+01 -8.827497977355564629e+00
1.661264441591784191e+01 -8.889602995703555166e+00
1.665336168164312980e+01 -8.766558599736271162e+00
1.669407894736842124e+01 -8.640266987495209605e+00
1.673479621309370913e+01 -8.535320507963920278e+00
1.677551347881899702e+01 -8.450360069452107936e+00
1.681623074454428490e+01 -8.382221278366269956e+00
1.685694801026957279e+01 -8.329125875217323838e+00
1.689766527599486778e+01 -8.289321852225700837e+00
1.693838254172015212e+01 -8.268037076078391223e+00
1.697909980744544001e+01 -8.260755028539445988e+00
1.701981707317072789e+01 -8.263628184458925219e+00
1.706053433889601578e+01 -8.277123788073048161e+00
1.710125160462131078e+01 -8.301466021400646156e+00
1.714196887034659866e+01 -8.334576121153808970e+00
1.718268613607188655e+01 -8.375532176616047764e+00
1.722340340179717444e+01 -8.431264543365685427e+00
1.726412066752245877e+01 -8.504943733055206678e+00
1.730483793324775377e+01 -8.599362345433251065e+00
1.734555519897304166e+01 -8.721347156110608623e+00
1.738627246469832954e+01 -8.865995795336571561e+00
1.742698973042361743e+01 -8.952561525891436389e+00
1.746770699614890532e+01 -8.877006650936547061e+00
1.750842426187419676e+01 -8.746575254516674391e+00
1.754914152759948820e+01 -8.635071335399617354e+00
1.758985879332477609e+01 -8.549980550259165923e+00
1.763057605905006042e+01 -8.486132356097826346e+00
1.767129332477534831e+01 -8.438445649303792706e+00
1.771201059050063975e+01 -8.403992459027740836e+00
1.775272785622593119e+01 -8.381982996407739250e+00
1.779344512195121908e+01 -8.370931636169579804e+00
1.783416238767650697e+01 -8.370273552729935673e+00
1.787487965340179485e+01 -8.380044956417650681e+00
1.791559691912708630e+01 -8.400830730698441329e+00
1.795631418485237418e+01 -8.432371280897470456e+00
1.799703145057766207e+01 -8.475879322654712666e+00
1.803774871630294996e+01 -8.533103689638668499e+00
1.807846598202823785e+01 -8.606940671451178915e+00
1.811918324775352929e+01 -8.700333590733769995e+00
1.815990051347881717e+01 -8.817496848818562327e+00
1.820061777920410861e+01 -8.950382137782693093e+00
1.824133504492939650e+01 -9.032794075479369411e+00
1.828205231065468439e+01 -8.975093076823707605e+00
1.832276957637997228e+01 -8.852415428923588792e+00
1.836348684210526017e+01 -8.741322411838721607e+00
1.840420410783055161e+01 -8.654576563982685045e+00
1.844492137355583949e+01 -8.589178746892264016e+00
1.848563863928112738e+01 -8.540879610970439018e+00
1.852635590500641882e+01 -8.506668498895907149e+00
1.856707317073170671e+01 -8.484627240090047096e+00
1.860779043645699460e+01 -8.473383348339508458e+00
1.864850770218228249e+01 -8.472196608909865034e+00
1.868922496790757037e+01 -8.481064894313501412e+00
1.872994223363286181e+01 -8.500176748709886709e+00
1.877065949935814970e+01 -8.530118276055416615e+00
1.881137676508343759e+01 -8.572001049097933034e+00
1.885209403080872548e+01 -8.627629924022881980e+00
1.889281129653402047e+01 -8.699399470721305150e+00
1.893352856225930836e+01 -8.790776739270084406e+00
1.897424582798459269e+01 -8.904624735024075477e+00
1.901496309370988058e+01 -9.032474915754109546e+00
1.905568035943516847e+01 -9.115322263417519721e+00
1.909639762516046346e+01 -9.068308106207064512e+00
1.913711489088575135e+01 -8.952112400860793073e+00
1.917783215661103924e+01 -8.842725621844293116e+00
1.921854942233632713e+01 -8.755808440658968905e+00
1.925926668806161501e+01 -8.689565659718063273e+00
1.929998395378690645e+01 -8.640371765405452820e+00
1.934070121951219434e+01 -8.605368909338027450e+00
1.938141848523748223e+01 -8.582560896706898035e+00
1.942213575096277012e+01 -8.570639646623158470e+00
1.946285301668805801e+01 -8.568887646133218183e+00
1.950357028241334945e+01 -8.577053123629129416e+00
1.954428754813864089e+01 -8.595296632615402999e+00
1.958500481386392877e+01 -8.624207619192416630e+00
1.962572207958921666e+01 -8.664866132709269309e+00
1.966643934531450100e+01 -8.718911046045258573e+00
1.970715661103979244e+01 -8.788711222737541462e+00
1.974787387676508388e+01 -8.877335122701531134e+00
1.978859114249037177e+01 -8.987085325909319522e+00
1.982930840821565965e+01 -9.109851600777551184e+00
1.987002567394094754e+01 -9.193172979719530957e+00
1.991074293966623898e+01 -9.156818243549624370e+00
1.995146020539152687e+01 -9.047424937732568395e+00
1.999217747111681831e+01 -8.939841460531656736e+00
2.003289473684210265e+01 -8.852911837375682325e+00
2.007361200256739053e+01 -8.786080996944868104e+00
2.011432926829268197e+01 -8.736140760221772439e+00
2.015504653401796986e+01 -8.700363965229389152e+00
2.019576379974326130e+01 -8.676823350076645625e+00
2.023648106546854919e+01 -8.664224248649365023e+00
2.027719833119383708e+01 -8.661802653707546540e+00
2.031791559691912852e+01 -8.669240401456429268e+00
2.035863286264441285e+01 -8.686647534733619835e+00
2.039935012836970429e+01 -8.714567901404588923e+00
2.044006739409499218e+01 -8.754018439454464229e+00
2.048078465982028007e+01 -8.806608371776100341e+00
2.052150192554557151e+01 -8.874601825992931126e+00
2.056221919127085940e+01 -8.960837228864415138e+00
2.060293645699614729e+01 -9.067174054894035606e+00
2.064365372272143517e+01 -9.185643832670999487e+00
2.068437098844672306e+01 -9.268770633087330069e+00
2.072508825417201450e+01 -9.241225782516146126e+00
2.076580551989730239e+01 -9.138599186007175135e+00
2.080652278562259028e+01 -9.033238105074353541e+00
2.084724005134787816e+01 -8.946575433454066584e+00
2.088795731707316961e+01 -8.879296436385356373e+00
2.092867458279846105e+01 -8.828654659559415308e+00
2.096939184852374893e+01 -8.792101972455654391e+00
2.101010911424903682e+01 -8.767789806774125339e+00
2.105082637997432116e+01 -8.754461663786567982e+00
2.109154364569961260e+01 -8.751352821508167068e+00
2.113226091142490404e+01 -8.758110588305800803e+00
2.117297817715019193e+01 -8.774774758608803182e+00
2.121369544287547981e+01 -8.801815532602644154e+00
2.125441270860076770e+01 -8.840169212254053832e+00
2.129512997432605559e+01 -8.891340588828407832e+00
2.133584724005135058e+01 -8.957497660894444991e+00
2.137656450577663492e+01 -9.041332444137269775e+00
2.141728177150192280e+01 -9.144500575869106029e+00
2.145799903722721069e+01 -9.259499973961354158e+00
2.149871630295249858e+01 -9.343055792939585658e+00
2.153943356867779357e+01 -9.323225124505453820e+00
2.158015083440308146e+01 -9.226532292266927726e+00
2.162086810012836935e+01 -9.123232203612097635e+00
2.166158536585365724e+01 -9.036960397826435454e+00
2.170230263157894157e+01 -8.969447146832713713e+00
2.174301989730423657e+01 -8.918292597384436249e+00
2.178373716302952445e+01 -8.881077997036978644e+00
2.182445442875481234e+01 -8.856017561234823532e+00
2.186517169448010023e+01 -8.841920231787488760e+00
2.190588896020538812e+01 -8.838063668336765488e+00
2.194660622593067956e+01 -8.844091146414841731e+00
2.198732349165596744e+01 -8.860015108162906827e+00
2.202804075738125889e+01 -8.886239905603762423e+00
2.206875802310654322e+01 -8.923611253028928658e+00
2.210947528883183111e+01 -8.973520447589788063e+00
2.215019255455712255e+01 -9.037988731555454791e+00
2.219090982028241044e+01 -9.119499667254908459e+00
2.223162708600770188e+01 -9.219552969086048932e+00
2.227234435173298976e+01 -9.331248581717282775e+00
2.231306161745827765e+01 -9.415363229349431151e+00
2.235377888318356909e+01 -9.403109612320305288e+00
2.239449614890885343e+01 -9.312165401113965402e+00
2.243521341463414487e+01 -9.210653801092673731e+00
2.247593068035943276e+01 -9.124613669929189541e+00
2.251664794608472064e+01 -9.056847329246380696e+00
2.255736521181001208e+01 -9.005257496876350132e+00
2.259808247753529997e+01 -8.967503670351547385e+00
2.263879974326058786e+01 -8.941819885396327550e+00
2.267951700898587930e+01 -8.927032919003176303e+00
2.272023427471116719e+01 -8.922438552508857867e+00
2.276095154043645508e+01 -8.927704192531301430e+00
2.280166880616174296e+01 -8.942841415214996204e+00
2.284238607188703085e+01 -8.968223628927260549e+00
2.288310333761232229e+01 -9.004642508814022506e+00
2.292382060333761018e+01 -9.053387646847994574e+00
2.296453786906290162e+01 -9.116318710234333267e+00
2.300525513478818951e+01 -9.195706110601495453e+00
2.304597240051347740e+01 -9.292846782375759673e+00
2.308668966623876528e+01 -9.401307123505505459e+00
2.312740693196405317e+01 -9.485571688848144944e+00
2.316812419768934461e+01 -9.480482600384098291e+00
2.320884146341463250e+01 -9.395601888729549600e+00
2.324955872913992039e+01 -9.296045320453963257e+00
2.329027599486520828e+01 -9.210159629423168681e+00
2.333099326059049972e+01 -9.142020192975774506e+00
2.337171052631579116e+01 -9.089931676206791877e+00
2.341242779204107549e+01 -9.051653137881986666e+00
2.345314505776636338e+01 -9.025424208957575800e+00
2.349386232349165127e+01 -9.010043475444321714e+00
2.353457958921694271e+01 -9.004784781014276263e+00
2.357529685494223415e+01 -9.009323879497680210e+00
2.361601412066752204e+01 -9.023674976928150571e+00
2.365673138639280992e+01 -9.048197221562084280e+00
2.369744865211809781e+01 -9.083646734918092491e+00
2.373816591784338570e+01 -9.131246719539520385e+00
2.377888318356867714e+01 -9.192720316568905758e+00
2.381960044929396503e+01 -9.270130298001053148e+00
2.386031771501925292e+01 -9.364566505136719954e+00
2.390103498074454080e+01 -9.469994979326314066e+00
2.394175224646982869e+01 -9.554121054496331311e+00
2.398246951219512013e+01 -9.555480362532300376e+00
2.402318677792041157e+01 -9.476721672502995020e+00
2.406390404364569946e+01 -9.379410727059099173e+00
2.410462130937098379e+01 -9.293849649495660614e+00
2.414533857509627168e+01 -9.225376053693086220e+00
2.418605584082156312e+01 -9.172755735479293904e+00
2.422677310654685456e+01 -9.133905362668528483e+00
2.426749037227214245e+01 -9.107106831458120055e+00
2.430820763799743034e+01 -9.091156701114046612e+00
2.434892490372272178e+01 -9.085304379509839379e+00
2.438964216944800967e+01 -9.089183319620811830e+00
2.443035943517329756e+01 -9.102787379175509841e+00
2.447107670089858544e+01 -9.126469966433365499e+00
2.451179396662387333e+01 -9.160959203019197972e+00
2.455251123234916477e+01 -9.207409108992719027e+00
2.459322849807445266e+01 -9.267436279119925402e+00
2.463394576379974055e+01 -9.342942436194674016e+00
2.467466302952503199e+01 -9.434846731774420903e+00
2.471538029525031988e+01 -9.537420722948443341e+00
2.475609756097561132e+01 -9.621152442937299654e+00
2.479681482670089565e+01 -9.628279321768767218e+00
2.483753209242618354e+01 -9.555654222679574872e+00
2.487824935815147498e+01 -9.460831837997169202e+00
2.491896662387676287e+01 -9.375751421879680692e+00
2.495968388960205431e+01 -9.307035930744357088e+00
2.500040115532734220e+01 -9.253932622948051190e+00
2.504111842105263008e+01 -9.214525467402893355e+00
2.508183568677791797e+01 -9.187151070321419866e+00
2.512255295250320586e+01 -9.170616808038605683e+00
2.516327021822849730e+01 -9.164160817801377590e+00
2.520398748395378519e+01 -9.167401553943701487e+00
2.524470474967907307e+01 -9.180309312903606411e+00
2.528542201540436096e+01 -9.203197736130036333e+00
2.532613928112965240e+01 -9.236750811149937235e+00
2.536685654685494384e+01 -9.282062596648042785e+00
2.540757381258023173e+01 -9.340656519407763980e+00
2.544829107830551962e+01 -9.414290707083921461e+00
2.548900834403080751e+01 -9.503735846017491440e+00
2.552972560975609539e+01 -9.603554459040891444e+00
2.557044287548138684e+01 -9.686679651897978971e+00
2.561116014120667828e+01 -9.698928595983346668e+00
2.565187740693195906e+01 -9.632378795077372047e+00
2.569259467265724695e+01 -9.540297696480442013e+00
2.573331193838253839e+01 -9.455880010130615076e+00
2.577402920410782983e+01 -9.387018633922364685e+00
2.581474646983311771e+01 -9.333486974839111383e+00
2.585546373555840560e+01 -9.293558419323151298e+00
2.589618100128369349e+01 -9.265625779872170398e+00
2.593689826700898138e+01 -9.248505179387029429e+00
2.597761553273427282e+01 -9.241437677201085776e+00
2.601833279845956426e+01 -9.244035908348642749e+00
2.605905006418485215e+01 -9.256248131282809766e+00
2.609976732991014003e+01 -9.278354590364543242e+00
2.614048459563542792e+01 -9.310990568974300885e+00
2.618120186136071936e+01 -9.355185168039025001e+00
2.622191912708600725e+01 -9.412366638881731973e+00
2.626263639281129869e+01 -9.484149858171416980e+00
2.630335365853658658e+01 -9.571156907136437297e+00
2.634407092426186736e+01 -9.668212627629102940e+00
2.638478818998715880e+01 -9.750467642499884846e+00
2.642550545571245024e+01 -9.767277888369360284e+00
2.646622272143773813e+01 -9.706740628036278906e+00
2.650693998716302602e+01 -9.617611948630386820e+00
2.654765725288831391e+01 -9.534028098514420790e+00
2.658837451861360535e+01 -9.465134373051942163e+00
2.662909178433889323e+01 -9.411243136568879564e+00
2.666980905006418467e+01 -9.370822918090775389e+00
2.671052631578947256e+01 -9.342339614723499608e+00
2.675124358151476045e+01 -9.324634115389471845e+00
2.679196084724005189e+01 -9.316950203198080871e+00
2.683267811296533978e+01 -9.318892450729464372e+00
2.687339537869062767e+01 -9.330391480090547418e+00
2.691411264441591555e+01 -9.351699596403504344e+00
2.695482991014120699e+01 -9.383408443605164351e+00
2.699554717586649843e+01 -9.426480696753536392e+00
2.703626444159177922e+01 -9.482244793660578708e+00
2.707698170731707066e+01 -9.552169741801890268e+00
2.711769897304235855e+01 -9.636733160063521098e+00
2.715841623876764643e+01 -9.730983319915075924e+00
2.719913350449293787e+01 -9.812056568037016646e+00
2.723985077021822576e+01 -9.832778943093904545e+00
2.728056803594351365e+01 -9.778155020381412044e+00
2.732128530166880154e+01 -9.692247982443948473e+00
2.736200256739409298e+01 -9.609701001762269712e+00
2.740271983311938442e+01 -9.540875028664682844e+00
2.744343709884467231e+01 -9.486662903309534656e+00
2.748415436456996019e+01 -9.445761018375776530e+00
2.752487163029524808e+01 -9.416723318110189922e+00
2.756558889602053597e+01 -9.398421767304270702e+00
2.760630616174583096e+01 -9.390102635558546851e+00
2.764702342747111885e+01 -9.391361558529871090e+00
2.768774069319639963e+01 -9.402113150255928531e+00
2.772845795892168752e+01 -9.422583480674786571e+00
2.776917522464697896e+01 -9.453323642302537522e+00
2.780989249037227040e+01 -9.495231393552286292e+00
2.785060975609755829e+01 -9.549536772457688727e+00
2.789132702182284618e+01 -9.617568665206949419e+00
2.793204428754813406e+01 -9.699655759129747423e+00
2.797276155327342195e+01 -9.791021203010519258e+00
2.801347881899871695e+01 -9.870565443347173229e+00
2.805419608472400483e+01 -9.894533244973542807e+00
2.809491335044929272e+01 -9.845641025626422405e+00
2.813563061617458061e+01 -9.763168237454786791e+00
2.817634788189986850e+01 -9.681834494050358231e+00
2.821706514762515994e+01 -9.613159073348011674e+00
2.825778241335045138e+01 -9.558648720784523434e+00
2.829849967907573927e+01 -9.517255101559230823e+00
2.833921694480102715e+01 -9.487632299905722988e+00
2.837993421052630794e+01 -9.468688685992498577e+00
2.842065147625160293e+01 -9.459680223829945334e+00
2.846136874197689082e+01 -9.460196256090933176e+00
2.850208600770217870e+01 -9.470135721913669258e+00
2.854280327342746659e+01 -9.489699555175503676e+00
2.858352053915275448e+01 -9.519399290381437950e+00
2.862423780487804592e+01 -9.560071202045749672e+00
2.866495507060333736e+01 -9.612851029457175400e+00
2.870567233632862525e+01 -9.678931155699652678e+00
2.874638960205391314e+01 -9.758493658872028576e+00
2.878710686777920102e+01 -9.846901786355097386e+00
2.882782413350449247e+01 -9.924628352472650406e+00
2.886854139922978035e+01 -9.951165636612941512e+00
2.890925866495506824e+01 -9.907642623789508107e+00
2.894997593068035968e+01 -9.828665316648429240e+00
2.899069319640565112e+01 -9.748635084748668689e+00
2.903141046213093901e+01 -9.680136159874882296e+00
2.907212772785622334e+01 -9.625304779023673873e+00
2.911284499358151123e+01 -9.583362716955612370e+00
2.915356225930679912e+01 -9.553075959301468245e+00
2.919427952503208701e+01 -9.533398279921893703e+00
2.923499679075737845e+01 -9.523600324608654688e+00
2.927571405648266634e+01 -9.523268936892703707e+00
2.931643132220795422e+01 -9.532290385639047514e+00
2.935714858793324566e+01 -9.550841575575494957e+00
2.939786585365853711e+01 -9.579396609322120781e+00
2.943858311938382499e+01 -9.618737238803582557e+00
2.947930038510911288e+01 -9.669913283644948621e+00
2.952001765083440077e+01 -9.733991463484191087e+00
2.956073491655968866e+01 -9.811025897883220992e+00
2.960145218228498365e+01 -9.896515241387000117e+00
2.964216944801027154e+01 -9.972307420452064974e+00
2.968288671373555943e+01 -1.000080107900329374e+01
2.972360397946084731e+01 -9.962038756112647775e+00
2.976432124518613165e+01 -9.886326658952480528e+00
2.980503851091142309e+01 -9.807492857039498801e+00
2.984575577663671098e+01 -9.739064576279851337e+00
2.988647304236199886e+01 -9.683787370107136638e+00
2.992719030808728675e+01 -9.641160908710052269e+00
2.996790757381257464e+01 -9.610068435845787960e+00
3.000862483953786963e+01 -9.589510593977529140e+00
3.004934210526315752e+01 -9.578773999669305539e+00
3.009005937098844541e+01 -9.577446933166795517e+00
3.013077663671373330e+01 -9.585405143419990281e+00
3.017149390243902118e+01 -9.602807119887659226e+00
3.021221116816431262e+01 -9.630097426609138367e+00
3.025292843388960051e+01 -9.668010485973443480e+00
3.029364569961489195e+01 -9.717527780348568456e+00
3.033436296534017984e+01 -9.779620610869455888e+00
3.037508023106546773e+01 -9.854261002762440214e+00
3.041579749679075917e+01 -9.937112250936717572e+00
3.045651476251604350e+01 -1.001120289318236978e+01
3.049723202824133139e+01 -1.004125434167769448e+01
3.053794929396661928e+01 -1.000638599727009748e+01
3.057866655969190717e+01 -9.933277582103903214e+00
3.061938382541719861e+01 -9.855207326139201029e+00
3.066010109114249005e+01 -9.786528906733803268e+00
3.070081835686777794e+01 -9.730545769690291280e+00
3.074153562259306582e+01 -9.687007575735224307e+00
3.078225288831835371e+01 -9.654900955231944693e+00
3.082297015404364515e+01 -9.633270170280951561e+00
3.086368741976893304e+01 -9.621416144056993858e+00
3.090440468549422093e+01 -9.618927753460090102e+00
3.094512195121951237e+01 -9.625674288776698617e+00
3.098583921694480026e+01 -9.641800841345400386e+00
3.102655648267009170e+01 -9.667731612906923289e+00
3.106727374839537958e+01 -9.704170414664833544e+00
3.110799101412066392e+01 -9.752056351353264319e+00
3.114870827984595181e+01 -9.812317333469792402e+00
3.118942554557123970e+01 -9.884920983208113299e+00
3.123014281129653114e+01 -9.965765977729466485e+00
3.127086007702181902e+01 -1.003887115627469839e+01
3.131157734274710691e+01 -1.007047606745367396e+01
3.135229460847239835e+01 -1.003850912971524068e+01
3.139301187419768624e+01 -9.966899177224187056e+00
3.143372913992297768e+01 -9.888788066418644718e+00
3.147444640564826557e+01 -9.819315041736791372e+00
3.151516367137355346e+01 -9.762238457936208036e+00
3.155588093709884134e+01 -9.717496249919662432e+00
3.159659820282413278e+01 -9.684146752325466068e+00
3.163731546854942422e+01 -9.661256290431680327e+00
3.167803273427471211e+01 -9.648131661063402476e+00
3.171875000000000000e+01 -9.644359789819024087e+00
