0.000000000000000000e+00 -inf
3.338815789473684181e-02 -4.593453876632836774e+00
6.677631578947368363e-02 -4.393971709492481281e+00
1.001644736842105393e-01 -4.090036885375122999e+00
1.335526315789473673e-01 -3.771134656206994507e+00
1.669407894736841813e-01 -3.503163827610419112e+00
2.003289473684210786e-01 -3.270261739929139377e+00
2.337171052631578649e-01 -3.085992060513474300e+00
2.671052631578947345e-01 -2.899051973564263474e+00
3.004934210526315486e-01 -2.704874607061417358e+00
3.338815789473683626e-01 -2.520298984643208229e+00
3.672697368421052877e-01 -2.388249462456205841e+00
4.006578947368421573e-01 -2.290575396952280407e+00
4.340460526315789713e-01 -2.209567980886812499e+00
4.674342105263157299e-01 -2.133616236785692788e+00
5.008223684210526550e-01 -2.054539298946998382e+00
5.342105263157894690e-01 -1.888989817008703165e+00
5.675986842105263941e-01 -1.699265085970707245e+00
6.009868421052630971e-01 -1.559556388431031948e+00
6.343750000000000222e-01 -1.457670294130418265e+00
6.677631578947367252e-01 -1.381465281175149551e+00
7.011513157894736503e-01 -1.350292348320710101e+00
7.345394736842105754e-01 -1.373231532355392526e+00
7.679276315789473895e-01 -1.442572090591774270e+00
8.013157894736843145e-01 -1.466112102719810739e+00
8.347039473684210176e-01 -1.418149446940119907e+00
8.680921052631579427e-01 -1.431503614168706306e+00
9.014802631578946457e-01 -1.482792739148993677e+00
9.348684210526314597e-01 -1.448333075376272649e+00
9.682565789473683848e-01 -1.460364102879397663e+00
1.001644736842105310e+00 -1.583314661918942878e+00
1.035032894736842124e+00 -1.596097427368782462e+00
1.068421052631578938e+00 -1.585410915859399861e+00
1.101809210526315530e+00 -1.680978499845976248e+00
1.135197368421052788e+00 -1.630184806921529006e+00
1.168585526315789380e+00 -1.616338438111184495e+00
1.201973684210526194e+00 -1.685621977816227801e+00
1.235361842105263230e+00 -1.623976437370846515e+00
1.268750000000000044e+00 -1.657230002181512285e+00
1.302138157894736858e+00 -1.719272664217895485e+00
1.335526315789473450e+00 -1.673042403769140263e+00
1.368914473684210709e+00 -1.734707121628624948e+00
1.402302631578947301e+00 -1.752902149843327928e+00
1.435690789473684115e+00 -1.710353395260186371e+00
1.469078947368421151e+00 -1.805037711481708662e+00
1.502467105263157965e+00 -1.765507123167981973e+00
1.535855263157894779e+00 -1.750194151031059020e+00
1.569243421052631371e+00 -1.820293276809116900e+00
1.602631578947368629e+00 -1.738139795476693283e+00
1.636019736842104999e+00 -1.748257011321631582e+00
1.669407894736842035e+00 -1.764958605381293788e+00
1.702796052631578849e+00 -1.704410325312369023e+00
1.736184210526315885e+00 -1.771398634620088952e+00
1.769572368421052477e+00 -1.764546419133033561e+00
1.802960526315789291e+00 -1.780050061803572170e+00
1.836348684210526550e+00 -1.842168346069895213e+00
1.869736842105262919e+00 -1.799542342240511461e+00
1.903124999999999956e+00 -1.852802794978448908e+00
1.936513157894736770e+00 -1.874547664535962888e+00
1.969901315789473584e+00 -1.834216270935653315e+00
2.003289473684210620e+00 -1.903777342330443823e+00
2.036677631578947434e+00 -1.849268269571594514e+00
2.070065789473684248e+00 -1.862302167722060586e+00
2.103453947368420618e+00 -1.873585787244120837e+00
2.136842105263157876e+00 -1.812783133351326015e+00
2.170230263157894690e+00 -1.843290919739622780e+00
2.203618421052631060e+00 -1.839348881115512313e+00
2.237006578947368318e+00 -1.781080624049201200e+00
2.270394736842105576e+00 -1.837250110186344099e+00
2.303782894736841946e+00 -1.808455480303586604e+00
2.337171052631578760e+00 -1.956554303739175493e+00
2.370559210526316019e+00 -1.866640840698185366e+00
2.403947368421052388e+00 -2.011984609280367930e+00
2.437335526315789203e+00 -1.964886127571921159e+00
2.470723684210526461e+00 -2.054659970038374084e+00
2.504111842105263275e+00 -2.541279245501220529e+00
2.537500000000000089e+00 -2.112722652432736048e+00
2.570888157894736459e+00 -2.328038470612554089e+00
2.604276315789473717e+00 -1.804063750180245229e+00
2.637664473684210531e+00 -1.477153661500490101e+00
2.671052631578946901e+00 -1.438161390740079870e+00
2.704440789473684159e+00 -1.405086381424552000e+00
2.737828947368421417e+00 -1.460154504561445243e+00
2.771217105263157787e+00 -1.381723793379479481e+00
2.804605263157894601e+00 -1.227254972517380249e+00
2.837993421052631859e+00 -1.215449515843195938e+00
2.871381578947368229e+00 -1.233226376749345876e+00
2.904769736842105043e+00 -1.277817261666499782e+00
2.938157894736842302e+00 -1.333656299968707604e+00
2.971546052631579116e+00 -1.367682196796015326e+00
3.004934210526315930e+00 -1.544735729695461135e+00
3.038322368421052300e+00 -1.706764088168604587e+00
3.071710526315789558e+00 -1.850552995531044020e+00
3.105098684210526372e+00 -2.149991106591952583e+00
3.138486842105262742e+00 -2.858886483380719490e+00
3.171875000000000000e+00 -2.184904548656052992e+00
3.205263157894737258e+00 -2.090516457256562877e+00
3.238651315789473628e+00 -1.982848769277466561e+00
3.272039473684209998e+00 -2.046728004788801236e+00
3.305427631578947256e+00 -2.094741173140054702e+00
3.338815789473684070e+00 -2.213659589849308773e+00
3.372203947368420884e+00 -2.288477643113390858e+00
3.405592105263157698e+00 -2.209519567470050738e+00
3.438980263157894957e+00 -2.312599386049686512e+00
3.472368421052631771e+00 -2.333287180005179096e+00
3.505756578947367696e+00 -2.489625166596614481e+00
3.539144736842104955e+00 -2.562294307839730667e+00
3.572532894736842213e+00 -2.622473816406002634e+00
3.605921052631578583e+00 -2.653196746596997446e+00
3.639309210526315841e+00 -2.584141073527069565e+00
3.672697368421053099e+00 -2.546084531257289285e+00
3.706085526315789469e+00 -2.473657547430418990e+00
3.739473684210525839e+00 -2.529356476753830130e+00
3.772861842105263097e+00 -2.487153743666950412e+00
3.806249999999999911e+00 -2.610977536250744802e+00
3.839638157894736725e+00 -2.542580246386805687e+00
3.873026315789473539e+00 -2.548558928684670821e+00
3.906414473684210797e+00 -2.572503797891215083e+00
3.939802631578947167e+00 -2.494593191781288688e+00
3.973190789473683537e+00 -2.506768067244271148e+00
4.006578947368421240e+00 -2.413618263828634980e+00
4.039967105263158054e+00 -2.432449492607990482e+00
4.073355263157894868e+00 -2.431583041563338377e+00
4.106743421052631682e+00 -2.460530021524896860e+00
4.140131578947368496e+00 -2.549319251129802844e+00
4.173519736842105310e+00 -2.613085514564430945e+00
4.206907894736841236e+00 -2.840040452382261105e+00
4.240296052631578938e+00 -2.931924323869056437e+00
4.273684210526315752e+00 -3.354581669927489962e+00
4.307072368421052566e+00 -3.497084891541322182e+00
4.340460526315789380e+00 -3.471198083070929918e+00
4.373848684210527082e+00 -3.440450698214366998e+00
4.407236842105262120e+00 -3.131265066880720038e+00
4.440624999999999822e+00 -3.146188313495254185e+00
4.474013157894736636e+00 -3.101427579909806997e+00
4.507401315789473450e+00 -2.990841197216453473e+00
4.540789473684211153e+00 -3.110047185485041776e+00
4.574177631578947079e+00 -2.984776457335454936e+00
4.607565789473683893e+00 -3.019860388779632476e+00
4.640953947368420707e+00 -2.976271313896701187e+00
4.674342105263157521e+00 -3.066432769602057018e+00
4.707730263157895223e+00 -3.033802132219756587e+00
4.741118421052632037e+00 -3.096904003046530462e+00
4.774506578947367963e+00 -3.338697444283442284e+00
4.807894736842104777e+00 -3.255103819385677166e+00
4.841282894736841591e+00 -3.372559323014656218e+00
4.874671052631578405e+00 -3.361904334307102449e+00
4.908059210526316107e+00 -3.465325340901026951e+00
4.941447368421052921e+00 -3.738415847023628391e+00
4.974835526315788847e+00 -3.685727318406038400e+00
5.008223684210526550e+00 -4.023161459000418994e+00
5.041611842105263364e+00 -4.143723002020614388e+00
5.075000000000000178e+00 -3.734041615293521410e+00
5.108388157894736992e+00 -3.924865886622893818e+00
5.141776315789472918e+00 -3.862779236969557939e+00
5.175164473684210620e+00 -3.694174861751017058e+00
5.208552631578947434e+00 -3.763612956038827395e+00
5.241940789473684248e+00 -3.573497895057533125e+00
5.275328947368421062e+00 -3.597400271654849657e+00
5.308717105263157876e+00 -3.605936074975328420e+00
5.342105263157893802e+00 -3.569079556411054455e+00
5.375493421052631504e+00 -3.660627542389085054e+00
5.408881578947368318e+00 -3.674183642398972438e+00
5.442269736842105132e+00 -3.858525126288741447e+00
5.475657894736842835e+00 -3.905977919187970215e+00
5.509046052631578760e+00 -3.868224646659694343e+00
5.542434210526315574e+00 -3.947277129920452321e+00
5.575822368421052388e+00 -3.800574388073219012e+00
5.609210526315789203e+00 -3.750451505830630694e+00
5.642598684210526905e+00 -3.788144255240996738e+00
5.675986842105263719e+00 -3.804483794878376290e+00
5.709374999999999645e+00 -3.929043527306942618e+00
5.742763157894736459e+00 -4.017742446972237147e+00
5.776151315789473273e+00 -3.897001124900615121e+00
5.809539473684210087e+00 -3.867753307308236188e+00
5.842927631578947789e+00 -4.045509476699808538e+00
5.876315789473684603e+00 -4.189702488703397343e+00
5.909703947368420529e+00 -4.146553088078116289e+00
5.943092105263158231e+00 -4.150330413085061565e+00
5.976480263157894157e+00 -4.309630253483356377e+00
6.009868421052631859e+00 -4.300328303155421139e+00
6.043256578947368673e+00 -4.020836879856519275e+00
6.076644736842104599e+00 -4.045327944212333549e+00
6.110032894736842302e+00 -4.214985855916008717e+00
6.143421052631579116e+00 -4.368027459541484525e+00
6.176809210526315930e+00 -4.258178984820165880e+00
6.210197368421052744e+00 -4.154628171501620670e+00
6.243585526315789558e+00 -4.336484129910007645e+00
6.276973684210525484e+00 -4.315514910982754415e+00
6.310361842105263186e+00 -4.266358441686102232e+00
6.343750000000000000e+00 -4.412687649831275039e+00
6.377138157894736814e+00 -4.318781290476580104e+00
6.410526315789474516e+00 -4.523207049525240997e+00
6.443914473684210442e+00 -4.831140571012861429e+00
6.477302631578947256e+00 -4.465714360882983236e+00
6.510690789473684958e+00 -4.607617918575941829e+00
6.544078947368419996e+00 -4.493540756029727135e+00
6.577467105263157698e+00 -4.584546405650010925e+00
6.610855263157894512e+00 -4.902105507682465557e+00
6.644243421052630438e+00 -4.672539076642834743e+00
6.677631578947368141e+00 -4.983906078075373003e+00
6.711019736842104955e+00 -4.646787968188322182e+00
6.744407894736841769e+00 -4.619682045718480623e+00
6.777796052631579471e+00 -4.948666985572666377e+00
6.811184210526315397e+00 -4.490136466469274446e+00
6.844572368421052211e+00 -4.842976903905939601e+00
6.877960526315789913e+00 -4.542137837635208619e+00
6.911348684210526727e+00 -4.646992605371932150e+00
6.944736842105263541e+00 -4.743415106711831974e+00
6.978124999999999467e+00 -4.590104852487987053e+00
7.011513157894735393e+00 -4.991857071581049965e+00
7.044901315789473095e+00 -4.723706960037416636e+00
7.078289473684209909e+00 -4.909397676669893684e+00
7.111677631578946723e+00 -4.812440316908972449e+00
7.145065789473684426e+00 -4.802749000381806965e+00
7.178453947368421240e+00 -5.244427089057314362e+00
7.211842105263157165e+00 -4.838597704939989086e+00
7.245230263157894868e+00 -4.875139077789190978e+00
7.278618421052631682e+00 -4.967456229542737134e+00
7.312006578947368496e+00 -4.904068026819107473e+00
7.345394736842106198e+00 -5.316795492117303290e+00
7.378782894736842124e+00 -4.929452127240551818e+00
7.412171052631578938e+00 -4.948681507555907189e+00
7.445559210526314864e+00 -5.140755656785796823e+00
7.478947368421051678e+00 -4.899222473309325920e+00
7.512335526315789380e+00 -5.033490013565513621e+00
7.545723684210526194e+00 -5.043232401242792484e+00
7.579111842105262120e+00 -5.004154525050733326e+00
7.612499999999999822e+00 -5.295987911856812502e+00
7.645888157894736636e+00 -5.002700439218473072e+00
7.679276315789473450e+00 -5.289953515063940515e+00
7.712664473684211153e+00 -5.305501886636706743e+00
7.746052631578947079e+00 -5.105120465327941837e+00
7.779440789473683893e+00 -5.624426824721842522e+00
7.812828947368421595e+00 -5.058960746175459100e+00
7.846217105263158409e+00 -5.315692235195832005e+00
7.879605263157894335e+00 -5.359031798016067327e+00
7.912993421052631149e+00 -5.133235634409350823e+00
7.946381578947367075e+00 -5.769118687838912685e+00
7.979769736842104777e+00 -5.310755322770929432e+00
8.013157894736842479e+00 -5.289761682754558159e+00
8.046546052631578405e+00 -5.263951594730476913e+00
8.079934210526316107e+00 -5.276489505468240360e+00
8.113322368421052033e+00 -5.456396027498763956e+00
8.146710526315789735e+00 -5.291801349403878696e+00
8.180098684210527438e+00 -5.274681071693303913e+00
8.213486842105263364e+00 -5.253247812376249826e+00
8.246874999999999289e+00 -5.242699274593244141e+00
8.280263157894736992e+00 -5.399865671422992008e+00
8.313651315789472918e+00 -5.387631137235525891e+00
8.347039473684210620e+00 -5.471664189140919454e+00
8.380427631578946546e+00 -5.469384723678381910e+00
8.413815789473682472e+00 -5.456048027500399300e+00
8.447203947368420174e+00 -5.487177608584290489e+00
8.480592105263157876e+00 -5.496182503145716325e+00
8.513980263157895578e+00 -5.531525326739744841e+00
8.547368421052631504e+00 -5.678544719229950744e+00
8.580756578947369206e+00 -5.619906138898467240e+00
8.614144736842105132e+00 -5.565685315612987516e+00
8.647532894736841058e+00 -5.581226530979019884e+00
8.680921052631578760e+00 -5.603759453932606327e+00
8.714309210526316463e+00 -5.738166791409141432e+00
8.747697368421054165e+00 -5.732740685856237306e+00
8.781085526315788314e+00 -5.740523122530193589e+00
8.814473684210524240e+00 -5.936689184440010258e+00
8.847861842105263719e+00 -5.737421687644787660e+00
8.881249999999999645e+00 -5.810099030030886347e+00
8.914638157894737347e+00 -5.921791641024902297e+00
8.948026315789473273e+00 -5.721407608466393846e+00
8.981414473684209199e+00 -5.963651001258861939e+00
9.014802631578946901e+00 -5.661888195939580370e+00
9.048190789473684603e+00 -6.039885512977195781e+00
9.081578947368422305e+00 -5.746170047172724615e+00
9.114967105263158231e+00 -5.795736899564248645e+00
9.148355263157894157e+00 -5.877604225164713370e+00
9.181743421052631859e+00 -5.776141734997083610e+00
9.215131578947367785e+00 -5.852787805197261939e+00
9.248519736842105488e+00 -5.855287110040692689e+00
9.281907894736841413e+00 -5.822283244655628742e+00
9.315296052631579116e+00 -5.862679793058912736e+00
9.348684210526315042e+00 -5.842971015156476433e+00
9.382072368421050967e+00 -5.893957713225674411e+00
9.415460526315790446e+00 -5.856505086420086492e+00
9.448848684210526372e+00 -5.923035676285540063e+00
9.482236842105264074e+00 -5.963999889357889828e+00
9.515625000000000000e+00 -5.896467647402945822e+00
9.549013157894735926e+00 -6.004374938159969588e+00
9.582401315789473628e+00 -5.997280538136323891e+00
9.615789473684209554e+00 -6.048212062529384703e+00
9.649177631578949033e+00 -6.044277126741710582e+00
9.682565789473683182e+00 -6.086808902316641401e+00
9.715953947368419108e+00 -6.153669283939605883e+00
9.749342105263156810e+00 -6.105420943975591541e+00
9.782730263157894512e+00 -6.166037945038642221e+00
9.816118421052632215e+00 -6.128984315529354632e+00
9.849506578947368141e+00 -6.168406747048289063e+00
9.882894736842105843e+00 -6.212055657073236148e+00
9.916282894736841769e+00 -6.273542227576472285e+00
9.949671052631577695e+00 -6.220079527912460549e+00
9.983059210526315397e+00 -6.236734542992709684e+00
1.001644736842105310e+01 -6.283631850517283013e+00
1.004983552631579080e+01 -6.252283908357196829e+00
1.008322368421052673e+01 -6.285538950220662002e+00
1.011661184210526265e+01 -6.299163848197681936e+00
1.015000000000000036e+01 -6.268202864754700343e+00
1.018338815789473628e+01 -6.235073675584524189e+00
1.021677631578947398e+01 -6.247608981814634532e+00
1.025016447368420991e+01 -6.255606983354295103e+00
1.028355263157894584e+01 -6.253657396913911981e+00
1.031694078947368354e+01 -6.252598208948743519e+00
1.035032894736842124e+01 -6.270528806792840193e+00
1.038371710526315894e+01 -6.309276804368049163e+00
1.041710526315789487e+01 -6.297993314147905863e+00
1.045049342105263079e+01 -6.342278138934625886e+00
1.048388157894736850e+01 -6.380247742007179923e+00
1.051726973684210442e+01 -6.412177994540638082e+00
1.055065789473684212e+01 -6.459838864059905816e+00
1.058404605263157805e+01 -6.378807932888138410e+00
1.061743421052631575e+01 -6.413446518509639205e+00
1.065082236842105168e+01 -6.462118875971492926e+00
1.068421052631578760e+01 -6.381586602508864559e+00
1.071759868421052708e+01 -6.380427228786654581e+00
1.075098684210526301e+01 -6.368553654621831761e+00
1.078437500000000071e+01 -6.431535540183477728e+00
1.081776315789473664e+01 -6.353455444092269921e+00
1.085115131578947256e+01 -6.404850487895274114e+00
1.088453947368421026e+01 -6.354355929794361479e+00
1.091792763157894619e+01 -6.373501004316250551e+00
1.095131578947368567e+01 -6.425002540620127434e+00
1.098470394736842159e+01 -6.380698895986892438e+00
1.101809210526315752e+01 -6.374620923597444921e+00
1.105148026315789345e+01 -6.405814421313690055e+00
1.108486842105263115e+01 -6.369227572197537768e+00
1.111825657894736885e+01 -6.387513946021281086e+00
1.115164473684210478e+01 -6.463337786129192075e+00
1.118503289473684248e+01 -6.451271024747851968e+00
1.121842105263157841e+01 -6.410419176136114672e+00
1.125180921052631433e+01 -6.454692993826877334e+00
1.128519736842105381e+01 -6.471508225571708905e+00
1.131858552631578974e+01 -6.507979592592923801e+00
1.135197368421052744e+01 -6.539820286542670225e+00
1.138536184210526336e+01 -6.410156052514215830e+00
1.141874999999999929e+01 -6.392721249353765955e+00
1.145213815789473699e+01 -6.425365191775904705e+00
1.148552631578947292e+01 -6.438319342526142464e+00
1.151891447368421062e+01 -6.485982748816550902e+00
1.155230263157894655e+01 -6.478976690597170851e+00
1.158569078947368247e+01 -6.474005584995206952e+00
1.161907894736842017e+01 -6.454834385702427291e+00
1.165246710526315788e+01 -6.427288271694346022e+00
1.168585526315789558e+01 -6.466487275780434807e+00
1.171924342105263150e+01 -6.481096327299122883e+00
1.175263157894736921e+01 -6.481278179406924522e+00
1.178601973684210513e+01 -6.491893182748375679e+00
1.181940789473684106e+01 -6.472945173397540941e+00
1.185279605263157876e+01 -6.492184028026607656e+00
1.188618421052631646e+01 -6.517385833711140997e+00
1.191957236842105416e+01 -6.519213399010519439e+00
1.195296052631578831e+01 -6.547479986439520339e+00
1.198634868421052424e+01 -6.536636279275588102e+00
1.201973684210526372e+01 -6.564231191805959931e+00
1.205312499999999964e+01 -6.613226756428840503e+00
1.208651315789473735e+01 -6.628206316324757097e+00
1.211990131578947327e+01 -6.608239417631857293e+00
1.215328947368420920e+01 -6.594374817684020229e+00
1.218667763157894690e+01 -6.573886562006689083e+00
1.222006578947368460e+01 -6.584736045513988500e+00
1.225345394736842231e+01 -6.623847676401840801e+00
1.228684210526315823e+01 -6.630195691571577399e+00
1.232023026315789416e+01 -6.700861861708883538e+00
1.235361842105263186e+01 -6.714223692090402373e+00
1.238700657894736779e+01 -6.692127879452430150e+00
1.242039473684210549e+01 -6.705531892140697892e+00
1.245378289473684141e+01 -6.719369129707365218e+00
1.248717105263157912e+01 -6.739755189832481008e+00
1.252055921052631504e+01 -6.736723298551710037e+00
1.255394736842105097e+01 -6.731942596769244780e+00
1.258733552631579045e+01 -6.767295749379321990e+00
1.262072368421052637e+01 -6.853869161058558923e+00
1.265411184210526407e+01 -6.847334356535426991e+00
1.268750000000000000e+01 -6.824318104677582930e+00
1.272088815789473415e+01 -6.836327327842638191e+00
1.275427631578947363e+01 -6.839708826904136174e+00
1.278766447368420955e+01 -6.863342931565578731e+00
1.282105263157894903e+01 -6.902493235942189997e+00
1.285444078947368318e+01 -6.943851768230818955e+00
1.288782894736842088e+01 -6.981015687746776166e+00
1.292121710526315681e+01 -7.007514310770015520e+00
1.295460526315789451e+01 -7.001663129523753248e+00
1.298799342105263221e+01 -7.009584070049667659e+00
1.302138157894736992e+01 -7.035110063409823589e+00
1.305476973684210584e+01 -7.057210081708642058e+00
1.308815789473683999e+01 -7.069709863873483435e+00
1.312154605263157769e+01 -7.086570622189733548e+00
1.315493421052631540e+01 -7.122094819456149750e+00
1.318832236842105310e+01 -7.240372858902636821e+00
1.322171052631578902e+01 -7.267351977871524760e+00
1.325509868421052673e+01 -7.208728631465401548e+00
1.328848684210526088e+01 -7.233991110844610439e+00
1.332187500000000036e+01 -7.281255918733091193e+00
1.335526315789473628e+01 -7.303780864940049966e+00
1.338865131578947576e+01 -7.354337493690019656e+00
1.342203947368420991e+01 -7.350071498915379919e+00
1.345542763157894761e+01 -7.402027635286974494e+00
1.348881578947368354e+01 -7.435760387245080594e+00
1.352220394736841946e+01 -7.444511248211929555e+00
1.355559210526315894e+01 -7.512593707846956903e+00
1.358898026315789309e+01 -7.518637866856758833e+00
1.362236842105263079e+01 -7.498148830460019454e+00
1.365575657894736672e+01 -7.503582412131881263e+00
1.368914473684210442e+01 -7.600544923682757137e+00
1.372253289473684212e+01 -7.650541205433144754e+00
1.375592105263157983e+01 -7.731833131627110056e+00
1.378930921052631575e+01 -7.731414391328050861e+00
1.382269736842105345e+01 -7.682567259648719116e+00
1.385608552631578760e+01 -7.759682143885164862e+00
1.388947368421052708e+01 -7.809725037983797691e+00
1.392286184210526301e+01 -7.856332913038849952e+00
1.395624999999999893e+01 -7.869573936397435965e+00
1.398963815789473664e+01 -7.836125358699836063e+00
1.402302631578947079e+01 -7.875472223901575752e+00
1.405641447368421026e+01 -8.032986563371748545e+00
1.408980263157894619e+01 -8.053811064205852688e+00
1.412319078947368567e+01 -8.069665480784564693e+00
1.415657894736841982e+01 -8.106914826187578527e+00
1.418996710526315752e+01 -8.141155284752739973e+00
1.422335526315789345e+01 -8.179328546030138369e+00
1.425674342105263115e+01 -8.360292088621729789e+00
1.429013157894736885e+01 -8.243357744822192856e+00
1.432351973684210655e+01 -8.192840594210894167e+00
1.435690789473684248e+01 -8.350299904964963105e+00
1.439029605263158018e+01 -8.466751709041853147e+00
1.442368421052631433e+01 -8.532998603151821015e+00
1.445707236842105203e+01 -8.552405607333760429e+00
1.449046052631578974e+01 -8.600286755435279318e+00
1.452384868421052566e+01 -8.547598928676746866e+00
1.455723684210526336e+01 -8.561879003680857636e+00
1.459062499999999751e+01 -8.727013207182785948e+00
1.462401315789473699e+01 -9.084113769124886772e+00
1.465740131578947292e+01 -8.664763427816472685e+00
1.469078947368421240e+01 -8.688925137399788667e+00
1.472417763157894655e+01 -8.611819773145560575e+00
1.475756578947368425e+01 -8.679237780930625590e+00
1.479095394736842017e+01 -8.903714797746941301e+00
1.482434210526315788e+01 -8.765566199413308723e+00
1.485773026315789558e+01 -8.713886681884263297e+00
1.489111842105262973e+01 -8.772047010831682812e+00
1.492450657894736921e+01 -8.601187603774448576e+00
1.495789473684210336e+01 -8.548197812043477839e+00
1.499128289473684106e+01 -8.580712658337869669e+00
1.502467105263157876e+01 -8.629565574087219915e+00
1.505805921052631646e+01 -8.668400861971750970e+00
1.509144736842105239e+01 -8.608476759260218714e+00
1.512483552631579009e+01 -8.621131806405401221e+00
1.515822368421052424e+01 -8.587031983920303091e+00
1.519161184210526372e+01 -8.614467609512551860e+00
1.522499999999999964e+01 -8.720690881147016071e+00
1.525838815789473912e+01 -8.934582574935223676e+00
1.529177631578947327e+01 -8.855460814585066842e+00
1.532516447368420742e+01 -8.638904553178587520e+00
1.535855263157894690e+01 -8.536658805903979186e+00
1.539194078947368283e+01 -8.474571852034943120e+00
1.542532894736842231e+01 -8.461712866518240617e+00
1.545871710526315645e+01 -8.527233701318881032e+00
1.549210526315789416e+01 -8.643453955258030064e+00
1.552549342105263008e+01 -8.857653716285684098e+00
1.555888157894736779e+01 -9.052923714612232331e+00
1.559226973684210549e+01 -8.999562308518690656e+00
1.562565789473684319e+01 -8.845961796853135439e+00
1.565904605263157912e+01 -8.713179738022535759e+00
1.569243421052631682e+01 -8.730912526506342530e+00
1.572582236842105097e+01 -8.946524498057586428e+00
1.575921052631578867e+01 -9.130122603191933806e+00
1.579259868421052637e+01 -9.130629577732060298e+00
1.582598684210526230e+01 -8.987484517924471561e+00
1.585937500000000000e+01 -8.795108735416024004e+00
1.589276315789473415e+01 -8.677522342463781513e+00
1.592615131578947363e+01 -8.668653215887736962e+00
1.595953947368420955e+01 -8.777347679528967106e+00
1.599292763157894903e+01 -8.957980944543399104e+00
1.602631578947368496e+01 -9.072241526488950214e+00
1.605970394736842266e+01 -9.048613683146658815e+00
1.609309210526315681e+01 -9.017748392793972556e+00
1.612648026315789451e+01 -8.908080273169842300e+00
1.615986842105263221e+01 -8.786809236245966659e+00
1.619325657894736992e+01 -8.770086348403937748e+00
1.622664473684210407e+01 -8.879917617435850730e+00
1.626003289473683822e+01 -9.019160577848140292e+00
1.629342105263157947e+01 -9.225487490047273198e+00
1.632680921052631362e+01 -9.490228298249304473e+00
1.636019736842105488e+01 -9.531529930183349819e+00
1.639358552631578902e+01 -9.314683213741611567e+00
1.642697368421052673e+01 -9.233106771945212898e+00
1.646036184210526443e+01 -9.323300485721278008e+00
1.649374999999999858e+01 -9.376879929489721377e+00
1.652713815789473628e+01 -9.313543371852404107e+00
1.656052631578947398e+01 -9.186102292089051602e+00
1.659391447368421169e+01 -9.078858095402493333e+00
1.662730263157894584e+01 -8.974418008514790657e+00
1.666069078947368354e+01 -8.919290895401694286e+00
1.669407894736842124e+01 -8.909282869507251235e+00
1.672746710526315539e+01 -8.924722344931907969e+00
1.676085526315789309e+01 -8.956209120670257207e+00
1.679424342105263079e+01 -9.003723990623816675e+00
1.682763157894736494e+01 -9.066691615584989705e+00
1.686101973684210620e+01 -9.127590429477312028e+00
1.689440789473684035e+01 -9.175422018704461280e+00
1.692779605263158160e+01 -9.217510887357336813e+00
1.696118421052631575e+01 -9.297128105392292952e+00
1.699457236842105345e+01 -9.427258839585439532e+00
1.702796052631579116e+01 -9.626897621182084919e+00
1.706134868421052531e+01 -9.975905243563984115e+00
1.709473684210526301e+01 -9.806787096110404889e+00
1.712812500000000071e+01 -9.484238604765373282e+00
1.716151315789473841e+01 -9.312538895414094853e+00
1.719490131578947256e+01 -9.217727231726534853e+00
1.722828947368421026e+01 -9.156785200953912351e+00
1.726167763157894797e+01 -9.112751710013062834e+00
1.729506578947368212e+01 -9.085077047808407968e+00
1.732845394736841982e+01 -9.071140659613194046e+00
1.736184210526315752e+01 -9.066043734439716673e+00
1.739523026315789167e+01 -9.063013008632994527e+00
1.742861842105263293e+01 -9.065834718889908217e+00
1.746200657894736707e+01 -9.079646887013817391e+00
1.749539473684210833e+01 -9.108090237459970595e+00
1.752878289473684248e+01 -9.150148481586336757e+00
1.756217105263157663e+01 -9.209864736059296675e+00
1.759555921052631788e+01 -9.293243488442900713e+00
1.762894736842104848e+01 -9.414968755388633426e+00
1.766233552631578974e+01 -9.581967761801365668e+00
1.769572368421052744e+01 -9.814286062518050358e+00
1.772911184210526159e+01 -9.970056082374540551e+00
1.776249999999999929e+01 -9.765211548713882195e+00
1.779588815789473699e+01 -9.567621081582158737e+00
1.782927631578947469e+01 -9.433736515472437745e+00
1.786266447368420884e+01 -9.338225379744505616e+00
1.789605263157894655e+01 -9.266229291570558857e+00
1.792944078947368425e+01 -9.211339928333149629e+00
1.796282894736841840e+01 -9.172246684767241476e+00
1.799621710526315610e+01 -9.146680765103416988e+00
1.802960526315789380e+01 -9.133081200196357941e+00
1.806299342105263150e+01 -9.131143734717298344e+00
1.809638157894736921e+01 -9.140390056175368372e+00
1.812976973684210336e+01 -9.162513434751051733e+00
1.816315789473684461e+01 -9.196395997047844162e+00
1.819654605263157521e+01 -9.243296240103703099e+00
1.822993421052631646e+01 -9.304820297053158384e+00
1.826332236842105416e+01 -9.386626089021756769e+00
1.829671052631578831e+01 -9.496112084009075360e+00
1.833009868421052602e+01 -9.646099306861337652e+00
1.836348684210526372e+01 -9.860764926436228706e+00
1.839687500000000142e+01 -1.006186867459884660e+01
1.843026315789473557e+01 -9.880177707248501306e+00
1.846365131578947327e+01 -9.664269761072926457e+00
1.849703947368421098e+01 -9.517559086573561089e+00
1.853042763157894512e+01 -9.414358384205723240e+00
1.856381578947368283e+01 -9.340299097579386256e+00
1.859720394736842053e+01 -9.287021353572473714e+00
1.863059210526315823e+01 -9.250461205888816707e+00
1.866398026315789238e+01 -9.227571092838104505e+00
1.869736842105263008e+01 -9.216144975776909831e+00
1.873075657894737134e+01 -9.215288024872636541e+00
1.876414473684210193e+01 -9.224733785053045310e+00
1.879753289473684319e+01 -9.244587351093016991e+00
1.883092105263158089e+01 -9.275773246555361951e+00
1.886430921052631504e+01 -9.319589997435722140e+00
1.889769736842105274e+01 -9.379626444812391384e+00
1.893108552631578689e+01 -9.460143452756016202e+00
1.896447368421052815e+01 -9.569376275355908845e+00
1.899786184210526230e+01 -9.722490900833232530e+00
1.903125000000000000e+01 -9.946555470923655662e+00
1.906463815789473770e+01 -1.015186450677365393e+01
1.909802631578947185e+01 -9.955110211670183062e+00
1.913141447368420955e+01 -9.740426647652414616e+00
1.916480263157894726e+01 -9.595713750996319291e+00
1.919819078947368496e+01 -9.494567136940382568e+00
1.923157894736841911e+01 -9.421513856995083813e+00
1.926496710526315681e+01 -9.368588480733281543e+00
1.929835526315789807e+01 -9.331218182376806780e+00
1.933174342105262866e+01 -9.306803858732893175e+00
1.936513157894736636e+01 -9.293942357782530195e+00
1.939851973684210762e+01 -9.291925043020782482e+00
1.943190789473683822e+01 -9.300682063963993329e+00
1.946529605263157947e+01 -9.320417635851912408e+00
1.949868421052631362e+01 -9.351963886554854000e+00
1.953207236842105488e+01 -9.396742143025312188e+00
1.956546052631578902e+01 -9.457316064424777124e+00
1.959884868421052673e+01 -9.537828213670879407e+00
1.963223684210526443e+01 -9.645838949609647273e+00
1.966562499999999858e+01 -9.795693472465975660e+00
1.969901315789473628e+01 -1.001099448770081324e+01
1.973240131578947398e+01 -1.021220828572479000e+01
1.976578947368421169e+01 -1.003721861957115635e+01
1.979917763157894584e+01 -9.823104288084440583e+00
1.983256578947368354e+01 -9.676052563681977858e+00
1.986595394736842124e+01 -9.572912743492413057e+00
1.989934210526315539e+01 -9.498511386421201408e+00
1.993273026315789309e+01 -9.444790898305233995e+00
1.996611842105263079e+01 -9.407158551757655474e+00
1.999950657894736494e+01 -9.382836082552257650e+00
2.003289473684210620e+01 -9.370204084223569652e+00
2.006628289473684035e+01 -9.368336393455930278e+00
2.009967105263158160e+01 -9.376896613723552321e+00
2.013305921052631575e+01 -9.396094565303764412e+00
2.016644736842105345e+01 -9.426723566717374325e+00
2.019983552631579116e+01 -9.470328705809283321e+00
2.023322368421052531e+01 -9.529624130570573115e+00
2.026661184210526301e+01 -9.609068823819185923e+00
2.030000000000000071e+01 -9.716643173106193743e+00
2.033338815789473841e+01 -9.867230604596946009e+00
2.036677631578947256e+01 -1.008662567748361738e+01
2.040016447368421026e+01 -1.030156331734364805e+01
2.043355263157894797e+01 -1.011952724704538653e+01
2.046694078947368212e+01 -9.900999391049746023e+00
2.050032894736841982e+01 -9.753201023042990414e+00
2.053371710526315752e+01 -9.649913065947998803e+00
2.056710526315789167e+01 -9.575312160964941199e+00
2.060049342105263293e+01 -9.521081701950356191e+00
2.063388157894736707e+01 -9.482646588460045933e+00
2.066726973684210833e+01 -9.457420589280280510e+00
2.070065789473684248e+01 -9.443927451066862488e+00
2.073404605263157663e+01 -9.441402866980736164e+00
2.076743421052631788e+01 -9.449593740893870830e+00
2.080082236842104848e+01 -9.468724203148047636e+00
2.083421052631578974e+01 -9.499529041755707226e+00
2.086759868421052744e+01 -9.543373234247660264e+00
2.090098684210526159e+01 -9.602659250796810042e+00
2.093437499999999929e+01 -9.681564963249231326e+00
2.096776315789473699e+01 -9.787546834939600870e+00
2.100115131578947469e+01 -9.934517467354417875e+00
2.103453947368420884e+01 -1.014635376119848864e+01
2.106792763157894655e+01 -1.036155659954527763e+01
2.110131578947368425e+01 -1.020035199510659218e+01
2.113470394736841840e+01 -9.980806838955828653e+00
2.116809210526315610e+01 -9.830241652895937321e+00
2.120148026315789380e+01 -9.724923361654028042e+00
2.123486842105263150e+01 -9.649063196806382692e+00
2.126825657894736921e+01 -9.594248275995337139e+00
2.130164473684210336e+01 -9.555723748037477705e+00
2.133503289473684461e+01 -9.530644355980697924e+00
2.136842105263157521e+01 -9.517267855001410481e+00
2.140180921052631646e+01 -9.514607695097847540e+00
2.143519736842105416e+01 -9.522319244787595949e+00
2.146858552631578831e+01 -9.540626796690878209e+00
2.150197368421052602e+01 -9.570333907129485951e+00
2.153536184210526372e+01 -9.612956087911094016e+00
2.156875000000000142e+01 -9.671109691513253281e+00
2.160213815789473557e+01 -9.749189037780048750e+00
2.163552631578947327e+01 -9.854816231044557284e+00
2.166891447368421098e+01 -1.000222207097137606e+01
2.170230263157894512e+01 -1.021676630089881677e+01
2.173569078947368283e+01 -1.044454585029657601e+01
2.176907894736842053e+01 -1.028147786602243841e+01
2.180246710526315823e+01 -1.005770420168221868e+01
2.183585526315789238e+01 -9.905994786272852792e+00
2.186924342105263008e+01 -9.800212914662660424e+00
2.190263157894737134e+01 -9.723817642789191140e+00
2.193601973684210193e+01 -9.668213607601181536e+00
2.196940789473684319e+01 -9.628687565723014430e+00
2.200279605263158089e+01 -9.602530958438439512e+00
2.203618421052631504e+01 -9.588178707651090704e+00
2.206957236842105274e+01 -9.584823428742991425e+00
2.210296052631578689e+01 -9.592186858090428814e+00
2.213634868421052815e+01 -9.610437050849782281e+00
2.216973684210526230e+01 -9.640237004923100983e+00
2.220312500000000000e+01 -9.682911537399432333e+00
2.223651315789473770e+01 -9.740808828679103470e+00
2.226990131578947185e+01 -9.817962678741725568e+00
2.230328947368420955e+01 -9.921569655877556571e+00
2.233667763157894726e+01 -1.006515695155494150e+01
2.237006578947368496e+01 -1.027316531296756530e+01
2.240345394736841911e+01 -1.050632874630117009e+01
2.243684210526315681e+01 -1.036558652538457892e+01
2.247023026315789807e+01 -1.013786133757750108e+01
2.250361842105262866e+01 -9.982200920729617621e+00
2.253700657894736636e+01 -9.873909480332930144e+00
2.257039473684210762e+01 -9.796079309374968958e+00
2.260378289473683822e+01 -9.739787453548245821e+00
2.263717105263157947e+01 -9.700029935220447541e+00
2.267055921052631362e+01 -9.673829823261854699e+00
2.270394736842105488e+01 -9.659384895133054982e+00
2.273733552631578902e+01 -9.655713483461941138e+00
2.277072368421052673e+01 -9.662453408892666573e+00
2.280411184210526443e+01 -9.679803168847655570e+00
2.283749999999999858e+01 -9.708525803395604115e+00
2.287088815789473628e+01 -9.750075211671443753e+00
2.290427631578947398e+01 -9.806921229030818310e+00
2.293766447368421169e+01 -9.883188235166047164e+00
2.297105263157894584e+01 -9.986096465329337590e+00
2.300444078947368354e+01 -1.012917874193837164e+01
2.303782894736842124e+01 -1.033746190443724799e+01
2.307121710526315539e+01 -1.058115027294584287e+01
2.310460526315789309e+01 -1.044799202865128507e+01
2.313799342105263079e+01 -1.021595347626762873e+01
2.317138157894736494e+01 -1.005825714310335250e+01
2.320476973684210620e+01 -9.948757257452099267e+00
2.323815789473684035e+01 -9.869887450363375336e+00
2.327154605263158160e+01 -9.812520475686003607e+00
2.330493421052631575e+01 -9.771632210137076058e+00
2.333832236842105345e+01 -9.744337816287824694e+00
2.337171052631579116e+01 -9.728965702124259707e+00
2.340509868421052175e+01 -9.724623728817773483e+00
2.343848684210526301e+01 -9.730953409772125084e+00
2.347187500000000071e+01 -9.748065753955879487e+00
2.350526315789473841e+01 -9.776591285957625388e+00
2.353865131578947256e+01 -9.817789733614093350e+00
2.357203947368421026e+01 -9.873898902420014778e+00
2.360542763157894797e+01 -9.948831241948557391e+00
2.363881578947368212e+01 -1.004953390816516468e+01
2.367220394736841982e+01 -1.018907944297250090e+01
2.370559210526315752e+01 -1.039219967834548619e+01
2.373898026315789167e+01 -1.064482803492873231e+01
2.377236842105263293e+01 -1.053728107178015172e+01
2.380575657894736707e+01 -1.029806479245816142e+01
2.383914473684210833e+01 -1.013526688399669418e+01
2.387253289473684248e+01 -1.002293664650252758e+01
2.390592105263157663e+01 -9.942463267440412977e+00
2.393930921052631788e+01 -9.884184751479333286e+00
2.397269736842104848e+01 -9.842750272090244223e+00
2.400608552631578974e+01 -9.815045472821159578e+00
2.403947368421052744e+01 -9.799233909092867734e+00
2.407286184210526159e+01 -9.794310732454006185e+00
2.410624999999999929e+01 -9.799885284144190578e+00
2.413963815789473699e+01 -9.816095003796920793e+00
2.417302631578947469e+01 -9.843613129945914864e+00
2.420641447368420884e+01 -9.883773615725676365e+00
2.423980263157894655e+01 -9.938858215244255945e+00
2.427319078947368425e+01 -1.001270605762505816e+01
2.430657894736841840e+01 -1.011205590099745777e+01
2.433996710526315610e+01 -1.024960300410002390e+01
2.437335526315789380e+01 -1.044983248796789610e+01
2.440674342105263150e+01 -1.070971543129366665e+01
2.444013157894736921e+01 -1.062485905020388799e+01
2.447351973684210336e+01 -1.038034150215169937e+01
2.450690789473684461e+01 -1.021374141646755795e+01
2.454029605263157521e+01 -1.009907031202641292e+01
2.457368421052631646e+01 -1.001684508690703090e+01
2.460707236842105416e+01 -9.957098653359803819e+00
2.464046052631578831e+01 -9.914414173104919570e+00
2.467384868421052602e+01 -9.885653489192636201e+00
2.470723684210526372e+01 -9.868972044368488739e+00
2.474062500000000142e+01 -9.863352986541148226e+00
2.477401315789473557e+01 -9.868355057270544961e+00
2.480740131578947327e+01 -9.884019147431029495e+00
2.484078947368421098e+01 -9.910913393096281609e+00
2.487417763157894512e+01 -9.950261409683740510e+00
2.490756578947368283e+01 -1.000422071659259871e+01
2.494095394736842053e+01 -1.007648853833318725e+01
2.497434210526315823e+01 -1.017355251990241349e+01
2.500773026315789238e+01 -1.030759453378765400e+01
2.504111842105263008e+01 -1.050250275240580677e+01
2.507450657894737134e+01 -1.076795160038875743e+01
2.510789473684210193e+01 -1.071898976183412522e+01
2.514128289473684319e+01 -1.046658942703117923e+01
2.517467105263158089e+01 -1.029383849878943202e+01
2.520805921052631149e+01 -1.017577974272590602e+01
2.524144736842105274e+01 -1.009152958886642182e+01
2.527483552631578689e+01 -1.003045902028353531e+01
2.530822368421052815e+01 -9.986800712039771710e+00
2.534161184210526230e+01 -9.957220103276725354e+00
2.537500000000000000e+01 -9.939755793688895835e+00
2.540838815789473770e+01 -9.933323027723144349e+00
2.544177631578946830e+01 -9.937451506206318896e+00
2.547516447368421311e+01 -9.952177894503201117e+00
2.550855263157894726e+01 -9.978059157976288063e+00
2.554194078947368496e+01 -1.001630486911205864e+01
2.557532894736841911e+01 -1.006901970840966420e+01
2.560871710526316036e+01 -1.013974856942221514e+01
2.564210526315789807e+01 -1.023467242261771482e+01
2.567549342105262866e+01 -1.036533132853337591e+01
2.570888157894736636e+01 -1.055449840553629315e+01
2.574226973684210407e+01 -1.082019170937023844e+01
2.577565789473684177e+01 -1.081226161639351169e+01
2.580904605263157947e+01 -1.055523742732828474e+01
2.584243421052631362e+01 -1.037652925173976293e+01
2.587582236842105132e+01 -1.025491309433556886e+01
2.590921052631578902e+01 -1.016828958482119383e+01
2.594259868421052673e+01 -1.010546538006043349e+01
2.597598684210526443e+01 -1.006041495222569182e+01
2.600937499999999503e+01 -1.002967856837188521e+01
2.604276315789473983e+01 -1.001122127769938253e+01
2.607615131578947398e+01 -1.000389939347174817e+01
2.610953947368421169e+01 -1.000717908694771019e+01
2.614292763157894584e+01 -1.002104096061067651e+01
2.617631578947367998e+01 -1.004597745499313000e+01
2.620970394736842479e+01 -1.008309755280960296e+01
2.624309210526315539e+01 -1.013437303650564836e+01
2.627648026315789309e+01 -1.020315367617786428e+01
2.630986842105263079e+01 -1.029527351832659399e+01
2.634325657894736850e+01 -1.042153980660165580e+01
2.637664473684210620e+01 -1.060319696089444363e+01
2.641003289473684035e+01 -1.086344503537775097e+01
2.644342105263157805e+01 -1.090435916978656294e+01
2.647680921052631575e+01 -1.064689588461209979e+01
2.651019736842105345e+01 -1.046154617495908035e+01
2.654358552631579116e+01 -1.033595559705821998e+01
2.657697368421052175e+01 -1.024678836517593261e+01
2.661036184210525946e+01 -1.018214948093141992e+01
2.664375000000000071e+01 -1.013568285419487403e+01
2.667713815789473841e+01 -1.010375832927641859e+01
2.671052631578947256e+01 -1.008424067515051448e+01
2.674391447368420671e+01 -1.007591013897824617e+01
2.677730263157895152e+01 -1.007818024568629767e+01
2.681069078947368212e+01 -1.009098079437974249e+01
2.684407894736841982e+01 -1.011475369684412051e+01
2.687746710526315752e+01 -1.015054158985425303e+01
2.691085526315789522e+01 -1.020020157402904637e+01
2.694424342105263293e+01 -1.026687596265855795e+01
2.697763157894736707e+01 -1.035597246360134527e+01
2.701101973684210478e+01 -1.047732165843431673e+01
2.704440789473683893e+01 -1.064974285660457731e+01
2.707779605263158018e+01 -1.089558392907816220e+01
2.711118421052631788e+01 -1.098232476738597008e+01
2.714457236842104848e+01 -1.073901467646912700e+01
2.717796052631578618e+01 -1.054875702963184203e+01
2.721134868421052744e+01 -1.041929901917129797e+01
2.724473684210526159e+01 -1.032746493228154527e+01
2.727812499999999929e+01 -1.026087524900583503e+01
2.731151315789473344e+01 -1.021287734010174653e+01
2.734490131578947825e+01 -1.017966746223768837e+01
2.737828947368420884e+01 -1.015900244666970842e+01
2.741167763157894655e+01 -1.014958615121756402e+01
2.744506578947368425e+01 -1.015077573735417538e+01
2.747845394736841484e+01 -1.016245021530751025e+01
2.751184210526315965e+01 -1.018498346279080202e+01
2.754523026315789380e+01 -1.021931727210729512e+01
2.757861842105263150e+01 -1.026715921852682634e+01
2.761200657894736565e+01 -1.033138715601948832e+01
2.764539473684210691e+01 -1.041688430063807758e+01
2.767878289473684461e+01 -1.053228077759226977e+01
2.771217105263157521e+01 -1.069314701619423680e+01
2.774555921052631291e+01 -1.091569592817648626e+01
2.777894736842105416e+01 -1.103108571273141258e+01
2.781233552631578831e+01 -1.082501858739103184e+01
2.784572368421052602e+01 -1.063554375109488070e+01
2.787911184210526017e+01 -1.050371656839562817e+01
2.791249999999999787e+01 -1.040975805566141865e+01
2.794588815789473557e+01 -1.034144689410020668e+01
2.797927631578947327e+01 -1.029201780190284055e+01
2.801266447368421098e+01 -1.025756447049893083e+01
2.804605263157894157e+01 -1.023576353169778130e+01
2.807944078947368638e+01 -1.022525476187776228e+01
2.811282894736842053e+01 -1.022534057544835484e+01
2.814621710526315823e+01 -1.023583932569999355e+01
2.817960526315789238e+01 -1.025705108096359552e+01
2.821299342105263364e+01 -1.028980755380355738e+01
2.824638157894737134e+01 -1.033563942334496488e+01
2.827976973684210193e+01 -1.039710529746704282e+01
2.831315789473683964e+01 -1.047843286083636904e+01
2.834654605263157734e+01 -1.058670085885138512e+01
2.837993421052631504e+01 -1.073321181827927973e+01
2.841332236842105274e+01 -1.092385753385860525e+01
2.844671052631578689e+01 -1.103859813208537588e+01
2.848009868421052460e+01 -1.089155885700168902e+01
2.851348684210526230e+01 -1.071590324798017235e+01
2.854687500000000000e+01 -1.058600858920455678e+01
2.858026315789473770e+01 -1.049172240362356234e+01
2.861365131578946830e+01 -1.042260535132087895e+01
2.864703947368421311e+01 -1.037228852653084665e+01
2.868042763157894726e+01 -1.033694966292436490e+01
2.871381578947368496e+01 -1.031426647310930100e+01
2.874720394736841911e+01 -1.030285191813522339e+01
2.878059210526316036e+01 -1.030196740751104834e+01
2.881398026315789807e+01 -1.031137459375393739e+01
2.884736842105262866e+01 -1.033129888202849500e+01
2.888075657894736636e+01 -1.036245029781476568e+01
2.891414473684210407e+01 -1.040614723685144760e+01
2.894753289473684177e+01 -1.046454611534105794e+01
2.898092105263157947e+01 -1.054102252076535429e+01
2.901430921052631362e+01 -1.064065584338343129e+01
2.904769736842105132e+01 -1.076947030029729646e+01
2.908108552631578902e+01 -1.092164774815418227e+01
2.911447368421052673e+01 -1.101096041477130072e+01
2.914786184210526443e+01 -1.092202944000012543e+01
2.918124999999999503e+01 -1.077808892491903059e+01
2.921463815789473983e+01 -1.065883572534784562e+01
2.924802631578947398e+01 -1.056847920323088985e+01
2.928141447368421169e+01 -1.050093620156051166e+01
2.931480263157894584e+01 -1.045121586553161741e+01
2.934819078947367998e+01 -1.041600584059954571e+01
2.938157894736842479e+01 -1.039318738083055571e+01
2.941496710526315539e+01 -1.038145557500976324e+01
2.944835526315789309e+01 -1.038008729246196538e+01
2.948174342105263079e+01 -1.038881420128563704e+01
2.951513157894736850e+01 -1.040778289719716732e+01
2.954851973684210620e+01 -1.043755814518081948e+01
2.958190789473684035e+01 -1.047918279417495313e+01
2.961529605263157805e+01 -1.053427797156289003e+01
2.964868421052631575e+01 -1.060509580334079516e+01
2.968207236842105345e+01 -1.069414117819664156e+01
2.971546052631579116e+01 -1.080137422065615560e+01
2.974884868421052175e+01 -1.091129704166565872e+01
2.978223684210525946e+01 -1.096484145113634767e+01
2.981562500000000071e+01 -1.091143367325727453e+01
2.984901315789473841e+01 -1.080820329850785022e+01
2.988240131578947256e+01 -1.071021973555673945e+01
2.991578947368420671e+01 -1.063069499570100263e+01
2.994917763157895152e+01 -1.056916492831723353e+01
2.998256578947368212e+01 -1.052309350662357446e+01
3.001595394736841982e+01 -1.049025005110267728e+01
3.004934210526315752e+01 -1.046903790752563523e+01
3.008273026315789522e+01 -1.045840804903028065e+01
3.011611842105263293e+01 -1.045775716767010444e+01
3.014950657894736707e+01 -1.046685198220111523e+01
3.018289473684210478e+01 -1.048577747768898583e+01
3.021628289473683893e+01 -1.051494056616298600e+01
3.024967105263158018e+01 -1.055501343407773795e+01
3.028305921052631788e+01 -1.060687454593665535e+01
3.031644736842104848e+01 -1.067119924813310661e+01
3.034983552631578618e+01 -1.074717564751313503e+01
3.038322368421052744e+01 -1.082850240684712695e+01
3.041661184210526159e+01 -1.089508114073676914e+01
3.044999999999999929e+01 -1.091310609574035517e+01
3.048338815789473344e+01 -1.087200480446454343e+01
3.051677631578947825e+01 -1.080118688007804550e+01
3.055016447368420884e+01 -1.072883329881206294e+01
3.058355263157894655e+01 -1.066631287973294384e+01
3.061694078947368425e+01 -1.061615779586491826e+01
3.065032894736841484e+01 -1.057807535022987899e+01
3.068371710526315965e+01 -1.055116650739834405e+01
3.071710526315789380e+01 -1.053458926766817250e+01
3.075049342105263150e+01 -1.052772655977353011e+01
3.078388157894736565e+01 -1.053022062789237445e+01
3.081726973684210691e+01 -1.054192990144000674e+01
3.085065789473684461e+01 -1.056291753436077308e+01
3.088404605263157521e+01 -1.059336185294103494e+01
3.091743421052631291e+01 -1.063341297961534337e+01
3.095082236842105416e+01 -1.068279827573767982e+01
3.098421052631578831e+01 -1.073987175354874957e+01
3.101759868421052602e+01 -1.079958485051083805e+01
3.105098684210526017e+01 -1.085044236660252004e+01
3.108437499999999787e+01 -1.087499489821614418e+01
3.111776315789473557e+01 -1.086222636234355576e+01
3.115115131578947327e+01 -1.082019153242723597e+01
3.118453947368421098e+01 -1.076646471476911771e+01
3.121792763157894157e+01 -1.071385846231357242e+01
3.125131578947368638e+01 -1.066833652273666111e+01
3.128470394736842053e+01 -1.063191767043289104e+01
3.131809210526315823e+01 -1.060500737991778308e+01
3.135148026315789238e+01 -1.058744177284415855e+01
3.138486842105263364e+01 -1.057896911370371384e+01
3.141825657894737134e+01 -1.057938319648285663e+01
3.145164473684210193e+01 -1.058861162269505840e+01
3.148503289473683964e+01 -1.060664902611170923e+01
3.151842105263157734e+01 -1.063354427743918151e+01
3.155180921052631504e+01 -1.066915635673320750e+01
3.158519736842105274e+01 -1.071275952678797516e+01
3.161858552631578689e+01 -1.076208952113561956e+01
3.165197368421052460e+01 -1.081166670630492632e+01
3.168536184210526230e+01 -1.085106878497428085e+01
3.171875000000000000e+01 -1.086692437033879344e+01
