0.000000000000000000e+00 0.000000000000000000e+00
3.200000000000000178e+00 2.702287548851806493e-07
6.400000000000000355e+00 5.336973398686571194e-07
9.599999999999999645e+00 7.914397395857543101e-07
1.280000000000000071e+01 1.043267468945837194e-06
1.600000000000000000e+01 1.289389890362285579e-06
1.919999999999999929e+01 1.529804986723166907e-06
2.239999999999999858e+01 1.764634497962083845e-06
2.560000000000000142e+01 1.993918586582350354e-06
2.880000000000000071e+01 2.217755800620588363e-06
3.200000000000000000e+01 2.436202338493936544e-06
3.520000000000000284e+01 2.649348198643669566e-06
3.839999999999999858e+01 2.857257604714041675e-06
4.160000000000000142e+01 3.060016863973972484e-06
4.479999999999999716e+01 3.257694931601233399e-06
4.800000000000000000e+01 3.450376379296514052e-06
5.120000000000000284e+01 3.638133237628510011e-06
5.439999999999999858e+01 3.821049204752026030e-06
5.760000000000000142e+01 3.999198414440251450e-06
6.079999999999999716e+01 4.172664071198475583e-06
6.400000000000000000e+01 4.341521766820132274e-06
6.720000000000000284e+01 4.505854355866830694e-06
7.040000000000000568e+01 4.665738415588858340e-06
7.359999999999999432e+01 4.821256468158109671e-06
7.679999999999999716e+01 4.972485702961945936e-06
8.000000000000000000e+01 5.119508257647640179e-06
8.320000000000000284e+01 5.262401622256392598e-06
8.640000000000000568e+01 5.401247457138232119e-06
8.959999999999999432e+01 5.536123282576997777e-06
9.279999999999999716e+01 5.667110166662002995e-06
9.600000000000000000e+01 5.794285419761270324e-06
9.920000000000000284e+01 5.917729390167154536e-06
1.024000000000000057e+02 6.037518960160506351e-06
1.055999999999999943e+02 6.153733624836566212e-06
1.087999999999999972e+02 6.266449638937023114e-06
1.120000000000000000e+02 6.375745509983162597e-06
1.152000000000000028e+02 6.481696681799201264e-06
1.184000000000000057e+02 6.584380542206965668e-06
1.215999999999999943e+02 6.683871554951634330e-06
1.247999999999999972e+02 6.780245859304023334e-06
1.280000000000000000e+02 6.873576782189481678e-06
1.311999999999999886e+02 6.963939091702764568e-06
1.344000000000000057e+02 7.051404835172144002e-06
1.375999999999999943e+02 7.136047294117655188e-06
1.408000000000000114e+02 7.217937104049187080e-06
1.440000000000000000e+02 7.297145950814233301e-06
1.471999999999999886e+02 7.373742938493278029e-06
1.504000000000000057e+02 7.447798059037368474e-06
1.535999999999999943e+02 7.519378778141208278e-06
1.568000000000000114e+02 7.588553302867151542e-06
1.600000000000000000e+02 7.655387362364139578e-06
1.631999999999999886e+02 7.719947296350462447e-06
1.664000000000000057e+02 7.782297011906945568e-06
1.695999999999999943e+02 7.842500910017266767e-06
1.728000000000000114e+02 7.900621001304812912e-06
1.760000000000000000e+02 7.956719685213419827e-06
1.791999999999999886e+02 8.010857011427266128e-06
1.824000000000000057e+02 8.063093324451287998e-06
1.855999999999999943e+02 8.113486659255506964e-06
1.888000000000000114e+02 8.162095261697877035e-06
1.920000000000000000e+02 8.208975108705142653e-06
1.951999999999999886e+02 8.254182313302651011e-06
1.984000000000000057e+02 8.297770760783360010e-06
2.015999999999999943e+02 8.339794405777124883e-06
2.048000000000000114e+02 8.380305017610435397e-06
2.080000000000000000e+02 8.419354376138990384e-06
2.111999999999999886e+02 8.456992120056981482e-06
2.144000000000000057e+02 8.493267846528835809e-06
2.175999999999999943e+02 8.528229057104621898e-06
2.208000000000000114e+02 8.561923166283060303e-06
2.240000000000000000e+02 8.594395540827080827e-06
2.271999999999999886e+02 8.625691421017345079e-06
2.304000000000000057e+02 8.655854048847838226e-06
2.335999999999999943e+02 8.684926505421967637e-06
2.368000000000000114e+02 8.712949925084629381e-06
2.400000000000000000e+02 8.739965252316986746e-06
2.431999999999999886e+02 8.766011538430627041e-06
2.464000000000000057e+02 8.791127620051878460e-06
2.495999999999999943e+02 8.815350495632906416e-06
2.528000000000000114e+02 8.838716928244039686e-06
2.560000000000000000e+02 8.861261899864595473e-06
2.591999999999999886e+02 8.883020140517134064e-06
2.623999999999999773e+02 8.904024658035304422e-06
2.656000000000000227e+02 8.924308195099672506e-06
2.688000000000000114e+02 8.943901832166845068e-06
2.720000000000000000e+02 8.962836373498903774e-06
2.751999999999999886e+02 8.981141021494787430e-06
2.783999999999999773e+02 8.998844693934604668e-06
2.816000000000000227e+02 9.015974769377464994e-06
2.848000000000000114e+02 9.032558337443794959e-06
2.880000000000000000e+02 9.048621013006288326e-06
2.911999999999999886e+02 9.064188118922117190e-06
2.943999999999999773e+02 9.079283566521818393e-06
2.976000000000000227e+02 9.093930972406081561e-06
3.008000000000000114e+02 9.108152605903337148e-06
3.040000000000000000e+02 9.121970442371978970e-06
3.071999999999999886e+02 9.135405175819321050e-06
3.103999999999999773e+02 9.148477207501533038e-06
3.136000000000000227e+02 9.161205721004300761e-06
3.168000000000000114e+02 9.173609607780804656e-06
3.200000000000000000e+02 9.185706605909142614e-06
3.231999999999999886e+02 9.197514165090117593e-06
3.263999999999999773e+02 9.209048647574798478e-06
3.296000000000000227e+02 9.220326131573479924e-06
3.328000000000000114e+02 9.231361671679332088e-06
3.360000000000000000e+02 9.242170041495899102e-06
3.391999999999999886e+02 9.252765053672181548e-06
3.423999999999999773e+02 9.263160244117597697e-06
3.456000000000000227e+02 9.273368250977923082e-06
3.488000000000000114e+02 9.283401440055743300e-06
3.520000000000000000e+02 9.293271339329984483e-06
3.551999999999999886e+02 9.302989204969757780e-06
3.583999999999999773e+02 9.312565512603711550e-06
3.616000000000000227e+02 9.322010470963463486e-06
3.648000000000000114e+02 9.331333575592435441e-06
3.680000000000000000e+02 9.340544072110838888e-06
3.711999999999999886e+02 9.349650562097610860e-06
3.743999999999999773e+02 9.358661396328002506e-06
3.776000000000000227e+02 9.367584293608178535e-06
3.808000000000000114e+02 9.376426605424420654e-06
3.840000000000000000e+02 9.385194920964340810e-06
3.871999999999999886e+02 9.393895450750207104e-06
3.903999999999999773e+02 9.402534593561634295e-06
3.936000000000000227e+02 9.411121213237919869e-06
3.968000000000000114e+02 9.419669167082833321e-06
4.000000000000000000e+02 9.428197980379557664e-06
4.031999999999999886e+02 9.436724989968001657e-06
4.063999999999999773e+02 9.445244181486547449e-06
4.096000000000000227e+02 9.453695315379467221e-06
4.128000000000000114e+02 9.461973696745449639e-06
4.160000000000000000e+02 9.470061244934868349e-06
4.191999999999999886e+02 9.478178591645666215e-06
4.223999999999999773e+02 9.486600329466942763e-06
4.256000000000000227e+02 9.495315541298888180e-06
4.288000000000000114e+02 9.504630545909364164e-06
4.320000000000000000e+02 9.515897259862532095e-06
4.351999999999999886e+02 9.529245654438776598e-06
4.383999999999999773e+02 9.541330877107799036e-06
4.416000000000000227e+02 9.550429164380260606e-06
4.448000000000000114e+02 9.561119591005838862e-06
4.480000000000000000e+02 9.575880548867227309e-06
4.511999999999999886e+02 9.589267106431910288e-06
4.543999999999999773e+02 9.599736942410125025e-06
4.576000000000000227e+02 9.613861928319430883e-06
4.608000000000000114e+02 9.632134828549644964e-06
4.640000000000000000e+02 9.647657411259913501e-06
4.671999999999999886e+02 9.659170134752513459e-06
4.703999999999999773e+02 9.670143615885194632e-06
4.736000000000000227e+02 9.680628454510808507e-06
4.768000000000000114e+02 9.689515162655923559e-06
4.800000000000000000e+02 9.698042566402818141e-06
4.831999999999999886e+02 9.707369547463905732e-06
4.863999999999999773e+02 9.717031186502565545e-06
4.896000000000000227e+02 9.726318477159122291e-06
4.928000000000000114e+02 9.735135016306627773e-06
4.960000000000000000e+02 9.743634590032938239e-06
4.991999999999999886e+02 9.752061494508174514e-06
5.023999999999999773e+02 9.760723720533214079e-06
5.056000000000000227e+02 9.769591816367346738e-06
5.088000000000000114e+02 9.778357786844429401e-06
5.120000000000000000e+02 9.786933360702339545e-06
5.152000000000000455e+02 9.795449760409813530e-06
5.183999999999999773e+02 9.803996894917431151e-06
5.216000000000000227e+02 9.812592099633122512e-06
5.247999999999999545e+02 9.821222440462630090e-06
5.280000000000000000e+02 9.829868607723928406e-06
5.312000000000000455e+02 9.838533515787514100e-06
5.343999999999999773e+02 9.847214815803243448e-06
5.376000000000000227e+02 9.855867011125901098e-06
5.407999999999999545e+02 9.864441702998137510e-06
5.440000000000000000e+02 9.872960355720496002e-06
5.472000000000000455e+02 9.881504580245007092e-06
5.503999999999999773e+02 9.890154561852051198e-06
5.536000000000000227e+02 9.898959385942341895e-06
5.567999999999999545e+02 9.907949462486219462e-06
5.600000000000000000e+02 9.917149392873441646e-06
5.632000000000000455e+02 9.926583683856504640e-06
5.663999999999999773e+02 9.936267477658187509e-06
5.696000000000000227e+02 9.946203383489877106e-06
5.727999999999999545e+02 9.956443601666039962e-06
5.760000000000000000e+02 9.967327479441719738e-06
5.792000000000000455e+02 9.980053211619625944e-06
5.823999999999999773e+02 9.998000820394169154e-06
5.856000000000000227e+02 1.002973804653819968e-05
5.887999999999999545e+02 1.009551319465678803e-05
5.920000000000000000e+02 1.024008608087941747e-05
5.952000000000000455e+02 1.055533961216035232e-05
5.983999999999999773e+02 1.121378606053409317e-05
6.016000000000000227e+02 1.250664636220380806e-05
6.047999999999999545e+02 1.486697408141183379e-05
6.080000000000000000e+02 1.884882037400663509e-05
6.112000000000000455e+02 2.503833697534279469e-05
6.143999999999999773e+02 3.390030828530082879e-05
6.176000000000000227e+02 4.559469362721886457e-05
6.207999999999999545e+02 5.981772784178726078e-05
6.240000000000000000e+02 7.572420154646852895e-05
6.272000000000000455e+02 9.199516153668489639e-05
6.303999999999999773e+02 1.071043695177727542e-04
6.336000000000000227e+02 1.197622557473914680e-04
6.367999999999999545e+02 1.293691799963109885e-04
6.400000000000000000e+02 1.362188693263086548e-04
6.432000000000000455e+02 1.412953549280842594e-04
6.463999999999999773e+02 1.457694807116688147e-04
6.496000000000000227e+02 1.505008359752421816e-04
6.527999999999999545e+02 1.558092432945617145e-04
6.560000000000000000e+02 1.615601116714297444e-04
6.592000000000000455e+02 1.674140774726278478e-04
6.623999999999999773e+02 1.730582050579659371e-04
6.656000000000000227e+02 1.783213175305747530e-04
6.687999999999999545e+02 1.831770588909644500e-04
6.720000000000000000e+02 1.876871946002184202e-04
6.752000000000000455e+02 1.919390836828247958e-04
6.783999999999999773e+02 1.960083331513735243e-04
6.816000000000000227e+02 1.999519546998170015e-04
6.847999999999999545e+02 2.038173994584891987e-04
6.880000000000000000e+02 2.076478560500429039e-04
6.912000000000000455e+02 2.114745520149663590e-04
6.943999999999999773e+02 2.153045473996676243e-04
6.976000000000000227e+02 2.191185036412396597e-04
7.007999999999999545e+02 2.228842970023469402e-04
7.040000000000000000e+02 2.265773093268962329e-04
7.072000000000000455e+02 2.301942276083038935e-04
7.103999999999999773e+02 2.337527964482708539e-04
7.136000000000000227e+02 2.372807189683533093e-04
7.167999999999999545e+02 2.408021420550699669e-04
7.200000000000000000e+02 2.443303747188863050e-04
7.232000000000000455e+02 2.478689743775631645e-04
7.263999999999999773e+02 2.514175242668199883e-04
7.296000000000000227e+02 2.549755952048218485e-04
7.327999999999999545e+02 2.585425106944365067e-04
7.360000000000000000e+02 2.621148541895905655e-04
7.392000000000000455e+02 2.656860493873732096e-04
7.423999999999999773e+02 2.692491190909556808e-04
7.456000000000000227e+02 2.728007197016228051e-04
7.487999999999999545e+02 2.763428704190196345e-04
7.520000000000000000e+02 2.798814601791053784e-04
7.552000000000000455e+02 2.834228927307170663e-04
7.583999999999999773e+02 2.869716654144658383e-04
7.616000000000000227e+02 2.905298986292910793e-04
7.647999999999999545e+02 2.940983815167337481e-04
7.680000000000000000e+02 2.976774920496422314e-04
7.712000000000000455e+02 3.012673508224922325e-04
7.743999999999999773e+02 3.048672907188323153e-04
7.776000000000000227e+02 3.084755665490393484e-04
7.807999999999999545e+02 3.120896588659977707e-04
7.840000000000000000e+02 3.157071640555861509e-04
7.872000000000000455e+02 3.193266701120677084e-04
7.903999999999999773e+02 3.229482535934921107e-04
7.936000000000000227e+02 3.265734729485020088e-04
7.967999999999999545e+02 3.302051058212508239e-04
8.000000000000000000e+02 3.338468586275103477e-04
8.032000000000000455e+02 3.375030317304371905e-04
8.063999999999999773e+02 3.411779357793543583e-04
8.096000000000000227e+02 3.448748598871871759e-04
8.127999999999999545e+02 3.485948997370197280e-04
8.160000000000000000e+02 3.523362057876707268e-04
8.192000000000000455e+02 3.560942744084787917e-04
8.223999999999999773e+02 3.598631037417787649e-04
8.256000000000000227e+02 3.636366290652058228e-04
8.287999999999999545e+02 3.674095707278592516e-04
8.320000000000000000e+02 3.711776683149381538e-04
8.352000000000000455e+02 3.749375486093742293e-04
8.383999999999999773e+02 3.786869522793310594e-04
8.416000000000000227e+02 3.824253687351582233e-04
8.447999999999999545e+02 3.861550523139771571e-04
8.480000000000000000e+02 3.898817225341162673e-04
8.512000000000000455e+02 3.936147465373295430e-04
8.543999999999999773e+02 3.973664427353269866e-04
8.576000000000000227e+02 4.011509249877247816e-04
8.607999999999999545e+02 4.049825698742620032e-04
8.640000000000000000e+02 4.088747046049058770e-04
8.672000000000000455e+02 4.128382821519526336e-04
8.703999999999999773e+02 4.168806904650206144e-04
8.736000000000000227e+02 4.210042544304949523e-04
8.767999999999999545e+02 4.252051698026313798e-04
8.800000000000000000e+02 4.294732782884542240e-04
8.832000000000000455e+02 4.337934894172108856e-04
8.863999999999999773e+02 4.381481293495757216e-04
8.896000000000000227e+02 4.425196603672769706e-04
8.927999999999999545e+02 4.468927593485308891e-04
8.960000000000000000e+02 4.512559804816117150e-04
8.992000000000000455e+02 4.556028438769757776e-04
9.023999999999999773e+02 4.599326007115743151e-04
9.056000000000000227e+02 4.642500422065834790e-04
9.087999999999999545e+02 4.685644247993499744e-04
9.120000000000000000e+02 4.728873479572331365e-04
9.152000000000000455e+02 4.772303872697515690e-04
9.183999999999999773e+02 4.816028097285067130e-04
9.216000000000000227e+02 4.860102470486166344e-04
9.247999999999999545e+02 4.904544243110175051e-04
9.280000000000000000e+02 4.949342243813190144e-04
9.312000000000000455e+02 4.994473207806520180e-04
9.343999999999999773e+02 5.039918297327013489e-04
9.376000000000000227e+02 5.085670583904392103e-04
9.407999999999999545e+02 5.131733867751552122e-04
9.440000000000000000e+02 5.178113750523770332e-04
9.472000000000000455e+02 5.224808306014805783e-04
9.503999999999999773e+02 5.271800374055169748e-04
9.536000000000000227e+02 5.319053860150084207e-04
9.567999999999999545e+02 5.366511053710314215e-04
9.600000000000000000e+02 5.414092250888189687e-04
9.632000000000000455e+02 5.461699531944015510e-04
9.663999999999999773e+02 5.509229325055350511e-04
9.696000000000000227e+02 5.556592418190167562e-04
9.727999999999999545e+02 5.603735138695986433e-04
9.760000000000000000e+02 5.650652580305474612e-04
9.792000000000000455e+02 5.697389030179808925e-04
9.823999999999999773e+02 5.744027244580380545e-04
9.856000000000000227e+02 5.790670560331867209e-04
9.887999999999999545e+02 5.837422820384271680e-04
9.920000000000000000e+02 5.884368826274687407e-04
9.952000000000000455e+02 5.931560022821068603e-04
9.983999999999999773e+02 5.979007456434471107e-04
1.001600000000000023e+03 6.026683979808821878e-04
1.004799999999999955e+03 6.074532231322038889e-04
1.008000000000000000e+03 6.122476568877234775e-04
1.011200000000000045e+03 6.170435347753141543e-04
1.014399999999999977e+03 6.218334951077551624e-04
1.017600000000000023e+03 6.266122953163677381e-04
1.020799999999999955e+03 6.313779861915787273e-04
1.024000000000000000e+03 6.361323520119203457e-04
1.027200000000000045e+03 6.408807150241851817e-04
1.030400000000000091e+03 6.456311245914680280e-04
1.033599999999999909e+03 6.503937158962019979e-04
1.036799999999999955e+03 6.551803871943259706e-04
1.040000000000000000e+03 6.600051381751504331e-04
1.043200000000000045e+03 6.648843442817749900e-04
1.046400000000000091e+03 6.698364495448412819e-04
1.049599999999999909e+03 6.748798149064955555e-04
1.052799999999999955e+03 6.800288804078904190e-04
1.056000000000000000e+03 6.852894007300210566e-04
1.059200000000000045e+03 6.906553398588457984e-04
1.062400000000000091e+03 6.961089473646759349e-04
1.065599999999999909e+03 7.016246535959389571e-04
1.068799999999999955e+03 7.071748275367355100e-04
1.072000000000000000e+03 7.127354467699805341e-04
1.075200000000000045e+03 7.182896352686944132e-04
1.078400000000000091e+03 7.238288852765264927e-04
1.081599999999999909e+03 7.293520440712598311e-04
1.084799999999999955e+03 7.348632628048745296e-04
1.088000000000000000e+03 7.403695913114422466e-04
1.091200000000000045e+03 7.458792927830285805e-04
1.094400000000000091e+03 7.514008859496158028e-04
1.097599999999999909e+03 7.569429601312613115e-04
1.100799999999999955e+03 7.625141003573681926e-04
1.104000000000000000e+03 7.681228921910904185e-04
1.107200000000000045e+03 7.737776811947267262e-04
1.110400000000000091e+03 7.794861727786938288e-04
1.113599999999999909e+03 7.852544472086385972e-04
1.116799999999999955e+03 7.910855516415643161e-04
1.120000000000000000e+03 7.969779588382104726e-04
1.123200000000000045e+03 8.029249085356905810e-04
1.126400000000000091e+03 8.089151167077760418e-04
1.129599999999999909e+03 8.149348812689263376e-04
1.132799999999999955e+03 8.209707586465597121e-04
1.136000000000000000e+03 8.270120331241925327e-04
1.139200000000000045e+03 8.330523434231398936e-04
1.142400000000000091e+03 8.390901600546674544e-04
1.145599999999999909e+03 8.451280571676295745e-04
1.148799999999999955e+03 8.511710230858944830e-04
1.152000000000000000e+03 8.572245270182576654e-04
1.155200000000000045e+03 8.632929703520849122e-04
1.158400000000000091e+03 8.693789279992917467e-04
1.161599999999999909e+03 8.754828707615637832e-04
1.164799999999999955e+03 8.816031634302668330e-04
1.168000000000000000e+03 8.877360657203622841e-04
1.171200000000000045e+03 8.938760007841248722e-04
1.174400000000000091e+03 9.000159711103490308e-04
1.177599999999999909e+03 9.061484023693203290e-04
1.180799999999999955e+03 9.122663686260999239e-04
1.184000000000000000e+03 9.183656033895773235e-04
1.187200000000000045e+03 9.244466017452699236e-04
1.190400000000000091e+03 9.305159320398318466e-04
1.193599999999999909e+03 9.365853224399652227e-04
1.196799999999999955e+03 9.426688004518268046e-04
1.200000000000000000e+03 9.487792351096494860e-04
1.203200000000000045e+03 9.549269176797019068e-04
1.206400000000000091e+03 9.611212123026250265e-04
1.209599999999999909e+03 9.673746044287526115e-04
1.212799999999999955e+03 9.737059258992320160e-04
1.216000000000000000e+03 9.801400875682915979e-04
1.219200000000000045e+03 9.867027281394704849e-04
1.222400000000000091e+03 9.934119002793064326e-04
1.225599999999999909e+03 1.000270283784204404e-03
1.228799999999999955e+03 1.007262267396519294e-03
1.232000000000000000e+03 1.014356794531191602e-03
1.235200000000000045e+03 1.021514462393010442e-03
1.238400000000000091e+03 1.028694920040244213e-03
1.241599999999999909e+03 1.035862165944524856e-03
1.244799999999999955e+03 1.042986884078928424e-03
1.248000000000000000e+03 1.050047330278511054e-03
1.251200000000000045e+03 1.057030033816658493e-03
1.254400000000000091e+03 1.063931102179593293e-03
1.257599999999999909e+03 1.070757272820767369e-03
1.260799999999999955e+03 1.077525748172642513e-03
1.264000000000000000e+03 1.084261773489686572e-03
1.267200000000000045e+03 1.090994175360325948e-03
1.270400000000000091e+03 1.097749558103143638e-03
1.273599999999999909e+03 1.104546764298994189e-03
1.276799999999999955e+03 1.111392942884380924e-03
1.280000000000000000e+03 1.118282570673190951e-03
1.283200000000000045e+03 1.125199734698397727e-03
1.286400000000000091e+03 1.132123211387179966e-03
1.289599999999999909e+03 1.139032699824478858e-03
1.292799999999999955e+03 1.145914256798748979e-03
1.296000000000000000e+03 1.152763252190703658e-03
1.299200000000000045e+03 1.159584176199665497e-03
1.302400000000000091e+03 1.166387787330032183e-03
1.305599999999999909e+03 1.173186716917519381e-03
1.308799999999999955e+03 1.179990961953857834e-03
1.312000000000000000e+03 1.186804317108530694e-03
1.315200000000000045e+03 1.193622741847637008e-03
1.318400000000000091e+03 1.200435055658813192e-03
1.321599999999999909e+03 1.207226008445846932e-03
1.324799999999999955e+03 1.213980573822338090e-03
1.328000000000000000e+03 1.220688047965880771e-03
1.331200000000000045e+03 1.227344319779241069e-03
1.334400000000000091e+03 1.233952128607484870e-03
1.337599999999999909e+03 1.240519679034288690e-03
1.340799999999999955e+03 1.247058847481281223e-03
1.344000000000000000e+03 1.253583134258410767e-03
1.347200000000000045e+03 1.260105539670959909e-03
1.350400000000000091e+03 1.266636038033101645e-03
1.353599999999999909e+03 1.273179687912893467e-03
1.356799999999999955e+03 1.279736605451209201e-03
1.360000000000000000e+03 1.286305476598701000e-03
1.363200000000000045e+03 1.292890090315563503e-03
1.366400000000000091e+03 1.299506419896329047e-03
1.369599999999999909e+03 1.306185351655788328e-03
1.372799999999999955e+03 1.312968017844382733e-03
1.376000000000000000e+03 1.319893958115663781e-03
1.379200000000000045e+03 1.326987534390451553e-03
1.382400000000000091e+03 1.334248580663316376e-03
1.385599999999999909e+03 1.341651622098011471e-03
1.388799999999999955e+03 1.349152728496598496e-03
1.392000000000000000e+03 1.356700457073300396e-03
1.395200000000000045e+03 1.364246011355672644e-03
1.398400000000000091e+03 1.371750056202676116e-03
1.401599999999999909e+03 1.379185435613527458e-03
1.404799999999999955e+03 1.386537202131241184e-03
1.408000000000000000e+03 1.393801364857780341e-03
1.411200000000000045e+03 1.400983639346175570e-03
1.414400000000000091e+03 1.408098166130002972e-03
1.417599999999999909e+03 1.415165776437873760e-03
1.420799999999999955e+03 1.422210960527297598e-03
1.424000000000000000e+03 1.429257579293761148e-03
1.427200000000000045e+03 1.436323935420086425e-03
1.430400000000000091e+03 1.443418708096345579e-03
1.433599999999999909e+03 1.450539056418471712e-03
1.436799999999999955e+03 1.457671826366289209e-03
1.440000000000000000e+03 1.464797633509651959e-03
1.443200000000000045e+03 1.471896698456953831e-03
1.446400000000000091e+03 1.478954631407215564e-03
1.449599999999999909e+03 1.485966398911087128e-03
1.452799999999999955e+03 1.492937361929509103e-03
1.456000000000000000e+03 1.499881101623765393e-03
1.459200000000000045e+03 1.506814833970498979e-03
1.462400000000000091e+03 1.513753676369995445e-03
1.465599999999999909e+03 1.520705495112316830e-03
1.468799999999999955e+03 1.527667681237710037e-03
1.472000000000000000e+03 1.534627029395447444e-03
1.475200000000000045e+03 1.541562858348949870e-03
1.478400000000000091e+03 1.548452813750252587e-03
1.481599999999999909e+03 1.555279393872639271e-03
1.484799999999999955e+03 1.562035084198421051e-03
1.488000000000000000e+03 1.568723982263261346e-03
1.491200000000000045e+03 1.575359803211629070e-03
1.494400000000000091e+03 1.581961338893340691e-03
1.497599999999999909e+03 1.588547730091625010e-03
1.500799999999999955e+03 1.595134649633645711e-03
1.504000000000000000e+03 1.601731963925094593e-03
1.507200000000000045e+03 1.608342721617920384e-03
1.510400000000000091e+03 1.614964612277413215e-03
1.513599999999999909e+03 1.621594881943552334e-03
1.516799999999999955e+03 1.628238650636554784e-03
1.520000000000000000e+03 1.634916925271714862e-03
1.523200000000000045e+03 1.641668949527559001e-03
1.526400000000000091e+03 1.648544402952189028e-03
1.529599999999999909e+03 1.655587224761099954e-03
1.532799999999999955e+03 1.662817996055521944e-03
1.536000000000000000e+03 1.670224183169993597e-03
1.539200000000000045e+03 1.677762477606255503e-03
1.542400000000000091e+03 1.685371471862933020e-03
1.545599999999999909e+03 1.692987839215864517e-03
1.548799999999999955e+03 1.700559899712023992e-03
1.552000000000000000e+03 1.708054903019633544e-03
1.555200000000000045e+03 1.715459943950004007e-03
1.558400000000000091e+03 1.722777976721322083e-03
1.561599999999999909e+03 1.730021722158896474e-03
1.564799999999999955e+03 1.737207986024752893e-03
1.568000000000000000e+03 1.744354285419600541e-03
1.571200000000000045e+03 1.751477665298823826e-03
1.574400000000000091e+03 1.758594567354729646e-03
1.577599999999999909e+03 1.765720071879987559e-03
1.580799999999999955e+03 1.772865895810522537e-03
1.584000000000000000e+03 1.780037463615954160e-03
1.587200000000000045e+03 1.787231552701142685e-03
1.590400000000000091e+03 1.794436112172572394e-03
1.593599999999999909e+03 1.801633302990497676e-03
1.596799999999999955e+03 1.808805183955947615e-03
1.600000000000000000e+03 1.815939953851154883e-03
1.603200000000000045e+03 1.823036159658167430e-03
1.606400000000000091e+03 1.830103113187742624e-03
1.609599999999999909e+03 1.837157499617210086e-03
1.612799999999999955e+03 1.844217359071130893e-03
1.616000000000000000e+03 1.851295509026571959e-03
1.619200000000000045e+03 1.858394366809407693e-03
1.622400000000000091e+03 1.865504033279557746e-03
1.625599999999999909e+03 1.872604353457024652e-03
1.628799999999999955e+03 1.879670613893915472e-03
1.632000000000000000e+03 1.886680808880587682e-03
1.635200000000000045e+03 1.893622043994308817e-03
1.638400000000000091e+03 1.900493645069714502e-03
1.641599999999999909e+03 1.907306471634559204e-03
1.644799999999999955e+03 1.914079104898575240e-03
1.648000000000000000e+03 1.920833047482563716e-03
1.651200000000000045e+03 1.927588198623379073e-03
1.654400000000000091e+03 1.934359549081890927e-03
1.657599999999999909e+03 1.941155132889058879e-03
1.660799999999999955e+03 1.947976321528509247e-03
1.664000000000000000e+03 1.954821485005264065e-03
1.667200000000000045e+03 1.961693585576581612e-03
1.670400000000000091e+03 1.968609032549177833e-03
1.673599999999999909e+03 1.975602916677337249e-03
1.676799999999999955e+03 1.982725039902701655e-03
1.680000000000000000e+03 1.990026046977535351e-03
1.683200000000000045e+03 1.997538668555469757e-03
1.686400000000000091e+03 2.005263757483288951e-03
1.689599999999999909e+03 2.013167930578724056e-03
1.692799999999999955e+03 2.021193688280751091e-03
1.696000000000000000e+03 2.029276002485317504e-03
1.699200000000000045e+03 2.037358126338184670e-03
1.702400000000000091e+03 2.045401220088541652e-03
1.705599999999999909e+03 2.053386677931709828e-03
1.708799999999999955e+03 2.061312518269702802e-03
1.712000000000000000e+03 2.069186960205568904e-03
1.715200000000000045e+03 2.077022137433488617e-03
1.718400000000000091e+03 2.084830402485143494e-03
1.721599999999999909e+03 2.092623632987803718e-03
1.724799999999999955e+03 2.100414385920261126e-03
1.728000000000000000e+03 2.108216578412382223e-03
1.731200000000000045e+03 2.116044216637281549e-03
1.734400000000000091e+03 2.123908096966435188e-03
1.737599999999999909e+03 2.131812178156169361e-03
1.740799999999999955e+03 2.139751766320388722e-03
1.744000000000000000e+03 2.147714987242360131e-03
1.747200000000000045e+03 2.155687276884151338e-03
1.750400000000000091e+03 2.163657087949230184e-03
1.753599999999999909e+03 2.171620508143434856e-03
1.756799999999999955e+03 2.179583030577891909e-03
1.760000000000000000e+03 2.187558121592941482e-03
1.763200000000000045e+03 2.195563234335117919e-03
1.766400000000000091e+03 2.203614843154083017e-03
1.769599999999999909e+03 2.211723896684574756e-03
1.772799999999999955e+03 2.219892898604018672e-03
1.776000000000000000e+03 2.228114729152677696e-03
1.779200000000000045e+03 2.236373101436931604e-03
1.782400000000000091e+03 2.244644205617577718e-03
1.785599999999999909e+03 2.252899924998740845e-03
1.788799999999999955e+03 2.261112715479510725e-03
1.792000000000000000e+03 2.269262106440687616e-03
1.795200000000000045e+03 2.277341199734556152e-03
1.798400000000000091e+03 2.285361305140617277e-03
1.801599999999999909e+03 2.293352478132497808e-03
1.804799999999999955e+03 2.301359514166127860e-03
1.808000000000000000e+03 2.309434020987283492e-03
1.811200000000000045e+03 2.317625204172622626e-03
1.814400000000000091e+03 2.325971952016625717e-03
1.817599999999999909e+03 2.334498965410977244e-03
1.820799999999999955e+03 2.343217366832313960e-03
1.824000000000000000e+03 2.352128586492897421e-03
1.827200000000000045e+03 2.361228056927764957e-03
1.830400000000000091e+03 2.370506608459482540e-03
1.833599999999999909e+03 2.379949353560041180e-03
1.836799999999999955e+03 2.389534884856162316e-03
1.840000000000000000e+03 2.399236744530394271e-03
1.843200000000000045e+03 2.409027492658016162e-03
1.846400000000000091e+03 2.418882933383396851e-03
1.849599999999999909e+03 2.428784556471651548e-03
1.852799999999999955e+03 2.438719200580764454e-03
1.856000000000000000e+03 2.448677078466337392e-03
1.859200000000000045e+03 2.458649492078173598e-03
1.862400000000000091e+03 2.468627725229488590e-03
1.865599999999999909e+03 2.478603439056338825e-03
1.868799999999999955e+03 2.488570428010347061e-03
1.872000000000000000e+03 2.498526622710057609e-03
1.875200000000000045e+03 2.508475267174869495e-03
1.878400000000000091e+03 2.518424376827423008e-03
1.881599999999999909e+03 2.528384691776599386e-03
1.884799999999999955e+03 2.538367047178862520e-03
1.888000000000000000e+03 2.548380300201137216e-03
1.891200000000000045e+03 2.558430384949896604e-03
1.894400000000000091e+03 2.568520352713476833e-03
1.897599999999999909e+03 2.578651072214028540e-03
1.900799999999999955e+03 2.588822207562668180e-03
1.904000000000000000e+03 2.599033403070060127e-03
1.907200000000000045e+03 2.609285186956795347e-03
1.910400000000000091e+03 2.619579179673918456e-03
1.913599999999999909e+03 2.629916905706863178e-03
1.916799999999999955e+03 2.640297476304442718e-03
1.920000000000000000e+03 2.650714728944270158e-03
1.923200000000000045e+03 2.661155344169623908e-03
1.926400000000000091e+03 2.671598803291149165e-03
1.929599999999999909e+03 2.682020058889771769e-03
1.932799999999999955e+03 2.692394413492579016e-03
1.936000000000000000e+03 2.702703938514054108e-03
1.939200000000000045e+03 2.712943582298795332e-03
1.942400000000000091e+03 2.723125843756988174e-03
1.945599999999999909e+03 2.733282800742516637e-03
1.948799999999999955e+03 2.743465542225174102e-03
1.952000000000000000e+03 2.753740367435149761e-03
1.955200000000000045e+03 2.764181755520905056e-03
1.958400000000000091e+03 2.774861938014901858e-03
1.961599999999999909e+03 2.785839199708729612e-03
1.964799999999999955e+03 2.797147605781354161e-03
1.968000000000000000e+03 2.808791840053818760e-03
1.971200000000000045e+03 2.820748560674909370e-03
1.974400000000000091e+03 2.832974247996708928e-03
1.977599999999999909e+03 2.845416656018036252e-03
1.980799999999999955e+03 2.858026487600705094e-03
1.984000000000000000e+03 2.870765062155370643e-03
1.987200000000000045e+03 2.883605698964292717e-03
1.990400000000000091e+03 2.896528550557666507e-03
1.993599999999999909e+03 2.909512100377418132e-03
1.996799999999999955e+03 2.922525744931534462e-03
2.000000000000000000e+03 2.935527876267407434e-03
2.003200000000000045e+03 2.948470990628656706e-03
2.006400000000000091e+03 2.961312317088725735e-03
2.009599999999999909e+03 2.974025703665530290e-03
2.012799999999999955e+03 2.986610250461339388e-03
2.016000000000000000e+03 2.999092643664118176e-03
2.019200000000000045e+03 3.011522549093885361e-03
2.022400000000000091e+03 3.023962465021633877e-03
2.025599999999999909e+03 3.036474515379557117e-03
2.028799999999999955e+03 3.049107451963315417e-03
2.032000000000000000e+03 3.061887188952057675e-03
2.035200000000000045e+03 3.074813921775220848e-03
2.038400000000000091e+03 3.087866651908732166e-03
2.041599999999999909e+03 3.101013205663570062e-03
2.044799999999999955e+03 3.114220852126732466e-03
2.048000000000000000e+03 3.127462944630832881e-03
2.051199999999999818e+03 3.140719202519096694e-03
2.054400000000000091e+03 3.153971673408053050e-03
2.057599999999999909e+03 3.167200254003856800e-03
2.060800000000000182e+03 3.180382021884430727e-03
2.064000000000000000e+03 3.193495406052669107e-03
2.067199999999999818e+03 3.206528096711978425e-03
2.070400000000000091e+03 3.219485296475428637e-03
2.073599999999999909e+03 3.232395784460960052e-03
2.076800000000000182e+03 3.245313292903735224e-03
2.080000000000000000e+03 3.258312332022022043e-03
2.083199999999999818e+03 3.271477889170567102e-03
2.086400000000000091e+03 3.284891241111151730e-03
2.089599999999999909e+03 3.298615288417448312e-03
2.092800000000000182e+03 3.312684266407423667e-03
2.096000000000000000e+03 3.327100076734057412e-03
2.099199999999999818e+03 3.341835697571473272e-03
2.102400000000000091e+03 3.356843225897143852e-03
2.105599999999999909e+03 3.372064328586091200e-03
2.108800000000000182e+03 3.387440028328540711e-03
2.112000000000000000e+03 3.402917684689124068e-03
2.115199999999999818e+03 3.418452999297629663e-03
2.118400000000000091e+03 3.434007435493264919e-03
2.121599999999999909e+03 3.449543350307612138e-03
2.124800000000000182e+03 3.465020993224026541e-03
2.128000000000000000e+03 3.480400000623271647e-03
2.131199999999999818e+03 3.495645542196312502e-03
2.134400000000000091e+03 3.510736414046497153e-03
2.137599999999999909e+03 3.525671752657090485e-03
2.140800000000000182e+03 3.540473807532075207e-03
2.144000000000000000e+03 3.555185705626917776e-03
2.147199999999999818e+03 3.569864464654059003e-03
2.150400000000000091e+03 3.584570423986049859e-03
2.153599999999999909e+03 3.599355498430856747e-03
2.156800000000000182e+03 3.614253118624815263e-03
2.160000000000000000e+03 3.629272860295140041e-03
2.163199999999999818e+03 3.644400958657785863e-03
2.166400000000000091e+03 3.659606192290212542e-03
2.169599999999999909e+03 3.674848236232606917e-03
2.172800000000000182e+03 3.690085558449790384e-03
2.176000000000000000e+03 3.705280274954509713e-03
2.179199999999999818e+03 3.720400035838890025e-03
2.182400000000000091e+03 3.735418057477002656e-03
2.185599999999999909e+03 3.750313871386177535e-03
2.188800000000000182e+03 3.765075876781663437e-03
2.192000000000000000e+03 3.779706228296848304e-03
2.195199999999999818e+03 3.794226317927727916e-03
2.198400000000000091e+03 3.808681082589770919e-03
2.201599999999999909e+03 3.823139257222420151e-03
2.204800000000000182e+03 3.837688276883056537e-03
2.208000000000000000e+03 3.852423166432657805e-03
2.211199999999999818e+03 3.867431819542470513e-03
2.214400000000000091e+03 3.882779852476319401e-03
2.217599999999999909e+03 3.898499644046292140e-03
2.220800000000000182e+03 3.914586035296283538e-03
2.224000000000000000e+03 3.930999871157921967e-03
2.227199999999999818e+03 3.947677346457748038e-03
2.230400000000000091e+03 3.964542364501058395e-03
2.233599999999999909e+03 3.981517896129738512e-03
2.236800000000000182e+03 3.998533976542107890e-03
2.240000000000000000e+03 4.015531338554217781e-03
2.243199999999999818e+03 4.032462304523146829e-03
2.246400000000000091e+03 4.049290915184716733e-03
2.249599999999999909e+03 4.065993751147405945e-03
2.252800000000000182e+03 4.082560839910817814e-03
2.256000000000000000e+03 4.098995317426526279e-03
2.259199999999999818e+03 4.115311067018484481e-03
2.262400000000000091e+03 4.131529151117134535e-03
2.265599999999999909e+03 4.147674804746180784e-03
2.268800000000000182e+03 4.163776102473563598e-03
2.272000000000000000e+03 4.179864021154916509e-03
2.275199999999999818e+03 4.195971899293679183e-03
2.278400000000000091e+03 4.212132461032777435e-03
2.281599999999999909e+03 4.228371618543725653e-03
2.284800000000000182e+03 4.244700993037988333e-03
2.288000000000000000e+03 4.261112089910638022e-03
2.291199999999999818e+03 4.277575326758191292e-03
2.294400000000000091e+03 4.294044484636702630e-03
2.297599999999999909e+03 4.310465546732078317e-03
2.300800000000000182e+03 4.326786899186774518e-03
2.304000000000000000e+03 4.342968887332806192e-03
2.307199999999999818e+03 4.358991001356393724e-03
2.310400000000000091e+03 4.374856880920730343e-03
2.313599999999999909e+03 4.390596841517011538e-03
2.316800000000000182e+03 4.406268237929714636e-03
2.320000000000000000e+03 4.421952470729898464e-03
2.323199999999999818e+03 4.437748165595383799e-03
2.326400000000000091e+03 4.453759690277601414e-03
2.329599999999999909e+03 4.470082553932604001e-03
2.332800000000000182e+03 4.486787880555928414e-03
2.336000000000000000e+03 4.503910175532775673e-03
2.339199999999999818e+03 4.521441379531967661e-03
2.342400000000000091e+03 4.539333470223240984e-03
2.345599999999999909e+03 4.557508318772192715e-03
2.348800000000000182e+03 4.575872098047600346e-03
2.352000000000000000e+03 4.594329873405681407e-03
2.355199999999999818e+03 4.612797669944713498e-03
2.358400000000000091e+03 4.631210338946734582e-03
2.361599999999999909e+03 4.649525478692575001e-03
2.364800000000000182e+03 4.667723593697058020e-03
2.368000000000000000e+03 4.685805018880336882e-03
2.371199999999999818e+03 4.703784009875913372e-03
2.374400000000000091e+03 4.721681335579737751e-03
2.377599999999999909e+03 4.739517478594809131e-03
2.380800000000000182e+03 4.757308847522240779e-03
2.384000000000000000e+03 4.775068501181091787e-03
2.387199999999999818e+03 4.792810602834076707e-03
2.390400000000000091e+03 4.810555750449502233e-03
2.393599999999999909e+03 4.828333080327238541e-03
2.396800000000000182e+03 4.846176788210595533e-03
2.400000000000000000e+03 4.864117281940256131e-03
2.403199999999999818e+03 4.882170655205874711e-03
2.406400000000000091e+03 4.900330650853096728e-03
2.409599999999999909e+03 4.918566889683275919e-03
2.412800000000000182e+03 4.936829992033596980e-03
2.416000000000000000e+03 4.955062643223118526e-03
2.419199999999999818e+03 4.973213233971841667e-03
2.422400000000000091e+03 4.991249135650340472e-03
2.425599999999999909e+03 5.009166225911430848e-03
2.428800000000000182e+03 5.026993458896272977e-03
2.432000000000000000e+03 5.044791661792688217e-03
2.435199999999999818e+03 5.062647694452923966e-03
2.438400000000000091e+03 5.080664244476572160e-03
2.441599999999999909e+03 5.098946513447987286e-03
2.444800000000000182e+03 5.117586485744583802e-03
2.448000000000000000e+03 5.136647875343252137e-03
2.451199999999999818e+03 5.156154986646954708e-03
2.454400000000000091e+03 5.176089555110481924e-03
2.457599999999999909e+03 5.196396446221183095e-03
2.460800000000000182e+03 5.216996917048801266e-03
2.464000000000000000e+03 5.237804790870375683e-03
2.467199999999999818e+03 5.258741288002605208e-03
2.470400000000000091e+03 5.279744949443322850e-03
2.473599999999999909e+03 5.300775981401458122e-03
2.476800000000000182e+03 5.321815528491868029e-03
2.480000000000000000e+03 5.342861668534648611e-03
2.483199999999999818e+03 5.363923589247645944e-03
2.486400000000000091e+03 5.385015423947608730e-03
2.489599999999999909e+03 5.406150836862957595e-03
2.492800000000000182e+03 5.427339505385719159e-03
2.496000000000000000e+03 5.448586550814127002e-03
2.499199999999999818e+03 5.469895191819725694e-03
2.502400000000000091e+03 5.491271776610172697e-03
2.505599999999999909e+03 5.512730543899843974e-03
2.508800000000000182e+03 5.534295217689007285e-03
2.512000000000000000e+03 5.555994936482965690e-03
2.515199999999999818e+03 5.577855099531518063e-03
2.518400000000000091e+03 5.599886015393819132e-03
2.521599999999999909e+03 5.622074924468836027e-03
2.524800000000000182e+03 5.644385567122304874e-03
2.528000000000000000e+03 5.666767330387087985e-03
2.531199999999999818e+03 5.689170900253203052e-03
2.534400000000000091e+03 5.711565380870289345e-03
2.537599999999999909e+03 5.733950381892899059e-03
2.540800000000000182e+03 5.756359844137554083e-03
2.544000000000000000e+03 5.778856517348803304e-03
2.547199999999999818e+03 5.801520139921009789e-03
2.550400000000000091e+03 5.824432826555673778e-03
2.553599999999999909e+03 5.847666492657972205e-03
2.556800000000000182e+03 5.871274552610379442e-03
2.560000000000000000e+03 5.895289238508548586e-03
2.563199999999999818e+03 5.919722886019994877e-03
2.566400000000000091e+03 5.944572112574151787e-03
2.569599999999999909e+03 5.969823103225887877e-03
2.572800000000000182e+03 5.995457847939159902e-03
2.576000000000000000e+03 6.021460037413764975e-03
2.579199999999999818e+03 6.047819579869007263e-03
2.582400000000000091e+03 6.074533596790493775e-03
2.585599999999999909e+03 6.101603452760019294e-03
2.588800000000000182e+03 6.129028757757220593e-03
2.592000000000000000e+03 6.156801449607033835e-03
2.595199999999999818e+03 6.184902759103533439e-03
2.598400000000000091e+03 6.213304474732596339e-03
2.601599999999999909e+03 6.241973727054300931e-03
2.604800000000000182e+03 6.270879124392477258e-03
2.608000000000000000e+03 6.299996138995100567e-03
2.611199999999999818e+03 6.329310037996662558e-03
2.614400000000000091e+03 6.358816249180053969e-03
2.617599999999999909e+03 6.388518283336371874e-03
2.620800000000000182e+03 6.418424434782557877e-03
2.624000000000000000e+03 6.448543482151058819e-03
2.627199999999999818e+03 6.478881010982821993e-03
2.630400000000000091e+03 6.509437757437230854e-03
2.633599999999999909e+03 6.540213037826149781e-03
2.636800000000000182e+03 6.571213168985752702e-03
2.640000000000000000e+03 6.602462620606164463e-03
2.643199999999999818e+03 6.634011471721477406e-03
2.646400000000000091e+03 6.665935276488513077e-03
2.649599999999999909e+03 6.698326142063563277e-03
2.652800000000000182e+03 6.731279751027917542e-03
2.656000000000000000e+03 6.764882722858015472e-03
2.659199999999999818e+03 6.799204325635820056e-03
2.662400000000000091e+03 6.834292075943116003e-03
2.665599999999999909e+03 6.870170857438425913e-03
2.668800000000000182e+03 6.906844050095523740e-03
2.672000000000000000e+03 6.944297488257022803e-03
2.675199999999999818e+03 6.982506070008196591e-03
2.678400000000000091e+03 7.021443255354919109e-03
2.681599999999999909e+03 7.061090970671472788e-03
2.684800000000000182e+03 7.101446548531155367e-03
2.688000000000000000e+03 7.142522444676471967e-03
2.691199999999999818e+03 7.184337829036154671e-03
2.694400000000000091e+03 7.226905749787841671e-03
2.697599999999999909e+03 7.270223272140309556e-03
2.700800000000000182e+03 7.314270789330594262e-03
2.704000000000000000e+03 7.359020682104515203e-03
2.707199999999999818e+03 7.404450056112137427e-03
2.710400000000000091e+03 7.450550142521236360e-03
2.713599999999999909e+03 7.497329364430102040e-03
2.716800000000000182e+03 7.544810867045351199e-03
2.720000000000000000e+03 7.593029160746174455e-03
2.723199999999999818e+03 7.642028507797212628e-03
2.726400000000000091e+03 7.691865503374150509e-03
2.729599999999999909e+03 7.742614529593436906e-03
2.732800000000000182e+03 7.794374830111580783e-03
2.736000000000000000e+03 7.847274166672277979e-03
2.739199999999999818e+03 7.901466231598246875e-03
2.742400000000000091e+03 7.957119541809536817e-03
2.745599999999999909e+03 8.014402298538256947e-03
2.748800000000000182e+03 8.073467890030067845e-03
2.752000000000000000e+03 8.134446373427119126e-03
2.755199999999999818e+03 8.197440467115169743e-03
2.758400000000000091e+03 8.262523926968660601e-03
2.761599999999999909e+03 8.329739566515117002e-03
2.764800000000000182e+03 8.399100393416071911e-03
2.768000000000000000e+03 8.470597669170231228e-03
2.771199999999999818e+03 8.544218077489326713e-03
2.774400000000000091e+03 8.619964452155636642e-03
2.777599999999999909e+03 8.697871144732837942e-03
2.780800000000000182e+03 8.778006720859944309e-03
2.784000000000000000e+03 8.860464034791461566e-03
2.787199999999999818e+03 8.945344594319375869e-03
2.790400000000000091e+03 9.032744174925475683e-03
2.793599999999999909e+03 9.122743597172947375e-03
2.796800000000000182e+03 9.215402863201065456e-03
2.800000000000000000e+03 9.310759685585449572e-03
2.803199999999999818e+03 9.408834369368781689e-03
2.806400000000000091e+03 9.509646764368136565e-03
2.809599999999999909e+03 9.613242081826693999e-03
2.812800000000000182e+03 9.719717913466419806e-03
2.816000000000000000e+03 9.829236724111636847e-03
2.819199999999999818e+03 9.942016218588345042e-03
2.822400000000000091e+03 1.005829550927115137e-02
2.825599999999999909e+03 1.017828906632186128e-02
2.828800000000000182e+03 1.030214179281730910e-02
2.832000000000000000e+03 1.042990151054862778e-02
2.835199999999999818e+03 1.056151576055549060e-02
2.838400000000000091e+03 1.069685358388012056e-02
2.841599999999999909e+03 1.083574222106980893e-02
2.844800000000000182e+03 1.097800535015452592e-02
2.848000000000000000e+03 1.112348984869354976e-02
2.851199999999999818e+03 1.127207272582758657e-02
2.854400000000000091e+03 1.142364700010884380e-02
2.857599999999999909e+03 1.157808775275966963e-02
2.860800000000000182e+03 1.173520731077474545e-02
2.864000000000000000e+03 1.189470894398550818e-02
2.867199999999999818e+03 1.205615531290218402e-02
2.870400000000000091e+03 1.221895745597456270e-02
2.873599999999999909e+03 1.238238653670058372e-02
2.876800000000000182e+03 1.254559665570583425e-02
2.880000000000000000e+03 1.270765416493142320e-02
2.883199999999999818e+03 1.286756814357083688e-02
2.886400000000000091e+03 1.302432464459962053e-02
2.889599999999999909e+03 1.317692069981671495e-02
2.892800000000000182e+03 1.332439607158170808e-02
2.896000000000000000e+03 1.346586219554151038e-02
2.899199999999999818e+03 1.360053052184212984e-02
2.902400000000000091e+03 1.372774175033871814e-02
2.905599999999999909e+03 1.384698930538372924e-02
2.908800000000000182e+03 1.395793539268719123e-02
2.912000000000000000e+03 1.406041877795222161e-02
2.915199999999999818e+03 1.415446467031022428e-02
2.918400000000000091e+03 1.424029603095922428e-02
2.921599999999999909e+03 1.431834065627227495e-02
2.924800000000000182e+03 1.438921478703744476e-02
2.928000000000000000e+03 1.445367198402507970e-02
2.931199999999999818e+03 1.451251561264249937e-02
2.934400000000000091e+03 1.456649188376724600e-02
2.937599999999999909e+03 1.461619211259989476e-02
2.940800000000000182e+03 1.466199568073332966e-02
2.944000000000000000e+03 1.470407686029614851e-02
2.947199999999999818e+03 1.474247381654243856e-02
2.950400000000000091e+03 1.477719596364901120e-02
2.953599999999999909e+03 1.480832659900846622e-02
2.956800000000000182e+03 1.483608578785147389e-02
2.960000000000000000e+03 1.486083445646845837e-02
2.963199999999999818e+03 1.488302858728022225e-02
2.966400000000000091e+03 1.490314512887243314e-02
2.969599999999999909e+03 1.492160682063351992e-02
2.972800000000000182e+03 1.493872676651993893e-02
2.976000000000000000e+03 1.495468698004735059e-02
2.979199999999999818e+03 1.496955953953164713e-02
2.982400000000000091e+03 1.498336783059882674e-02
2.985599999999999909e+03 1.499617328517313143e-02
2.988800000000000182e+03 1.500815540145915630e-02
2.992000000000000000e+03 1.501965163502747523e-02
2.995199999999999818e+03 1.503113397832110502e-02
2.998400000000000091e+03 1.504312783467811644e-02
3.001599999999999909e+03 1.505610348049012462e-02
3.004800000000000182e+03 1.507038388982375778e-02
3.008000000000000000e+03 1.508610565006194594e-02
3.011199999999999818e+03 1.510324625847775382e-02
3.014400000000000091e+03 1.512170596515118558e-02
3.017599999999999909e+03 1.514140959216022861e-02
3.020800000000000182e+03 1.516239024324253677e-02
3.024000000000000000e+03 1.518482318231466344e-02
3.027199999999999818e+03 1.520900321376437297e-02
3.030400000000000091e+03 1.523528096197285242e-02
3.033599999999999909e+03 1.526399076086461248e-02
3.036800000000000182e+03 1.529539950493666485e-02
3.040000000000000000e+03 1.532969096644919323e-02
3.043199999999999818e+03 1.536698335093117027e-02
3.046400000000000091e+03 1.540736614997368671e-02
3.049599999999999909e+03 1.545094230690536273e-02
3.052800000000000182e+03 1.549785873847378363e-02
3.056000000000000000e+03 1.554831355804851822e-02
3.059199999999999818e+03 1.560252919163289571e-02
3.062400000000000091e+03 1.566069698128132182e-02
3.065599999999999909e+03 1.572290951379302221e-02
3.068800000000000182e+03 1.578910929455103196e-02
3.072000000000000000e+03 1.585907512161756003e-02
3.075199999999999818e+03 1.593245367368276849e-02
3.078400000000000091e+03 1.600882560829407913e-02
3.081599999999999909e+03 1.608778271253671552e-02
3.084800000000000182e+03 1.616899259011996687e-02
3.088000000000000000e+03 1.625222895673024415e-02
3.091199999999999818e+03 1.633736192008255345e-02
3.094400000000000091e+03 1.642431182538020909e-02
3.097599999999999909e+03 1.651298903425264808e-02
3.100800000000000182e+03 1.660323871200323001e-02
3.104000000000000000e+03 1.669480535585424891e-02
3.107199999999999818e+03 1.678731441766892485e-02
3.110400000000000091e+03 1.688026926466609096e-02
3.113599999999999909e+03 1.697306985969389975e-02
3.116800000000000182e+03 1.706506699752639855e-02
3.120000000000000000e+03 1.715565706317576447e-02
3.123199999999999818e+03 1.724439356228674516e-02
3.126400000000000091e+03 1.733107462341381202e-02
3.129599999999999909e+03 1.741576130910310952e-02
3.132800000000000182e+03 1.749871320775400751e-02
3.136000000000000000e+03 1.758025823392465187e-02
3.139199999999999818e+03 1.766064848987710517e-02
3.142400000000000091e+03 1.773995487118985512e-02
3.145599999999999909e+03 1.781803758848923835e-02
3.148800000000000182e+03 1.789459180036822444e-02
3.152000000000000000e+03 1.796923990891191938e-02
3.155199999999999818e+03 1.804163330042261870e-02
3.158400000000000091e+03 1.811153526782217221e-02
3.161599999999999909e+03 1.817887570561438002e-02
3.164800000000000182e+03 1.824377473208534453e-02
3.168000000000000000e+03 1.830653964515949889e-02
3.171199999999999818e+03 1.836763293297201394e-02
3.174400000000000091e+03 1.842761299879159403e-02
3.177599999999999909e+03 1.848704748565729167e-02
3.180800000000000182e+03 1.854641372223589726e-02
3.184000000000000000e+03 1.860600955227910414e-02
3.187199999999999818e+03 1.866590589986093229e-02
3.190400000000000091e+03 1.872595977525148142e-02
3.193599999999999909e+03 1.878588496487701084e-02
3.196800000000000182e+03 1.884535660379619768e-02
3.200000000000000000e+03 1.890411554287965701e-02
3.203199999999999818e+03 1.896204534527105162e-02
3.206400000000000091e+03 1.901920301047878639e-02
3.209599999999999909e+03 1.907580210727646830e-02
3.212800000000000182e+03 1.913215393393077196e-02
3.216000000000000000e+03 1.918858655210495603e-02
3.219199999999999818e+03 1.924536120977088025e-02
3.222400000000000091e+03 1.930260953216106704e-02
3.225599999999999909e+03 1.936030481344120507e-02
3.228800000000000182e+03 1.941827293882249922e-02
3.232000000000000000e+03 1.947623644005752261e-02
3.235199999999999818e+03 1.953387837832873050e-02
3.238400000000000091e+03 1.959091466988212293e-02
3.241599999999999909e+03 1.964716301609552643e-02
3.244800000000000182e+03 1.970260023281446282e-02
3.248000000000000000e+03 1.975738931857969408e-02
3.251199999999999818e+03 1.981186114125574327e-02
3.254400000000000091e+03 1.986643984502270074e-02
3.257599999999999909e+03 1.992152703541707690e-02
3.260800000000000182e+03 1.997737773617220061e-02
3.264000000000000000e+03 2.003401396114069116e-02
3.267199999999999818e+03 2.009121252345139400e-02
3.270400000000000091e+03 2.014857844357656122e-02
3.273599999999999909e+03 2.020568468090492772e-02
3.276800000000000182e+03 2.026222777960752161e-02
3.280000000000000000e+03 2.031814398743191780e-02
3.283199999999999818e+03 2.037363950539249416e-02
3.286400000000000091e+03 2.042912717921083546e-02
3.289599999999999909e+03 2.048509294943859360e-02
3.292800000000000182e+03 2.054194389227706127e-02
3.296000000000000000e+03 2.059988854509799475e-02
3.299199999999999818e+03 2.065888728697334864e-02
3.302400000000000091e+03 2.071868384150637662e-02
3.305599999999999909e+03 2.077890232934533760e-02
3.308800000000000182e+03 2.083917615402804124e-02
3.312000000000000000e+03 2.089926540907050337e-02
3.315199999999999818e+03 2.095913128932872654e-02
3.318400000000000091e+03 2.101894906777004857e-02
3.321599999999999909e+03 2.107906483357536997e-02
3.324800000000000182e+03 2.113990916125326261e-02
3.328000000000000000e+03 2.120189269136516994e-02
3.331199999999999818e+03 2.126530642847989164e-02
3.334400000000000091e+03 2.133025232721106473e-02
3.337599999999999909e+03 2.139662096527720700e-02
3.340800000000000182e+03 2.146412292053937257e-02
3.344000000000000000e+03 2.153236432022092098e-02
3.347199999999999818e+03 2.160094351848418706e-02
3.350400000000000091e+03 2.166954389828649671e-02
3.353599999999999909e+03 2.173800038416277836e-02
3.356800000000000182e+03 2.180633143065313986e-02
3.360000000000000000e+03 2.187473296827239025e-02
3.363199999999999818e+03 2.194354188969245556e-02
3.366400000000000091e+03 2.201317472492764910e-02
3.369599999999999909e+03 2.208405390093226908e-02
3.372800000000000182e+03 2.215653087165615071e-02
3.376000000000000000e+03 2.223082112233721805e-02
3.379199999999999818e+03 2.230696398774225514e-02
3.382400000000000091e+03 2.238481976203922016e-02
3.385599999999999909e+03 2.246410842616045414e-02
3.388800000000000182e+03 2.254448305744524012e-02
3.392000000000000000e+03 2.262562226560221879e-02
3.395199999999999818e+03 2.270731642542155385e-02
3.398400000000000091e+03 2.278952542092020292e-02
3.401599999999999909e+03 2.287238598496667621e-02
3.404800000000000182e+03 2.295616433486530328e-02
3.408000000000000000e+03 2.304116133448289375e-02
3.411199999999999818e+03 2.312760037393859006e-02
3.414400000000000091e+03 2.321553095178203671e-02
3.417599999999999909e+03 2.330477947576306205e-02
3.420800000000000182e+03 2.339495795876178619e-02
3.424000000000000000e+03 2.348552402806131784e-02
3.427199999999999818e+03 2.357587277896451908e-02
3.430400000000000091e+03 2.366543562788431601e-02
3.433599999999999909e+03 2.375376659651254330e-02
3.436800000000000182e+03 2.384059576226281105e-02
3.440000000000000000e+03 2.392584078099949108e-02
3.443199999999999818e+03 2.400956879357896839e-02
3.446400000000000091e+03 2.409192075118887777e-02
3.449599999999999909e+03 2.417301709698056744e-02
3.452800000000000182e+03 2.425287574125709750e-02
3.456000000000000000e+03 2.433136362533504932e-02
3.459199999999999818e+03 2.440819367793531022e-02
3.462400000000000091e+03 2.448296692572477645e-02
3.465599999999999909e+03 2.455524979717063627e-02
3.468800000000000182e+03 2.462467090938763245e-02
3.472000000000000000e+03 2.469100898661221247e-02
3.475199999999999818e+03 2.475424707179963574e-02
3.478400000000000091e+03 2.481457105188406009e-02
3.481599999999999909e+03 2.487231426945416685e-02
3.484800000000000182e+03 2.492786330996907967e-02
3.488000000000000000e+03 2.498155748673824839e-02
3.491199999999999818e+03 2.503361125383546035e-02
3.494400000000000091e+03 2.508408103358851157e-02
3.497599999999999909e+03 2.513288093536880305e-02
3.500800000000000182e+03 2.517983729399838472e-02
3.504000000000000000e+03 2.522476387824587607e-02
3.507199999999999818e+03 2.526753421103155803e-02
3.510400000000000091e+03 2.530813455395461778e-02
3.513599999999999909e+03 2.534668538188661682e-02
3.516800000000000182e+03 2.538343211833517937e-02
3.520000000000000000e+03 2.541870745154727745e-02
3.523199999999999818e+03 2.545287559861176760e-02
3.526400000000000091e+03 2.548626882972931593e-02
3.529599999999999909e+03 2.551913259122362207e-02
3.532800000000000182e+03 2.555159235680936822e-02
3.536000000000000000e+03 2.558365062024057363e-02
3.539199999999999818e+03 2.561521264169586143e-02
3.542400000000000091e+03 2.564613144743418949e-02
3.545599999999999909e+03 2.567626016928423877e-02
3.548800000000000182e+03 2.570549883634739782e-02
3.552000000000000000e+03 2.573382855592320703e-02
3.555199999999999818e+03 2.576132693905423821e-02
3.558400000000000091e+03 2.578816457731045869e-02
3.561599999999999909e+03 2.581458069571276187e-02
3.564800000000000182e+03 2.584084146239258237e-02
3.568000000000000000e+03 2.586718541571662519e-02
3.571199999999999818e+03 2.589376912234301123e-02
3.574400000000000091e+03 2.592062798250499914e-02
3.577599999999999909e+03 2.594766690031410916e-02
3.580800000000000182e+03 2.597468554587031506e-02
3.584000000000000000e+03 2.600143070102162168e-02
3.587199999999999818e+03 2.602765967553524046e-02
3.590400000000000091e+03 2.605319546028807276e-02
3.593599999999999909e+03 2.607796171849064912e-02
3.596800000000000182e+03 2.610199055198998350e-02
3.600000000000000000e+03 2.612540590930666554e-02
3.603199999999999818e+03 2.614838635497181846e-02
3.606400000000000091e+03 2.617111769119580961e-02
3.609599999999999909e+03 2.619374502581837960e-02
3.612800000000000182e+03 2.621633701045095882e-02
3.616000000000000000e+03 2.623887013301937077e-02
3.619199999999999818e+03 2.626123671802229123e-02
3.622400000000000091e+03 2.628327346242354673e-02
3.625599999999999909e+03 2.630480188448465831e-02
3.628800000000000182e+03 2.632567138712258586e-02
3.632000000000000000e+03 2.634579447862124557e-02
3.635199999999999818e+03 2.636516871797207201e-02
3.638400000000000091e+03 2.638387934771270482e-02
3.641599999999999909e+03 2.640208251176221280e-02
3.644800000000000182e+03 2.641996962685365727e-02
3.648000000000000000e+03 2.643772211157471158e-02
3.651199999999999818e+03 2.645546780348828619e-02
3.654400000000000091e+03 2.647325304315254965e-02
3.657599999999999909e+03 2.649103770966430849e-02
3.660800000000000182e+03 2.650871264820863285e-02
3.664000000000000000e+03 2.652613210274925790e-02
3.667199999999999818e+03 2.654315057191601601e-02
3.670400000000000091e+03 2.655965692332386274e-02
3.673599999999999909e+03 2.657559951954748673e-02
3.676800000000000182e+03 2.659100050449561548e-02
3.680000000000000000e+03 2.660595533633363860e-02
3.683199999999999818e+03 2.662061769128066038e-02
3.686400000000000091e+03 2.663517040288349361e-02
3.689599999999999909e+03 2.664978970249216872e-02
3.692800000000000182e+03 2.666461080577046602e-02
3.696000000000000000e+03 2.667970377367645182e-02
3.699199999999999818e+03 2.669506428846451715e-02
3.702400000000000091e+03 2.671062051263604215e-02
3.705599999999999909e+03 2.672625466193241303e-02
3.708800000000000182e+03 2.674183539044050484e-02
3.712000000000000000e+03 2.675725610871755242e-02
3.715199999999999818e+03 2.677246988508750342e-02
3.718400000000000091e+03 2.678751163174292876e-02
3.721599999999999909e+03 2.680249739122778779e-02
3.724800000000000182e+03 2.681759911899400314e-02
3.728000000000000000e+03 2.683300012254155251e-02
3.731199999999999818e+03 2.684884670590842806e-02
3.734400000000000091e+03 2.686521103530026613e-02
3.737599999999999909e+03 2.688207622801505950e-02
3.740800000000000182e+03 2.689934402313605422e-02
3.744000000000000000e+03 2.691685936176873781e-02
3.747199999999999818e+03 2.693444489082969309e-02
3.750400000000000091e+03 2.695193917341000972e-02
3.753599999999999909e+03 2.696923414642191097e-02
3.756800000000000182e+03 2.698630288842856009e-02
3.760000000000000000e+03 2.700320952917876008e-02
3.763199999999999818e+03 2.702009266576245114e-02
3.766400000000000091e+03 2.703712527520965234e-02
3.769599999999999909e+03 2.705446166802185498e-02
3.772800000000000182e+03 2.707219140137062663e-02
3.776000000000000000e+03 2.709031527482134299e-02
3.779199999999999818e+03 2.710874984501489976e-02
3.782400000000000091e+03 2.712735426348360582e-02
3.785599999999999909e+03 2.714596695568899376e-02
3.788800000000000182e+03 2.716444182257166107e-02
3.792000000000000000e+03 2.718267712385769030e-02
3.795199999999999818e+03 2.720063648203499204e-02
3.798400000000000091e+03 2.721835852681817394e-02
3.801599999999999909e+03 2.723595333340313174e-02
3.804800000000000182e+03 2.725358107562199025e-02
3.808000000000000000e+03 2.727141669912272123e-02
3.811199999999999818e+03 2.728960844638986249e-02
3.814400000000000091e+03 2.730824423085849093e-02
3.817599999999999909e+03 2.732733539270580311e-02
3.820800000000000182e+03 2.734682083531024890e-02
3.824000000000000000e+03 2.736658707694546860e-02
3.827199999999999818e+03 2.738649606539828377e-02
3.830400000000000091e+03 2.740641542012226331e-02
3.833599999999999909e+03 2.742624670856868771e-02
3.836800000000000182e+03 2.744595070387247093e-02
3.840000000000000000e+03 2.746556359215430662e-02
3.843199999999999818e+03 2.748519853273775557e-02
3.846400000000000091e+03 2.750502534944787927e-02
3.849599999999999909e+03 2.752523116018728080e-02
3.852800000000000182e+03 2.754597165781619283e-02
3.856000000000000000e+03 2.756733040052187361e-02
3.859199999999999818e+03 2.758929882803986058e-02
3.862400000000000091e+03 2.761178163893197868e-02
3.865599999999999909e+03 2.763462237999537302e-02
3.868800000000000182e+03 2.765763964536481490e-02
3.872000000000000000e+03 2.768066604895787208e-02
3.875199999999999818e+03 2.770358307108931190e-02
3.878400000000000091e+03 2.772634807621087924e-02
3.881599999999999909e+03 2.774900642387482380e-02
3.884800000000000182e+03 2.777168487659519014e-02
3.888000000000000000e+03 2.779456269258038376e-02
3.891199999999999818e+03 2.781782728298178714e-02
3.894400000000000091e+03 2.784162522345924595e-02
3.897599999999999909e+03 2.786602484199314847e-02
3.900800000000000182e+03 2.789100006410390187e-02
3.904000000000000000e+03 2.791643854628457141e-02
3.907199999999999818e+03 2.794216915457703107e-02
3.910400000000000091e+03 2.796800041223299060e-02
3.913599999999999909e+03 2.799376267372871707e-02
3.916800000000000182e+03 2.801934527467512051e-02
3.920000000000000000e+03 2.804472270729832517e-02
3.923199999999999818e+03 2.806996093392264205e-02
3.926400000000000091e+03 2.809520184549257893e-02
3.929599999999999909e+03 2.812062596369926254e-02
3.932800000000000182e+03 2.814640449527284344e-02
3.936000000000000000e+03 2.817265303225495801e-02
3.939199999999999818e+03 2.819940143529464996e-02
3.942400000000000091e+03 2.822658633567129427e-02
3.945599999999999909e+03 2.825406593859685137e-02
3.948800000000000182e+03 2.828165091590176261e-02
3.952000000000000000e+03 2.830914290621357188e-02
3.955199999999999818e+03 2.833637476613929881e-02
3.958400000000000091e+03 2.836324475663985767e-02
3.961599999999999909e+03 2.838973944235195779e-02
3.964800000000000182e+03 2.841593646126147968e-02
3.968000000000000000e+03 2.844198529371578382e-02
3.971199999999999818e+03 2.846806665976744574e-02
3.974400000000000091e+03 2.849434265085291559e-02
3.977599999999999909e+03 2.852091126112814984e-02
3.980800000000000182e+03 2.854778028619814681e-02
3.984000000000000000e+03 2.857486606686098635e-02
3.987199999999999818e+03 2.860201420428876498e-02
3.990400000000000091e+03 2.862903369434224854e-02
3.993599999999999909e+03 2.865573491796391883e-02
3.996800000000000182e+03 2.868196644917674065e-02
4.000000000000000000e+03 2.870764447654798254e-02
4.003199999999999818e+03 2.873277103420066036e-02
4.006400000000000091e+03 2.875743296204400987e-02
4.009599999999999909e+03 2.878178025822036856e-02
4.012800000000000182e+03 2.880598543567943620e-02
4.016000000000000000e+03 2.883019673574924863e-02
4.019199999999999818e+03 2.885449853939613118e-02
4.022400000000000091e+03 2.887889181789963025e-02
4.025599999999999909e+03 2.890329751721446710e-02
4.028800000000000182e+03 2.892757840204668307e-02
4.032000000000000000e+03 2.895157105836450653e-02
4.035199999999999818e+03 2.897511991731780909e-02
4.038400000000000091e+03 2.899810958017044402e-02
4.041599999999999909e+03 2.902048993848356864e-02
4.044800000000000182e+03 2.904229050592303796e-02
4.048000000000000000e+03 2.906361659418421964e-02
4.051199999999999818e+03 2.908462721278608568e-02
4.054400000000000091e+03 2.910549718441474837e-02
4.057599999999999909e+03 2.912637546014395715e-02
4.060800000000000182e+03 2.914735037736550238e-02
4.064000000000000000e+03 2.916843200396423974e-02
4.067199999999999818e+03 2.918955379468587616e-02
4.070400000000000091e+03 2.921059051271534743e-02
4.073599999999999909e+03 2.923138628252164306e-02
4.076800000000000182e+03 2.925178553885773511e-02
4.080000000000000000e+03 2.927166301819442845e-02
4.083199999999999818e+03 2.929094715205017227e-02
4.086400000000000091e+03 2.930963419138706699e-02
4.089599999999999909e+03 2.932778730584075302e-02
4.092800000000000182e+03 2.934552091510677502e-02
4.096000000000000000e+03 2.936297150080692184e-02
4.099199999999999818e+03 2.938026347947318012e-02
4.102399999999999636e+03 2.939747811893746177e-02
4.105600000000000364e+03 2.941463426484784358e-02
4.108800000000000182e+03 2.943168471203242917e-02
4.112000000000000000e+03 2.944852805385224370e-02
4.115199999999999818e+03 2.946503235887332206e-02
4.118399999999999636e+03 2.948106439790137284e-02
4.121600000000000364e+03 2.949651936182429851e-02
4.124800000000000182e+03 2.951134441342958409e-02
4.128000000000000000e+03 2.952555218411705498e-02
4.131199999999999818e+03 2.953921906560120700e-02
4.134399999999999636e+03 2.955246899129677224e-02
4.137600000000000364e+03 2.956544516481082741e-02
4.140800000000000182e+03 2.957827866099915423e-02
4.144000000000000000e+03 2.959106145050970083e-02
4.147199999999999818e+03 2.960383110724912337e-02
4.150399999999999636e+03 2.961656860530834448e-02
4.153600000000000364e+03 2.962920778415245593e-02
4.156800000000000182e+03 2.964165253860001278e-02
4.160000000000000000e+03 2.965379765525317027e-02
4.163199999999999818e+03 2.966555075504742969e-02
4.166399999999999636e+03 2.967685185956743174e-02
4.169600000000000364e+03 2.968768825689878377e-02
4.172800000000000182e+03 2.969809953410917219e-02
4.176000000000000000e+03 2.970817124810968060e-02
4.179199999999999818e+03 2.971801632601013196e-02
4.182399999999999636e+03 2.972775018810519532e-02
4.185600000000000364e+03 2.973746551147177924e-02
4.188800000000000182e+03 2.974721444972491802e-02
4.192000000000000000e+03 2.975700114147580497e-02
4.195199999999999818e+03 2.976678510336859193e-02
4.198399999999999636e+03 2.977649275592292658e-02
4.201600000000000364e+03 2.978603387973116634e-02
4.204800000000000182e+03 2.979532087281122968e-02
4.208000000000000000e+03 2.980428767198438703e-02
4.211199999999999818e+03 2.981290616511545963e-02
4.214399999999999636e+03 2.982119468458353101e-02
4.217600000000000364e+03 2.982921650554019866e-02
4.220800000000000182e+03 2.983706637481142385e-02
4.224000000000000000e+03 2.984484977519769738e-02
4.227199999999999818e+03 2.985265974660070154e-02
4.230399999999999636e+03 2.986055846934499922e-02
4.233600000000000364e+03 2.986856693860592826e-02
4.236800000000000182e+03 2.987666404232347181e-02
4.240000000000000000e+03 2.988479355939977627e-02
4.243199999999999818e+03 2.989287657833126707e-02
4.246399999999999636e+03 2.990082788949258857e-02
4.249600000000000364e+03 2.990857371750738763e-02
4.252800000000000182e+03 2.991606897248207109e-02
4.256000000000000000e+03 2.992330907326634648e-02
4.259199999999999818e+03 2.993033325333260136e-02
4.262399999999999636e+03 2.993721633694973808e-02
4.265600000000000364e+03 2.994405155283226191e-02
4.268800000000000182e+03 2.995092855839461693e-02
4.272000000000000000e+03 2.995791345826948060e-02
4.275199999999999818e+03 2.996503501607703998e-02
4.278399999999999636e+03 2.997227970086618204e-02
4.281600000000000364e+03 2.997959521668430716e-02
4.284800000000000182e+03 2.998690134314556388e-02
4.288000000000000000e+03 2.999410627416556480e-02
4.291199999999999818e+03 3.000112595481620181e-02
4.294399999999999636e+03 3.000790336626451074e-02
4.297600000000000364e+03 3.001442265393871461e-02
4.300800000000000182e+03 3.002071426365423082e-02
4.304000000000000000e+03 3.002684782848388800e-02
4.307199999999999818e+03 3.003291520914387613e-02
4.310399999999999636e+03 3.003900751440480993e-02
4.313600000000000364e+03 3.004519370096550568e-02
4.316800000000000182e+03 3.005150526801458194e-02
4.320000000000000000e+03 3.005793090140764998e-02
4.323199999999999818e+03 3.006442032377785317e-02
4.326399999999999636e+03 3.007089569766571366e-02
4.329600000000000364e+03 3.007726761723083023e-02
4.332800000000000182e+03 3.008345266383041783e-02
4.336000000000000000e+03 3.008939016844799225e-02
4.339199999999999818e+03 3.009505404644473650e-02
4.342399999999999636e+03 3.010045762256462892e-02
4.345600000000000364e+03 3.010564851551976798e-02
4.348800000000000182e+03 3.011069596018742245e-02
4.352000000000000000e+03 3.011567294074323983e-02
4.355199999999999818e+03 3.012063922502817778e-02
4.358399999999999636e+03 3.012562853998183160e-02
4.361600000000000364e+03 3.013064290130872125e-02
4.364800000000000182e+03 3.013565392525170000e-02
4.368000000000000000e+03 3.014061008559073759e-02
4.371199999999999818e+03 3.014544863497086238e-02
4.374399999999999636e+03 3.015010993256056482e-02
4.377600000000000364e+03 3.015455269051178777e-02
4.380800000000000182e+03 3.015876584507332092e-02
4.384000000000000000e+03 3.016277431620743507e-02
4.387199999999999818e+03 3.016663500160035247e-02
4.390399999999999636e+03 3.017042442132652699e-02
4.393600000000000364e+03 3.017422079116794525e-02
4.396800000000000182e+03 3.017808665017451125e-02
4.400000000000000000e+03 3.018205631913659093e-02
4.403199999999999818e+03 3.018613092504796383e-02
4.406399999999999636e+03 3.019028071681413919e-02
4.409600000000000364e+03 3.019445282303001923e-02
4.412800000000000182e+03 3.019858271420755233e-02
4.416000000000000000e+03 3.020260748058803402e-02
4.419199999999999818e+03 3.020647970676175464e-02
4.422399999999999636e+03 3.021017880955246745e-02
4.425600000000000364e+03 3.021371686716566030e-02
4.428800000000000182e+03 3.021713579272436792e-02
4.432000000000000000e+03 3.022049671247729885e-02
4.435199999999999818e+03 3.022386454374707473e-02
4.438399999999999636e+03 3.022729338288342865e-02
4.441600000000000364e+03 3.023081597211481689e-02
4.444800000000000182e+03 3.023443907635665548e-02
4.448000000000000000e+03 3.023814348541255248e-02
4.451199999999999818e+03 3.024188798135615808e-02
4.454399999999999636e+03 3.024561661486684094e-02
4.457600000000000364e+03 3.024926956672195633e-02
4.460800000000000182e+03 3.025279671467427656e-02
4.464000000000000000e+03 3.025617063827875861e-02
4.467199999999999818e+03 3.025939506929585868e-02
4.470399999999999636e+03 3.026250448113330938e-02
4.473600000000000364e+03 3.026555544287223148e-02
4.476800000000000182e+03 3.026861207765756817e-02
4.480000000000000000e+03 3.027173172243692242e-02
4.483199999999999818e+03 3.027495355442653968e-02
4.486399999999999636e+03 3.027829251290059531e-02
4.489600000000000364e+03 3.028173734645365697e-02
4.492800000000000182e+03 3.028525269160917133e-02
4.496000000000000000e+03 3.028878504634018726e-02
4.499199999999999818e+03 3.029227278196236148e-02
4.502399999999999636e+03 3.029565973372771656e-02
4.505600000000000364e+03 3.029890876074185779e-02
4.508800000000000182e+03 3.030201178604351869e-02
4.512000000000000000e+03 3.030499148521009767e-02
4.515199999999999818e+03 3.030789481631528115e-02
4.518399999999999636e+03 3.031077992932403389e-02
4.521600000000000364e+03 3.031370205610188148e-02
4.524800000000000182e+03 3.031670163084328531e-02
4.528000000000000000e+03 3.031979724420289651e-02
4.531199999999999818e+03 3.032298312921835257e-02
4.534399999999999636e+03 3.032623078920234500e-02
4.537600000000000364e+03 3.032949460377925427e-02
4.540800000000000182e+03 3.033272109165818450e-02
4.544000000000000000e+03 3.033586151986863641e-02
4.547199999999999818e+03 3.033888482251410890e-02
4.550399999999999636e+03 3.034178758011545768e-02
4.553600000000000364e+03 3.034459647305997460e-02
4.556800000000000182e+03 3.034736257339713458e-02
4.560000000000000000e+03 3.035014877430817354e-02
4.563199999999999818e+03 3.035301545055436867e-02
4.566399999999999636e+03 3.035600790782541636e-02
4.569600000000000364e+03 3.035914842225780758e-02
4.572800000000000182e+03 3.036243280770865166e-02
4.576000000000000000e+03 3.036583145453389948e-02
4.579199999999999818e+03 3.036929450604443359e-02
4.582399999999999636e+03 3.037276107526247493e-02
4.585600000000000364e+03 3.037617181020049739e-02
4.588800000000000182e+03 3.037948220957037426e-02
4.592000000000000000e+03 3.038267350454176841e-02
4.595199999999999818e+03 3.038575681237341841e-02
4.598399999999999636e+03 3.038876947126567529e-02
4.601600000000000364e+03 3.039176400056714522e-02
4.604800000000000182e+03 3.039479430257637643e-02
4.608000000000000000e+03 3.039790242902848383e-02
4.611199999999999818e+03 3.040110964770935745e-02
4.614399999999999636e+03 3.040441214601113940e-02
4.617600000000000364e+03 3.040778191850072865e-02
4.620800000000000182e+03 3.041117201623605784e-02
4.624000000000000000e+03 3.041452576607089550e-02
4.627199999999999818e+03 3.041778896873730334e-02
4.630399999999999636e+03 3.042092257042430803e-02
4.633600000000000364e+03 3.042391313270137107e-02
4.636800000000000182e+03 3.042677681730622183e-02
4.640000000000000000e+03 3.042955596900979651e-02
4.643199999999999818e+03 3.043230813494988626e-02
4.646399999999999636e+03 3.043509214063031335e-02
4.649600000000000364e+03 3.043795444015987700e-02
4.652800000000000182e+03 3.044091992109708433e-02
4.656000000000000000e+03 3.044398775634118287e-02
4.659199999999999818e+03 3.044713270120246590e-02
4.662399999999999636e+03 3.045031071282923787e-02
4.665600000000000364e+03 3.045346779107644536e-02
4.668800000000000182e+03 3.045655108111266357e-02
4.672000000000000000e+03 3.045951996366053766e-02
4.675199999999999818e+03 3.046235552543853642e-02
4.678399999999999636e+03 3.046506485550923293e-02
4.681600000000000364e+03 3.046767944391045799e-02
4.684800000000000182e+03 3.047024686699638385e-02
4.688000000000000000e+03 3.047281919223471941e-02
4.691199999999999818e+03 3.047544061660075951e-02
4.694399999999999636e+03 3.047813812145971565e-02
4.697600000000000364e+03 3.048091620028259979e-02
4.700800000000000182e+03 3.048375643551838945e-02
4.704000000000000000e+03 3.048662144665835808e-02
4.707199999999999818e+03 3.048946246615406863e-02
4.710399999999999636e+03 3.049222982166749363e-02
4.713600000000000364e+03 3.049488414510725595e-02
4.716800000000000182e+03 3.049740648312741775e-02
4.720000000000000000e+03 3.049980368636295847e-02
4.723199999999999818e+03 3.050210784709829134e-02
4.726399999999999636e+03 3.050436868319228792e-02
4.729600000000000364e+03 3.050664180800383846e-02
4.732800000000000182e+03 3.050897555795300045e-02
4.736000000000000000e+03 3.051140058377206643e-02
4.739199999999999818e+03 3.051392384923904896e-02
4.742399999999999636e+03 3.051652809265573488e-02
4.745600000000000364e+03 3.051917594440106338e-02
4.748800000000000182e+03 3.052181760282548367e-02
4.752000000000000000e+03 3.052440088375207167e-02
4.755199999999999818e+03 3.052688166853393531e-02
4.758399999999999636e+03 3.052923320144294850e-02
4.761600000000000364e+03 3.053145126039159482e-02
4.764800000000000182e+03 3.053355422858975918e-02
4.768000000000000000e+03 3.053557698633917877e-02
4.771199999999999818e+03 3.053756114179876496e-02
4.774399999999999636e+03 3.053954374580852837e-02
4.777600000000000364e+03 3.054154837762318442e-02
4.780800000000000182e+03 3.054358006163235273e-02
4.784000000000000000e+03 3.054562512819011116e-02
4.787199999999999818e+03 3.054765504906427689e-02
4.790399999999999636e+03 3.054963315415470948e-02
4.793600000000000364e+03 3.055152304254627957e-02
4.796800000000000182e+03 3.055329709845672898e-02
4.800000000000000000e+03 3.055494400856199194e-02
4.803199999999999818e+03 3.055647269877363043e-02
4.806399999999999636e+03 3.055791188244979042e-02
4.809600000000000364e+03 3.055930391619296471e-02
4.812800000000000182e+03 3.056069529512217553e-02
4.816000000000000000e+03 3.056212565488533248e-02
4.819199999999999818e+03 3.056361923626319324e-02
4.822399999999999636e+03 3.056518028927170810e-02
4.825600000000000364e+03 3.056679354633666870e-02
4.828800000000000182e+03 3.056842873007312167e-02
4.832000000000000000e+03 3.057004765438600322e-02
4.835199999999999818e+03 3.057161265417079540e-02
4.838399999999999636e+03 3.057309441049149354e-02
4.841600000000000364e+03 3.057447845763307248e-02
4.844800000000000182e+03 3.057576807395358601e-02
4.848000000000000000e+03 3.057698356350391569e-02
4.851199999999999818e+03 3.057815695651336374e-02
4.854399999999999636e+03 3.057932434211894923e-02
4.857600000000000364e+03 3.058051718731900556e-02
4.860800000000000182e+03 3.058175555274259341e-02
4.864000000000000000e+03 3.058304436308545080e-02
4.867199999999999818e+03 3.058437337872356790e-02
4.870399999999999636e+03 3.058572049319050606e-02
4.873600000000000364e+03 3.058705711947237033e-02
4.876800000000000182e+03 3.058835508020115238e-02
4.880000000000000000e+03 3.058959319666157417e-02
4.883199999999999818e+03 3.059076296769027564e-02
4.886399999999999636e+03 3.059187119475095459e-02
4.889600000000000364e+03 3.059293932874823652e-02
4.892800000000000182e+03 3.059399878311962542e-02
4.896000000000000000e+03 3.059508385330018954e-02
4.899199999999999818e+03 3.059622361026573950e-02
4.902399999999999636e+03 3.059743518597583811e-02
4.905600000000000364e+03 3.059871993224572498e-02
4.908800000000000182e+03 3.060006337326869053e-02
4.912000000000000000e+03 3.060143883188198508e-02
4.915199999999999818e+03 3.060281347106226513e-02
4.918399999999999636e+03 3.060415543510313502e-02
4.921600000000000364e+03 3.060544016458989838e-02
4.924800000000000182e+03 3.060665499826869390e-02
4.928000000000000000e+03 3.060780082490050652e-02
4.931199999999999818e+03 3.060889093080765289e-02
4.934399999999999636e+03 3.060994685752858185e-02
4.937600000000000364e+03 3.061099258946450158e-02
4.940800000000000182e+03 3.061204797080197687e-02
4.944000000000000000e+03 3.061312344872886212e-02
4.947199999999999818e+03 3.061421716114183164e-02
4.950399999999999636e+03 3.061531553987205737e-02
4.953600000000000364e+03 3.061639684030407343e-02
4.956800000000000182e+03 3.061743671979709827e-02
4.960000000000000000e+03 3.061841420413347406e-02
4.963199999999999818e+03 3.061931661310769021e-02
4.966399999999999636e+03 3.062014270892612564e-02
4.969600000000000364e+03 3.062090319314850553e-02
4.972800000000000182e+03 3.062161905907572965e-02
4.976000000000000000e+03 3.062231730889530476e-02
4.979199999999999818e+03 3.062302563168268002e-02
4.982399999999999636e+03 3.062376631211038980e-02
4.985600000000000364e+03 3.062455173783142082e-02
4.988800000000000182e+03 3.062538195119381482e-02
4.992000000000000000e+03 3.062624541140473305e-02
4.995199999999999818e+03 3.062712226073731683e-02
4.998399999999999636e+03 3.062798904820811588e-02
5.001600000000000364e+03 3.062882378679116294e-02
5.004800000000000182e+03 3.062960971300526455e-02
5.008000000000000000e+03 3.063033804472418964e-02
5.011199999999999818e+03 3.063100872888045723e-02
5.014399999999999636e+03 3.063163021195901975e-02
5.017600000000000364e+03 3.063221717478892617e-02
5.020800000000000182e+03 3.063278723551261101e-02
5.024000000000000000e+03 3.063335658673624687e-02
5.027199999999999818e+03 3.063393614276152532e-02
5.030399999999999636e+03 3.063452929228356950e-02
5.033600000000000364e+03 3.063513186048037740e-02
5.036800000000000182e+03 3.063573447409653067e-02
5.040000000000000000e+03 3.063632576679503616e-02
5.043199999999999818e+03 3.063689579774152294e-02
5.046399999999999636e+03 3.063743815457110886e-02
5.049600000000000364e+03 3.063795128183940258e-02
5.052800000000000182e+03 3.063843879041277390e-02
5.056000000000000000e+03 3.063890922767418742e-02
5.059199999999999818e+03 3.063937479914815090e-02
5.062399999999999636e+03 3.063984885847325160e-02
5.065600000000000364e+03 3.064034262065738756e-02
5.068800000000000182e+03 3.064086200009428704e-02
5.072000000000000000e+03 3.064140603879722535e-02
5.075199999999999818e+03 3.064196736335519922e-02
5.078399999999999636e+03 3.064253451970761280e-02
5.081600000000000364e+03 3.064309505729460870e-02
5.084800000000000182e+03 3.064363823503737580e-02
5.088000000000000000e+03 3.064415690008311099e-02
5.091199999999999818e+03 3.064464837183353274e-02
5.094399999999999636e+03 3.064511480450671926e-02
5.097600000000000364e+03 3.064556277652455418e-02
5.100800000000000182e+03 3.064600200897587765e-02
5.104000000000000000e+03 3.064644308339441875e-02
5.107199999999999818e+03 3.064689451839236120e-02
5.110399999999999636e+03 3.064736046041488526e-02
5.113600000000000364e+03 3.064783945037689167e-02
5.116800000000000182e+03 3.064832528773246342e-02
5.120000000000000000e+03 3.064880895008605111e-02
5.123199999999999818e+03 3.064928141347600735e-02
5.126399999999999636e+03 3.064973581053535845e-02
5.129600000000000364e+03 3.065016881048880648e-02
5.132800000000000182e+03 3.065058099062214006e-02
5.136000000000000000e+03 3.065097642600643144e-02
5.139199999999999818e+03 3.065136218734469328e-02
5.142399999999999636e+03 3.065174713296666548e-02
5.145600000000000364e+03 3.065214081689410577e-02
5.148800000000000182e+03 3.065255160799331205e-02
5.152000000000000000e+03 3.065298538409259865e-02
5.155199999999999818e+03 3.065344440870317738e-02
5.158399999999999636e+03 3.065392730563365475e-02
5.161600000000000364e+03 3.065442971833054128e-02
5.164800000000000182e+03 3.065494525933255485e-02
5.168000000000000000e+03 3.065546675689072298e-02
5.171199999999999818e+03 3.065598692233750464e-02
5.174399999999999636e+03 3.065649936341800427e-02
5.177600000000000364e+03 3.065699903254092556e-02
5.180800000000000182e+03 3.065748303608476638e-02
5.184000000000000000e+03 3.065795083421878758e-02
5.187199999999999818e+03 3.065840419088930457e-02
5.190399999999999636e+03 3.065884670508187831e-02
5.193600000000000364e+03 3.065928301064507755e-02
5.196800000000000182e+03 3.065971840720474809e-02
5.200000000000000000e+03 3.066015824852800706e-02
5.203199999999999818e+03 3.066060778026752712e-02
5.206399999999999636e+03 3.066107127592025347e-02
5.209600000000000364e+03 3.066155130646708998e-02
5.212800000000000182e+03 3.066204792132124976e-02
5.216000000000000000e+03 3.066255850788917464e-02
5.219199999999999818e+03 3.066307855996877954e-02
5.222399999999999636e+03 3.066360268689070218e-02
5.225600000000000364e+03 3.066412596169011337e-02
5.228800000000000182e+03 3.066464430073597910e-02
5.232000000000000000e+03 3.066515483455419661e-02
5.235199999999999818e+03 3.066565571372119672e-02
5.238399999999999636e+03 3.066614639802271378e-02
5.241600000000000364e+03 3.066662790477442391e-02
5.244800000000000182e+03 3.066710281246579420e-02
5.248000000000000000e+03 3.066757503828510326e-02
5.251199999999999818e+03 3.066804893388567002e-02
5.254399999999999636e+03 3.066852890231119150e-02
5.257600000000000364e+03 3.066901872251491176e-02
5.260800000000000182e+03 3.066952156308508023e-02
5.264000000000000000e+03 3.067003946798375208e-02
5.267199999999999818e+03 3.067057295991182028e-02
5.270399999999999636e+03 3.067112050029529788e-02
5.273600000000000364e+03 3.067167823407001073e-02
5.276800000000000182e+03 3.067224064283229079e-02
5.280000000000000000e+03 3.067280139804219596e-02
5.283199999999999818e+03 3.067335499220340961e-02
5.286399999999999636e+03 3.067389748070118230e-02
5.289600000000000364e+03 3.067442713876729690e-02
5.292800000000000182e+03 3.067494411448959749e-02
5.296000000000000000e+03 3.067545026675791778e-02
5.299199999999999818e+03 3.067594909955623922e-02
5.302399999999999636e+03 3.067644567695359745e-02
5.305600000000000364e+03 3.067694649692764841e-02
5.308800000000000182e+03 3.067745822774705505e-02
5.312000000000000000e+03 3.067798651675884142e-02
5.315199999999999818e+03 3.067853434943439497e-02
5.318399999999999636e+03 3.067910168878288171e-02
5.321600000000000364e+03 3.067968570393269159e-02
5.324800000000000182e+03 3.068028177149420901e-02
5.328000000000000000e+03 3.068088448531571671e-02
5.331199999999999818e+03 3.068148795612702859e-02
5.334399999999999636e+03 3.068208623385874217e-02
5.337600000000000364e+03 3.068267329866823656e-02
5.340800000000000182e+03 3.068324414159454006e-02
5.344000000000000000e+03 3.068379559324796099e-02
5.347199999999999818e+03 3.068432728983254074e-02
5.350399999999999636e+03 3.068484165204479058e-02
5.353600000000000364e+03 3.068534302989941662e-02
5.356800000000000182e+03 3.068583687270202282e-02
5.360000000000000000e+03 3.068632861546825158e-02
5.363199999999999818e+03 3.068682378021211216e-02
5.366399999999999636e+03 3.068732753460052740e-02
5.369600000000000364e+03 3.068784491131605272e-02
5.372800000000000182e+03 3.068838000780246822e-02
5.376000000000000000e+03 3.068893536112532461e-02
5.379199999999999818e+03 3.068951127299663836e-02
5.382399999999999636e+03 3.069010539214073879e-02
5.385600000000000364e+03 3.069071329107450272e-02
5.388800000000000182e+03 3.069132852590370983e-02
5.392000000000000000e+03 3.069194353189458671e-02
5.395199999999999818e+03 3.069254938017747930e-02
5.398399999999999636e+03 3.069313673548325350e-02
5.401600000000000364e+03 3.069369662959241588e-02
5.404800000000000182e+03 3.069422236059250048e-02
5.408000000000000000e+03 3.069471107897561724e-02
5.411199999999999818e+03 3.069516454846391365e-02
5.414399999999999636e+03 3.069558930329142551e-02
5.417600000000000364e+03 3.069599541527330208e-02
5.420800000000000182e+03 3.069639582473486505e-02
5.424000000000000000e+03 3.069680463264680761e-02
5.427199999999999818e+03 3.069723610488266086e-02
5.430399999999999636e+03 3.069770245113684001e-02
5.433600000000000364e+03 3.069821181319855319e-02
5.436800000000000182e+03 3.069876604155086577e-02
5.440000000000000000e+03 3.069935955327730490e-02
5.443199999999999818e+03 3.069998018447346252e-02
5.446399999999999636e+03 3.070061140506397113e-02
5.449600000000000364e+03 3.070123604330886671e-02
5.452800000000000182e+03 3.070183915618563200e-02
5.456000000000000000e+03 3.070241059775266623e-02
5.459199999999999818e+03 3.070294623791636895e-02
5.462399999999999636e+03 3.070344890298367518e-02
5.465600000000000364e+03 3.070392873629205002e-02
5.468800000000000182e+03 3.070440245554472911e-02
5.472000000000000000e+03 3.070489159351883976e-02
5.475199999999999818e+03 3.070541868818233572e-02
5.478399999999999636e+03 3.070600312880284247e-02
5.481600000000000364e+03 3.070665671234290919e-02
5.484800000000000182e+03 3.070738108467543567e-02
5.488000000000000000e+03 3.070816728859265821e-02
5.491199999999999818e+03 3.070899706522303707e-02
5.494399999999999636e+03 3.070984582133634219e-02
5.497600000000000364e+03 3.071068501668377040e-02
5.500800000000000182e+03 3.071148585566960826e-02
5.504000000000000000e+03 3.071222215658443375e-02
5.507199999999999818e+03 3.071287489574468094e-02
5.510399999999999636e+03 3.071343544772240156e-02
5.513600000000000364e+03 3.071390801758747818e-02
5.516800000000000182e+03 3.071430952963454322e-02
5.520000000000000000e+03 3.071466677121066635e-02
5.523199999999999818e+03 3.071501305181714367e-02
5.526399999999999636e+03 3.071538310672822583e-02
5.529600000000000364e+03 3.071581048932329333e-02
5.532800000000000182e+03 3.071632347008113051e-02
5.536000000000000000e+03 3.071694343671355423e-02
5.539199999999999818e+03 3.071768145505084091e-02
5.542399999999999636e+03 3.071853710386632935e-02
5.545600000000000364e+03 3.071949801447207418e-02
5.548800000000000182e+03 3.072054202851695615e-02
5.552000000000000000e+03 3.072164177168823854e-02
5.555199999999999818e+03 3.072276852811799130e-02
5.558399999999999636e+03 3.072389695349423550e-02
5.561600000000000364e+03 3.072500577930808302e-02
5.564800000000000182e+03 3.072607954222376578e-02
5.568000000000000000e+03 3.072710715909764481e-02
5.571199999999999818e+03 3.072808260611433959e-02
5.574399999999999636e+03 3.072900383906857977e-02
5.577600000000000364e+03 3.072987262396575242e-02
5.580800000000000182e+03 3.073069345107191583e-02
5.584000000000000000e+03 3.073147209102863875e-02
5.587199999999999818e+03 3.073221524150069120e-02
5.590399999999999636e+03 3.073292982480091765e-02
5.593600000000000364e+03 3.073362463078721865e-02
5.596800000000000182e+03 3.073431054888086517e-02
5.600000000000000000e+03 3.073500167241535394e-02
5.603199999999999818e+03 3.073571378149795100e-02
5.606399999999999636e+03 3.073646285188263300e-02
5.609600000000000364e+03 3.073726244333184823e-02
5.612800000000000182e+03 3.073812212530832588e-02
5.616000000000000000e+03 3.073904669183359639e-02
5.619199999999999818e+03 3.074003691573216207e-02
5.622399999999999636e+03 3.074109091795987000e-02
5.625600000000000364e+03 3.074220672837076063e-02
5.628800000000000182e+03 3.074338370942661727e-02
5.632000000000000000e+03 3.074462511819373023e-02
5.635199999999999818e+03 3.074593793927206040e-02
5.638399999999999636e+03 3.074733412823241543e-02
5.641600000000000364e+03 3.074882809337664558e-02
5.644800000000000182e+03 3.075043469471755442e-02
5.648000000000000000e+03 3.075216435383324592e-02
5.651199999999999818e+03 3.075401757627609436e-02
5.654399999999999636e+03 3.075598154209847196e-02
5.657600000000000364e+03 3.075802458105631604e-02
5.660800000000000182e+03 3.076009986595330814e-02
5.664000000000000000e+03 3.076214314842204769e-02
5.667199999999999818e+03 3.076408572696317720e-02
5.670399999999999636e+03 3.076585507413706622e-02
5.673600000000000364e+03 3.076739324524689623e-02
5.676800000000000182e+03 3.076865675196705299e-02
5.680000000000000000e+03 3.076963319252249904e-02
5.683199999999999818e+03 3.077033728246650682e-02
5.686399999999999636e+03 3.077081842892433541e-02
5.689600000000000364e+03 3.077115425344585653e-02
