0.000000000000000000e+00 1.183703445450602328e-03
3.200000000000000178e+00 1.371476636398080012e-03
6.400000000000000355e+00 1.558506852746327411e-03
9.599999999999999645e+00 1.744650931156805024e-03
1.280000000000000071e+01 1.929763188337671551e-03
1.600000000000000000e+01 2.113695353532125086e-03
1.919999999999999929e+01 2.296296841333506956e-03
2.239999999999999858e+01 2.477414653807773811e-03
2.560000000000000142e+01 2.656893605644762655e-03
2.880000000000000071e+01 2.834576288191501588e-03
3.200000000000000000e+01 3.010303254061937051e-03
3.520000000000000284e+01 3.183913023036709714e-03
3.839999999999999858e+01 3.355242243796537679e-03
4.160000000000000142e+01 3.524125727585058088e-03
4.479999999999999716e+01 3.690396597442185001e-03
4.800000000000000000e+01 3.853886341427677741e-03
5.120000000000000284e+01 4.014424955092411353e-03
5.439999999999999858e+01 4.171841009405498867e-03
5.760000000000000142e+01 4.325961789998569729e-03
6.079999999999999716e+01 4.476613376692792357e-03
6.400000000000000000e+01 4.623620781407959332e-03
6.720000000000000284e+01 4.766808037043564379e-03
7.040000000000000568e+01 4.905998335257025222e-03
7.359999999999999432e+01 5.041014123314717724e-03
7.679999999999999716e+01 5.171677242623151129e-03
8.000000000000000000e+01 5.297809032196635660e-03
8.320000000000000284e+01 5.419230468000065491e-03
8.640000000000000568e+01 5.535762272318518924e-03
8.959999999999999432e+01 5.647225054848350329e-03
9.279999999999999716e+01 5.753439426959270839e-03
9.600000000000000000e+01 5.854226143048810345e-03
9.920000000000000284e+01 5.949406218573856896e-03
1.024000000000000057e+02 6.038801073649456216e-03
1.055999999999999943e+02 6.122232655800077458e-03
1.087999999999999972e+02 6.199523583564631700e-03
1.120000000000000000e+02 6.270497269989477700e-03
1.152000000000000028e+02 6.334978066745823935e-03
1.184000000000000057e+02 6.392791392531894240e-03
1.215999999999999943e+02 6.443763879623799935e-03
1.247999999999999972e+02 6.487723502625528799e-03
1.280000000000000000e+02 6.524499721852713464e-03
1.311999999999999886e+02 6.553923612129050266e-03
1.344000000000000057e+02 6.575828007716915356e-03
1.375999999999999943e+02 6.590047633907823721e-03
1.408000000000000114e+02 6.596419251465136975e-03
1.440000000000000000e+02 6.594781787021335336e-03
1.471999999999999886e+02 6.584976475053076934e-03
1.504000000000000057e+02 6.566846987287201093e-03
1.535999999999999943e+02 6.540239573659603969e-03
1.568000000000000114e+02 6.505003192598465475e-03
1.600000000000000000e+02 6.460989652368794717e-03
1.631999999999999886e+02 6.408053740390991931e-03
1.664000000000000057e+02 6.346053359956989499e-03
1.695999999999999943e+02 6.274849655303444199e-03
1.728000000000000114e+02 6.194307146220123274e-03
1.760000000000000000e+02 6.104293853040497833e-03
1.791999999999999886e+02 6.004681427840373800e-03
1.824000000000000057e+02 5.895345272898190776e-03
1.855999999999999943e+02 5.776164665716258459e-03
1.888000000000000114e+02 5.647022876506173003e-03
1.920000000000000000e+02 5.507807293270512022e-03
1.951999999999999886e+02 5.358409534946190385e-03
1.984000000000000057e+02 5.198725566825152314e-03
2.015999999999999943e+02 5.028655806465658074e-03
2.048000000000000114e+02 4.848105237896672970e-03
2.080000000000000000e+02 4.656983518019631486e-03
2.111999999999999886e+02 4.455205084332818782e-03
2.144000000000000057e+02 4.242689249272292053e-03
2.175999999999999943e+02 4.019360298465627680e-03
2.208000000000000114e+02 3.785147583356995946e-03
2.240000000000000000e+02 3.539985619291799532e-03
2.271999999999999886e+02 3.283814172748875451e-03
2.304000000000000057e+02 3.016578348110688940e-03
2.335999999999999943e+02 2.738228663665785625e-03
2.368000000000000114e+02 2.448721129982721692e-03
2.400000000000000000e+02 2.148017320925009552e-03
2.431999999999999886e+02 1.836084449020273200e-03
2.464000000000000057e+02 1.512895433497900332e-03
2.495999999999999943e+02 1.178428967291113988e-03
2.528000000000000114e+02 8.326695709002061982e-04
2.560000000000000000e+02 4.756076461857829574e-04
2.591999999999999886e+02 1.072395258337328872e-04
2.623999999999999773e+02 -2.724324719116996284e-04
2.656000000000000227e+02 -6.633999967974132288e-04
2.688000000000000114e+02 -1.065648622728069834e-03
2.720000000000000000e+02 -1.479157812198417937e-03
2.751999999999999886e+02 -1.903900879017539132e-03
2.783999999999999773e+02 -2.339844957975664285e-03
2.816000000000000227e+02 -2.786950979557691749e-03
2.848000000000000114e+02 -3.245173656500623897e-03
2.880000000000000000e+02 -3.714461475234261296e-03
2.911999999999999886e+02 -4.194756723744202595e-03
2.943999999999999773e+02 -4.685995853449182076e-03
2.976000000000000227e+02 -5.188110166762644609e-03
3.008000000000000114e+02 -5.701025971560391356e-03
3.040000000000000000e+02 -6.224664603517681555e-03
3.071999999999999886e+02 -6.758942449390668329e-03
3.103999999999999773e+02 -7.303770955446485177e-03
3.136000000000000227e+02 -7.859056633451539167e-03
3.168000000000000114e+02 -8.424701078821258265e-03
3.200000000000000000e+02 -9.000601012355093078e-03
3.231999999999999886e+02 -9.586648353927893634e-03
3.263999999999999773e+02 -1.018273031545073593e-02
3.296000000000000227e+02 -1.078872950049194167e-02
3.328000000000000114e+02 -1.140452398559467333e-02
3.360000000000000000e+02 -1.202998737506801204e-02
3.391999999999999886e+02 -1.266498882184383459e-02
3.423999999999999773e+02 -1.330939303162551220e-02
3.456000000000000227e+02 -1.396306026379334417e-02
3.488000000000000114e+02 -1.462584635224508170e-02
3.520000000000000000e+02 -1.529760275205291516e-02
3.551999999999999886e+02 -1.597817662866364910e-02
3.583999999999999773e+02 -1.666741099980382362e-02
3.616000000000000227e+02 -1.736514495024311239e-02
3.648000000000000114e+02 -1.807121391617026035e-02
3.680000000000000000e+02 -1.878545003999423230e-02
3.711999999999999886e+02 -1.950768257324781221e-02
3.743999999999999773e+02 -2.023773810941281726e-02
3.776000000000000227e+02 -2.097543959938475908e-02
3.808000000000000114e+02 -2.172060179430423954e-02
3.840000000000000000e+02 -2.247302170753554679e-02
3.871999999999999886e+02 -2.323247287668084651e-02
3.903999999999999773e+02 -2.399873656845143144e-02
3.936000000000000227e+02 -2.477172413594230099e-02
3.968000000000000114e+02 -2.555170123555992878e-02
4.000000000000000000e+02 -2.633944306939415766e-02
4.031999999999999886e+02 -2.713588301412312581e-02
4.063999999999999773e+02 -2.794080605287661487e-02
4.096000000000000227e+02 -2.875087891593512690e-02
4.128000000000000114e+02 -2.955876325670137028e-02
4.160000000000000000e+02 -3.035590955518833664e-02
4.191999999999999886e+02 -3.113982749138567360e-02
4.223999999999999773e+02 -3.192185960441937947e-02
4.256000000000000227e+02 -3.272742956632882644e-02
4.288000000000000114e+02 -3.358321599235740418e-02
4.320000000000000000e+02 -3.449616271992667071e-02
4.351999999999999886e+02 -3.543993001784333935e-02
4.383999999999999773e+02 -3.636333239620780089e-02
4.416000000000000227e+02 -3.721936827332009146e-02
4.448000000000000114e+02 -3.799537054103387795e-02
4.480000000000000000e+02 -3.872239509222870357e-02
4.511999999999999886e+02 -3.945836318094225748e-02
4.543999999999999773e+02 -4.025838007833148352e-02
4.576000000000000227e+02 -4.114987523109122497e-02
4.608000000000000114e+02 -4.212122651164349613e-02
4.640000000000000000e+02 -4.312512764760883383e-02
4.671999999999999886e+02 -4.409768198617112361e-02
4.703999999999999773e+02 -4.499071725399186178e-02
4.736000000000000227e+02 -4.580177045639762662e-02
4.768000000000000114e+02 -4.657756682722932751e-02
4.800000000000000000e+02 -4.738140128990454142e-02
4.831999999999999886e+02 -4.824654838683723607e-02
4.863999999999999773e+02 -4.915468442556970852e-02
4.896000000000000227e+02 -5.005794901385862694e-02
4.928000000000000114e+02 -5.092287349690204079e-02
4.960000000000000000e+02 -5.175521249478916980e-02
4.991999999999999886e+02 -5.258642724036036165e-02
5.023999999999999773e+02 -5.344094599295230036e-02
5.056000000000000227e+02 -5.431789728747225821e-02
5.088000000000000114e+02 -5.520016719175439152e-02
5.120000000000000000e+02 -5.607449706462709627e-02
5.152000000000000455e+02 -5.694039262005765739e-02
5.183999999999999773e+02 -5.780363592634656794e-02
5.216000000000000227e+02 -5.866704610560977834e-02
5.247999999999999545e+02 -5.952913805698834687e-02
5.280000000000000000e+02 -6.038840949434087779e-02
5.312000000000000455e+02 -6.124520183650714045e-02
5.343999999999999773e+02 -6.209899825475928559e-02
5.376000000000000227e+02 -6.294601840671344706e-02
5.407999999999999545e+02 -6.378105088567315173e-02
5.440000000000000000e+02 -6.460159045635824326e-02
5.472000000000000455e+02 -6.540968992420462258e-02
5.503999999999999773e+02 -6.620991996736073915e-02
5.536000000000000227e+02 -6.700593268507677724e-02
5.567999999999999545e+02 -6.779877830914686487e-02
5.600000000000000000e+02 -6.858757910906293498e-02
5.632000000000000455e+02 -6.937085964908254465e-02
5.663999999999999773e+02 -7.014700909579571486e-02
5.696000000000000227e+02 -7.091406554837392795e-02
5.727999999999999545e+02 -7.166989670667019141e-02
5.760000000000000000e+02 -7.241302489229280159e-02
5.792000000000000455e+02 -7.314309899003079707e-02
5.823999999999999773e+02 -7.385978858054412233e-02
5.856000000000000227e+02 -7.455942478508811866e-02
5.887999999999999545e+02 -7.522890637986336115e-02
5.920000000000000000e+02 -7.583617742893133951e-02
5.952000000000000455e+02 -7.631711776105254419e-02
5.983999999999999773e+02 -7.656054041892436379e-02
6.016000000000000227e+02 -7.639519478217590698e-02
6.047999999999999545e+02 -7.558382299098925783e-02
6.080000000000000000e+02 -7.382885333034663877e-02
6.112000000000000455e+02 -7.079237837990287607e-02
6.143999999999999773e+02 -6.612983088701286649e-02
6.176000000000000227e+02 -5.953270349634726122e-02
6.207999999999999545e+02 -5.077213487402723602e-02
6.240000000000000000e+02 -3.973399555762766044e-02
6.272000000000000455e+02 -2.643807185466838863e-02
6.303999999999999773e+02 -1.103824473619780498e-02
6.336000000000000227e+02 6.194584287319242558e-03
6.367999999999999545e+02 2.490133896752611681e-02
6.400000000000000000e+02 4.466838283239673441e-02
6.432000000000000455e+02 6.505990379672656199e-02
6.463999999999999773e+02 8.564593767893188825e-02
6.496000000000000227e+02 1.060260472516621200e-01
6.527999999999999545e+02 1.258503644977918279e-01
6.560000000000000000e+02 1.448391067472434013e-01
6.592000000000000455e+02 1.627993477531840261e-01
6.623999999999999773e+02 1.796352921407839975e-01
6.656000000000000227e+02 1.953472060340118999e-01
6.687999999999999545e+02 2.100154853388011833e-01
6.720000000000000000e+02 2.237700113600676610e-01
6.752000000000000455e+02 2.367497692561059686e-01
6.783999999999999773e+02 2.490617869433866816e-01
6.816000000000000227e+02 2.607498864650388826e-01
6.847999999999999545e+02 2.717814989142171012e-01
6.880000000000000000e+02 2.820554142375717999e-01
6.912000000000000455e+02 2.914268917550674187e-01
6.943999999999999773e+02 2.997416399533221476e-01
6.976000000000000227e+02 3.068684621756337938e-01
7.007999999999999545e+02 3.127219103895519381e-01
7.040000000000000000e+02 3.172700420860511406e-01
7.072000000000000455e+02 3.205271159839266359e-01
7.103999999999999773e+02 3.225356547017534936e-01
7.136000000000000227e+02 3.233453821895742597e-01
7.167999999999999545e+02 3.229967220113789117e-01
7.200000000000000000e+02 3.215134809734400134e-01
7.232000000000000455e+02 3.189045720954762908e-01
7.263999999999999773e+02 3.151708600331360466e-01
7.296000000000000227e+02 3.103124078247810891e-01
7.327999999999999545e+02 3.043333399500801617e-01
7.360000000000000000e+02 2.972441645589344317e-01
7.392000000000000455e+02 2.890626896975632132e-01
7.423999999999999773e+02 2.798142397156485051e-01
7.456000000000000227e+02 2.695309627958830667e-01
7.487999999999999545e+02 2.582499680365081818e-01
7.520000000000000000e+02 2.460108983777020142e-01
7.552000000000000455e+02 2.328542018899512345e-01
7.583999999999999773e+02 2.188208903262320870e-01
7.616000000000000227e+02 2.039533679436545122e-01
7.647999999999999545e+02 1.882962516799694674e-01
7.680000000000000000e+02 1.718966732627593141e-01
7.712000000000000455e+02 1.548046338880237627e-01
7.743999999999999773e+02 1.370742276007192451e-01
7.776000000000000227e+02 1.187655292170947674e-01
7.807999999999999545e+02 9.994570841593589106e-02
7.840000000000000000e+02 8.068792903239177527e-02
7.872000000000000455e+02 6.106805780202265166e-02
7.903999999999999773e+02 4.116081852381218292e-02
7.936000000000000227e+02 2.103725539413692225e-02
7.967999999999999545e+02 7.640865346168493550e-04
8.000000000000000000e+02 -1.959587281664905076e-02
8.032000000000000455e+02 -3.998316589025682072e-02
8.063999999999999773e+02 -6.034092581219690360e-02
8.096000000000000227e+02 -8.061297466003899959e-02
8.127999999999999545e+02 -1.007404805753881333e-01
8.160000000000000000e+02 -1.206584625974757435e-01
8.192000000000000455e+02 -1.402944466115051969e-01
8.223999999999999773e+02 -1.595708463249063125e-01
8.256000000000000227e+02 -1.784105907649285172e-01
8.287999999999999545e+02 -1.967437003005356733e-01
8.320000000000000000e+02 -2.145121353108698781e-01
8.352000000000000455e+02 -2.316711937537245525e-01
8.383999999999999773e+02 -2.481870058686424796e-01
8.416000000000000227e+02 -2.640305413505256715e-01
8.447999999999999545e+02 -2.791691634563016056e-01
8.480000000000000000e+02 -2.935576201293940701e-01
8.512000000000000455e+02 -3.071313334084225799e-01
8.543999999999999773e+02 -3.198050539161950701e-01
8.576000000000000227e+02 -3.314785959214249234e-01
8.607999999999999545e+02 -3.420487035169416656e-01
8.640000000000000000e+02 -3.514234334575846441e-01
8.672000000000000455e+02 -3.595342480691376408e-01
8.703999999999999773e+02 -3.663419191357075166e-01
8.736000000000000227e+02 -3.718348252946807042e-01
8.767999999999999545e+02 -3.760210513080864958e-01
8.800000000000000000e+02 -3.789176493105662624e-01
8.832000000000000455e+02 -3.805408326095741645e-01
8.863999999999999773e+02 -3.808998293873410712e-01
8.896000000000000227e+02 -3.799953266881871961e-01
8.927999999999999545e+02 -3.778217700505066001e-01
8.960000000000000000e+02 -3.743718327796698442e-01
8.992000000000000455e+02 -3.696411909238923044e-01
9.023999999999999773e+02 -3.636320706884195730e-01
9.056000000000000227e+02 -3.563546458051982113e-01
9.087999999999999545e+02 -3.478261777184946113e-01
9.120000000000000000e+02 -3.380686760248210465e-01
9.152000000000000455e+02 -3.271064357730554262e-01
9.183999999999999773e+02 -3.149646797771404327e-01
9.216000000000000227e+02 -3.016697160027979607e-01
9.247999999999999545e+02 -2.872500875870135917e-01
9.280000000000000000e+02 -2.717378373116619006e-01
9.312000000000000455e+02 -2.551694140382685938e-01
9.343999999999999773e+02 -2.375864324099723202e-01
9.376000000000000227e+02 -2.190367771494247107e-01
9.407999999999999545e+02 -1.995761716268606989e-01
9.440000000000000000e+02 -1.792696946981404971e-01
9.472000000000000455e+02 -1.581924637667208311e-01
9.503999999999999773e+02 -1.364290774975581155e-01
9.536000000000000227e+02 -1.140720753079012273e-01
9.567999999999999545e+02 -9.121999094313590351e-02
9.600000000000000000e+02 -6.797528778497231861e-02
9.632000000000000455e+02 -4.444194889106262147e-02
9.663999999999999773e+02 -2.072239061423708506e-02
9.696000000000000227e+02 3.086110208835416389e-03
9.727999999999999545e+02 2.689455688495565391e-02
9.760000000000000000e+02 5.062369539557725479e-02
9.792000000000000455e+02 7.420288149318517157e-02
9.823999999999999773e+02 9.756624033376076754e-02
9.856000000000000227e+02 1.206469689168716830e-01
9.887999999999999545e+02 1.433714666709444696e-01
9.920000000000000000e+02 1.656553734197880046e-01
9.952000000000000455e+02 1.874032399860433296e-01
9.983999999999999773e+02 2.085124411921302767e-01
1.001600000000000023e+03 2.288804946167599663e-01
1.004799999999999955e+03 2.484137427997903658e-01
1.008000000000000000e+03 2.670346872578222563e-01
1.011200000000000045e+03 2.846851803747210141e-01
1.014399999999999977e+03 3.013233604095130747e-01
1.017600000000000023e+03 3.169139556043530925e-01
1.020799999999999955e+03 3.314142204648563572e-01
1.024000000000000000e+03 3.447602293393821071e-01
1.027200000000000045e+03 3.568590510230132962e-01
1.030400000000000091e+03 3.675906838915423691e-01
1.033599999999999909e+03 3.768201410430505049e-01
1.036799999999999955e+03 3.844163126540086628e-01
1.040000000000000000e+03 3.902717653118347174e-01
1.043200000000000045e+03 3.943173201564923458e-01
1.046400000000000091e+03 3.965270995662541487e-01
1.049599999999999909e+03 3.969130882348296807e-01
1.052799999999999955e+03 3.955119663074838643e-01
1.056000000000000000e+03 3.923696467615150896e-01
1.059200000000000045e+03 3.875294342022058691e-01
1.062400000000000091e+03 3.810277055006029978e-01
1.065599999999999909e+03 3.728973497365096201e-01
1.068799999999999955e+03 3.631756236520340964e-01
1.072000000000000000e+03 3.519113064792731005e-01
1.075200000000000045e+03 3.391668542088140947e-01
1.078400000000000091e+03 3.250140845317940341e-01
1.081599999999999909e+03 3.095252309371491761e-01
1.084799999999999955e+03 2.927633813918223971e-01
1.088000000000000000e+03 2.747765189198208002e-01
1.091200000000000045e+03 2.555978119496324363e-01
1.094400000000000091e+03 2.352523780520957564e-01
1.097599999999999909e+03 2.137684807749761495e-01
1.100799999999999955e+03 1.911897131166992725e-01
1.104000000000000000e+03 1.675845017941108572e-01
1.107200000000000045e+03 1.430502573034335978e-01
1.110400000000000091e+03 1.177113415330641177e-01
1.113599999999999909e+03 9.171195636774309712e-02
1.116799999999999955e+03 6.520622076509596798e-02
1.120000000000000000e+03 3.834777343077697132e-02
1.123200000000000045e+03 1.128067995026891396e-02
1.126400000000000091e+03 -1.586699165788899718e-02
1.129599999999999909e+03 -4.298559804891560060e-02
1.132799999999999955e+03 -6.998124731383977004e-02
1.136000000000000000e+03 -9.676801650687873180e-02
1.139200000000000045e+03 -1.232568464920220236e-01
1.142400000000000091e+03 -1.493443498375331135e-01
1.145599999999999909e+03 -1.749049790656910797e-01
1.148799999999999955e+03 -1.997891102849569389e-01
1.152000000000000000e+03 -2.238283431458892025e-01
1.155200000000000045e+03 -2.468479738406324231e-01
1.158400000000000091e+03 -2.686848214722076800e-01
1.161599999999999909e+03 -2.892064311354511918e-01
1.164799999999999955e+03 -3.083261473070387226e-01
1.168000000000000000e+03 -3.260087323312870766e-01
1.171200000000000045e+03 -3.422631502726262709e-01
1.174400000000000091e+03 -3.571221176922017015e-01
1.177599999999999909e+03 -3.706115606100390814e-01
1.180799999999999955e+03 -3.827169714151953395e-01
1.184000000000000000e+03 -3.933567254384055523e-01
1.187200000000000045e+03 -4.023725426571756469e-01
1.190400000000000091e+03 -4.095430233719707935e-01
1.193599999999999909e+03 -4.146186846273764437e-01
1.196799999999999955e+03 -4.173695065923539449e-01
1.200000000000000000e+03 -4.176318087884476338e-01
1.203200000000000045e+03 -4.153414409889127912e-01
1.206400000000000091e+03 -4.105441705919679052e-01
1.209599999999999909e+03 -4.033806275798039187e-01
1.212799999999999955e+03 -3.940508086536981813e-01
1.216000000000000000e+03 -3.827696196209320334e-01
1.219200000000000045e+03 -3.697273516668953541e-01
1.222400000000000091e+03 -3.550658591453302315e-01
1.225599999999999909e+03 -3.388741527470551795e-01
1.228799999999999955e+03 -3.211999667245542534e-01
1.232000000000000000e+03 -3.020697523347978808e-01
1.235200000000000045e+03 -2.815091012254253289e-01
1.238400000000000091e+03 -2.595576352561499434e-01
1.241599999999999909e+03 -2.362756786305671153e-01
1.244799999999999955e+03 -2.117436748098723565e-01
1.248000000000000000e+03 -1.860581193748583329e-01
1.251200000000000045e+03 -1.593283465018306699e-01
1.254400000000000091e+03 -1.316765182314671712e-01
1.257599999999999909e+03 -1.032400756398522274e-01
1.260799999999999955e+03 -7.417382697211076514e-02
1.264000000000000000e+03 -4.464882262104622607e-02
1.267200000000000045e+03 -1.484672592454456055e-02
1.270400000000000091e+03 1.504959100003361305e-02
1.273599999999999909e+03 4.486686974289323671e-02
1.276799999999999955e+03 7.445053275022764372e-02
1.280000000000000000e+03 1.036689996805654768e-01
1.283200000000000045e+03 1.324114205764741481e-01
1.286400000000000091e+03 1.605788487472446791e-01
1.289599999999999909e+03 1.880709031895681227e-01
1.292799999999999955e+03 2.147716172455418349e-01
1.296000000000000000e+03 2.405390018399535257e-01
1.299200000000000045e+03 2.652025626671090097e-01
1.302400000000000091e+03 2.885714120589019660e-01
1.305599999999999909e+03 3.104527442551076599e-01
1.308799999999999955e+03 3.306767777687141252e-01
1.312000000000000000e+03 3.491208679398252190e-01
1.315200000000000045e+03 3.657238413305389235e-01
1.318400000000000091e+03 3.804830954188377357e-01
1.321599999999999909e+03 3.934321010313956424e-01
1.324799999999999955e+03 4.046033639105616198e-01
1.328000000000000000e+03 4.139886664544101813e-01
1.331200000000000045e+03 4.215112033141303338e-01
1.334400000000000091e+03 4.270213276393114987e-01
1.337599999999999909e+03 4.303198925282506471e-01
1.340799999999999955e+03 4.312034271635014626e-01
1.344000000000000000e+03 4.295171339159001844e-01
1.347200000000000045e+03 4.251980746285144996e-01
1.350400000000000091e+03 4.182937637726103497e-01
1.353599999999999909e+03 4.089501391138193886e-01
1.356799999999999955e+03 3.973741899140077471e-01
1.360000000000000000e+03 3.837855502777421934e-01
1.363200000000000045e+03 3.683742589154587188e-01
1.366400000000000091e+03 3.512777518291932410e-01
1.369599999999999909e+03 3.325813248068539840e-01
1.372799999999999955e+03 3.123369925808307523e-01
1.376000000000000000e+03 2.905898501620554075e-01
1.379200000000000045e+03 2.674005857588299118e-01
1.382400000000000091e+03 2.428568899914435864e-01
1.385599999999999909e+03 2.170725531132717545e-01
1.388799999999999955e+03 1.901782431866528844e-01
1.392000000000000000e+03 1.623104764499291586e-01
1.395200000000000045e+03 1.336046237410724591e-01
1.398400000000000091e+03 1.041946912339363485e-01
1.401599999999999909e+03 7.421871691911613445e-02
1.404799999999999955e+03 4.382578885019117881e-02
1.408000000000000000e+03 1.318011764707457782e-02
1.411200000000000045e+03 -1.754068723803706847e-02
1.414400000000000091e+03 -4.815300856137479796e-02
1.417599999999999909e+03 -7.847740508285666605e-02
1.420799999999999955e+03 -1.083474566109628168e-01
1.424000000000000000e+03 -1.376138517624646007e-01
1.427200000000000045e+03 -1.661425372043678905e-01
1.430400000000000091e+03 -1.938084071222170579e-01
1.433599999999999909e+03 -2.204878742274932746e-01
1.436799999999999955e+03 -2.460539472874499478e-01
1.440000000000000000e+03 -2.703761443563794664e-01
1.443200000000000045e+03 -2.933254083996801320e-01
1.446400000000000091e+03 -3.147821173026094654e-01
1.449599999999999909e+03 -3.346439847022600333e-01
1.452799999999999955e+03 -3.528304426028063823e-01
1.456000000000000000e+03 -3.692810895063807219e-01
1.459200000000000045e+03 -3.839478657289847052e-01
1.462400000000000091e+03 -3.967831526241887841e-01
1.465599999999999909e+03 -4.077278522961069185e-01
1.468799999999999955e+03 -4.167037297907560389e-01
1.472000000000000000e+03 -4.236128653850162462e-01
1.475200000000000045e+03 -4.283448408172657040e-01
1.478400000000000091e+03 -4.307902143022483421e-01
1.481599999999999909e+03 -4.308572899111666743e-01
1.484799999999999955e+03 -4.284881428385152180e-01
1.488000000000000000e+03 -4.236695597983358152e-01
1.491200000000000045e+03 -4.164355865706904081e-01
1.494400000000000091e+03 -4.068609860784406229e-01
1.497599999999999909e+03 -3.950482488254007940e-01
1.500799999999999955e+03 -3.811131273743694758e-01
1.504000000000000000e+03 -3.651735983197177959e-01
1.507200000000000045e+03 -3.473448137995437390e-01
1.510400000000000091e+03 -3.277395621669221271e-01
1.513599999999999909e+03 -3.064717471835590734e-01
1.516799999999999955e+03 -2.836600608002498025e-01
1.520000000000000000e+03 -2.594298479288523751e-01
1.523200000000000045e+03 -2.339123626113991383e-01
1.526400000000000091e+03 -2.072418402777699842e-01
1.529599999999999909e+03 -1.795519355271449624e-01
1.532799999999999955e+03 -1.509736906322456662e-01
1.536000000000000000e+03 -1.216367141052990819e-01
1.539200000000000045e+03 -9.167359876241909511e-02
1.542400000000000091e+03 -6.122567045655291640e-02
1.545599999999999909e+03 -3.044720025066634250e-02
1.548799999999999955e+03 4.941437237652508046e-04
1.552000000000000000e+03 3.142109332021121582e-02
1.555200000000000045e+03 6.215360439914723034e-02
1.558400000000000091e+03 9.251657358816406385e-02
1.561599999999999909e+03 1.223462140083266536e-01
1.564799999999999955e+03 1.514932392320690324e-01
1.568000000000000000e+03 1.798218069329780566e-01
1.571200000000000045e+03 2.072045885811231170e-01
1.574400000000000091e+03 2.335161626880545016e-01
1.577599999999999909e+03 2.586281926449826019e-01
1.580799999999999955e+03 2.824093832404812598e-01
1.584000000000000000e+03 3.047308564814741327e-01
1.587200000000000045e+03 3.254746511884565319e-01
1.590400000000000091e+03 3.445413454477285753e-01
1.593599999999999909e+03 3.618531936777509839e-01
1.596799999999999955e+03 3.773511057952121939e-01
1.600000000000000000e+03 3.909861084076481919e-01
1.603200000000000045e+03 4.027078058123308435e-01
1.606400000000000091e+03 4.124534682344756509e-01
1.609599999999999909e+03 4.201414730473526649e-01
1.612799999999999955e+03 4.256717466132136085e-01
1.616000000000000000e+03 4.289338756646736694e-01
1.619200000000000045e+03 4.298213805154235123e-01
1.622400000000000091e+03 4.282488755755906040e-01
1.625599999999999909e+03 4.241677511068955297e-01
1.628799999999999955e+03 4.175759008469666633e-01
1.632000000000000000e+03 4.085184384477116293e-01
1.635200000000000045e+03 3.970793698650276204e-01
1.638400000000000091e+03 3.833676193604763083e-01
1.641599999999999909e+03 3.675026682021390600e-01
1.644799999999999955e+03 3.496042881327739438e-01
1.648000000000000000e+03 3.297882716895514377e-01
1.651200000000000045e+03 3.081675163759862168e-01
1.654400000000000091e+03 2.848564393733896694e-01
1.657599999999999909e+03 2.599763474775828032e-01
1.660799999999999955e+03 2.336595477712031521e-01
1.664000000000000000e+03 2.060506010997906756e-01
1.667200000000000045e+03 1.773043258136700329e-01
1.670400000000000091e+03 1.475815866853218417e-01
1.673599999999999909e+03 1.170447496677578386e-01
1.676799999999999955e+03 8.585448160300367115e-02
1.680000000000000000e+03 5.416864839759267386e-02
1.683200000000000045e+03 2.214313493055636295e-02
1.686400000000000091e+03 -1.006608541547461023e-02
1.689599999999999909e+03 -4.230041898100644904e-02
1.692799999999999955e+03 -7.439642752922351332e-02
1.696000000000000000e+03 -1.061846207491570632e-01
1.699200000000000045e+03 -1.374897592908159438e-01
1.702400000000000091e+03 -1.681327009583677978e-01
1.705599999999999909e+03 -1.979332756448800024e-01
1.708799999999999955e+03 -2.267134131084491411e-01
1.712000000000000000e+03 -2.543000135096392667e-01
1.715200000000000045e+03 -2.805276246323231137e-01
1.718400000000000091e+03 -3.052412941014743808e-01
1.721599999999999909e+03 -3.282996138113131179e-01
1.724799999999999955e+03 -3.495772228644006274e-01
1.728000000000000000e+03 -3.689655822510520267e-01
1.731200000000000045e+03 -3.863711265655055405e-01
1.734400000000000091e+03 -4.017107160440563374e-01
1.737599999999999909e+03 -4.149051049236069932e-01
1.740799999999999955e+03 -4.258716670804700288e-01
1.744000000000000000e+03 -4.345180611500443768e-01
1.747200000000000045e+03 -4.407389533268023518e-01
1.750400000000000091e+03 -4.444179122248705927e-01
1.753599999999999909e+03 -4.454355645409130426e-01
1.756799999999999955e+03 -4.436830856093726960e-01
1.760000000000000000e+03 -4.390779665362939399e-01
1.763200000000000045e+03 -4.315778515691442996e-01
1.766400000000000091e+03 -4.211886329549067720e-01
1.769599999999999909e+03 -4.079647145768129923e-01
1.772799999999999955e+03 -3.920017390900157328e-01
1.776000000000000000e+03 -3.734243395131897070e-01
1.779200000000000045e+03 -3.523729144281043113e-01
1.782400000000000091e+03 -3.289935327026189404e-01
1.785599999999999909e+03 -3.034337652350653225e-01
1.788799999999999955e+03 -2.758449720688420093e-01
1.792000000000000000e+03 -2.463891868353776937e-01
1.795200000000000045e+03 -2.152471136987546829e-01
1.798400000000000091e+03 -1.826234445149049479e-01
1.801599999999999909e+03 -1.487467690099470996e-01
1.804799999999999955e+03 -1.138633451499856120e-01
1.808000000000000000e+03 -7.822616690155323460e-02
1.811200000000000045e+03 -4.208235257471357876e-02
1.814400000000000091e+03 -5.662416441977877885e-03
1.817599999999999909e+03 3.082554857734436798e-02
1.820799999999999955e+03 6.719506731826148382e-02
1.824000000000000000e+03 1.032738838483885507e-01
1.827200000000000045e+03 1.388918310813455625e-01
1.830400000000000091e+03 1.738674049111146314e-01
1.833599999999999909e+03 2.079972704189594068e-01
1.836799999999999955e+03 2.410524217153371118e-01
1.840000000000000000e+03 2.727827918057570966e-01
1.843200000000000045e+03 3.029293208179791863e-01
1.846400000000000091e+03 3.312399443583085024e-01
1.849599999999999909e+03 3.574847589715520746e-01
1.852799999999999955e+03 3.814662076095302612e-01
1.856000000000000000e+03 4.030220411330943664e-01
1.859200000000000045e+03 4.220210651232876309e-01
1.862400000000000091e+03 4.383534872154498108e-01
1.865599999999999909e+03 4.519188028926118261e-01
1.868799999999999955e+03 4.626146113615599020e-01
1.872000000000000000e+03 4.703294171896407194e-01
1.875200000000000045e+03 4.749412752664075588e-01
1.878400000000000091e+03 4.763225084232805551e-01
1.881599999999999909e+03 4.743494561272146859e-01
1.884799999999999955e+03 4.689156421174490164e-01
1.888000000000000000e+03 4.599464143318688913e-01
1.891200000000000045e+03 4.474124906649892264e-01
1.894400000000000091e+03 4.313393077601673786e-01
1.897599999999999909e+03 4.118096353243121399e-01
1.900799999999999955e+03 3.889589654601389723e-01
1.904000000000000000e+03 3.629657381770487468e-01
1.907200000000000045e+03 3.340399882392348085e-01
1.910400000000000091e+03 3.024137734522511778e-01
1.913599999999999909e+03 2.683352557924866821e-01
1.916799999999999955e+03 2.320665068445832702e-01
1.920000000000000000e+03 1.938836697205736925e-01
1.923200000000000045e+03 1.540773872509378917e-01
1.926400000000000091e+03 1.129516508542341008e-01
1.929599999999999909e+03 7.082040410987609780e-02
1.932799999999999955e+03 2.800273427935431533e-02
1.936000000000000000e+03 -1.518164447344262993e-02
1.939200000000000045e+03 -5.841518991403755329e-02
1.942400000000000091e+03 -1.013832475290255275e-01
1.945599999999999909e+03 -1.437733029582170530e-01
1.948799999999999955e+03 -1.852737433277951151e-01
1.952000000000000000e+03 -2.255729308957740431e-01
1.955200000000000045e+03 -2.643591296451775485e-01
1.958400000000000091e+03 -3.013216779925048661e-01
1.961599999999999909e+03 -3.361536565088492079e-01
1.964799999999999955e+03 -3.685560326564025213e-01
1.968000000000000000e+03 -3.982429292325708747e-01
1.971200000000000045e+03 -4.249473307092303531e-01
1.974400000000000091e+03 -4.484261600490052624e-01
1.977599999999999909e+03 -4.684632944906604868e-01
1.980799999999999955e+03 -4.848691948052933909e-01
1.984000000000000000e+03 -4.974768997303229412e-01
1.987200000000000045e+03 -5.061359736554874589e-01
1.990400000000000091e+03 -5.107074879240870446e-01
1.993599999999999909e+03 -5.110631504461240482e-01
1.996799999999999955e+03 -5.070901927951788624e-01
2.000000000000000000e+03 -4.987015307998280966e-01
2.003200000000000045e+03 -4.858490552390971606e-01
2.006400000000000091e+03 -4.685370460168246098e-01
2.009599999999999909e+03 -4.468325471821412154e-01
2.012799999999999955e+03 -4.208700998051375097e-01
2.016000000000000000e+03 -3.908496275674399612e-01
2.019200000000000045e+03 -3.570282741551002448e-01
2.022400000000000091e+03 -3.197088097203040769e-01
2.025599999999999909e+03 -2.792279436641345036e-01
2.028799999999999955e+03 -2.359471631136021430e-01
2.032000000000000000e+03 -1.902470852186630701e-01
2.035200000000000045e+03 -1.425247815613950864e-01
2.038400000000000091e+03 -9.319286962093237259e-02
2.041599999999999909e+03 -4.267938121313840510e-02
2.044799999999999955e+03 8.572084656490536192e-03
2.048000000000000000e+03 6.010221787972080953e-02
2.051199999999999818e+03 1.114363397345069784e-01
2.054400000000000091e+03 1.620859499587403718e-01
2.057599999999999909e+03 2.115521948410779285e-01
2.060800000000000182e+03 2.593317135345562519e-01
2.064000000000000000e+03 3.049249294883521477e-01
2.067199999999999818e+03 3.478463533848459854e-01
2.070400000000000091e+03 3.876357887371874589e-01
2.073599999999999909e+03 4.238685979867880538e-01
2.076800000000000182e+03 4.561628321922845952e-01
2.080000000000000000e+03 4.841815498039806487e-01
2.083199999999999818e+03 5.076301336910493678e-01
2.086400000000000091e+03 5.262502987193423687e-01
2.089599999999999909e+03 5.398138298686504521e-01
2.092800000000000182e+03 5.481191740272206570e-01
2.096000000000000000e+03 5.509927620870440634e-01
2.099199999999999818e+03 5.482950113286961802e-01
2.102400000000000091e+03 5.399293380060294911e-01
2.105599999999999909e+03 5.258519186587312655e-01
2.108800000000000182e+03 5.060803880439620484e-01
2.112000000000000000e+03 4.807005240664392054e-01
2.115199999999999818e+03 4.498705418406825363e-01
2.118400000000000091e+03 4.138226897795700410e-01
2.121599999999999909e+03 3.728617720309665984e-01
2.124800000000000182e+03 3.273605159348011440e-01
2.128000000000000000e+03 2.777524842860693566e-01
2.131199999999999818e+03 2.245240811370742828e-01
2.134400000000000091e+03 1.682074822707568529e-01
2.137599999999999909e+03 1.093757460797291081e-01
2.140800000000000182e+03 4.864025623942475757e-02
2.144000000000000000e+03 -1.335034799837554222e-02
2.147199999999999818e+03 -7.591111354135086919e-02
2.150400000000000091e+03 -1.383230549641301654e-01
2.153599999999999909e+03 -1.998380947249364381e-01
2.156800000000000182e+03 -2.596874935358509662e-01
2.160000000000000000e+03 -3.170936926284700363e-01
2.163199999999999818e+03 -3.712844724984815103e-01
2.166400000000000091e+03 -4.215077983850600840e-01
2.169599999999999909e+03 -4.670459293351582053e-01
2.172800000000000182e+03 -5.072279237685666242e-01
2.176000000000000000e+03 -5.414399734708936762e-01
2.179199999999999818e+03 -5.691329236916036205e-01
2.182400000000000091e+03 -5.898264126820271791e-01
2.185599999999999909e+03 -6.031098532670665646e-01
2.188800000000000182e+03 -6.086418724165664207e-01
2.192000000000000000e+03 -6.061509610743643917e-01
2.195199999999999818e+03 -5.954400157302235375e-01
2.198400000000000091e+03 -5.763959433428197388e-01
2.201599999999999909e+03 -5.490032931962226526e-01
2.204800000000000182e+03 -5.133592048041197842e-01
2.208000000000000000e+03 -4.696867078181181654e-01
2.211199999999999818e+03 -4.183445170507083533e-01
2.214400000000000091e+03 -3.598329691791763985e-01
2.217599999999999909e+03 -2.947965207201594939e-01
2.220800000000000182e+03 -2.240229292961462004e-01
2.224000000000000000e+03 -1.484386326795707756e-01
2.227199999999999818e+03 -6.910001717994881942e-02
2.230400000000000091e+03 1.281854416608256379e-02
2.233599999999999909e+03 9.603780993575222746e-02
2.236800000000000182e+03 1.791859810273080666e-01
2.240000000000000000e+03 2.608099843959315600e-01
2.243199999999999818e+03 3.393879247753103789e-01
2.246400000000000091e+03 4.133465065935241212e-01
2.249599999999999909e+03 4.810870332798937166e-01
2.252800000000000182e+03 5.410215396124637977e-01
2.256000000000000000e+03 5.916175475583854704e-01
2.259199999999999818e+03 6.314472749448528655e-01
2.262400000000000091e+03 6.592362296344964623e-01
2.265599999999999909e+03 6.739074654416066235e-01
2.268800000000000182e+03 6.746205208719148194e-01
2.272000000000000000e+03 6.608065289641779083e-01
2.275199999999999818e+03 6.322017494101218604e-01
2.278400000000000091e+03 5.888805124482385800e-01
2.281599999999999909e+03 5.312861294527992939e-01
2.284800000000000182e+03 4.602561626818194584e-01
2.288000000000000000e+03 3.770378193307041825e-01
2.291199999999999818e+03 2.832905696237375537e-01
2.294400000000000091e+03 1.810756551229835976e-01
2.297599999999999909e+03 7.283432018735806757e-02
2.300800000000000182e+03 -3.864326909156329953e-02
2.304000000000000000e+03 -1.502588877152194191e-01
2.307199999999999818e+03 -2.586612521993281733e-01
2.310400000000000091e+03 -3.603226355838330397e-01
2.313599999999999909e+03 -4.516449007979343455e-01
2.316800000000000182e+03 -5.290995992278419990e-01
2.320000000000000000e+03 -5.894010321575916533e-01
2.323199999999999818e+03 -6.297045807377048554e-01
2.326400000000000091e+03 -6.478167091161303182e-01
2.329599999999999909e+03 -6.423985169646239113e-01
2.332800000000000182e+03 -6.131415918888012406e-01
2.336000000000000000e+03 -5.608933176210395555e-01
2.339199999999999818e+03 -4.877094952261598060e-01
2.342400000000000091e+03 -3.968162936276538044e-01
2.345599999999999909e+03 -2.924718784452146059e-01
2.348800000000000182e+03 -1.797301090965808534e-01
2.352000000000000000e+03 -6.412268574214555206e-02
2.355199999999999818e+03 4.871054940851332615e-02
2.358400000000000091e+03 1.534036707149396273e-01
2.361599999999999909e+03 2.452158766289905534e-01
2.364800000000000182e+03 3.203124813517946312e-01
2.368000000000000000e+03 3.759476823477734264e-01
2.371199999999999818e+03 4.105380726045302908e-01
2.374400000000000091e+03 4.236350170848893204e-01
2.377599999999999909e+03 4.158210566353217619e-01
2.380800000000000182e+03 3.885662655183756975e-01
2.384000000000000000e+03 3.440818563004084951e-01
2.387199999999999818e+03 2.851991502034288972e-01
2.390400000000000091e+03 2.152839324428575951e-01
2.393599999999999909e+03 1.381739592652242166e-01
2.396800000000000182e+03 5.810823565512010513e-02
2.400000000000000000e+03 -2.039174330382761968e-02
2.403199999999999818e+03 -9.272146086116804520e-02
2.406400000000000091e+03 -1.544841055611617664e-01
2.409599999999999909e+03 -2.018524357323694673e-01
2.412800000000000182e+03 -2.319525505678206312e-01
2.416000000000000000e+03 -2.432026511980691363e-01
2.419199999999999818e+03 -2.355395177752939440e-01
2.422400000000000091e+03 -2.104824126666544060e-01
2.425599999999999909e+03 -1.710130771047656539e-01
2.428800000000000182e+03 -1.212831558222169925e-01
2.432000000000000000e+03 -6.618877824373058105e-02
2.435199999999999818e+03 -1.087084190760516898e-02
2.438400000000000091e+03 3.979308494805475910e-02
2.441599999999999909e+03 8.164258776258999373e-02
2.444800000000000182e+03 1.115830882697903675e-01
2.448000000000000000e+03 1.277964283339801388e-01
2.451199999999999818e+03 1.298019198992939049e-01
2.454400000000000091e+03 1.183784893913135960e-01
2.457599999999999909e+03 9.537730572856502331e-02
2.460800000000000182e+03 6.346579422966952544e-02
2.464000000000000000e+03 2.584564548718463681e-02
2.467199999999999818e+03 -1.402043373806943424e-02
2.470400000000000091e+03 -5.265254738670274715e-02
2.473599999999999909e+03 -8.676223054684338576e-02
2.476800000000000182e+03 -1.134305303315302632e-01
2.480000000000000000e+03 -1.302632155961907234e-01
2.483199999999999818e+03 -1.355268014954270905e-01
2.486400000000000091e+03 -1.282616081332030866e-01
2.489599999999999909e+03 -1.083617175799414384e-01
2.492800000000000182e+03 -7.660975064981248583e-02
2.496000000000000000e+03 -3.465740006911027793e-02
2.499199999999999818e+03 1.505131613226167245e-02
2.502400000000000091e+03 6.941089541669374918e-02
2.505599999999999909e+03 1.248316088918752925e-01
2.508800000000000182e+03 1.774530287397222128e-01
2.512000000000000000e+03 2.233824156019764973e-01
2.515199999999999818e+03 2.589456574347074880e-01
2.518400000000000091e+03 2.809376256462176591e-01
2.521599999999999909e+03 2.868581705647863522e-01
2.524800000000000182e+03 2.751195975041162978e-01
2.528000000000000000e+03 2.452112669919413179e-01
2.531199999999999818e+03 1.978069115662987876e-01
2.534400000000000091e+03 1.348006473061472976e-01
2.537599999999999909e+03 5.925927056412712279e-02
2.540800000000000182e+03 -2.471754802200182635e-02
2.544000000000000000e+03 -1.122301368749905742e-01
2.547199999999999818e+03 -1.978950071208196992e-01
2.550400000000000091e+03 -2.762222830996043377e-01
2.553599999999999909e+03 -3.420212770809775704e-01
2.556800000000000182e+03 -3.907941800260997800e-01
2.560000000000000000e+03 -4.190769524845914806e-01
2.563199999999999818e+03 -4.246923333722402716e-01
2.566400000000000091e+03 -4.068917582936888433e-01
2.569599999999999909e+03 -3.663786587518668147e-01
2.572800000000000182e+03 -3.052215325753337427e-01
2.576000000000000000e+03 -2.266775328100815445e-01
2.579199999999999818e+03 -1.349535916089843746e-01
2.582400000000000091e+03 -3.493191919925986433e-02
2.585599999999999909e+03 6.811827983338983317e-02
2.588800000000000182e+03 1.688280649870403660e-01
2.592000000000000000e+03 2.620062273583821932e-01
2.595199999999999818e+03 3.429009316910622829e-01
2.598400000000000091e+03 4.074382808898520669e-01
2.601599999999999909e+03 4.524268846876483008e-01
2.604800000000000182e+03 4.757143450318682687e-01
2.608000000000000000e+03 4.762816765019800558e-01
2.611199999999999818e+03 4.542662446035697354e-01
2.614400000000000091e+03 4.109120595812082999e-01
2.617599999999999909e+03 3.484560213711278553e-01
2.620800000000000182e+03 2.699671122343362817e-01
2.624000000000000000e+03 1.791598234465518469e-01
2.627199999999999818e+03 8.020169544235124237e-02
2.630400000000000091e+03 -2.247161886802004349e-02
2.633599999999999909e+03 -1.243289870811374043e-01
2.636800000000000182e+03 -2.209064051937237039e-01
2.640000000000000000e+03 -3.079647970841907223e-01
2.643199999999999818e+03 -3.816467122966565317e-01
2.646400000000000091e+03 -4.386311441451635207e-01
2.649599999999999909e+03 -4.762804212801572956e-01
2.652800000000000182e+03 -4.927691566742676832e-01
2.656000000000000000e+03 -4.871840602600860382e-01
2.659199999999999818e+03 -4.595854684751207730e-01
2.662400000000000091e+03 -4.110257801541292166e-01
2.665599999999999909e+03 -3.435246571915668845e-01
2.668800000000000182e+03 -2.600039293269137408e-01
2.672000000000000000e+03 -1.641858213841848879e-01
2.675199999999999818e+03 -6.045699531877422178e-02
2.678400000000000091e+03 4.630060420962524292e-02
2.681599999999999909e+03 1.509116349348305075e-01
2.684800000000000182e+03 2.481403292188097132e-01
2.688000000000000000e+03 3.329499826781189831e-01
2.691199999999999818e+03 4.007800829670782883e-01
2.694400000000000091e+03 4.478271288142624540e-01
2.697599999999999909e+03 4.713101931010768575e-01
2.700800000000000182e+03 4.696984448248291977e-01
2.704000000000000000e+03 4.428762834969048878e-01
2.707199999999999818e+03 3.922232817020559481e-01
2.710400000000000091e+03 3.205910947377098030e-01
2.713599999999999909e+03 2.321677389002320679e-01
2.716800000000000182e+03 1.322306741256027429e-01
2.720000000000000000e+03 2.680298212225244725e-02
2.723199999999999818e+03 -7.776017970518502020e-02
2.726400000000000091e+03 -1.752173686639320327e-01
2.729599999999999909e+03 -2.598764131301706248e-01
2.732800000000000182e+03 -3.269790926426145439e-01
2.736000000000000000e+03 -3.730024236164463658e-01
2.739199999999999818e+03 -3.958560023526489502e-01
2.742400000000000091e+03 -3.949674920729034922e-01
2.745599999999999909e+03 -3.712590543041094926e-01
2.748800000000000182e+03 -3.270250932169831426e-01
2.752000000000000000e+03 -2.657262676495417142e-01
2.755199999999999818e+03 -1.917174011492256969e-01
2.758400000000000091e+03 -1.099289781611999250e-01
2.761599999999999909e+03 -2.552417823302861183e-02
2.764800000000000182e+03 5.644425998465327221e-02
2.768000000000000000e+03 1.313517587000918307e-01
2.771199999999999818e+03 1.952699456675406897e-01
2.774400000000000091e+03 2.451657958188745989e-01
2.777599999999999909e+03 2.790211050103357238e-01
2.780800000000000182e+03 2.958716072395032315e-01
2.784000000000000000e+03 2.957741043976467310e-01
2.787199999999999818e+03 2.797158334632536825e-01
2.790400000000000091e+03 2.494821953059394581e-01
2.793599999999999909e+03 2.074976948808999189e-01
2.796800000000000182e+03 1.566521331204842049e-01
2.800000000000000000e+03 1.001213307620998361e-01
2.803199999999999818e+03 4.118985427547797173e-02
2.806400000000000091e+03 -1.691760692875535904e-02
2.809599999999999909e+03 -7.118998944616128366e-02
2.812800000000000182e+03 -1.189632642178954369e-01
2.816000000000000000e+03 -1.580294397134160977e-01
2.819199999999999818e+03 -1.867188340869697649e-01
2.822400000000000091e+03 -2.039547047840703786e-01
2.825599999999999909e+03 -2.092799714339636241e-01
2.828800000000000182e+03 -2.028558284303966508e-01
2.832000000000000000e+03 -1.854322384587239192e-01
2.835199999999999818e+03 -1.582913741883395231e-01
2.838400000000000091e+03 -1.231672095159060537e-01
2.841599999999999909e+03 -8.214699399033337235e-02
2.844800000000000182e+03 -3.756206214246912006e-02
2.848000000000000000e+03 8.124714163012591167e-03
2.851199999999999818e+03 5.242970564952563473e-02
2.854400000000000091e+03 9.295572711555616374e-02
2.857599999999999909e+03 1.274967006335450403e-01
2.860800000000000182e+03 1.541416713807547412e-01
2.864000000000000000e+03 1.713781187711778120e-01
2.867199999999999818e+03 1.781901016100594648e-01
2.870400000000000091e+03 1.741414599472888014e-01
2.873599999999999909e+03 1.594304227733207846e-01
2.876800000000000182e+03 1.349018061435424687e-01
2.880000000000000000e+03 1.020075658390978690e-01
2.883199999999999818e+03 6.271485189633022039e-02
2.886400000000000091e+03 1.937022631862392666e-02
2.889599999999999909e+03 -2.546384129077467265e-02
2.892800000000000182e+03 -6.918092026640518255e-02
2.896000000000000000e+03 -1.092932414933547591e-01
2.899199999999999818e+03 -1.435721100360151936e-01
2.902400000000000091e+03 -1.701593084212285611e-01
2.905599999999999909e+03 -1.876479538458695473e-01
2.908800000000000182e+03 -1.951344755934908137e-01
2.912000000000000000e+03 -1.922443404488794472e-01
2.915199999999999818e+03 -1.791336348281403201e-01
2.918400000000000091e+03 -1.564678584952091112e-01
2.921599999999999909e+03 -1.253793326281005815e-01
2.924800000000000182e+03 -8.740570593935313715e-02
2.928000000000000000e+03 -4.441349242727939822e-02
2.931199999999999818e+03 1.488638281401732455e-03
2.934400000000000091e+03 4.804258842326800116e-02
2.937599999999999909e+03 9.293686593580290090e-02
2.940800000000000182e+03 1.339048265754169964e-01
2.944000000000000000e+03 1.688247466228383620e-01
2.947199999999999818e+03 1.958206852803132114e-01
2.950400000000000091e+03 2.133612165365592617e-01
2.953599999999999909e+03 2.203506690326425543e-01
2.956800000000000182e+03 2.162053976755776152e-01
2.960000000000000000e+03 2.009067262187633207e-01
2.963199999999999818e+03 1.750232088803652386e-01
2.966400000000000091e+03 1.396978541470133839e-01
2.969599999999999909e+03 9.660022814590810136e-02
2.972800000000000182e+03 4.784754625999538408e-02
2.976000000000000000e+03 -4.098448220957699381e-03
2.979199999999999818e+03 -5.655154814581219574e-02
2.982400000000000091e+03 -1.067321759008421772e-01
2.985599999999999909e+03 -1.519055252369149456e-01
2.988800000000000182e+03 -1.895238777104705508e-01
2.992000000000000000e+03 -2.173696450444679573e-01
2.995199999999999818e+03 -2.336934334348550746e-01
2.998400000000000091e+03 -2.373382866481661413e-01
3.001599999999999909e+03 -2.278385507312595537e-01
3.004800000000000182e+03 -2.054809040576308088e-01
3.008000000000000000e+03 -1.713169400965490197e-01
3.011199999999999818e+03 -1.271212883686836659e-01
3.014400000000000091e+03 -7.529563421642934684e-02
3.017599999999999909e+03 -1.872558118878334815e-02
3.020800000000000182e+03 3.939744146632242344e-02
3.024000000000000000e+03 9.577407013568307870e-02
3.027199999999999818e+03 1.471990976803066453e-01
3.030400000000000091e+03 1.907537193780906026e-01
3.033599999999999909e+03 2.239764881107472738e-01
3.036800000000000182e+03 2.450041911538479722e-01
3.040000000000000000e+03 2.526759699008868654e-01
3.043199999999999818e+03 2.465955397775606572e-01
3.046400000000000091e+03 2.271478106621875881e-01
3.049599999999999909e+03 1.954682231425545758e-01
3.052800000000000182e+03 1.533661370648921884e-01
3.056000000000000000e+03 1.032074995310610921e-01
3.059199999999999818e+03 4.776599448473120568e-02
3.062400000000000091e+03 -9.945196338840613451e-03
3.065599999999999909e+03 -6.684791584683461019e-02
3.068800000000000182e+03 -1.199678941342209176e-01
3.072000000000000000e+03 -1.665886908293310320e-01
3.075199999999999818e+03 -2.043845881904304829e-01
3.078400000000000091e+03 -2.315288561492126196e-01
3.081599999999999909e+03 -2.467751745557585363e-01
3.084800000000000182e+03 -2.495101744583144987e-01
3.088000000000000000e+03 -2.397746451813418389e-01
3.091199999999999818e+03 -2.182509146386707732e-01
3.094400000000000091e+03 -1.862151296498981423e-01
3.097599999999999909e+03 -1.454559277338681178e-01
3.100800000000000182e+03 -9.816474687153961542e-02
3.104000000000000000e+03 -4.680658535290248279e-02
3.107199999999999818e+03 6.017845951208256224e-03
3.110400000000000091e+03 5.770768378766411022e-02
3.113599999999999909e+03 1.057864445407960541e-01
3.116800000000000182e+03 1.480102106490183700e-01
3.120000000000000000e+03 1.824575933603997946e-01
3.123199999999999818e+03 2.076019185984626925e-01
3.126400000000000091e+03 2.223667710141591924e-01
3.129599999999999909e+03 2.261653369711835448e-01
3.132800000000000182e+03 2.189226869669155529e-01
3.136000000000000000e+03 2.010790615740094822e-01
3.139199999999999818e+03 1.735719136144643071e-01
3.142400000000000091e+03 1.377951117217791344e-01
3.145599999999999909e+03 9.553527224902982895e-02
3.148800000000000182e+03 4.888736789554207207e-02
3.152000000000000000e+03 1.539947431619882365e-04
3.155199999999999818e+03 -4.826576598182679562e-02
3.158400000000000091e+03 -9.399159780043239709e-02
3.161599999999999909e+03 -1.347757722702520866e-01
3.164800000000000182e+03 -1.686111760292393069e-01
3.168000000000000000e+03 -1.938299105469341310e-01
3.171199999999999818e+03 -2.091887399970726036e-01
3.174400000000000091e+03 -2.139369867484040566e-01
3.177599999999999909e+03 -2.078618499017090004e-01
3.180800000000000182e+03 -1.913061640506404371e-01
3.184000000000000000e+03 -1.651547180492592970e-01
3.187199999999999818e+03 -1.307875750195197084e-01
3.190400000000000091e+03 -9.000222027296976568e-02
3.193599999999999909e+03 -4.491018399621019702e-02
3.196800000000000182e+03 2.183035909780676846e-03
3.200000000000000000e+03 4.890448427878867077e-02
3.203199999999999818e+03 9.293720243312179885e-02
3.206400000000000091e+03 1.321336347601857197e-01
3.209599999999999909e+03 1.646149868826344564e-01
3.212800000000000182e+03 1.888547350599749375e-01
3.216000000000000000e+03 2.037452480842197322e-01
3.219199999999999818e+03 2.086460158519224395e-01
3.222400000000000091e+03 2.034110934684182637e-01
3.225599999999999909e+03 1.883929846842556377e-01
3.228800000000000182e+03 1.644209166021298185e-01
3.232000000000000000e+03 1.327534031236866641e-01
3.235199999999999818e+03 9.500773504191578622e-02
3.238400000000000091e+03 5.307175102486595686e-02
3.241599999999999909e+03 9.005004128728096371e-03
3.244800000000000182e+03 -3.506340054864973133e-02
3.248000000000000000e+03 -7.703445602349529020e-02
3.251199999999999818e+03 -1.149328454068235250e-01
3.254400000000000091e+03 -1.469929421939717984e-01
3.257599999999999909e+03 -1.717364637629156532e-01
3.260800000000000182e+03 -1.880403229016833488e-01
3.264000000000000000e+03 -1.951916078169792235e-01
3.267199999999999818e+03 -1.929251279263322350e-01
3.270400000000000091e+03 -1.814385858576561816e-01
3.273599999999999909e+03 -1.613817207914177432e-01
3.276800000000000182e+03 -1.338186022881556192e-01
3.280000000000000000e+03 -1.001658683481755768e-01
3.283199999999999818e+03 -6.211292053996388118e-02
3.286400000000000091e+03 -2.153180725612439603e-02
3.289599999999999909e+03 1.961578916954083776e-02
3.292800000000000182e+03 5.936910750933251796e-02
3.296000000000000000e+03 9.585387190567129512e-02
3.299199999999999818e+03 1.273626206183915421e-01
3.302400000000000091e+03 1.524302397125608388e-01
3.305599999999999909e+03 1.699038823242929874e-01
3.308800000000000182e+03 1.790038855833166187e-01
3.312000000000000000e+03 1.793697994780868998e-01
3.315199999999999818e+03 1.710846648158771965e-01
3.318400000000000091e+03 1.546720172382305969e-01
3.321599999999999909e+03 1.310635383538328314e-01
3.324800000000000182e+03 1.015397431669323725e-01
3.328000000000000000e+03 6.765011609011133131e-02
3.331199999999999818e+03 3.112140928254372718e-02
3.334400000000000091e+03 -6.237200853794766693e-03
3.337599999999999909e+03 -4.262543157627686485e-02
3.340800000000000182e+03 -7.633597701574483529e-02
3.344000000000000000e+03 -1.058301521441475657e-01
3.347199999999999818e+03 -1.298048817033337632e-01
3.350400000000000091e+03 -1.472500654390450636e-01
3.353599999999999909e+03 -1.574935995061393645e-01
3.356800000000000182e+03 -1.602299147633134968e-01
3.360000000000000000e+03 -1.555279867534059002e-01
3.363199999999999818e+03 -1.438167421832584059e-01
3.366400000000000091e+03 -1.258489959629547073e-01
3.369599999999999909e+03 -1.026482558509892173e-01
3.372800000000000182e+03 -7.544474065177284028e-02
3.376000000000000000e+03 -4.560717035386124829e-02
3.379199999999999818e+03 -1.457544648341297343e-02
3.382400000000000091e+03 1.620302368094053008e-02
3.385599999999999909e+03 4.533289521386241194e-02
3.388800000000000182e+03 7.152716972755042424e-02
3.392000000000000000e+03 9.366078463619320615e-02
3.395199999999999818e+03 1.108204864801077272e-01
3.398400000000000091e+03 1.223478185078619718e-01
3.401599999999999909e+03 1.278705486547616899e-01
3.404800000000000182e+03 1.273179367174976373e-01
3.408000000000000000e+03 1.209170659758503630e-01
3.411199999999999818e+03 1.091703905842036221e-01
3.414400000000000091e+03 9.281757272675282555e-02
3.417599999999999909e+03 7.278661006323280946e-02
3.420800000000000182e+03 5.013969599670758254e-02
3.424000000000000000e+03 2.601831109217349683e-02
3.427199999999999818e+03 1.590252169878982741e-03
3.430400000000000091e+03 -2.200057469796374426e-02
3.433599999999999909e+03 -4.368198214619456454e-02
3.436800000000000182e+03 -6.249936473974056911e-02
3.440000000000000000e+03 -7.765884421919767855e-02
3.443199999999999818e+03 -8.856517557570062205e-02
3.446400000000000091e+03 -9.485052369853740062e-02
3.449599999999999909e+03 -9.639012374161037844e-02
3.452800000000000182e+03 -9.330223034631865420e-02
3.456000000000000000e+03 -8.593207750921455501e-02
3.459199999999999818e+03 -7.482186993633618832e-02
3.462400000000000091e+03 -6.067038292645470648e-02
3.465599999999999909e+03 -4.428636830342207870e-02
3.468800000000000182e+03 -2.653985514952272168e-02
3.472000000000000000e+03 -8.314870503113299532e-03
3.475199999999999818e+03 9.533746556325042518e-03
3.478400000000000091e+03 2.621777088139064238e-02
3.481599999999999909e+03 4.104652830276354913e-02
3.484800000000000182e+03 5.345120848806407532e-02
3.488000000000000000e+03 6.300253994227658638e-02
3.491199999999999818e+03 6.942162031786612564e-02
3.494400000000000091e+03 7.258354066326418164e-02
3.497599999999999909e+03 7.251361412258397476e-02
3.500800000000000182e+03 6.937654088746929293e-02
3.504000000000000000e+03 6.345950429706607998e-02
3.507199999999999818e+03 5.515076138941086420e-02
3.510400000000000091e+03 4.491564583880885975e-02
3.513599999999999909e+03 3.327200228264541593e-02
3.516800000000000182e+03 2.076684017123758830e-02
3.520000000000000000e+03 7.955326462100563087e-03
3.523199999999999818e+03 -4.617811645496737970e-03
3.526400000000000091e+03 -1.643543728133730134e-02
3.529599999999999909e+03 -2.702508459027529175e-02
3.532800000000000182e+03 -3.597674015378704571e-02
3.536000000000000000e+03 -4.296067556965743606e-02
3.539199999999999818e+03 -4.774322949105603425e-02
3.542400000000000091e+03 -5.019781430032568825e-02
3.545599999999999909e+03 -5.030899152699127436e-02
3.548800000000000182e+03 -4.816889645697642469e-02
3.552000000000000000e+03 -4.396688349459063755e-02
3.555199999999999818e+03 -3.797438510762535246e-02
3.558400000000000091e+03 -3.052736180821846723e-02
3.561599999999999909e+03 -2.200841862671791896e-02
3.564800000000000182e+03 -1.282987448533620158e-02
3.568000000000000000e+03 -3.418060920004812892e-03
3.571199999999999818e+03 5.801758504041505324e-03
3.574400000000000091e+03 1.442083473737125129e-02
3.577599999999999909e+03 2.206337265553636601e-02
3.580800000000000182e+03 2.840362068181405408e-02
3.584000000000000000e+03 3.318217376091606857e-02
3.587199999999999818e+03 3.621940180376472668e-02
3.590400000000000091e+03 3.742401439785895262e-02
3.593599999999999909e+03 3.679552897476297962e-02
3.596800000000000182e+03 3.442047548139197388e-02
3.600000000000000000e+03 3.046318667688073176e-02
3.603199999999999818e+03 2.515275761521889794e-02
3.606400000000000091e+03 1.876809403443620294e-02
3.609599999999999909e+03 1.162285040231754614e-02
3.612800000000000182e+03 4.051492827177393709e-03
3.616000000000000000e+03 -3.603149436114914082e-03
3.619199999999999818e+03 -1.100134706991690026e-02
3.622400000000000091e+03 -1.781792019239553798e-02
3.625599999999999909e+03 -2.375445294958204029e-02
3.628800000000000182e+03 -2.855226723396795188e-02
3.632000000000000000e+03 -3.200518592466948531e-02
3.635199999999999818e+03 -3.397049045140816681e-02
3.638400000000000091e+03 -3.437649347805787209e-02
3.641599999999999909e+03 -3.322573914169196091e-02
3.644800000000000182e+03 -3.059367764628963607e-02
3.648000000000000000e+03 -2.662337970561345912e-02
3.651199999999999818e+03 -2.151725603244229734e-02
3.654400000000000091e+03 -1.552679936228352695e-02
3.657599999999999909e+03 -8.941137127771300527e-03
3.660800000000000182e+03 -2.074775969911922101e-03
3.664000000000000000e+03 4.745506740145545577e-03
3.667199999999999818e+03 1.119489174857787005e-02
3.670400000000000091e+03 1.696595776580960696e-02
3.673599999999999909e+03 2.178483668734476283e-02
3.676800000000000182e+03 2.542684268214333645e-02
3.680000000000000000e+03 2.772982185058267546e-02
3.683199999999999818e+03 2.860349129890401784e-02
3.686400000000000091e+03 2.803362065836957975e-02
3.689599999999999909e+03 2.608081416527762222e-02
3.692800000000000182e+03 2.287452304238640766e-02
3.696000000000000000e+03 1.860347705444790126e-02
3.699199999999999818e+03 1.350387384378448630e-02
3.702400000000000091e+03 7.846473377604697153e-03
3.705599999999999909e+03 1.923355339495998444e-03
3.708800000000000182e+03 -3.965342466320816335e-03
3.712000000000000000e+03 -9.524727172680342441e-03
3.715199999999999818e+03 -1.447860573541593678e-02
3.718400000000000091e+03 -1.858294878343045436e-02
3.721599999999999909e+03 -2.163870947166629533e-02
3.724800000000000182e+03 -2.350284283133242252e-02
3.728000000000000000e+03 -2.409618890027160482e-02
3.731199999999999818e+03 -2.340716238386359241e-02
3.734400000000000091e+03 -2.149082262898945050e-02
3.737599999999999909e+03 -1.846361035903563985e-02
3.740800000000000182e+03 -1.449458577490517729e-02
3.744000000000000000e+03 -9.794285071207092103e-03
3.747199999999999818e+03 -4.602357290076398294e-03
3.750400000000000091e+03 8.249886948205581005e-04
3.753599999999999909e+03 6.226973374022933515e-03
3.756800000000000182e+03 1.134929953570623651e-02
3.760000000000000000e+03 1.595427584189175116e-02
3.763199999999999818e+03 1.983023376585810182e-02
3.766400000000000091e+03 2.280039900066496358e-02
3.769599999999999909e+03 2.473106536182317211e-02
3.772800000000000182e+03 2.553851244906431284e-02
3.776000000000000000e+03 2.519380860472941394e-02
3.779199999999999818e+03 2.372460268213213638e-02
3.782400000000000091e+03 2.121329092911183878e-02
3.785599999999999909e+03 1.779148991560849935e-02
3.788800000000000182e+03 1.363138231763613532e-02
3.792000000000000000e+03 8.935006990869714949e-03
3.795199999999999818e+03 3.922761947581175287e-03
3.798400000000000091e+03 -1.177776252578347730e-03
3.801599999999999909e+03 -6.142059350317186778e-03
3.804800000000000182e+03 -1.075767873350420845e-02
3.808000000000000000e+03 -1.483263342859914881e-02
3.811199999999999818e+03 -1.820301071991325959e-02
3.814400000000000091e+03 -2.073994973619996268e-02
3.817599999999999909e+03 -2.235523046282951454e-02
3.820800000000000182e+03 -2.300455674452892355e-02
3.824000000000000000e+03 -2.268784715287900863e-02
3.827199999999999818e+03 -2.144652488988007394e-02
3.830400000000000091e+03 -1.935851574714553963e-02
3.833599999999999909e+03 -1.653202182374900742e-02
3.836800000000000182e+03 -1.309901979216140065e-02
3.840000000000000000e+03 -9.209033634193123513e-03
3.843199999999999818e+03 -5.023345083167037733e-03
3.846400000000000091e+03 -7.095777308737277224e-04
3.849599999999999909e+03 3.563508549282313163e-03
3.852800000000000182e+03 7.631209553372740768e-03
3.856000000000000000e+03 1.133819730952410378e-02
3.859199999999999818e+03 1.454391823022833409e-02
3.862400000000000091e+03 1.712773247413754835e-02
3.865599999999999909e+03 1.899324274497959930e-02
3.868800000000000182e+03 2.007126964382829198e-02
3.872000000000000000e+03 2.032118586693594173e-02
3.875199999999999818e+03 1.973070921166507688e-02
3.878400000000000091e+03 1.831461780349227450e-02
3.881599999999999909e+03 1.611307291176398288e-02
3.884800000000000182e+03 1.319025298724186245e-02
3.888000000000000000e+03 9.633788051023222873e-03
3.891199999999999818e+03 5.555037277950466111e-03
3.894400000000000091e+03 1.089645608487473495e-03
3.897599999999999909e+03 -3.602761054379061915e-03
3.900800000000000182e+03 -8.341134597950401047e-03
3.904000000000000000e+03 -1.292888544169458302e-02
3.907199999999999818e+03 -1.716324669667695924e-02
3.910400000000000091e+03 -2.084712931664114283e-02
3.913599999999999909e+03 -2.380160365102473516e-02
3.916800000000000182e+03 -2.587696412538028484e-02
3.920000000000000000e+03 -2.696089690288187846e-02
3.923199999999999818e+03 -2.698325399595725635e-02
3.926400000000000091e+03 -2.591786670765964390e-02
3.929599999999999909e+03 -2.378235069656029974e-02
3.932800000000000182e+03 -2.063687659860202403e-02
3.936000000000000000e+03 -1.658253618038731461e-02
3.939199999999999818e+03 -1.175941588588201754e-02
3.942400000000000091e+03 -6.343948794720187523e-03
3.945599999999999909e+03 -5.447048932683780159e-04
3.948800000000000182e+03 5.404290935438500060e-03
3.952000000000000000e+03 1.125318186012391579e-02
3.955199999999999818e+03 1.674843594752824585e-02
3.958400000000000091e+03 2.164622221621438983e-02
3.961599999999999909e+03 2.572525333249748095e-02
3.964800000000000182e+03 2.879761651036485959e-02
3.968000000000000000e+03 3.071690875491508987e-02
3.971199999999999818e+03 3.138383933556428140e-02
3.974400000000000091e+03 3.074994863447305660e-02
3.977599999999999909e+03 2.882008914581300416e-02
3.980800000000000182e+03 2.565395654341321927e-02
3.984000000000000000e+03 2.136647103597471078e-02
3.987199999999999818e+03 1.612637459272242557e-02
3.990400000000000091e+03 1.015217097491672750e-02
3.993599999999999909e+03 3.704632670744346587e-03
3.996800000000000182e+03 -2.924391283109618791e-03
4.000000000000000000e+03 -9.426321555834020829e-03
4.003199999999999818e+03 -1.549201481135296238e-02
4.006400000000000091e+03 -2.082801784724898006e-02
4.009599999999999909e+03 -2.517134628808822411e-02
4.012800000000000182e+03 -2.830183202726850242e-02
4.016000000000000000e+03 -3.005179444659696053e-02
4.019199999999999818e+03 -3.031328178377896976e-02
4.022400000000000091e+03 -2.904326520412752605e-02
4.025599999999999909e+03 -2.626701749011202403e-02
4.028800000000000182e+03 -2.207962371433686705e-02
4.032000000000000000e+03 -1.664526925912945821e-02
4.035199999999999818e+03 -1.019370136522899754e-02
4.038400000000000091e+03 -3.013156110602622020e-03
4.041599999999999909e+03 4.560790563725632477e-03
4.044800000000000182e+03 1.216048910965536467e-02
4.048000000000000000e+03 1.940491280537936028e-02
4.051199999999999818e+03 2.592039132403550772e-02
4.054400000000000091e+03 3.136156116396656562e-02
4.057599999999999909e+03 3.543069182066296147e-02
4.060800000000000182e+03 3.789389852911879963e-02
4.064000000000000000e+03 3.859333417588397402e-02
4.067199999999999818e+03 3.745508079590684908e-02
4.070400000000000091e+03 3.449295953331584647e-02
4.073599999999999909e+03 2.980871528730265341e-02
4.076800000000000182e+03 2.358895660530949817e-02
4.080000000000000000e+03 1.609890874767138519e-02
4.083199999999999818e+03 7.672666120914817083e-03
4.086400000000000091e+03 -1.300517615895512707e-03
4.089599999999999909e+03 -1.039408180821621216e-02
4.092800000000000182e+03 -1.916563579139385354e-02
4.096000000000000000e+03 -2.718069377077721518e-02
4.099199999999999818e+03 -3.403667311000996287e-02
4.102399999999999636e+03 -3.938501830360415651e-02
4.105600000000000364e+03 -4.294967504771555339e-02
4.108800000000000182e+03 -4.454081786189888204e-02
4.112000000000000000e+03 -4.406347027987882886e-02
4.115199999999999818e+03 -4.152124182543019681e-02
4.118399999999999636e+03 -3.701572992885012597e-02
4.121600000000000364e+03 -3.074216184560955162e-02
4.124800000000000182e+03 -2.298161123940872450e-02
4.128000000000000000e+03 -1.408974948023652973e-02
4.131199999999999818e+03 -4.481837463776580308e-03
4.134399999999999636e+03 5.386198207452470160e-03
4.137600000000000364e+03 1.504014583456662196e-02
4.140800000000000182e+03 2.401202134185384529e-02
4.144000000000000000e+03 3.186469752345620632e-02
4.147199999999999818e+03 3.821446701535560070e-02
4.150399999999999636e+03 4.274977527140649131e-02
4.153600000000000364e+03 4.524515145140652062e-02
4.156800000000000182e+03 4.557020799021783281e-02
4.160000000000000000e+03 4.369420951672315506e-02
4.163199999999999818e+03 3.968698514849487713e-02
4.166399999999999636e+03 3.371683738761629967e-02
4.169600000000000364e+03 2.604564144949364154e-02
4.172800000000000182e+03 1.702070931496350165e-02
4.176000000000000000e+03 7.062529271454331785e-03
4.179199999999999818e+03 -3.352465824526558794e-03
4.182399999999999636e+03 -1.371424145941425345e-02
4.185600000000000364e+03 -2.350559233091082875e-02
4.188800000000000182e+03 -3.223052227870262104e-02
4.192000000000000000e+03 -3.944186195055250643e-02
4.195199999999999818e+03 -4.476557843188733177e-02
4.198399999999999636e+03 -4.791997192667732386e-02
4.201600000000000364e+03 -4.872892348053162181e-02
4.204800000000000182e+03 -4.712923243216441543e-02
4.208000000000000000e+03 -4.317265800275589538e-02
4.211199999999999818e+03 -3.702345784583304517e-02
4.214399999999999636e+03 -2.895199814692371587e-02
4.217600000000000364e+03 -1.932453482210430562e-02
4.220800000000000182e+03 -8.588824365561745916e-03
4.224000000000000000e+03 2.744854415273658040e-03
4.227199999999999818e+03 1.412723826321362654e-02
4.230399999999999636e+03 2.499731467320940106e-02
4.233600000000000364e+03 3.481154368242602576e-02
4.236800000000000182e+03 4.307284986200926591e-02
4.240000000000000000e+03 4.935715129105525123e-02
4.243199999999999818e+03 5.333557766121602151e-02
4.246399999999999636e+03 5.479112674073727263e-02
4.249600000000000364e+03 5.362915359978157048e-02
4.252800000000000182e+03 4.988167493161363431e-02
4.256000000000000000e+03 4.370590789317336383e-02
4.259199999999999818e+03 3.537764127268271108e-02
4.262399999999999636e+03 2.527990006299909997e-02
4.265600000000000364e+03 1.388702169947793330e-02
4.268800000000000182e+03 1.744008580208192055e-03
4.272000000000000000e+03 -1.055882617725179690e-02
4.275199999999999818e+03 -2.241525527811452992e-02
4.278399999999999636e+03 -3.323500985364234717e-02
4.281600000000000364e+03 -4.247581880622576522e-02
4.284800000000000182e+03 -4.967303117332606821e-02
4.288000000000000000e+03 -5.446449046822386675e-02
4.291199999999999818e+03 -5.660897533357772682e-02
4.294399999999999636e+03 -5.599736759842569717e-02
4.297600000000000364e+03 -5.265657104984954734e-02
4.300800000000000182e+03 -4.674688576519896860e-02
4.304000000000000000e+03 -3.855384952374681790e-02
4.307199999999999818e+03 -2.847539883342148359e-02
4.310399999999999636e+03 -1.700471080230532561e-02
4.313600000000000364e+03 -4.708620078711080355e-03
4.316800000000000182e+03 7.798543055027211748e-03
4.320000000000000000e+03 1.988530499320650610e-02
4.323199999999999818e+03 3.093625079241954859e-02
4.326399999999999636e+03 4.038579339273890012e-02
4.329600000000000364e+03 4.774970094153494632e-02
4.332800000000000182e+03 5.265165328054355331e-02
4.336000000000000000e+03 5.484273900318126227e-02
4.339199999999999818e+03 5.421280972869302328e-02
4.342399999999999636e+03 5.079372085852620206e-02
4.345600000000000364e+03 4.475542178244807517e-02
4.348800000000000182e+03 3.639633336774500405e-02
4.352000000000000000e+03 2.612930170746143380e-02
4.355199999999999818e+03 1.446374712639881925e-02
4.358399999999999636e+03 1.983853910599144964e-03
4.361600000000000364e+03 -1.067768282976505785e-02
4.364800000000000182e+03 -2.287038748646440939e-02
4.368000000000000000e+03 -3.396014404142663062e-02
4.371199999999999818e+03 -4.336444392252707808e-02
4.374399999999999636e+03 -5.058565867734782229e-02
4.377600000000000364e+03 -5.523925303927499503e-02
4.380800000000000182e+03 -5.707458829678570267e-02
4.384000000000000000e+03 -5.598713346656109674e-02
4.387199999999999818e+03 -5.202211752789902277e-02
4.390399999999999636e+03 -4.537057039778204237e-02
4.393600000000000364e+03 -3.635906675932955301e-02
4.396800000000000182e+03 -2.543424663974727315e-02
4.400000000000000000e+03 -1.314256112842949499e-02
4.403199999999999818e+03 -1.051546081567537058e-04
4.406399999999999636e+03 1.301216937650485732e-02
4.409600000000000364e+03 2.553318990365463850e-02
4.412800000000000182e+03 3.680785528845819526e-02
4.416000000000000000e+03 4.624841569737279945e-02
4.419199999999999818e+03 5.336205148951153610e-02
4.422399999999999636e+03 5.777742552569151147e-02
4.425600000000000364e+03 5.926349268819591093e-02
4.428800000000000182e+03 5.773986702154443318e-02
4.432000000000000000e+03 5.327886253043195158e-02
4.435199999999999818e+03 4.609991865922875159e-02
4.438399999999999636e+03 3.655745508603205213e-02
4.441600000000000364e+03 2.512322128413326666e-02
4.444800000000000182e+03 1.236394443325698582e-02
4.448000000000000000e+03 -1.085256134815207980e-03
4.451199999999999818e+03 -1.455130200314283702e-02
4.454399999999999636e+03 -2.735666606462107756e-02
4.457600000000000364e+03 -3.885444635113015355e-02
4.460800000000000182e+03 -4.846277557643815376e-02
4.464000000000000000e+03 -5.569604421864895322e-02
4.467199999999999818e+03 -6.019065501786965283e-02
4.470399999999999636e+03 -6.172362347006435379e-02
4.473600000000000364e+03 -6.022303906307664018e-02
4.476800000000000182e+03 -5.577008077768879496e-02
4.480000000000000000e+03 -4.859293437931379994e-02
4.483199999999999818e+03 -3.905354882959177071e-02
4.486399999999999636e+03 -2.762853698711551648e-02
4.489600000000000364e+03 -1.488551817663529356e-02
4.492800000000000182e+03 -1.455876432897139404e-03
4.496000000000000000e+03 1.199541432003231947e-02
4.499199999999999818e+03 2.480221314438716546e-02
4.502399999999999636e+03 3.633071813954709406e-02
4.505600000000000364e+03 4.601223045110772875e-02
4.508800000000000182e+03 5.337291853693078292e-02
4.512000000000000000e+03 5.805836723186560272e-02
4.515199999999999818e+03 5.985117809159374441e-02
4.518399999999999636e+03 5.868060920272803044e-02
4.521600000000000364e+03 5.462401631094379595e-02
4.524800000000000182e+03 4.790056788602835985e-02
4.528000000000000000e+03 3.885825839445045810e-02
4.531199999999999818e+03 2.795552032563323672e-02
4.534399999999999636e+03 1.573866521491073742e-02
4.537600000000000364e+03 2.816054396847642114e-03
4.540800000000000182e+03 -1.017042342161789299e-02
4.544000000000000000e+03 -2.257601364658791063e-02
4.547199999999999818e+03 -3.378495693869024152e-02
4.550399999999999636e+03 -4.324199058095339054e-02
4.553600000000000364e+03 -5.048141199674181789e-02
4.556800000000000182e+03 -5.515148616237120632e-02
4.560000000000000000e+03 -5.703229670654299394e-02
4.563199999999999818e+03 -5.604581677986831406e-02
4.566399999999999636e+03 -5.225782601559069568e-02
4.569600000000000364e+03 -4.587212529419435608e-02
4.572800000000000182e+03 -3.721811536574249485e-02
4.576000000000000000e+03 -2.673306940777898238e-02
4.579199999999999818e+03 -1.494031971092592975e-02
4.582399999999999636e+03 -2.424241538820010901e-03
4.585600000000000364e+03 1.019737277612550209e-02
4.588800000000000182e+03 2.230295342912979109e-02
4.592000000000000000e+03 3.329786156810235487e-02
4.595199999999999818e+03 4.264469663938376398e-02
4.598399999999999636e+03 4.989129316975977196e-02
4.601600000000000364e+03 5.469433831098539228e-02
4.604800000000000182e+03 5.683673576767207802e-02
4.608000000000000000e+03 5.623737993235221333e-02
4.611199999999999818e+03 5.295282015931256081e-02
4.614399999999999636e+03 4.717123515067741385e-02
4.617600000000000364e+03 3.919994178181628042e-02
4.620800000000000182e+03 2.944805107320004958e-02
4.624000000000000000e+03 1.840572839525809329e-02
4.627199999999999818e+03 6.620971272124629922e-03
4.630399999999999636e+03 -5.325722733110293573e-03
4.633600000000000364e+03 -1.684857569373916092e-02
4.636800000000000182e+03 -2.738504972185859532e-02
4.640000000000000000e+03 -3.642441334644599266e-02
4.643199999999999818e+03 -4.353450058949199369e-02
4.646399999999999636e+03 -4.838456123226059225e-02
4.649600000000000364e+03 -5.076227296632982583e-02
4.652800000000000182e+03 -5.058350547868474545e-02
4.656000000000000000e+03 -4.789419415932039126e-02
4.659199999999999818e+03 -4.286459166737397602e-02
4.662399999999999636e+03 -3.577703527234757375e-02
4.665600000000000364e+03 -2.700891864069534729e-02
4.668800000000000182e+03 -1.701256077167745753e-02
4.672000000000000000e+03 -6.293157289863819323e-03
4.675199999999999818e+03 4.614665649332089399e-03
4.678399999999999636e+03 1.517153913744791714e-02
4.681600000000000364e+03 2.485895600260350224e-02
4.684800000000000182e+03 3.320490435847293920e-02
4.688000000000000000e+03 3.980804900709521837e-02
4.691199999999999818e+03 4.435865817068754269e-02
4.694399999999999636e+03 4.665452000331136995e-02
4.697600000000000364e+03 4.661046280654967955e-02
4.700800000000000182e+03 4.426072374764913886e-02
4.704000000000000000e+03 3.975424095838799715e-02
4.707199999999999818e+03 3.334381603945861527e-02
4.710399999999999636e+03 2.537071942493993384e-02
4.713600000000000364e+03 1.624641130072007264e-02
4.716800000000000182e+03 6.432592837211469419e-03
4.720000000000000000e+03 -3.579904910768642434e-03
4.723199999999999818e+03 -1.329337189895907212e-02
4.726399999999999636e+03 -2.222654081007366736e-02
4.729600000000000364e+03 -2.993838377192410347e-02
4.732800000000000182e+03 -3.605110579556895789e-02
4.736000000000000000e+03 -4.027056624694488191e-02
4.739199999999999818e+03 -4.240225138985360270e-02
4.742399999999999636e+03 -4.236122257812434400e-02
4.745600000000000364e+03 -4.017511885228364915e-02
4.748800000000000182e+03 -3.598018121521185525e-02
4.752000000000000000e+03 -3.001117368884540643e-02
4.755199999999999818e+03 -2.258670967124215556e-02
4.758399999999999636e+03 -1.409162031746655913e-02
4.761600000000000364e+03 -4.957631637153717477e-03
4.764800000000000182e+03 4.356972399039166916e-03
4.768000000000000000e+03 1.338845487594881450e-02
4.771199999999999818e+03 2.168929770080840758e-02
4.774399999999999636e+03 2.884992898853194071e-02
4.777600000000000364e+03 3.451953529493591299e-02
4.780800000000000182e+03 3.842458871084189487e-02
4.784000000000000000e+03 4.038351899484870361e-02
4.787199999999999818e+03 4.031605961483197137e-02
4.790399999999999636e+03 3.824627240546366741e-02
4.793600000000000364e+03 3.429908697886314972e-02
4.796800000000000182e+03 2.869115352888860007e-02
4.800000000000000000e+03 2.171751241843640143e-02
4.803199999999999818e+03 1.373570585683826957e-02
4.806399999999999636e+03 5.148486954721361725e-03
4.809600000000000364e+03 -3.614434720173104448e-03
4.812800000000000182e+03 -1.211566772040365524e-02
4.816000000000000000e+03 -1.993049083505713664e-02
4.819199999999999818e+03 -2.666789634257465957e-02
4.822399999999999636e+03 -3.199131160652716327e-02
4.825600000000000364e+03 -3.563745069375015562e-02
4.828800000000000182e+03 -3.743148717369298994e-02
4.832000000000000000e+03 -3.729686576495631900e-02
4.835199999999999818e+03 -3.525863756877296168e-02
4.838399999999999636e+03 -3.144013743039975051e-02
4.841600000000000364e+03 -2.605384842627648731e-02
4.844800000000000182e+03 -1.938801243848328748e-02
4.848000000000000000e+03 -1.179064685934679522e-02
4.851199999999999818e+03 -3.652149783753637444e-03
4.854399999999999636e+03 4.613008662748875784e-03
4.857600000000000364e+03 1.258545218779507160e-02
4.860800000000000182e+03 1.986083764352244985e-02
4.864000000000000000e+03 2.607008554744447495e-02
4.867199999999999818e+03 3.089891001934834402e-02
4.870399999999999636e+03 3.410525089942084004e-02
4.873600000000000364e+03 3.553301844548363564e-02
4.876800000000000182e+03 3.512065953405073965e-02
4.880000000000000000e+03 3.290352990220554719e-02
4.883199999999999818e+03 2.900990879590836444e-02
4.886399999999999636e+03 2.365150151784992799e-02
4.889600000000000364e+03 1.711002950952014018e-02
4.892800000000000182e+03 9.721641953880845455e-03
4.896000000000000000e+03 1.860367036484209674e-03
4.899199999999999818e+03 -6.078974678791998314e-03
4.902399999999999636e+03 -1.369852614079697904e-02
4.905600000000000364e+03 -2.061595534894533968e-02
4.908800000000000182e+03 -2.648349006346067958e-02
4.912000000000000000e+03 -3.100646543492748680e-02
4.915199999999999818e+03 -3.395993176092059612e-02
4.918399999999999636e+03 -3.520166450263238073e-02
4.921600000000000364e+03 -3.468006932554976857e-02
4.924800000000000182e+03 -3.243602675395260843e-02
4.928000000000000000e+03 -2.859862512464936973e-02
4.931199999999999818e+03 -2.337572894428681380e-02
4.934399999999999636e+03 -1.704100264498123810e-02
4.937600000000000364e+03 -9.919036932250225799e-03
4.940800000000000182e+03 -2.369652738268417623e-03
4.944000000000000000e+03 5.228299314684643415e-03
4.947199999999999818e+03 1.249378312237398210e-02
4.950399999999999636e+03 1.906114169624638019e-02
4.953600000000000364e+03 2.459800963504285565e-02
4.956800000000000182e+03 2.882266359069656642e-02
4.960000000000000000e+03 3.151951027755786616e-02
4.963199999999999818e+03 3.255127226728605355e-02
4.966399999999999636e+03 3.186659193042987864e-02
4.969600000000000364e+03 2.950226764001299615e-02
4.972800000000000182e+03 2.558010812941054549e-02
4.976000000000000000e+03 2.029920508124132689e-02
4.979199999999999818e+03 1.392492662280893356e-02
4.982399999999999636e+03 6.775880830409418930e-03
4.985600000000000364e+03 -7.904373386555962498e-04
4.988800000000000182e+03 -8.393244050646142887e-03
4.992000000000000000e+03 -1.564555809768084296e-02
4.995199999999999818e+03 -2.217283216329617168e-02
4.998399999999999636e+03 -2.763256229504454722e-02
5.001600000000000364e+03 -3.173361240311457082e-02
5.004800000000000182e+03 -3.425350788480659159e-02
5.008000000000000000e+03 -3.505188199663486492e-02
5.011199999999999818e+03 -3.407864835439530088e-02
5.014399999999999636e+03 -3.137623264611513751e-02
5.017600000000000364e+03 -2.707610334311440908e-02
5.020800000000000182e+03 -2.139058396282426944e-02
5.024000000000000000e+03 -1.460123711126152558e-02
5.027199999999999818e+03 -7.044916263720798696e-03
5.030399999999999636e+03 9.019118962048697881e-04
5.033600000000000364e+03 8.840412464627708453e-03
5.036800000000000182e+03 1.636815132791156341e-02
5.040000000000000000e+03 2.309909947292837495e-02
5.043199999999999818e+03 2.868411625409148305e-02
5.046399999999999636e+03 3.283065189294579606e-02
5.049600000000000364e+03 3.532002679425732400e-02
5.052800000000000182e+03 3.602053204906650874e-02
5.056000000000000000e+03 3.489489679455393817e-02
5.059199999999999818e+03 3.200142334214870626e-02
5.062399999999999636e+03 2.748910852592146431e-02
5.065600000000000364e+03 2.158794772526127087e-02
5.068800000000000182e+03 1.459596851618947741e-02
5.072000000000000000e+03 6.864261023928165846e-03
5.075199999999999818e+03 -1.219372402051606451e-03
5.078399999999999636e+03 -9.248088217029489660e-03
5.081600000000000364e+03 -1.681508586547827283e-02
5.084800000000000182e+03 -2.353389370086882496e-02
5.088000000000000000e+03 -2.905906157834715550e-02
5.091199999999999818e+03 -3.310584454892342293e-02
5.094399999999999636e+03 -3.546702670185961082e-02
5.097600000000000364e+03 -3.602498492989936185e-02
5.100800000000000182e+03 -3.475757964000181915e-02
5.104000000000000000e+03 -3.173745905448306648e-02
5.107199999999999818e+03 -2.712556085049960819e-02
5.110399999999999636e+03 -2.116045869184313144e-02
5.113600000000000364e+03 -1.414529448834931681e-02
5.116800000000000182e+03 -6.433357237190552580e-03
5.120000000000000000e+03 1.587588658121837429e-03
5.123199999999999818e+03 9.512689321236049433e-03
5.126399999999999636e+03 1.693937222715778679e-02
5.129600000000000364e+03 2.348818317423949364e-02
5.132800000000000182e+03 2.882369357991840242e-02
5.136000000000000000e+03 3.267357357851525396e-02
5.139199999999999818e+03 3.484394336539428649e-02
5.142399999999999636e+03 3.522956803038612694e-02
5.145600000000000364e+03 3.381819520251209271e-02
5.148800000000000182e+03 3.068920106595917838e-02
5.152000000000000000e+03 2.600749569430673563e-02
5.155199999999999818e+03 2.001404394784539811e-02
5.158399999999999636e+03 1.301416477032114882e-02
5.161600000000000364e+03 5.364079109636417896e-03
5.164800000000000182e+03 -2.544560418090196976e-03
5.168000000000000000e+03 -1.030267497599338805e-02
5.171199999999999818e+03 -1.750435490870405619e-02
5.174399999999999636e+03 -2.376916335530883731e-02
5.177600000000000364e+03 -2.876436004001450830e-02
5.180800000000000182e+03 -3.222480852189260614e-02
5.184000000000000000e+03 -3.396848135668290025e-02
5.187199999999999818e+03 -3.390611829305568287e-02
5.190399999999999636e+03 -3.204450306411737309e-02
5.193600000000000364e+03 -2.848376510154673746e-02
5.196800000000000182e+03 -2.340983282934314125e-02
5.200000000000000000e+03 -1.708343529666849631e-02
5.203199999999999818e+03 -9.826783219263269392e-03
5.206399999999999636e+03 -2.008445170393241812e-03
5.209600000000000364e+03 5.973614931010946642e-03
5.212800000000000182e+03 1.371096648552519275e-02
5.216000000000000000e+03 2.080528810819490260e-02
5.219199999999999818e+03 2.688956094536689226e-02
5.222399999999999636e+03 3.164828755047633529e-02
5.225600000000000364e+03 3.483499534199923503e-02
5.228800000000000182e+03 3.628555431321189850e-02
5.232000000000000000e+03 3.592637856030650445e-02
5.235199999999999818e+03 3.377722696940221175e-02
5.238399999999999636e+03 2.994893425098589176e-02
5.241600000000000364e+03 2.463684406027356541e-02
5.244800000000000182e+03 1.811083625371566475e-02
5.248000000000000000e+03 1.070260608627176917e-02
5.251199999999999818e+03 2.790441214554956542e-03
5.254399999999999636e+03 -5.218517284258528816e-03
5.257600000000000364e+03 -1.290839350896454477e-02
5.260800000000000182e+03 -1.987639851003274519e-02
5.264000000000000000e+03 -2.575503555618122165e-02
5.267199999999999818e+03 -3.023295445203240395e-02
5.270399999999999636e+03 -3.307269244671051656e-02
5.273600000000000364e+03 -3.412385090914434038e-02
5.276800000000000182e+03 -3.333078316297680144e-02
5.280000000000000000e+03 -3.073450832304191332e-02
5.283199999999999818e+03 -2.646921740997583081e-02
5.286399999999999636e+03 -2.075423530993972948e-02
5.289600000000000364e+03 -1.388246033604405641e-02
5.292800000000000182e+03 -6.206076948368247255e-03
5.296000000000000000e+03 1.880073482325500187e-03
5.299199999999999818e+03 9.957333975534832238e-03
5.302399999999999636e+03 1.760402785097979830e-02
5.305600000000000364e+03 2.441749943021109120e-02
5.308800000000000182e+03 3.003617640464094352e-02
5.312000000000000000e+03 3.416009565812792165e-02
5.315199999999999818e+03 3.656825092357451207e-02
5.318399999999999636e+03 3.713126559324225751e-02
5.321600000000000364e+03 3.581827893845769550e-02
5.324800000000000182e+03 3.269759593777933626e-02
5.328000000000000000e+03 2.793149513150456828e-02
5.331199999999999818e+03 2.176631044177664009e-02
5.334399999999999636e+03 1.451914987511629222e-02
5.337600000000000364e+03 6.562287242571278149e-03
5.340800000000000182e+03 -1.694350466352345479e-03
5.344000000000000000e+03 -9.822593684184689061e-03
5.347199999999999818e+03 -1.739723556535570717e-02
5.350399999999999636e+03 -2.401838238014351520e-02
5.353600000000000364e+03 -2.933364436620328891e-02
5.356800000000000182e+03 -3.305843179588999897e-02
5.360000000000000000e+03 -3.499255856220240268e-02
5.363199999999999818e+03 -3.503164518968188146e-02
5.366399999999999636e+03 -3.317239486384009756e-02
5.369600000000000364e+03 -2.951160010612707135e-02
5.372800000000000182e+03 -2.423953366261622291e-02
5.376000000000000000e+03 -1.762889621815581093e-02
5.379199999999999818e+03 -1.002052250681025741e-02
5.382399999999999636e+03 -1.806648714685639770e-03
5.385600000000000364e+03 6.587931110439188172e-03
5.388800000000000182e+03 1.472664789901493090e-02
5.392000000000000000e+03 2.218339975439651002e-02
5.395199999999999818e+03 2.856520334616154122e-02
5.398399999999999636e+03 3.353373120569939914e-02
5.401600000000000364e+03 3.682407964354889734e-02
5.404800000000000182e+03 3.825932851437777865e-02
5.408000000000000000e+03 3.775989148890718933e-02
5.411199999999999818e+03 3.534719296384431636e-02
5.414399999999999636e+03 3.114176515933110914e-02
5.417600000000000364e+03 2.535632742836965367e-02
5.420800000000000182e+03 1.828465085379340008e-02
5.424000000000000000e+03 1.028695942365988325e-02
5.427199999999999818e+03 1.772395000635697618e-03
5.430399999999999636e+03 -6.821072608117743734e-03
5.433600000000000364e+03 -1.504878184267141768e-02
5.436800000000000182e+03 -2.248268269172241929e-02
5.440000000000000000e+03 -2.873452526141838381e-02
5.443199999999999818e+03 -3.347742619170748779e-02
5.446399999999999636e+03 -3.646430010290734741e-02
5.449600000000000364e+03 -3.754178922231700410e-02
5.452800000000000182e+03 -3.665858326906241277e-02
5.456000000000000000e+03 -3.386746617080661770e-02
5.459199999999999818e+03 -2.932109095406976867e-02
5.462399999999999636e+03 -2.326222754003706705e-02
5.465600000000000364e+03 -1.600973252244083586e-02
5.468800000000000182e+03 -7.941538430532522549e-03
5.472000000000000000e+03 5.243865077223507651e-04
5.475199999999999818e+03 8.950545170032062070e-03
5.478399999999999636e+03 1.690145248980065226e-02
5.481600000000000364e+03 2.396556452138155074e-02
5.484800000000000182e+03 2.977664255265162485e-02
5.488000000000000000e+03 3.403334482791876142e-02
5.491199999999999818e+03 3.651593809507839433e-02
5.494399999999999636e+03 3.709931363182526753e-02
5.497600000000000364e+03 3.576029382723419636e-02
5.500800000000000182e+03 3.257815770650037551e-02
5.504000000000000000e+03 2.772855857279726832e-02
5.507199999999999818e+03 2.147176912071057861e-02
5.510399999999999636e+03 1.413685279005870432e-02
5.513600000000000364e+03 6.103402715287061311e-03
5.516800000000000182e+03 -2.218033667072227214e-03
5.520000000000000000e+03 -1.040635648000811167e-02
5.523199999999999818e+03 -1.805088731676626757e-02
5.526399999999999636e+03 -2.477239146382513926e-02
5.529600000000000364e+03 -3.024312458667898287e-02
5.532800000000000182e+03 -3.420453367973802505e-02
5.536000000000000000e+03 -3.648120890272572164e-02
5.539199999999999818e+03 -3.698990306864807787e-02
5.542399999999999636e+03 -3.574280192106278620e-02
5.545600000000000364e+03 -3.284473947096819280e-02
5.548800000000000182e+03 -2.848470984523432739e-02
5.552000000000000000e+03 -2.292269664285905700e-02
5.555199999999999818e+03 -1.647325536198569404e-02
5.558399999999999636e+03 -9.487267512316188353e-03
5.561600000000000364e+03 -2.332925959447921301e-03
5.564800000000000182e+03 4.623375537205715556e-03
5.568000000000000000e+03 1.103571335365492040e-02
5.571199999999999818e+03 1.659618614076135285e-02
5.574399999999999636e+03 2.105043974372387480e-02
5.577600000000000364e+03 2.421015831286801867e-02
5.580800000000000182e+03 2.596162059764147226e-02
5.584000000000000000e+03 2.626967212317788541e-02
5.587199999999999818e+03 2.517680493569278075e-02
5.590399999999999636e+03 2.279746260125021726e-02
5.593600000000000364e+03 1.930818261759009377e-02
5.596800000000000182e+03 1.493463638506560380e-02
5.600000000000000000e+03 9.936855954635070293e-03
5.603199999999999818e+03 4.593850057689237952e-03
5.606399999999999636e+03 -8.115107124825962377e-04
5.609600000000000364e+03 -6.006813182525577721e-03
5.612800000000000182e+03 -1.074330029706828914e-02
5.616000000000000000e+03 -1.480762983074731740e-02
5.619199999999999818e+03 -1.803176212137783466e-02
5.622399999999999636e+03 -2.030042468528370225e-02
5.625600000000000364e+03 -2.155554383745456049e-02
5.628800000000000182e+03 -2.179709794897246103e-02
5.632000000000000000e+03 -2.108009819472724672e-02
5.635199999999999818e+03 -1.950786333399370798e-02
5.638399999999999636e+03 -1.722232091907155774e-02
5.641600000000000364e+03 -1.439251388778307016e-02
5.644800000000000182e+03 -1.120260733489107131e-02
5.648000000000000000e+03 -7.840440656255012741e-03
5.651199999999999818e+03 -4.487229097191977253e-03
5.654399999999999636e+03 -1.308640446342372371e-03
5.657600000000000364e+03 1.552688797328085051e-03
5.660800000000000182e+03 3.983097735479802608e-03
5.664000000000000000e+03 5.902100641899050808e-03
5.667199999999999818e+03 7.264577125150761643e-03
5.670399999999999636e+03 8.060724682572633845e-03
5.673600000000000364e+03 8.313685460507806713e-03
5.676800000000000182e+03 8.074999003545534765e-03
5.680000000000000000e+03 7.418336684639163271e-03
5.683199999999999818e+03 6.432246064458735195e-03
5.686399999999999636e+03 5.212748321582465205e-03
5.689600000000000364e+03 3.856522637023998470e-03
5.692800000000000182e+03 2.455132785732236280e-03
5.696000000000000000e+03 1.090450232252543556e-03
5.699199999999999818e+03 -1.687618210893154281e-04
5.702399999999999636e+03 -1.269179615999957477e-03
5.705600000000000364e+03 -2.174192424096087380e-03
5.708800000000000182e+03 -2.864095781631484459e-03
5.712000000000000000e+03 -3.335188615145781316e-03
5.715199999999999818e+03 -3.597830424806005688e-03
5.718399999999999636e+03 -3.673630324575180746e-03
5.721600000000000364e+03 -3.592062375333323048e-03
5.724800000000000182e+03 -3.386889379015263751e-03
5.728000000000000000e+03 -3.092790804049509908e-03
5.731199999999999818e+03 -2.742518426906054123e-03
5.734399999999999636e+03 -2.364771013014318676e-03
5.737600000000000364e+03 -1.982840463112902230e-03
5.740800000000000182e+03 -1.613980091059669239e-03
5.744000000000000000e+03 -1.269396033907950775e-03
5.747199999999999818e+03 -9.547466120614046207e-04
5.750399999999999636e+03 -6.710290980802613220e-04
5.753600000000000364e+03 -4.157233929489994066e-04
5.756800000000000182e+03 -1.840527309084287575e-04
5.760000000000000000e+03 2.978276050975071207e-05
5.763199999999999818e+03 2.315324574107923534e-04
5.766399999999999636e+03 4.260907903252383129e-04
5.769600000000000364e+03 6.170279506655125925e-04
5.772800000000000182e+03 8.064753295472137018e-04
5.776000000000000000e+03 9.953284659414694032e-04
