0.000000000000000000e+00 2.704571174950705197e-03
3.200000000000000178e+00 2.846380474500027728e-03
6.400000000000000355e+00 2.987652670454885549e-03
9.599999999999999645e+00 3.128264780637448738e-03
1.280000000000000071e+01 3.268093373062836392e-03
1.600000000000000000e+01 3.407011655193262212e-03
1.919999999999999929e+01 3.544890951247555311e-03
2.239999999999999858e+01 3.681599978035235941e-03
2.560000000000000142e+01 3.817005407045180165e-03
2.880000000000000071e+01 3.950971608087419130e-03
3.200000000000000000e+01 4.083360957209331184e-03
3.520000000000000284e+01 4.214033743979358863e-03
3.839999999999999858e+01 4.342848382472354850e-03
4.160000000000000142e+01 4.469661393323000678e-03
4.479999999999999716e+01 4.594327570986666415e-03
4.800000000000000000e+01 4.716700006442014342e-03
5.120000000000000284e+01 4.836630232901192872e-03
5.439999999999999858e+01 4.953968273766610510e-03
5.760000000000000142e+01 5.068562777443441636e-03
6.079999999999999716e+01 5.180261082473773711e-03
6.400000000000000000e+01 5.288909346715037381e-03
6.720000000000000284e+01 5.394352624902859321e-03
7.040000000000000568e+01 5.496434995471611955e-03
7.359999999999999432e+01 5.594999648104879465e-03
7.679999999999999716e+01 5.689889009967227622e-03
8.000000000000000000e+01 5.780944840901897259e-03
8.320000000000000284e+01 5.868008359872758407e-03
8.640000000000000568e+01 5.950920346762159086e-03
8.959999999999999432e+01 6.029521269648755073e-03
9.279999999999999716e+01 6.103651391465028664e-03
9.600000000000000000e+01 6.173150897928070951e-03
9.920000000000000284e+01 6.237860009264586079e-03
1.024000000000000057e+02 6.297619110372503631e-03
1.055999999999999943e+02 6.352268866468765984e-03
1.087999999999999972e+02 6.401650353220586509e-03
1.120000000000000000e+02 6.445605174429542943e-03
1.152000000000000028e+02 6.483975593394904723e-03
1.184000000000000057e+02 6.516604654271652107e-03
1.215999999999999943e+02 6.543336314378753356e-03
1.247999999999999972e+02 6.564015566547837591e-03
1.280000000000000000e+02 6.578488571138885709e-03
1.311999999999999886e+02 6.586602780176162818e-03
1.344000000000000057e+02 6.588207069935072928e-03
1.375999999999999943e+02 6.583151865286848876e-03
1.408000000000000114e+02 6.571289271116656158e-03
1.440000000000000000e+02 6.552473197574616021e-03
1.471999999999999886e+02 6.526559491943579108e-03
1.504000000000000057e+02 6.493406062941260021e-03
1.535999999999999943e+02 6.452873009273033325e-03
1.568000000000000114e+02 6.404822743463921622e-03
1.600000000000000000e+02 6.349120122886546189e-03
1.631999999999999886e+02 6.285632575723695478e-03
1.664000000000000057e+02 6.214230228328711247e-03
1.695999999999999943e+02 6.134786024331441955e-03
1.728000000000000114e+02 6.047175847119581199e-03
1.760000000000000000e+02 5.951278639420590211e-03
1.791999999999999886e+02 5.846976526381269558e-03
1.824000000000000057e+02 5.734154932115670227e-03
1.855999999999999943e+02 5.612702697058998859e-03
1.888000000000000114e+02 5.482512190547107755e-03
1.920000000000000000e+02 5.343479425070419772e-03
1.951999999999999886e+02 5.195504164764937031e-03
1.984000000000000057e+02 5.038490034559963034e-03
2.015999999999999943e+02 4.872344625333228582e-03
2.048000000000000114e+02 4.696979600293142883e-03
2.080000000000000000e+02 4.512310795431967100e-03
2.111999999999999886e+02 4.318258319160652066e-03
2.144000000000000057e+02 4.114746647475454183e-03
2.175999999999999943e+02 3.901704719410354402e-03
2.208000000000000114e+02 3.679066026244778853e-03
2.240000000000000000e+02 3.446768698384443819e-03
2.271999999999999886e+02 3.204755588168749485e-03
2.304000000000000057e+02 2.952974354409991509e-03
2.335999999999999943e+02 2.691377542480799436e-03
2.368000000000000114e+02 2.419922660445106722e-03
2.400000000000000000e+02 2.138572247734812307e-03
2.431999999999999886e+02 1.847293942362491061e-03
2.464000000000000057e+02 1.546060545011460801e-03
2.495999999999999943e+02 1.234850082246004939e-03
2.528000000000000114e+02 9.136458643060070117e-04
2.560000000000000000e+02 5.824365396255249067e-04
2.591999999999999886e+02 2.412161441872645205e-04
2.623999999999999773e+02 -1.100158507738457241e-04
2.656000000000000227e+02 -4.712544933247550679e-04
2.688000000000000114e+02 -8.424893065781377446e-04
2.720000000000000000e+02 -1.223704248147567970e-03
2.751999999999999886e+02 -1.614877675267676217e-03
2.783999999999999773e+02 -2.015982314729824164e-03
2.816000000000000227e+02 -2.426985243821477324e-03
2.848000000000000114e+02 -2.847847866946464843e-03
2.880000000000000000e+02 -3.278525982701227699e-03
2.911999999999999886e+02 -3.718970329165039237e-03
2.943999999999999773e+02 -4.169127012794844080e-03
2.976000000000000227e+02 -4.628937574611158637e-03
3.008000000000000114e+02 -5.098339015228128129e-03
3.040000000000000000e+02 -5.577263822317608810e-03
3.071999999999999886e+02 -6.065639984135490388e-03
3.103999999999999773e+02 -6.563390991998629617e-03
3.136000000000000227e+02 -7.070435839946812538e-03
3.168000000000000114e+02 -7.586689039170143450e-03
3.200000000000000000e+02 -8.112060657256085425e-03
3.231999999999999886e+02 -8.646456385197039476e-03
3.263999999999999773e+02 -9.189777621149397210e-03
3.296000000000000227e+02 -9.741921556063135382e-03
3.328000000000000114e+02 -1.030278124293746572e-02
3.360000000000000000e+02 -1.087224564013421907e-02
3.391999999999999886e+02 -1.145019962681980558e-02
3.423999999999999773e+02 -1.203652400211332324e-02
3.456000000000000227e+02 -1.263109548305993597e-02
3.488000000000000114e+02 -1.323378671957540532e-02
3.520000000000000000e+02 -1.384446633846122231e-02
3.551999999999999886e+02 -1.446299903000665930e-02
3.583999999999999773e+02 -1.508924568804979362e-02
3.616000000000000227e+02 -1.572306361324439516e-02
3.648000000000000114e+02 -1.636430677913691678e-02
3.680000000000000000e+02 -1.701282616506049478e-02
3.711999999999999886e+02 -1.766847013500245922e-02
3.743999999999999773e+02 -1.833108455688460189e-02
3.776000000000000227e+02 -1.900051137724972222e-02
3.808000000000000114e+02 -1.967658309405011241e-02
3.840000000000000000e+02 -2.035911255280103971e-02
3.871999999999999886e+02 -2.104789025804363126e-02
3.903999999999999773e+02 -2.174272775370518496e-02
3.936000000000000227e+02 -2.244360065091367817e-02
3.968000000000000114e+02 -2.315087922516036179e-02
4.000000000000000000e+02 -2.386542482601056517e-02
4.031999999999999886e+02 -2.458807808584733898e-02
4.063999999999999773e+02 -2.531817187565884794e-02
4.096000000000000227e+02 -2.605162803545639505e-02
4.128000000000000114e+02 -2.678067410039992879e-02
4.160000000000000000e+02 -2.749764447082990795e-02
4.191999999999999886e+02 -2.820277271051275722e-02
4.223999999999999773e+02 -2.891082064845203192e-02
4.256000000000000227e+02 -2.964839814179715677e-02
4.288000000000000114e+02 -3.043840143443234114e-02
4.320000000000000000e+02 -3.127954945080654858e-02
4.351999999999999886e+02 -3.213777452169402221e-02
4.383999999999999773e+02 -3.296105108208691181e-02
4.416000000000000227e+02 -3.371091480698325260e-02
4.448000000000000114e+02 -3.438836492946399648e-02
4.480000000000000000e+02 -3.503505924855237347e-02
4.511999999999999886e+02 -3.571025655055112824e-02
4.543999999999999773e+02 -3.646052056910684819e-02
4.576000000000000227e+02 -3.729887347416086657e-02
4.608000000000000114e+02 -3.819945008219291505e-02
4.640000000000000000e+02 -3.910749903068681810e-02
4.671999999999999886e+02 -3.996399998160947431e-02
4.703999999999999773e+02 -4.073808945730084119e-02
4.736000000000000227e+02 -4.144805711425190997e-02
4.768000000000000114e+02 -4.215042462690106462e-02
4.800000000000000000e+02 -4.289901423255652185e-02
4.831999999999999886e+02 -4.370523144914167241e-02
4.863999999999999773e+02 -4.453423034924067908e-02
4.896000000000000227e+02 -4.533989527276405251e-02
4.928000000000000114e+02 -4.610500583418344206e-02
4.960000000000000000e+02 -4.685002040502229265e-02
4.991999999999999886e+02 -4.760730275131083017e-02
5.023999999999999773e+02 -4.839075355293774583e-02
5.056000000000000227e+02 -4.918966748648813392e-02
5.088000000000000114e+02 -4.998611878670318476e-02
5.120000000000000000e+02 -5.077264606568279715e-02
5.152000000000000455e+02 -5.155345499294606421e-02
5.183999999999999773e+02 -5.233419973676389780e-02
5.216000000000000227e+02 -5.311530560881285584e-02
5.247999999999999545e+02 -5.389437881029709304e-02
5.280000000000000000e+02 -5.467082505980130902e-02
5.312000000000000455e+02 -5.544557490895712232e-02
5.343999999999999773e+02 -5.621739753289103220e-02
5.376000000000000227e+02 -5.698175015498999074e-02
5.407999999999999545e+02 -5.773401116127314242e-02
5.440000000000000000e+02 -5.847327113448128055e-02
5.472000000000000455e+02 -5.920265389199510370e-02
5.503999999999999773e+02 -5.992639106180511904e-02
5.536000000000000227e+02 -6.064693450396802660e-02
5.567999999999999545e+02 -6.136441754923000619e-02
5.600000000000000000e+02 -6.207786317235789580e-02
5.632000000000000455e+02 -6.278616300041856002e-02
5.663999999999999773e+02 -6.348798190067740654e-02
5.696000000000000227e+02 -6.418145396945670877e-02
5.727999999999999545e+02 -6.486469185804871751e-02
5.760000000000000000e+02 -6.553680878955939204e-02
5.792000000000000455e+02 -6.619812219020269894e-02
5.823999999999999773e+02 -6.684844472079735922e-02
5.856000000000000227e+02 -6.748302446125196974e-02
5.887999999999999545e+02 -6.808575392619677091e-02
5.920000000000000000e+02 -6.861919935048156616e-02
5.952000000000000455e+02 -6.901196739876476471e-02
5.983999999999999773e+02 -6.914590576167076175e-02
6.016000000000000227e+02 -6.884730165708460858e-02
6.047999999999999545e+02 -6.788649958083980973e-02
6.080000000000000000e+02 -6.598914261045576990e-02
6.112000000000000455e+02 -6.285987595251144033e-02
6.143999999999999773e+02 -5.821607885173296637e-02
6.176000000000000227e+02 -5.182572884188080958e-02
6.207999999999999545e+02 -4.354136829891247507e-02
6.240000000000000000e+02 -3.332269402616028914e-02
6.272000000000000455e+02 -2.124348481495813568e-02
6.303999999999999773e+02 -7.482970712034773403e-03
6.336000000000000227e+02 7.694462749222146132e-03
6.367999999999999545e+02 2.396540752917620393e-02
6.400000000000000000e+02 4.097396758807773931e-02
6.432000000000000455e+02 5.835557903371964283e-02
6.463999999999999773e+02 7.575793713872842894e-02
6.496000000000000227e+02 9.286068082018542058e-02
6.527999999999999545e+02 1.093951105750596287e-01
6.560000000000000000e+02 1.251629251634713003e-01
6.592000000000000455e+02 1.400502227423301160e-01
6.623999999999999773e+02 1.540315661180038376e-01
6.656000000000000227e+02 1.671598856051115800e-01
6.687999999999999545e+02 1.795414177034118375e-01
6.720000000000000000e+02 1.912996601880189718e-01
6.752000000000000455e+02 2.025366266405975446e-01
6.783999999999999773e+02 2.133016125118087913e-01
6.816000000000000227e+02 2.235760788600091586e-01
6.847999999999999545e+02 2.332783334053258051e-01
6.880000000000000000e+02 2.422852218426815585e-01
6.912000000000000455e+02 2.504627394444283173e-01
6.943999999999999773e+02 2.576955299214147010e-01
6.976000000000000227e+02 2.639070499504449496e-01
7.007999999999999545e+02 2.690663304113035670e-01
7.040000000000000000e+02 2.731818020688145943e-01
7.072000000000000455e+02 2.762862599767554883e-01
7.103999999999999773e+02 2.784191011692046525e-01
7.136000000000000227e+02 2.796120239824658182e-01
7.167999999999999545e+02 2.798821933158839315e-01
7.200000000000000000e+02 2.792331896345616182e-01
7.232000000000000455e+02 2.776607383026660214e-01
7.263999999999999773e+02 2.751591100097207643e-01
7.296000000000000227e+02 2.717254998270771660e-01
7.327999999999999545e+02 2.673621120851215616e-01
7.360000000000000000e+02 2.620771105173034798e-01
7.392000000000000455e+02 2.558852822021936424e-01
7.423999999999999773e+02 2.488081367803089139e-01
7.456000000000000227e+02 2.408727060965520084e-01
7.487999999999999545e+02 2.321090633455733243e-01
7.520000000000000000e+02 2.225477028057078477e-01
7.552000000000000455e+02 2.122181627802208759e-01
7.583999999999999773e+02 2.011493190102690842e-01
7.616000000000000227e+02 1.893705682857822759e-01
7.647999999999999545e+02 1.769128549285523544e-01
7.680000000000000000e+02 1.638093164833100968e-01
7.712000000000000455e+02 1.500961769239566590e-01
7.743999999999999773e+02 1.358143086063171578e-01
7.776000000000000227e+02 1.210107784157896799e-01
7.807999999999999545e+02 1.057389922499043788e-01
7.840000000000000000e+02 9.005674490758665274e-02
7.872000000000000455e+02 7.402304859014094407e-02
7.903999999999999773e+02 5.769549643419374235e-02
7.936000000000000227e+02 4.112921379409045092e-02
7.967999999999999545e+02 2.437692394929356562e-02
8.000000000000000000e+02 7.488923808468745703e-03
8.032000000000000455e+02 -9.487458090988597562e-03
8.063999999999999773e+02 -2.650802224312318045e-02
8.096000000000000227e+02 -4.353028237397772726e-02
8.127999999999999545e+02 -6.051050315243759053e-02
8.160000000000000000e+02 -7.740082097163848707e-02
8.192000000000000455e+02 -9.414844160310330279e-02
8.223999999999999773e+02 -1.106975991717959462e-01
8.256000000000000227e+02 -1.269931147050668840e-01
8.287999999999999545e+02 -1.429835487348953826e-01
8.320000000000000000e+02 -1.586225815273364925e-01
8.352000000000000455e+02 -1.738685211129103736e-01
8.383999999999999773e+02 -1.886825753796873562e-01
8.416000000000000227e+02 -2.030264096839431986e-01
8.447999999999999545e+02 -2.168591714214281874e-01
8.480000000000000000e+02 -2.301343095014843909e-01
8.512000000000000455e+02 -2.427971353520506081e-01
8.543999999999999773e+02 -2.547844713628836244e-01
8.576000000000000227e+02 -2.660272961846947837e-01
8.607999999999999545e+02 -2.764561117484508057e-01
8.640000000000000000e+02 -2.860075305523385181e-01
8.672000000000000455e+02 -2.946300277954999047e-01
8.703999999999999773e+02 -3.022871517796560381e-01
8.736000000000000227e+02 -3.089574738258457631e-01
8.767999999999999545e+02 -3.146317035495223569e-01
8.800000000000000000e+02 -3.193082298457069479e-01
8.832000000000000455e+02 -3.229885682370833844e-01
8.863999999999999773e+02 -3.256738056094223843e-01
8.896000000000000227e+02 -3.273624756547191539e-01
8.927999999999999545e+02 -3.280498011882316267e-01
8.960000000000000000e+02 -3.277280637615123116e-01
8.992000000000000455e+02 -3.263878399795047680e-01
9.023999999999999773e+02 -3.240197816203225778e-01
9.056000000000000227e+02 -3.206165397690775021e-01
9.087999999999999545e+02 -3.161744826938315267e-01
9.120000000000000000e+02 -3.106950247726713576e-01
9.152000000000000455e+02 -3.041854912792767429e-01
9.183999999999999773e+02 -2.966593883644002005e-01
9.216000000000000227e+02 -2.881358671373747682e-01
9.247999999999999545e+02 -2.786383099823245280e-01
9.280000000000000000e+02 -2.681923956798137887e-01
9.312000000000000455e+02 -2.568244738357959300e-01
9.343999999999999773e+02 -2.445611802992435635e-01
9.376000000000000227e+02 -2.314306968838991396e-01
9.407999999999999545e+02 -2.174651079725074820e-01
9.440000000000000000e+02 -2.027025818017385295e-01
9.472000000000000455e+02 -1.871882277683734885e-01
9.503999999999999773e+02 -1.709734526411205158e-01
9.536000000000000227e+02 -1.541147092151582410e-01
9.567999999999999545e+02 -1.366728071987212967e-01
9.600000000000000000e+02 -1.187132242605653254e-01
9.632000000000000455e+02 -1.003067854887004368e-01
9.663999999999999773e+02 -8.152957472775754222e-02
9.696000000000000227e+02 -6.246131528158238577e-02
9.727999999999999545e+02 -4.318228569375397868e-02
9.760000000000000000e+02 -2.376951573530368400e-02
9.792000000000000455e+02 -4.293295186784038681e-03
9.823999999999999773e+02 1.518498905278471874e-02
9.856000000000000227e+02 3.461291935478139070e-02
9.887999999999999545e+02 5.394476168770953595e-02
9.920000000000000000e+02 7.313728453685332254e-02
9.952000000000000455e+02 9.214479066630293369e-02
9.983999999999999773e+02 1.109148061051547091e-01
1.001600000000000023e+03 1.293858156721770791e-01
1.004799999999999955e+03 1.474879945448351326e-01
1.008000000000000000e+03 1.651470330286316790e-01
1.011200000000000045e+03 1.822899904968497964e-01
1.014399999999999977e+03 1.988511019645253786e-01
1.017600000000000023e+03 2.147752191785420872e-01
1.020799999999999955e+03 2.300173437898984097e-01
1.024000000000000000e+03 2.445381096867187409e-01
1.027200000000000045e+03 2.582964295059200222e-01
1.030400000000000091e+03 2.712414542420471530e-01
1.033599999999999909e+03 2.833064770001395005e-01
1.036799999999999955e+03 2.944073623674629547e-01
1.040000000000000000e+03 3.044471581915089153e-01
1.043200000000000045e+03 3.133265566142013347e-01
1.046400000000000091e+03 3.209573862924865462e-01
1.049599999999999909e+03 3.272746359829599161e-01
1.052799999999999955e+03 3.322427833185562784e-01
1.056000000000000000e+03 3.358544762439124032e-01
1.059200000000000045e+03 3.381227031904208147e-01
1.062400000000000091e+03 3.390699116852256556e-01
1.065599999999999909e+03 3.387181423269789993e-01
1.068799999999999955e+03 3.370832127583724414e-01
1.072000000000000000e+03 3.341740755546065977e-01
1.075200000000000045e+03 3.299965325773752123e-01
1.078400000000000091e+03 3.245590966584813719e-01
1.081599999999999909e+03 3.178782537927871688e-01
1.084799999999999955e+03 3.099808258037507480e-01
1.088000000000000000e+03 3.009024790272172289e-01
1.091200000000000045e+03 2.906831976359064984e-01
1.094400000000000091e+03 2.793619032956156101e-01
1.097599999999999909e+03 2.669726059251788519e-01
1.100799999999999955e+03 2.535434669708585553e-01
1.104000000000000000e+03 2.390987216884760957e-01
1.107200000000000045e+03 2.236624850293119082e-01
1.110400000000000091e+03 2.072633563892676833e-01
1.113599999999999909e+03 1.899389918160513946e-01
1.116799999999999955e+03 1.717399048212574775e-01
1.120000000000000000e+03 1.527317028364588991e-01
1.123200000000000045e+03 1.329951603683514061e-01
1.126400000000000091e+03 1.126241124086180684e-01
1.129599999999999909e+03 9.172175068201557369e-02
1.132799999999999955e+03 7.039608499641829276e-02
1.136000000000000000e+03 4.875515993680278048e-02
1.139200000000000045e+03 2.690258013397256801e-02
1.142400000000000091e+03 4.934200983880324132e-03
1.145599999999999909e+03 -1.706299301671218571e-02
1.148799999999999955e+03 -3.900937082297664671e-02
1.152000000000000000e+03 -6.082915616683467336e-02
1.155200000000000045e+03 -8.244630980695774602e-02
1.158400000000000091e+03 -1.037809122987177479e-01
1.161599999999999909e+03 -1.247465661246221491e-01
1.164799999999999955e+03 -1.452492725118593175e-01
1.168000000000000000e+03 -1.651886224049952112e-01
1.171200000000000045e+03 -1.844620260297365755e-01
1.174400000000000091e+03 -2.029716817644635074e-01
1.177599999999999909e+03 -2.206327769041907805e-01
1.180799999999999955e+03 -2.373808255042621773e-01
1.184000000000000000e+03 -2.531759446898209642e-01
1.187200000000000045e+03 -2.680017718283509431e-01
1.190400000000000091e+03 -2.818570439497701807e-01
1.193599999999999909e+03 -2.947396857708990958e-01
1.196799999999999955e+03 -3.066266843247140716e-01
1.200000000000000000e+03 -3.174562847308283753e-01
1.203200000000000045e+03 -3.271197267012784238e-01
1.206400000000000091e+03 -3.354669889513047787e-01
1.209599999999999909e+03 -3.423261859308117661e-01
1.212799999999999955e+03 -3.475316722834576599e-01
1.216000000000000000e+03 -3.509531547395103868e-01
1.219200000000000045e+03 -3.525177399021277025e-01
1.222400000000000091e+03 -3.522189713463750316e-01
1.225599999999999909e+03 -3.501112413284900304e-01
1.228799999999999955e+03 -3.462930558925628732e-01
1.232000000000000000e+03 -3.408859505221791264e-01
1.235200000000000045e+03 -3.340155780381736661e-01
1.238400000000000091e+03 -3.257983413234929460e-01
1.241599999999999909e+03 -3.163335971471713526e-01
1.244799999999999955e+03 -3.056999671624090475e-01
1.248000000000000000e+03 -2.939545066762125902e-01
1.251200000000000045e+03 -2.811340679631909034e-01
1.254400000000000091e+03 -2.672584727397760429e-01
1.257599999999999909e+03 -2.523353091253464076e-01
1.260799999999999955e+03 -2.363663899262155033e-01
1.264000000000000000e+03 -2.193557332718313047e-01
1.267200000000000045e+03 -2.013181811959601220e-01
1.270400000000000091e+03 -1.822870316959158410e-01
1.273599999999999909e+03 -1.623190435589491609e-01
1.276799999999999955e+03 -1.414959241972561510e-01
1.280000000000000000e+03 -1.199223427728612346e-01
1.283200000000000045e+03 -9.772110053384908124e-02
1.286400000000000091e+03 -7.502629339470835712e-02
1.289599999999999909e+03 -5.197536950759486934e-02
1.292799999999999955e+03 -2.870110445408784530e-02
1.296000000000000000e+03 -5.324692736826589987e-03
1.299200000000000045e+03 1.804872141421128354e-02
1.302400000000000091e+03 4.133086020685868001e-02
1.305599999999999909e+03 6.444682910435986511e-02
1.308799999999999955e+03 8.732777676384757826e-02
1.312000000000000000e+03 1.099014212006847735e-01
1.315200000000000045e+03 1.320830598314620130e-01
1.318400000000000091e+03 1.537698329143336873e-01
1.321599999999999909e+03 1.748404606139065676e-01
1.324799999999999955e+03 1.951615362228501793e-01
1.328000000000000000e+03 2.145997332363943355e-01
1.331200000000000045e+03 2.330372334438411130e-01
1.334400000000000091e+03 2.503860923099699431e-01
1.337599999999999909e+03 2.665969371194893967e-01
1.340799999999999955e+03 2.816585013854012165e-01
1.344000000000000000e+03 2.955866227477457753e-01
1.347200000000000045e+03 3.084040484064697885e-01
1.350400000000000091e+03 3.201153385651790417e-01
1.353599999999999909e+03 3.306835985024861868e-01
1.356799999999999955e+03 3.400165671736654072e-01
1.360000000000000000e+03 3.479678676655305614e-01
1.363200000000000045e+03 3.543550510892577443e-01
1.366400000000000091e+03 3.589906422464309022e-01
1.369599999999999909e+03 3.617177535401072119e-01
1.372799999999999955e+03 3.624400442644155618e-01
1.376000000000000000e+03 3.611378179854113912e-01
1.379200000000000045e+03 3.578669565067494895e-01
1.382400000000000091e+03 3.527429071617369516e-01
1.385599999999999909e+03 3.459158608980659189e-01
1.388799999999999955e+03 3.375445366580978601e-01
1.392000000000000000e+03 3.277748198125207124e-01
1.395200000000000045e+03 3.167268102281889375e-01
1.398400000000000091e+03 3.044907631442642093e-01
1.401599999999999909e+03 2.911299631014331313e-01
1.404799999999999955e+03 2.766873761910692009e-01
1.408000000000000000e+03 2.611931046528956357e-01
1.411200000000000045e+03 2.446708784959005234e-01
1.414400000000000091e+03 2.271433333418182154e-01
1.417599999999999909e+03 2.086367914833263393e-01
1.420799999999999955e+03 1.891862208357953934e-01
1.424000000000000000e+03 1.688402749413371318e-01
1.427200000000000045e+03 1.476655719114988996e-01
1.430400000000000091e+03 1.257491907053809865e-01
1.433599999999999909e+03 1.031986941337562497e-01
1.436799999999999955e+03 8.013943770421023960e-02
1.440000000000000000e+03 5.670924721154953219e-02
1.443200000000000045e+03 3.305083429212953700e-02
1.446400000000000091e+03 9.302795967802594129e-03
1.449599999999999909e+03 -1.440924716149890455e-02
1.452799999999999955e+03 -3.797920016459717385e-02
1.456000000000000000e+03 -6.132255166264390100e-02
1.459200000000000045e+03 -8.437267540267361088e-02
1.462400000000000091e+03 -1.070717214308181814e-01
1.465599999999999909e+03 -1.293581490374196008e-01
1.468799999999999955e+03 -1.511542048305930808e-01
1.472000000000000000e+03 -1.723571731270133189e-01
1.475200000000000045e+03 -1.928378836731915180e-01
1.478400000000000091e+03 -2.124485793054084470e-01
1.481599999999999909e+03 -2.310397713217605120e-01
1.484799999999999955e+03 -2.484825769884238533e-01
1.488000000000000000e+03 -2.646902881081391046e-01
1.491200000000000045e+03 -2.796318409048708653e-01
1.494400000000000091e+03 -2.933312596958829177e-01
1.497599999999999909e+03 -3.058508622947331834e-01
1.500799999999999955e+03 -3.172609423810244800e-01
1.504000000000000000e+03 -3.276032721402631354e-01
1.507200000000000045e+03 -3.368587064586869850e-01
1.510400000000000091e+03 -3.449293698313528056e-01
1.513599999999999909e+03 -3.516427923963427182e-01
1.516799999999999955e+03 -3.567792263790124374e-01
1.520000000000000000e+03 -3.601158615564852838e-01
1.523200000000000045e+03 -3.614755678838297848e-01
1.526400000000000091e+03 -3.607658358753024763e-01
1.529599999999999909e+03 -3.579967823075289601e-01
1.532799999999999955e+03 -3.532740876486648585e-01
1.536000000000000000e+03 -3.467706117442961311e-01
1.539200000000000045e+03 -3.386863267089809670e-01
1.542400000000000091e+03 -3.292085116252747579e-01
1.545599999999999909e+03 -3.184827350308236382e-01
1.548799999999999955e+03 -3.066008409364675003e-01
1.552000000000000000e+03 -2.936063164851873686e-01
1.555200000000000045e+03 -2.795118463140927600e-01
1.558400000000000091e+03 -2.643205641777209292e-01
1.561599999999999909e+03 -2.480429085518333354e-01
1.564799999999999955e+03 -2.307047753484016694e-01
1.568000000000000000e+03 -2.123476051031130685e-01
1.571200000000000045e+03 -1.930243594594595047e-01
1.574400000000000091e+03 -1.727957052329835153e-01
1.577599999999999909e+03 -1.517289763562829075e-01
1.580799999999999955e+03 -1.299003719467893281e-01
1.584000000000000000e+03 -1.073993066109045075e-01
1.587200000000000045e+03 -8.433273438781602183e-02
1.590400000000000091e+03 -6.082658777391049959e-02
1.593599999999999909e+03 -3.702190757290992063e-02
1.596799999999999955e+03 -1.306530947329730651e-02
1.600000000000000000e+03 1.090369686310090763e-02
1.603200000000000045e+03 3.476417261831502015e-02
1.606400000000000091e+03 5.841993644680310710e-02
1.609599999999999909e+03 8.179835089354013655e-02
1.612799999999999955e+03 1.048418720857524217e-01
1.616000000000000000e+03 1.274944401751155476e-01
1.619200000000000045e+03 1.496863245349465965e-01
1.622400000000000091e+03 1.713220219858959392e-01
1.625599999999999909e+03 1.922755831123884873e-01
1.628799999999999955e+03 2.123959339035964289e-01
1.632000000000000000e+03 2.315219002603206566e-01
1.635200000000000045e+03 2.495037481029986626e-01
1.638400000000000091e+03 2.662258429352913902e-01
1.641599999999999909e+03 2.816238882620616946e-01
1.644799999999999955e+03 2.956906001035677356e-01
1.648000000000000000e+03 3.084660884791914914e-01
1.651200000000000045e+03 3.200134138008969287e-01
1.654400000000000091e+03 3.303845519241348505e-01
1.657599999999999909e+03 3.395857436195187096e-01
1.660799999999999955e+03 3.475526770973665358e-01
1.664000000000000000e+03 3.541444317914510531e-01
1.667200000000000045e+03 3.591604353656924209e-01
1.670400000000000091e+03 3.623777191950446896e-01
1.673599999999999909e+03 3.635987548372609512e-01
1.676799999999999955e+03 3.626960324968586113e-01
1.680000000000000000e+03 3.596402387215081875e-01
1.683200000000000045e+03 3.545041835013776899e-01
1.686400000000000091e+03 3.474423866272861039e-01
1.689599999999999909e+03 3.386536293245161477e-01
1.692799999999999955e+03 3.283384034344313251e-01
1.696000000000000000e+03 3.166636963171925445e-01
1.699200000000000045e+03 3.037439709656423736e-01
1.702400000000000091e+03 2.896410063839762739e-01
1.705599999999999909e+03 2.743788591929428033e-01
1.708799999999999955e+03 2.579659412126579232e-01
1.712000000000000000e+03 2.404154032382711526e-01
1.715200000000000045e+03 2.217575466589061794e-01
1.718400000000000091e+03 2.020424641578436598e-01
1.721599999999999909e+03 1.813354973701759021e-01
1.724799999999999955e+03 1.597105486798511276e-01
1.728000000000000000e+03 1.372459826135118688e-01
1.731200000000000045e+03 1.140253788851258027e-01
1.734400000000000091e+03 9.014229236884713226e-02
1.737599999999999909e+03 6.570597361129686120e-02
1.740799999999999955e+03 4.084449043596377615e-02
1.744000000000000000e+03 1.570279721668309258e-02
1.747200000000000045e+03 -9.564572926014808588e-03
1.750400000000000091e+03 -3.480421281172049741e-02
1.753599999999999909e+03 -5.987441868444191156e-02
1.756799999999999955e+03 -8.465205656671764833e-02
1.760000000000000000e+03 -1.090336214367779860e-01
1.763200000000000045e+03 -1.329306789514111409e-01
1.766400000000000091e+03 -1.562618281971898393e-01
1.769599999999999909e+03 -1.789441282651413889e-01
1.772799999999999955e+03 -2.008865223524657351e-01
1.776000000000000000e+03 -2.219866939842405074e-01
1.779200000000000045e+03 -2.421316489826158547e-01
1.782400000000000091e+03 -2.612015105366768397e-01
1.785599999999999909e+03 -2.790755472356138411e-01
1.788799999999999955e+03 -2.956391388136594967e-01
1.792000000000000000e+03 -3.107901227403517819e-01
1.795200000000000045e+03 -3.244428794036171015e-01
1.798400000000000091e+03 -3.365288341039884834e-01
1.801599999999999909e+03 -3.469928883100418804e-01
1.804799999999999955e+03 -3.557865065672422555e-01
1.808000000000000000e+03 -3.628594492747312938e-01
1.811200000000000045e+03 -3.681530239890228318e-01
1.814400000000000091e+03 -3.715977770351843179e-01
1.817599999999999909e+03 -3.731174539199306195e-01
1.820799999999999955e+03 -3.726389397943109527e-01
1.824000000000000000e+03 -3.701054767742474327e-01
1.827200000000000045e+03 -3.654888543036797777e-01
1.830400000000000091e+03 -3.587963731572077486e-01
1.833599999999999909e+03 -3.500702979998608355e-01
1.836799999999999955e+03 -3.393804371395015007e-01
1.840000000000000000e+03 -3.268130894120786500e-01
1.843200000000000045e+03 -3.124606504150140296e-01
1.846400000000000091e+03 -2.964151934255134790e-01
1.849599999999999909e+03 -2.787669563289782992e-01
1.852799999999999955e+03 -2.596063156849811593e-01
1.856000000000000000e+03 -2.390268182600758518e-01
1.859200000000000045e+03 -2.171273967681124351e-01
1.862400000000000091e+03 -1.940131563044142637e-01
1.865599999999999909e+03 -1.697950776154704133e-01
1.868799999999999955e+03 -1.445893506212353463e-01
1.872000000000000000e+03 -1.185170943748590777e-01
1.875200000000000045e+03 -9.170505165811276838e-02
1.878400000000000091e+03 -6.428727437513656606e-02
1.881599999999999909e+03 -3.640692311385289315e-02
1.884799999999999955e+03 -8.216758914846833059e-03
1.888000000000000000e+03 2.012265841598277066e-02
1.891200000000000045e+03 4.844683244675452444e-02
1.894400000000000091e+03 7.659192644747335466e-02
1.897599999999999909e+03 1.043984973483391421e-01
1.900799999999999955e+03 1.317132642932365150e-01
1.904000000000000000e+03 1.583886246205210568e-01
1.907200000000000045e+03 1.842805092775790243e-01
1.910400000000000091e+03 2.092459843236577632e-01
1.913599999999999909e+03 2.331423836984355680e-01
1.916799999999999955e+03 2.558292101913172689e-01
1.920000000000000000e+03 2.771725922192685432e-01
1.923200000000000045e+03 2.970505447490641715e-01
1.926400000000000091e+03 3.153566498317380007e-01
1.929599999999999909e+03 3.320003690146657860e-01
1.932799999999999955e+03 3.469035035191267990e-01
1.936000000000000000e+03 3.599935788431219419e-01
1.939200000000000045e+03 3.711958097874331064e-01
1.942400000000000091e+03 3.804258666417565937e-01
1.945599999999999909e+03 3.875859131949374037e-01
1.948799999999999955e+03 3.925660125133343947e-01
1.952000000000000000e+03 3.952517089343096091e-01
1.955200000000000045e+03 3.955366302009258317e-01
1.958400000000000091e+03 3.933371060139967401e-01
1.961599999999999909e+03 3.886049042908144568e-01
1.964799999999999955e+03 3.813346098834343723e-01
1.968000000000000000e+03 3.715637518647393889e-01
1.971200000000000045e+03 3.593660472689274021e-01
1.974400000000000091e+03 3.448403580564923243e-01
1.977599999999999909e+03 3.280992604456756112e-01
1.980799999999999955e+03 3.092608407945180993e-01
1.984000000000000000e+03 2.884456220475117849e-01
1.987200000000000045e+03 2.657783909903356778e-01
1.990400000000000091e+03 2.413931835795779801e-01
1.993599999999999909e+03 2.154390952481244348e-01
1.996799999999999955e+03 1.880845843356630798e-01
2.000000000000000000e+03 1.595182954182852719e-01
2.003200000000000045e+03 1.299453058831008812e-01
2.006400000000000091e+03 9.957916434057390020e-02
2.009599999999999909e+03 6.863164849140243606e-02
2.012799999999999955e+03 3.730304946785038822e-02
2.016000000000000000e+03 5.775646014905259917e-03
2.019200000000000045e+03 -2.578783328458087581e-02
2.022400000000000091e+03 -5.724009993272760610e-02
2.025599999999999909e+03 -8.844019249052931242e-02
2.028799999999999955e+03 -1.192415366504551016e-01
2.032000000000000000e+03 -1.494807805120982047e-01
2.035200000000000045e+03 -1.789714873237624460e-01
2.038400000000000091e+03 -2.075055833404915173e-01
2.041599999999999909e+03 -2.348627848600195467e-01
2.044799999999999955e+03 -2.608252316549423688e-01
2.048000000000000000e+03 -2.851926732722505076e-01
2.051199999999999818e+03 -3.077935952920223817e-01
2.054400000000000091e+03 -3.284894006955215717e-01
2.057599999999999909e+03 -3.471711953032823317e-01
2.060800000000000182e+03 -3.637508148028393840e-01
2.064000000000000000e+03 -3.781489226117465963e-01
2.067199999999999818e+03 -3.902833467858866090e-01
2.070400000000000091e+03 -4.000605938720497856e-01
2.073599999999999909e+03 -4.073728078172283995e-01
2.076800000000000182e+03 -4.121012909816881842e-01
2.080000000000000000e+03 -4.141261562774061211e-01
2.083199999999999818e+03 -4.133401175802871030e-01
2.086400000000000091e+03 -4.096633450692976353e-01
2.089599999999999909e+03 -4.030560224411074421e-01
2.092800000000000182e+03 -3.935257878233908713e-01
2.096000000000000000e+03 -3.811285046168690904e-01
2.099199999999999818e+03 -3.659625600265710710e-01
2.102400000000000091e+03 -3.481587011441993340e-01
2.105599999999999909e+03 -3.278686803470104438e-01
2.108800000000000182e+03 -3.052561429141380511e-01
2.112000000000000000e+03 -2.804921077909829363e-01
2.115199999999999818e+03 -2.537554875292996615e-01
2.118400000000000091e+03 -2.252371427375384483e-01
2.121599999999999909e+03 -1.951446945649081277e-01
2.124800000000000182e+03 -1.637051133789449164e-01
2.128000000000000000e+03 -1.311629815913629704e-01
2.131199999999999818e+03 -9.777399414794296639e-02
2.134400000000000091e+03 -6.379511642948411387e-02
2.137599999999999909e+03 -2.947413670713524420e-02
2.140800000000000182e+03 4.958355459761356818e-03
2.144000000000000000e+03 3.929223635005472254e-02
2.147199999999999818e+03 7.333536685070815575e-02
2.150400000000000091e+03 1.069059882691011654e-01
2.153599999999999909e+03 1.398222414147100023e-01
2.156800000000000182e+03 1.718922317027983815e-01
2.160000000000000000e+03 2.029082094901091815e-01
2.163199999999999818e+03 2.326472578886753517e-01
2.166400000000000091e+03 2.608787328093841729e-01
2.169599999999999909e+03 2.873764214277876317e-01
2.172800000000000182e+03 3.119318136333665836e-01
2.176000000000000000e+03 3.343645040745181207e-01
2.179199999999999818e+03 3.545266431455332823e-01
2.182400000000000091e+03 3.723002680986932655e-01
2.185599999999999909e+03 3.875886846160920829e-01
2.188800000000000182e+03 4.003050199979096280e-01
2.192000000000000000e+03 4.103618819060276812e-01
2.195199999999999818e+03 4.176654586448689255e-01
2.198400000000000091e+03 4.221157840304955999e-01
2.201599999999999909e+03 4.236130425559811452e-01
2.204800000000000182e+03 4.220683287204937129e-01
2.208000000000000000e+03 4.174163842041613837e-01
2.211199999999999818e+03 4.096274815523310853e-01
2.214400000000000091e+03 3.987158478165635511e-01
2.217599999999999909e+03 3.847429075117625441e-01
2.220800000000000182e+03 3.678150191122195323e-01
2.224000000000000000e+03 3.480768457660032289e-01
2.227199999999999818e+03 3.257025624455365254e-01
2.230400000000000091e+03 3.008874487909669049e-01
2.233599999999999909e+03 2.738419119655675082e-01
2.236800000000000182e+03 2.447886963708068020e-01
2.240000000000000000e+03 2.139624236992480055e-01
2.243199999999999818e+03 1.816095009668792781e-01
2.246400000000000091e+03 1.479865416975915948e-01
2.249599999999999909e+03 1.133566961959436986e-01
2.252800000000000182e+03 7.798477738958348171e-02
2.256000000000000000e+03 4.213278356100222388e-02
2.259199999999999818e+03 6.057038385437897576e-03
2.262400000000000091e+03 -2.999281890187990504e-02
2.265599999999999909e+03 -6.577361029124019487e-02
2.268800000000000182e+03 -1.010480483167989357e-01
2.272000000000000000e+03 -1.355843886731762371e-01
2.275199999999999818e+03 -1.691563003380401331e-01
2.278400000000000091e+03 -2.015425891191358621e-01
2.281599999999999909e+03 -2.325266313323619827e-01
2.284800000000000182e+03 -2.618960568610220196e-01
2.288000000000000000e+03 -2.894437260227135100e-01
2.291199999999999818e+03 -3.149707323290428795e-01
2.294400000000000091e+03 -3.382910412449377513e-01
2.297599999999999909e+03 -3.592361718017972882e-01
2.300800000000000182e+03 -3.776578974937899735e-01
2.304000000000000000e+03 -3.934276185942307547e-01
2.307199999999999818e+03 -4.064324985579376159e-01
2.310400000000000091e+03 -4.165699420696875599e-01
2.313599999999999909e+03 -4.237428264633847363e-01
2.316800000000000182e+03 -4.278577254888104031e-01
2.320000000000000000e+03 -4.288273194136933975e-01
2.323199999999999818e+03 -4.265767940890188847e-01
2.326400000000000091e+03 -4.210528734215258639e-01
2.329599999999999909e+03 -4.122335142347181569e-01
2.332800000000000182e+03 -4.001362175765408313e-01
2.336000000000000000e+03 -3.848232637153396474e-01
2.339199999999999818e+03 -3.664028906512553085e-01
2.342400000000000091e+03 -3.450264167386028480e-01
2.345599999999999909e+03 -3.208822969794931090e-01
2.348800000000000182e+03 -2.941887007765087159e-01
2.352000000000000000e+03 -2.651861279115005354e-01
2.355199999999999818e+03 -2.341309403358928787e-01
2.358400000000000091e+03 -2.012899387619148939e-01
2.361599999999999909e+03 -1.669357412357545534e-01
2.364800000000000182e+03 -1.313428786036160145e-01
2.368000000000000000e+03 -9.478494252716122836e-02
2.371199999999999818e+03 -5.753334807690291958e-02
2.374400000000000091e+03 -1.985798898929041351e-02
2.377599999999999909e+03 1.797068660941394946e-02
2.380800000000000182e+03 5.567945726795136413e-02
2.384000000000000000e+03 9.299154620822089323e-02
2.387199999999999818e+03 1.296283333947315930e-01
2.390400000000000091e+03 1.653134697406628550e-01
2.393599999999999909e+03 1.997781676803471462e-01
2.396800000000000182e+03 2.327659596660301422e-01
2.400000000000000000e+03 2.640355826271525985e-01
2.403199999999999818e+03 2.933615675499399167e-01
2.406400000000000091e+03 3.205330832312031641e-01
2.409599999999999909e+03 3.453521768870648212e-01
2.412800000000000182e+03 3.676325537678076238e-01
2.416000000000000000e+03 3.871994800751444865e-01
2.419199999999999818e+03 4.038906010428897631e-01
2.422400000000000091e+03 4.175569399039361085e-01
2.425599999999999909e+03 4.280634494644356969e-01
2.428800000000000182e+03 4.352891572012820287e-01
2.432000000000000000e+03 4.391276931838224984e-01
2.435199999999999818e+03 4.394892749600476378e-01
2.438400000000000091e+03 4.363048289441501248e-01
2.441599999999999909e+03 4.295320755974353921e-01
2.444800000000000182e+03 4.191625561868629335e-01
2.448000000000000000e+03 4.052281183082281357e-01
2.451199999999999818e+03 3.878054246295633001e-01
2.454400000000000091e+03 3.670174883468128035e-01
2.457599999999999909e+03 3.430318844787095811e-01
2.460800000000000182e+03 3.160559871847004043e-01
2.464000000000000000e+03 2.863301861979508645e-01
2.467199999999999818e+03 2.541203497183934790e-01
2.470400000000000091e+03 2.197107089682724113e-01
2.473599999999999909e+03 1.833979434551376297e-01
2.476800000000000182e+03 1.454868215281084065e-01
2.480000000000000000e+03 1.062875029589216980e-01
2.483199999999999818e+03 6.611450160882650917e-02
2.486400000000000091e+03 2.528714758677291091e-02
2.489599999999999909e+03 -1.586893501723137326e-02
2.492800000000000182e+03 -5.702023002683088287e-02
2.496000000000000000e+03 -9.782479558167270217e-02
2.499199999999999818e+03 -1.379339299714787970e-01
2.502400000000000091e+03 -1.769966587637858968e-01
2.505599999999999909e+03 -2.146667415498758891e-01
2.508800000000000182e+03 -2.506108439492655826e-01
2.512000000000000000e+03 -2.845158046119911632e-01
2.515199999999999818e+03 -3.160929985371803697e-01
2.518400000000000091e+03 -3.450787916861137727e-01
2.521599999999999909e+03 -3.712316176910082088e-01
2.524800000000000182e+03 -3.943275244590156436e-01
2.528000000000000000e+03 -4.141564606953482275e-01
2.531199999999999818e+03 -4.305209657428533121e-01
2.534400000000000091e+03 -4.432377460681270476e-01
2.537599999999999909e+03 -4.521415338584124921e-01
2.540800000000000182e+03 -4.570900816562975533e-01
2.544000000000000000e+03 -4.579692467036629022e-01
2.547199999999999818e+03 -4.546976586603130310e-01
2.550400000000000091e+03 -4.472310393544854934e-01
2.553599999999999909e+03 -4.355664063104025541e-01
2.556800000000000182e+03 -4.197459754125558717e-01
2.560000000000000000e+03 -3.998599304317984049e-01
2.563199999999999818e+03 -3.760469844670564776e-01
2.566400000000000091e+03 -3.484921553718914877e-01
2.569599999999999909e+03 -3.174221270620061208e-01
2.572800000000000182e+03 -2.830993835038246309e-01
2.576000000000000000e+03 -2.458166313848053064e-01
2.579199999999999818e+03 -2.058928692260648674e-01
2.582400000000000091e+03 -1.636718814935919086e-01
2.585599999999999909e+03 -1.195229754494370467e-01
2.588800000000000182e+03 -7.384270581952143142e-02
2.592000000000000000e+03 -2.705573333116230439e-02
2.595199999999999818e+03 2.038670456822312682e-02
2.598400000000000091e+03 6.801114550266382230e-02
2.601599999999999909e+03 1.153283779399657261e-01
2.604800000000000182e+03 1.618407899840043906e-01
2.608000000000000000e+03 2.070495046544468254e-01
2.611199999999999818e+03 2.504608574118575293e-01
2.614400000000000091e+03 2.915925281774779942e-01
2.617599999999999909e+03 3.299800723051184992e-01
2.620800000000000182e+03 3.651842884686291035e-01
2.624000000000000000e+03 3.967988303179325604e-01
2.627199999999999818e+03 4.244564423406438358e-01
2.630400000000000091e+03 4.478321633184262907e-01
2.633599999999999909e+03 4.666430631142063357e-01
2.636800000000000182e+03 4.806457191236043203e-01
2.640000000000000000e+03 4.896335094473046601e-01
2.643199999999999818e+03 4.934354931527097365e-01
2.646400000000000091e+03 4.919177562898338074e-01
2.649599999999999909e+03 4.849873790173430121e-01
2.652800000000000182e+03 4.725987567531882982e-01
2.656000000000000000e+03 4.547615613809331547e-01
2.659199999999999818e+03 4.315490602983453883e-01
2.662400000000000091e+03 4.031051586410966947e-01
2.665599999999999909e+03 3.696486994270187787e-01
2.668800000000000182e+03 3.314741300184059769e-01
2.672000000000000000e+03 2.889482908272680839e-01
2.675199999999999818e+03 2.425037034542540937e-01
2.678400000000000091e+03 1.926294814628224661e-01
2.681599999999999909e+03 1.398618304093675602e-01
2.684800000000000182e+03 8.477654813499517494e-02
2.688000000000000000e+03 2.798531884889775279e-02
2.691199999999999818e+03 -2.986421979088598605e-02
2.694400000000000091e+03 -8.808686618161315485e-02
2.697599999999999909e+03 -1.459601882741380363e-01
2.700800000000000182e+03 -2.027297150412081528e-01
2.704000000000000000e+03 -2.576198412981847707e-01
2.707199999999999818e+03 -3.098490809071207663e-01
2.710400000000000091e+03 -3.586471369819757560e-01
2.713599999999999909e+03 -4.032713641586910258e-01
2.716800000000000182e+03 -4.430209258708509568e-01
2.720000000000000000e+03 -4.772476472547705351e-01
2.723199999999999818e+03 -5.053631841057826257e-01
2.726400000000000091e+03 -5.268429751565725239e-01
2.729599999999999909e+03 -5.412285032878813018e-01
2.732800000000000182e+03 -5.481300994927141845e-01
2.736000000000000000e+03 -5.472322819754177337e-01
2.739199999999999818e+03 -5.383024550905034511e-01
2.742400000000000091e+03 -5.212024124965558558e-01
2.745599999999999909e+03 -4.959012937836959067e-01
2.748800000000000182e+03 -4.624886619548096989e-01
2.752000000000000000e+03 -4.211867720730511078e-01
2.755199999999999818e+03 -3.723612888682008015e-01
2.758400000000000091e+03 -3.165294658574227538e-01
2.761599999999999909e+03 -2.543644477731812903e-01
2.764800000000000182e+03 -1.866944680351128039e-01
2.768000000000000000e+03 -1.144965849040320699e-01
2.771199999999999818e+03 -3.888594047122301972e-02
2.774400000000000091e+03 3.889745598978203156e-02
2.777599999999999909e+03 1.175025149617769521e-01
2.780800000000000182e+03 1.954809207281754113e-01
2.784000000000000000e+03 2.713025782750708159e-01
2.787199999999999818e+03 3.433755977239535406e-01
2.790400000000000091e+03 4.100735671406597338e-01
2.793599999999999909e+03 4.697710453743693670e-01
2.796800000000000182e+03 5.208858404198064562e-01
2.800000000000000000e+03 5.619251541328513788e-01
2.803199999999999818e+03 5.915328087513497257e-01
2.806400000000000091e+03 6.085360944423118257e-01
2.809599999999999909e+03 6.119921429442446437e-01
2.812800000000000182e+03 6.012341781029266752e-01
2.816000000000000000e+03 5.759173078294732573e-01
2.819199999999999818e+03 5.360621501010878198e-01
2.822400000000000091e+03 4.820931945590196666e-01
2.825599999999999909e+03 4.148679503939251556e-01
2.828800000000000182e+03 3.356929834070096486e-01
2.832000000000000000e+03 2.463240292112505725e-01
2.835199999999999818e+03 1.489492446678740145e-01
2.838400000000000091e+03 4.615659851775178596e-02
2.841599999999999909e+03 -5.911263996557005601e-02
2.844800000000000182e+03 -1.636231911020135932e-01
2.848000000000000000e+03 -2.639192728530997956e-01
2.851199999999999818e+03 -3.564168772423319531e-01
2.854400000000000091e+03 -4.375212267720280934e-01
2.857599999999999909e+03 -5.037749712041286188e-01
2.860800000000000182e+03 -5.520387344576227484e-01
2.864000000000000000e+03 -5.796992476317516241e-01
2.867199999999999818e+03 -5.848926419217636008e-01
2.870400000000000091e+03 -5.667226360358444959e-01
2.873599999999999909e+03 -5.254465668997688743e-01
2.876800000000000182e+03 -4.625982626920738250e-01
2.880000000000000000e+03 -3.810178573390235468e-01
2.883199999999999818e+03 -2.847663996880276938e-01
2.886400000000000091e+03 -1.789172302908885737e-01
2.889599999999999909e+03 -6.923400081635540382e-02
2.892800000000000182e+03 3.823705988908114584e-02
2.896000000000000000e+03 1.376192107627485783e-01
2.899199999999999818e+03 2.236526179272499415e-01
2.902400000000000091e+03 2.920876523608628705e-01
2.905599999999999909e+03 3.399808984113606436e-01
2.908800000000000182e+03 3.658630643913584057e-01
2.912000000000000000e+03 3.697651538303090568e-01
2.915199999999999818e+03 3.531091086002747237e-01
2.918400000000000091e+03 3.184883738906686967e-01
2.921599999999999909e+03 2.693783472110493626e-01
2.924800000000000182e+03 2.098226461586682745e-01
2.928000000000000000e+03 1.441364788768690619e-01
2.931199999999999818e+03 7.665391622987409448e-02
2.934400000000000091e+03 1.152561549243118211e-02
2.937599999999999909e+03 -4.744577562778912183e-02
2.940800000000000182e+03 -9.695634229765759393e-02
2.944000000000000000e+03 -1.343592841646285563e-01
2.947199999999999818e+03 -1.578369879733850234e-01
2.950400000000000091e+03 -1.665701256154543120e-01
2.953599999999999909e+03 -1.608669906247633397e-01
2.956800000000000182e+03 -1.422079631858530202e-01
2.960000000000000000e+03 -1.131679976808257215e-01
2.963199999999999818e+03 -7.720240077576498439e-02
2.966400000000000091e+03 -3.831067198418892233e-02
2.969599999999999909e+03 -6.205006617847896866e-04
2.972800000000000182e+03 3.204869643811877195e-02
2.976000000000000000e+03 5.657999124911673033e-02
2.979199999999999818e+03 7.085820219712427037e-02
2.982400000000000091e+03 7.394060002263101727e-02
2.985599999999999909e+03 6.608805666598469020e-02
2.988800000000000182e+03 4.866659476589615951e-02
2.992000000000000000e+03 2.394519924217560630e-02
2.995199999999999818e+03 -5.175068323143321679e-03
2.998400000000000091e+03 -3.546340114971989477e-02
3.001599999999999909e+03 -6.365961026364669317e-02
3.004800000000000182e+03 -8.674705204474315867e-02
3.008000000000000000e+03 -1.021820984112241787e-01
3.011199999999999818e+03 -1.080724671748546084e-01
3.014400000000000091e+03 -1.033022021649144945e-01
3.017599999999999909e+03 -8.760337017108388302e-02
3.020800000000000182e+03 -6.157472694424576121e-02
3.024000000000000000e+03 -2.664752028021768332e-02
3.027199999999999818e+03 1.500029784952584475e-02
3.030400000000000091e+03 6.057759103159356118e-02
3.033599999999999909e+03 1.068542145804119020e-01
3.036800000000000182e+03 1.503661818948399120e-01
3.040000000000000000e+03 1.876409589221052499e-01
3.043199999999999818e+03 2.154320755333669901e-01
3.046400000000000091e+03 2.309526635916326065e-01
3.049599999999999909e+03 2.320972922427664842e-01
3.052800000000000182e+03 2.176399853222307224e-01
3.056000000000000000e+03 1.873937922886782514e-01
3.059199999999999818e+03 1.423147835349728163e-01
3.062400000000000091e+03 8.453239257602127021e-02
3.065599999999999909e+03 1.729009659063295706e-02
3.068800000000000182e+03 -5.521369487669038068e-02
3.072000000000000000e+03 -1.280851890574556950e-01
3.075199999999999818e+03 -1.960838498670330887e-01
3.078400000000000091e+03 -2.540359283411750546e-01
3.081599999999999909e+03 -2.972769115041512533e-01
3.084800000000000182e+03 -3.220783488133854844e-01
3.088000000000000000e+03 -3.260112416325706697e-01
3.091199999999999818e+03 -3.082017797749198040e-01
3.094400000000000091e+03 -2.694461343937561981e-01
3.097599999999999909e+03 -2.121681590501968695e-01
3.100800000000000182e+03 -1.402244452404870501e-01
3.104000000000000000e+03 -5.858119083718622139e-02
3.107199999999999818e+03 2.709752985660935157e-02
3.110400000000000091e+03 1.109033584675741396e-01
3.113599999999999909e+03 1.871338660469183957e-01
3.116800000000000182e+03 2.507022777251160517e-01
3.120000000000000000e+03 2.974806851181754364e-01
3.123199999999999818e+03 3.245610154327130403e-01
3.126400000000000091e+03 3.304251203985588692e-01
3.129599999999999909e+03 3.150189161762487755e-01
3.132800000000000182e+03 2.797272016345636048e-01
3.136000000000000000e+03 2.272483475160968769e-01
3.139199999999999818e+03 1.613738430294856530e-01
3.142400000000000091e+03 8.668723649259761632e-02
3.145599999999999909e+03 8.208352219121441834e-03
3.148800000000000182e+03 -6.898199178691041822e-02
3.152000000000000000e+03 -1.400980743637026960e-01
3.155199999999999818e+03 -2.009518641100929148e-01
3.158400000000000091e+03 -2.481790807270425059e-01
3.161599999999999909e+03 -2.793804292467805261e-01
3.164800000000000182e+03 -2.931836514302218477e-01
3.168000000000000000e+03 -2.892417351916068413e-01
3.171199999999999818e+03 -2.681863391508130245e-01
3.174400000000000091e+03 -2.315532765162642281e-01
3.177599999999999909e+03 -1.816903237670084437e-01
3.180800000000000182e+03 -1.216493388309278917e-01
3.184000000000000000e+03 -5.505775162093012876e-02
3.187199999999999818e+03 1.403863792142955903e-02
3.190400000000000091e+03 8.136803263330748270e-02
3.193599999999999909e+03 1.426611325317178602e-01
3.196800000000000182e+03 1.939090831656850034e-01
3.200000000000000000e+03 2.316365212203460588e-01
3.203199999999999818e+03 2.531691622709442147e-01
3.206400000000000091e+03 2.568715891923050165e-01
3.209599999999999909e+03 2.423298914892703659e-01
3.212800000000000182e+03 2.104555544677673418e-01
3.216000000000000000e+03 1.634913104130603090e-01
3.219199999999999818e+03 1.049064087713147686e-01
3.222400000000000091e+03 3.917794323473361429e-02
3.225599999999999909e+03 -2.853361585688813512e-02
3.228800000000000182e+03 -9.279342319111237580e-02
3.232000000000000000e+03 -1.483515696363023606e-01
3.235199999999999818e+03 -1.906082881251459915e-01
3.238400000000000091e+03 -2.160359117888833724e-01
3.241599999999999909e+03 -2.225108296355847726e-01
3.244800000000000182e+03 -2.095180777822017171e-01
3.248000000000000000e+03 -1.782058077624775194e-01
3.251199999999999818e+03 -1.312839855862047156e-01
3.254400000000000091e+03 -7.277862723622023633e-02
3.257599999999999909e+03 -7.667639637240078812e-03
3.260800000000000182e+03 5.856435661906232715e-02
3.264000000000000000e+03 1.204077047423184749e-01
3.267199999999999818e+03 1.727988143248284092e-01
3.270400000000000091e+03 2.115358976999048568e-01
3.273599999999999909e+03 2.336016573079595371e-01
3.276800000000000182e+03 2.373666071963683177e-01
3.280000000000000000e+03 2.226609894677108736e-01
3.283199999999999818e+03 1.907183826457371500e-01
3.286400000000000091e+03 1.440077599714458811e-01
3.289599999999999909e+03 8.598092333937876197e-02
3.292800000000000182e+03 2.076768137606357228e-02
3.296000000000000000e+03 -4.714841681749962904e-02
3.299199999999999818e+03 -1.132449525672168389e-01
3.302400000000000091e+03 -1.732444201095784397e-01
3.305599999999999909e+03 -2.233538551877728984e-01
3.308800000000000182e+03 -2.604554374130598204e-01
3.312000000000000000e+03 -2.822491819621987252e-01
3.315199999999999818e+03 -2.873514890525377674e-01
3.318400000000000091e+03 -2.753525830945113828e-01
3.321599999999999909e+03 -2.468328802402608990e-01
3.324800000000000182e+03 -2.033350455406457424e-01
3.328000000000000000e+03 -1.472870260208109516e-01
3.331199999999999818e+03 -8.187303786151706175e-02
3.334400000000000091e+03 -1.085438961508944887e-02
3.337599999999999909e+03 6.165119161901450734e-02
3.340800000000000182e+03 1.314165582359674012e-01
3.344000000000000000e+03 1.943591595368596714e-01
3.347199999999999818e+03 2.467822254517678671e-01
3.350400000000000091e+03 2.855862237402385650e-01
3.353599999999999909e+03 3.084389430217369110e-01
3.356800000000000182e+03 3.138982937534884887e-01
3.360000000000000000e+03 3.014865579434670151e-01
3.363199999999999818e+03 2.717175337524342371e-01
3.366400000000000091e+03 2.260788862279707323e-01
3.369599999999999909e+03 1.669716898330921850e-01
3.372800000000000182e+03 9.760843910065256090e-02
3.376000000000000000e+03 2.187037876253677612e-02
3.379199999999999818e+03 -5.587469405574464060e-02
3.382400000000000091e+03 -1.309917561246852769e-01
3.385599999999999909e+03 -1.988303847849282602e-01
3.388800000000000182e+03 -2.550013065663460643e-01
3.392000000000000000e+03 -2.956658956805605643e-01
3.395199999999999818e+03 -3.178221727243106809e-01
3.398400000000000091e+03 -3.195659640023953973e-01
3.401599999999999909e+03 -3.003017845537435115e-01
3.404800000000000182e+03 -2.608762023505029615e-01
3.408000000000000000e+03 -2.036085187776514316e-01
3.411199999999999818e+03 -1.322006051021264728e-01
3.414400000000000091e+03 -5.151956064430701643e-02
3.417599999999999909e+03 3.273800881018205933e-02
3.420800000000000182e+03 1.144755122497119887e-01
3.424000000000000000e+03 1.876817517152316594e-01
3.427199999999999818e+03 2.469258352436358994e-01
3.430400000000000091e+03 2.878132312111329472e-01
3.433599999999999909e+03 3.073586172088901280e-01
3.436800000000000182e+03 3.042399230100327756e-01
3.440000000000000000e+03 2.789095418586546860e-01
3.443199999999999818e+03 2.335516280440730619e-01
3.446400000000000091e+03 1.718880664748871911e-01
3.449599999999999909e+03 9.884987334798676917e-02
3.452800000000000182e+03 2.014479245180636480e-02
3.456000000000000000e+03 -5.823605015337144503e-02
3.459199999999999818e+03 -1.305219258625622269e-01
3.462400000000000091e+03 -1.916253264293943936e-01
3.465599999999999909e+03 -2.375192018473008537e-01
3.468800000000000182e+03 -2.654972408641311232e-01
3.472000000000000000e+03 -2.743026231121356018e-01
3.475199999999999818e+03 -2.641272675157386174e-01
3.478400000000000091e+03 -2.364967551639601817e-01
3.481599999999999909e+03 -1.940641888893672451e-01
3.484800000000000182e+03 -1.403395992252058633e-01
3.488000000000000000e+03 -7.938180586594283106e-02
3.491199999999999818e+03 -1.547870043122422448e-02
3.494400000000000091e+03 4.715947242489709756e-02
3.497599999999999909e+03 1.046716007990359104e-01
3.500800000000000182e+03 1.537641335603616988e-01
3.504000000000000000e+03 1.918656357501110354e-01
3.507199999999999818e+03 2.172153783547930428e-01
3.510400000000000091e+03 2.288921182558397160e-01
3.513599999999999909e+03 2.267945701341136377e-01
3.516800000000000182e+03 2.115861735991073078e-01
3.520000000000000000e+03 1.846141253079236766e-01
3.523199999999999818e+03 1.478083504740929643e-01
3.526400000000000091e+03 1.035626349112091504e-01
3.529599999999999909e+03 5.459919734058602675e-02
3.532800000000000182e+03 3.819694134791985947e-03
3.536000000000000000e+03 -4.585122119757051307e-02
3.539199999999999818e+03 -9.162094511782155337e-02
3.542400000000000091e+03 -1.309729078477142594e-01
3.545599999999999909e+03 -1.617913151146458950e-01
3.548800000000000182e+03 -1.824615670204125517e-01
3.552000000000000000e+03 -1.919445469375691826e-01
3.555199999999999818e+03 -1.898250182956916221e-01
3.558400000000000091e+03 -1.763344847601915899e-01
3.561599999999999909e+03 -1.523473852996487243e-01
3.564800000000000182e+03 -1.193475884352608318e-01
3.568000000000000000e+03 -7.936127080593964600e-02
3.571199999999999818e+03 -3.485343378424547722e-02
3.574400000000000091e+03 1.141133453433845583e-02
3.577599999999999909e+03 5.653841940314170006e-02
3.580800000000000182e+03 9.769248876295213990e-02
3.584000000000000000e+03 1.322916832900234152e-01
3.587199999999999818e+03 1.581892988197421690e-01
3.590400000000000091e+03 1.738254614837684564e-01
3.593599999999999909e+03 1.783338329080141893e-01
3.596800000000000182e+03 1.715932722978121550e-01
3.600000000000000000e+03 1.542207644076988571e-01
3.603199999999999818e+03 1.275085864997632934e-01
3.606400000000000091e+03 9.331443894166695230e-02
3.609599999999999909e+03 5.391723769183807274e-02
3.612800000000000182e+03 1.185306129142901267e-02
3.616000000000000000e+03 -3.025458733636200021e-02
3.619199999999999818e+03 -6.985806550182580010e-02
3.622400000000000091e+03 -1.046332699620887013e-01
3.625599999999999909e+03 -1.326056602820196717e-01
3.628800000000000182e+03 -1.522510449669635668e-01
3.632000000000000000e+03 -1.625689865288459102e-01
3.635199999999999818e+03 -1.631271756089556213e-01
3.638400000000000091e+03 -1.540751914226516639e-01
3.641599999999999909e+03 -1.361263958436685073e-01
3.644800000000000182e+03 -1.105078282488844710e-01
3.648000000000000000e+03 -7.887999475963486384e-02
3.651199999999999818e+03 -4.323103739889227332e-02
3.654400000000000091e+03 -5.752272248017896265e-03
3.657599999999999909e+03 3.129619852748061898e-02
3.660800000000000182e+03 6.572061362443103183e-02
3.664000000000000000e+03 9.552095687157674542e-02
3.667199999999999818e+03 1.190036232585940518e-01
3.670400000000000091e+03 1.348738472884514483e-01
3.673599999999999909e+03 1.423035915307587218e-01
3.676800000000000182e+03 1.409715793340740042e-01
3.680000000000000000e+03 1.310733828083532337e-01
3.683199999999999818e+03 1.133013239100063574e-01
3.686400000000000091e+03 8.879635637712977869e-02
3.689599999999999909e+03 5.907651814697482268e-02
3.692800000000000182e+03 2.594818178849984253e-02
3.696000000000000000e+03 -8.593447220269518488e-03
3.699199999999999818e+03 -4.246940909453952168e-02
3.702400000000000091e+03 -7.362458761613956126e-02
3.705599999999999909e+03 -1.001365200435750669e-01
3.708800000000000182e+03 -1.203242938661638478e-01
3.712000000000000000e+03 -1.328545307978236112e-01
3.715199999999999818e+03 -1.368381482315329800e-01
3.718400000000000091e+03 -1.319083517901364078e-01
3.721599999999999909e+03 -1.182688217506493583e-01
3.724800000000000182e+03 -9.670236521123852513e-02
3.728000000000000000e+03 -6.853443486777674454e-02
3.731199999999999818e+03 -3.555190064540589279e-02
3.734400000000000091e+03 1.162805821813580177e-04
3.737599999999999909e+03 3.614500402930641981e-02
3.740800000000000182e+03 7.017182929369625288e-02
3.744000000000000000e+03 9.995548398439231541e-02
3.747199999999999818e+03 1.235232934994024284e-01
3.750400000000000091e+03 1.392995051933633988e-01
3.753599999999999909e+03 1.462082882104881187e-01
3.756800000000000182e+03 1.437458642177112944e-01
3.760000000000000000e+03 1.320165395837689937e-01
3.763199999999999818e+03 1.117284764106617340e-01
3.766400000000000091e+03 8.414753883687968450e-02
3.769599999999999909e+03 5.101137596574413513e-02
3.772800000000000182e+03 1.441026742160681287e-02
3.776000000000000000e+03 -2.335496006091223459e-02
3.779199999999999818e+03 -5.992549184197518142e-02
3.782400000000000091e+03 -9.303517677027778321e-02
3.785599999999999909e+03 -1.206489482014720255e-01
3.788800000000000182e+03 -1.410817310698587457e-01
3.792000000000000000e+03 -1.530932540516153906e-01
3.795199999999999818e+03 -1.559556904089224316e-01
3.798400000000000091e+03 -1.494914490431143717e-01
3.801599999999999909e+03 -1.340786391409481138e-01
3.804800000000000182e+03 -1.106228037116634144e-01
3.808000000000000000e+03 -8.049596932229037549e-02
3.811199999999999818e+03 -4.544751897458007561e-02
3.814400000000000091e+03 -7.494775148810380212e-03
3.817599999999999909e+03 3.119681007002044273e-02
3.820800000000000182e+03 6.843418920675622963e-02
3.824000000000000000e+03 1.021107284440938706e-01
3.827199999999999818e+03 1.303099912260313187e-01
3.830400000000000091e+03 1.513986448809291341e-01
3.833599999999999909e+03 1.641090051691555529e-01
3.836800000000000182e+03 1.676106177453516310e-01
3.840000000000000000e+03 1.615676532861157755e-01
3.843199999999999818e+03 1.461762738123776051e-01
3.846400000000000091e+03 1.221749854992237178e-01
3.849599999999999909e+03 9.082212086850384447e-02
3.852800000000000182e+03 5.383784525613547617e-02
3.856000000000000000e+03 1.331250539787023034e-02
3.859199999999999818e+03 -2.841263004931559449e-02
3.862400000000000091e+03 -6.888336078361619041e-02
3.865599999999999909e+03 -1.056794949182017773e-01
3.868800000000000182e+03 -1.365615645798583522e-01
3.872000000000000000e+03 -1.596092281075634778e-01
3.875199999999999818e+03 -1.733439152760284652e-01
3.878400000000000091e+03 -1.768282979530955701e-01
3.881599999999999909e+03 -1.697351796099437482e-01
3.884800000000000182e+03 -1.523792693969798495e-01
3.888000000000000000e+03 -1.257075732948693403e-01
3.891199999999999818e+03 -9.124768147118486605e-02
3.894400000000000091e+03 -5.101736388763892377e-02
3.897599999999999909e+03 -7.402612364466946461e-03
3.900800000000000182e+03 3.698634583200772347e-02
3.904000000000000000e+03 7.947097421374092752e-02
3.907199999999999818e+03 1.174632047459414769e-01
3.910400000000000091e+03 1.486195704070160384e-01
3.913599999999999909e+03 1.709841866673443289e-01
3.916800000000000182e+03 1.831138014751057530e-01
3.920000000000000000e+03 1.841769543947530396e-01
3.923199999999999818e+03 1.740184164438923209e-01
3.926400000000000091e+03 1.531808402562604976e-01
3.929599999999999909e+03 1.228785639005079977e-01
3.932800000000000182e+03 8.492339953867389379e-02
3.936000000000000000e+03 4.160783776988721122e-02
3.939199999999999818e+03 -4.444034627383645387e-03
3.942400000000000091e+03 -5.044470034129770047e-02
3.945599999999999909e+03 -9.361691037330061027e-02
3.948800000000000182e+03 -1.313612680664102139e-01
3.952000000000000000e+03 -1.614090379131462305e-01
3.955199999999999818e+03 -1.819541034429059678e-01
3.958400000000000091e+03 -1.917591816041502584e-01
3.961599999999999909e+03 -1.902312470651992826e-01
3.964800000000000182e+03 -1.774606586706605760e-01
3.968000000000000000e+03 -1.542190120301925871e-01
3.971199999999999818e+03 -1.219130525749295285e-01
3.974400000000000091e+03 -8.249595117471140993e-02
3.977599999999999909e+03 -3.834195090321610572e-02
3.980800000000000182e+03 7.905458504218703872e-03
3.984000000000000000e+03 5.349926209009627648e-02
3.987199999999999818e+03 9.575585275696515963e-02
3.990400000000000091e+03 1.322124199784889820e-01
3.993599999999999909e+03 1.607669480911896598e-01
3.996800000000000182e+03 1.797955345377093284e-01
4.000000000000000000e+03 1.882430264022334210e-01
4.003199999999999818e+03 1.856829912218004308e-01
4.006400000000000091e+03 1.723426629276266775e-01
4.009599999999999909e+03 1.490889544743577710e-01
4.012800000000000182e+03 1.173737530651298155e-01
4.016000000000000000e+03 7.914049951126519988e-02
4.019199999999999818e+03 3.669859050374389697e-02
4.022400000000000091e+03 -7.423971815825262943e-03
4.025599999999999909e+03 -5.063727940127960014e-02
4.028800000000000182e+03 -9.044361324707315963e-02
4.032000000000000000e+03 -1.245793990207413326e-01
4.035199999999999818e+03 -1.511386525356908650e-01
4.038400000000000091e+03 -1.686740706197905337e-01
4.041599999999999909e+03 -1.762729798091939859e-01
4.044800000000000182e+03 -1.736050934539131452e-01
4.048000000000000000e+03 -1.609384679833952836e-01
4.051199999999999818e+03 -1.391204558208959940e-01
4.054400000000000091e+03 -1.095225614373740719e-01
4.057599999999999909e+03 -7.395168438715418735e-02
4.060800000000000182e+03 -3.453421841289124050e-02
4.064000000000000000e+03 6.417436225625148226e-03
4.067199999999999818e+03 4.654511860390505434e-02
4.070400000000000091e+03 8.358180721449585959e-02
4.073599999999999909e+03 1.154772348129907839e-01
4.076800000000000182e+03 1.405068672762737336e-01
4.080000000000000000e+03 1.573608714713722323e-01
4.083199999999999818e+03 1.652104799729045836e-01
4.086400000000000091e+03 1.637489418138204089e-01
4.089599999999999909e+03 1.532039039455238838e-01
4.092800000000000182e+03 1.343186319724783417e-01
4.096000000000000000e+03 1.083014853086401719e-01
4.099199999999999818e+03 7.674620886507102502e-02
4.102399999999999636e+03 4.152895145466922039e-02
4.105600000000000364e+03 4.690429550149248505e-03
4.108800000000000182e+03 -3.168733830153001862e-02
4.112000000000000000e+03 -6.560088601641878014e-02
4.115199999999999818e+03 -9.523465732771287107e-02
4.118399999999999636e+03 -1.190549621560409582e-01
4.121600000000000364e+03 -1.358854532343659605e-01
4.124800000000000182e+03 -1.449620137101903239e-01
4.128000000000000000e+03 -1.459651133163080983e-01
4.131199999999999818e+03 -1.390276606471439469e-01
4.134399999999999636e+03 -1.247169658106470902e-01
4.137600000000000364e+03 -1.039911261182933366e-01
4.140800000000000182e+03 -7.813276093481930085e-02
4.144000000000000000e+03 -4.866571085478674924e-02
4.147199999999999818e+03 -1.726205596198373063e-02
4.150399999999999636e+03 1.435304103697600947e-02
4.153600000000000364e+03 4.449252523184191871e-02
4.156800000000000182e+03 7.159070799478224612e-02
4.160000000000000000e+03 9.427666183742311468e-02
4.163199999999999818e+03 1.114369407914458099e-01
4.166399999999999636e+03 1.222667426472663910e-01
4.169600000000000364e+03 1.263076760388556763e-01
4.172800000000000182e+03 1.234692422570032172e-01
4.176000000000000000e+03 1.140308868716454205e-01
4.179199999999999818e+03 9.862257341956118251e-02
4.182399999999999636e+03 7.818415672811601658e-02
4.185600000000000364e+03 5.390661028312057623e-02
4.188800000000000182e+03 2.716036325606248011e-02
4.192000000000000000e+03 -5.831120586002262306e-04
4.195199999999999818e+03 -2.783086351991562180e-02
4.198399999999999636e+03 -5.314504366222371629e-02
4.201600000000000364e+03 -7.521397265180677916e-02
4.204800000000000182e+03 -9.291610147532744501e-02
4.208000000000000000e+03 -1.053752859961657184e-01
4.211199999999999818e+03 -1.120049938824975028e-01
4.214399999999999636e+03 -1.125381897011790561e-01
4.217600000000000364e+03 -1.070395260718208924e-01
4.220800000000000182e+03 -9.589762957157749179e-02
4.224000000000000000e+03 -7.979755281025090186e-02
4.227199999999999818e+03 -5.967608658004077554e-02
4.230399999999999636e+03 -3.666460791327894736e-02
4.233600000000000364e+03 -1.202482125395083409e-02
4.236800000000000182e+03 1.291791708615986148e-02
4.240000000000000000e+03 3.684050290818585011e-02
4.243199999999999818e+03 5.848557711176423368e-02
4.246399999999999636e+03 7.672184522468716850e-02
4.249600000000000364e+03 9.060029597885489727e-02
4.252800000000000182e+03 9.940432239985985685e-02
4.256000000000000000e+03 1.026904031246832355e-01
4.259199999999999818e+03 1.003152419641390181e-01
4.262399999999999636e+03 9.244574941321595518e-02
4.265600000000000364e+03 7.955003729090580344e-02
4.268800000000000182e+03 6.237006340030636087e-02
4.272000000000000000e+03 4.187874474494844568e-02
4.275199999999999818e+03 1.922549820246700208e-02
4.278399999999999636e+03 -4.325904279751203313e-03
4.281600000000000364e+03 -2.746413962154470312e-02
4.284800000000000182e+03 -4.889969048786965006e-02
4.288000000000000000e+03 -6.743495864516808880e-02
4.291199999999999818e+03 -8.203272029961485023e-02
4.294399999999999636e+03 -9.187916428055091511e-02
4.297600000000000364e+03 -9.643637855308342943e-02
4.300800000000000182e+03 -9.547864716674611674e-02
4.304000000000000000e+03 -8.910791117833090358e-02
4.307199999999999818e+03 -7.774617021547411411e-02
4.310399999999999636e+03 -6.210569105380009391e-02
4.313600000000000364e+03 -4.314059607254886602e-02
4.316800000000000182e+03 -2.198495150927761224e-02
4.320000000000000000e+03 1.173131069727469783e-04
4.323199999999999818e+03 2.188606754254820638e-02
4.326399999999999636e+03 4.207867770978625244e-02
4.329600000000000364e+03 5.956087962114312018e-02
4.332800000000000182e+03 7.337194053199987132e-02
4.336000000000000000e+03 8.278054256440225966e-02
4.339199999999999818e+03 8.732708142972372967e-02
4.342399999999999636e+03 8.684808071263902529e-02
4.345600000000000364e+03 8.147975256373260478e-02
4.348800000000000182e+03 7.164029054415060882e-02
4.352000000000000000e+03 5.799347300987317544e-02
4.355199999999999818e+03 4.139853178225286201e-02
4.358399999999999636e+03 2.285223273478461173e-02
4.361600000000000364e+03 3.428568886096192841e-03
4.364800000000000182e+03 -1.578016777332420101e-02
4.368000000000000000e+03 -3.371907872416105012e-02
4.371199999999999818e+03 -4.942259094165973171e-02
4.374399999999999636e+03 -6.206230864911809614e-02
4.377600000000000364e+03 -7.098956147469427658e-02
4.380800000000000182e+03 -7.577004430825139136e-02
4.384000000000000000e+03 -7.620703422906197066e-02
4.387199999999999818e+03 -7.234998312032134282e-02
4.390399999999999636e+03 -6.448694222894300887e-02
4.393600000000000364e+03 -5.312169636737401612e-02
4.396800000000000182e+03 -3.893871026923272777e-02
4.400000000000000000e+03 -2.276017604774188685e-02
4.403199999999999818e+03 -5.499266504010988377e-03
4.406399999999999636e+03 1.188756460784314364e-02
4.409600000000000364e+03 2.844798823405479335e-02
4.412800000000000182e+03 4.328072572364726617e-02
4.416000000000000000e+03 5.558175241338059874e-02
4.419199999999999818e+03 6.468835765401205473e-02
4.422399999999999636e+03 7.011797306909678396e-02
4.425600000000000364e+03 7.159753074038148479e-02
4.428800000000000182e+03 6.907932452786998134e-02
4.432000000000000000e+03 6.274110479578026700e-02
4.435199999999999818e+03 5.297081305884863978e-02
4.438399999999999636e+03 4.033884655256102236e-02
4.441600000000000364e+03 2.556204003911713776e-02
4.444800000000000182e+03 9.463297675978723372e-03
4.448000000000000000e+03 -7.070607172365566719e-03
4.451199999999999818e+03 -2.313224218678767985e-02
4.454399999999999636e+03 -3.783797809053904282e-02
4.457600000000000364e+03 -5.037382121344440022e-02
4.460800000000000182e+03 -6.004143660724703402e-02
4.464000000000000000e+03 -6.630129026366471390e-02
4.467199999999999818e+03 -6.880831522646861653e-02
4.470399999999999636e+03 -6.743527812130729882e-02
4.473600000000000364e+03 -6.228047788666018353e-02
4.476800000000000182e+03 -5.365908842864193506e-02
4.480000000000000000e+03 -4.208023502615648032e-02
4.483199999999999818e+03 -2.821360987365131509e-02
4.486399999999999636e+03 -1.284956555584913611e-02
4.489600000000000364e+03 3.144460940911534847e-03
4.492800000000000182e+03 1.886972773520435159e-02
4.496000000000000000e+03 3.344351045647891985e-02
4.499199999999999818e+03 4.604712381102822605e-02
4.502399999999999636e+03 5.597278199932100712e-02
4.505600000000000364e+03 6.266614033352607693e-02
4.508800000000000182e+03 6.576048754175919941e-02
4.512000000000000000e+03 6.509870483930901841e-02
4.515199999999999818e+03 6.074048615423077724e-02
4.518399999999999636e+03 5.295457201751524456e-02
4.521600000000000364e+03 4.219805699688744527e-02
4.524800000000000182e+03 2.908628036105926490e-02
4.528000000000000000e+03 1.435692470488853303e-02
4.531199999999999818e+03 -1.169058665327946112e-03
4.534399999999999636e+03 -1.662846833530208165e-02
4.537600000000000364e+03 -3.115855117480342482e-02
4.540800000000000182e+03 -4.394118652364926297e-02
4.544000000000000000e+03 -5.424754838619082198e-02
4.547199999999999818e+03 -6.148093827000483680e-02
4.550399999999999636e+03 -6.521429750417612192e-02
4.553600000000000364e+03 -6.521844258278210182e-02
4.556800000000000182e+03 -6.147769071098788812e-02
4.560000000000000000e+03 -5.419117674912732330e-02
4.563199999999999818e+03 -4.376024160313539413e-02
4.566399999999999636e+03 -3.076400036931849907e-02
4.569600000000000364e+03 -1.592599000841759052e-02
4.572800000000000182e+03 -7.459240346170995743e-05
4.576000000000000000e+03 1.590083290726387530e-02
4.579199999999999818e+03 3.109687839757564048e-02
4.582399999999999636e+03 4.464505183176678549e-02
4.585600000000000364e+03 5.576128915131418201e-02
4.588800000000000182e+03 6.379356558989007775e-02
4.592000000000000000e+03 6.826406464595448365e-02
4.595199999999999818e+03 6.890172698317416355e-02
4.598399999999999636e+03 6.566135729476101079e-02
4.601600000000000364e+03 5.872697872187247758e-02
4.604800000000000182e+03 4.849935588581195250e-02
4.608000000000000000e+03 3.556970955170165455e-02
4.611199999999999818e+03 2.068286898066009141e-02
4.614399999999999636e+03 4.693243167809716364e-03
4.617600000000000364e+03 -1.148360298940923237e-02
4.620800000000000182e+03 -2.692171950806893088e-02
4.624000000000000000e+03 -4.073626274747885884e-02
4.627199999999999818e+03 -5.213399094074670087e-02
4.630399999999999636e+03 -6.046048189358646519e-02
4.633600000000000364e+03 -6.524099672238108105e-02
4.636800000000000182e+03 -6.621134324211214173e-02
4.640000000000000000e+03 -6.333526697486809021e-02
4.643199999999999818e+03 -5.680609337604588388e-02
4.646399999999999636e+03 -4.703233187962180262e-02
4.649600000000000364e+03 -3.460905829112956300e-02
4.652800000000000182e+03 -2.027839565870265953e-02
4.656000000000000000e+03 -4.882958906854625858e-03
4.659199999999999818e+03 1.068415872458645770e-02
4.662399999999999636e+03 2.552999250178366111e-02
4.665600000000000364e+03 3.881076956513586362e-02
4.668800000000000182e+03 4.977775641199871925e-02
4.672000000000000000e+03 5.781828339050926885e-02
4.675199999999999818e+03 6.249004241958772132e-02
4.678399999999999636e+03 6.354636439579351703e-02
4.681600000000000364e+03 6.095014522479431929e-02
4.684800000000000182e+03 5.487476649807386531e-02
4.688000000000000000e+03 4.569172585324603880e-02
4.691199999999999818e+03 3.394628810881156200e-02
4.694399999999999636e+03 2.032367045973984543e-02
4.697600000000000364e+03 5.608711059042020136e-03
4.700800000000000182e+03 -9.358291362302784480e-03
4.704000000000000000e+03 -2.372746115022843910e-02
4.707199999999999818e+03 -3.668534046087063016e-02
4.710399999999999636e+03 -4.749953557127025577e-02
4.713600000000000364e+03 -5.556031001086861321e-02
4.716800000000000182e+03 -6.041689848395898760e-02
4.720000000000000000e+03 -6.180580576110557278e-02
4.723199999999999818e+03 -5.966824004676432591e-02
4.726399999999999636e+03 -5.415441231511611275e-02
4.729600000000000364e+03 -4.561372701609307800e-02
4.732800000000000182e+03 -3.457156336852669487e-02
4.736000000000000000e+03 -2.169488164755620924e-02
4.739199999999999818e+03 -7.749855876952426413e-03
4.742399999999999636e+03 6.445014831987466546e-03
4.745600000000000364e+03 2.006719108811366725e-02
4.748800000000000182e+03 3.233725259674099378e-02
4.752000000000000000e+03 4.256296113367945971e-02
4.755199999999999818e+03 5.017850503036624249e-02
4.758399999999999636e+03 5.477709149424998814e-02
4.761600000000000364e+03 5.613478282571304767e-02
4.764800000000000182e+03 5.422342966375624101e-02
4.768000000000000000e+03 4.921106870528375865e-02
4.771199999999999818e+03 4.144926155367511383e-02
4.774399999999999636e+03 3.144827106199101635e-02
4.777600000000000364e+03 1.984228454859258972e-02
4.780800000000000182e+03 7.347775463884832423e-03
4.784000000000000000e+03 -5.281587372121371825e-03
4.787199999999999818e+03 -1.730028940639033105e-02
4.790399999999999636e+03 -2.801397828889570091e-02
4.793600000000000364e+03 -3.681824062533942815e-02
4.796800000000000182e+03 -4.323178931207515008e-02
4.800000000000000000e+03 -4.692286634041565457e-02
4.803199999999999818e+03 -4.772752372076352612e-02
4.806399999999999636e+03 -4.565830149227053519e-02
4.809600000000000364e+03 -4.090203204433690704e-02
4.812800000000000182e+03 -3.380623939800991851e-02
4.816000000000000000e+03 -2.485476236335847425e-02
4.819199999999999818e+03 -1.463449285876430514e-02
4.822399999999999636e+03 -3.796121538531090772e-03
4.825600000000000364e+03 6.987738358174093965e-03
4.828800000000000182e+03 1.706380115096788053e-02
4.832000000000000000e+03 2.583609765633405886e-02
4.835199999999999818e+03 3.279890494910130128e-02
4.838399999999999636e+03 3.756355575148855042e-02
4.841600000000000364e+03 3.987845773092272422e-02
4.844800000000000182e+03 3.964167011176001482e-02
4.848000000000000000e+03 3.690524664936480764e-02
4.851199999999999818e+03 3.187059890420226166e-02
4.854399999999999636e+03 2.487459987552761639e-02
4.857600000000000364e+03 1.636701594898604811e-02
4.860800000000000182e+03 6.880865168361831319e-03
4.864000000000000000e+03 -3.001885246933348045e-03
4.867199999999999818e+03 -1.268648599709615299e-02
4.870399999999999636e+03 -2.160074279144808332e-02
4.873600000000000364e+03 -2.922731095542809715e-02
4.876800000000000182e+03 -3.513140770323124745e-02
4.880000000000000000e+03 -3.898305043175503970e-02
4.883199999999999818e+03 -4.057336960472059106e-02
4.886399999999999636e+03 -3.982469576665394889e-02
4.889600000000000364e+03 -3.679405634301653738e-02
4.892800000000000182e+03 -3.166963962752576689e-02
4.896000000000000000e+03 -2.475989937254434101e-02
4.899199999999999818e+03 -1.647537908594647743e-02
4.902399999999999636e+03 -7.303977409418165728e-03
4.905600000000000364e+03 2.218894674291520958e-03
4.908800000000000182e+03 1.154317409088762535e-02
4.912000000000000000e+03 2.013754582701654181e-02
4.915199999999999818e+03 2.752089149633746984e-02
4.918399999999999636e+03 3.328967450727917526e-02
4.921600000000000364e+03 3.713979558602623771e-02
4.924800000000000182e+03 3.888211980886964458e-02
4.928000000000000000e+03 3.845133962715142906e-02
4.931199999999999818e+03 3.590803384188673286e-02
4.934399999999999636e+03 3.143383412995359727e-02
4.937600000000000364e+03 2.531971572158224146e-02
4.940800000000000182e+03 1.794771554925349982e-02
4.944000000000000000e+03 9.766859502349147654e-03
4.947199999999999818e+03 1.264681614808196679e-03
4.950399999999999636e+03 -7.063669500673087909e-03
4.953600000000000364e+03 -1.474628342085580225e-02
4.956800000000000182e+03 -2.136275107903519432e-02
4.960000000000000000e+03 -2.656770073051700765e-02
4.963199999999999818e+03 -3.010831060729855443e-02
4.966399999999999636e+03 -3.183544067477060702e-02
4.969600000000000364e+03 -3.170865060032634214e-02
4.972800000000000182e+03 -2.979548349007330593e-02
4.976000000000000000e+03 -2.626516268803225085e-02
4.979199999999999818e+03 -2.137667086778296741e-02
4.982399999999999636e+03 -1.546137352426921532e-02
4.985600000000000364e+03 -8.900928389847941047e-03
4.988800000000000182e+03 -2.101945731199261758e-03
4.992000000000000000e+03 4.530555487917785513e-03
4.995199999999999818e+03 1.061858664561198332e-02
4.998399999999999636e+03 1.583332497221693475e-02
5.001600000000000364e+03 1.991223888534327316e-02
5.004800000000000182e+03 2.267031660072405322e-02
5.008000000000000000e+03 2.400546497262946721e-02
5.011199999999999818e+03 2.389889827975379133e-02
5.014399999999999636e+03 2.241158983176129438e-02
5.017600000000000364e+03 1.967758485581967351e-02
5.020800000000000182e+03 1.589447717129690088e-02
5.024000000000000000e+03 1.131106292385178520e-02
5.027199999999999818e+03 6.212332325534595905e-03
5.030399999999999636e+03 9.024324493404107953e-04
5.033600000000000364e+03 -4.313282343972242930e-03
5.036800000000000182e+03 -9.145751563915966581e-03
5.040000000000000000e+03 -1.333794938905391581e-02
5.043199999999999818e+03 -1.667781594901520184e-02
5.046399999999999636e+03 -1.900771910078468546e-02
5.049600000000000364e+03 -2.023023854351145914e-02
5.052800000000000182e+03 -2.031048471762214938e-02
5.056000000000000000e+03 -1.927541290436933508e-02
5.059199999999999818e+03 -1.721056714569264151e-02
5.062399999999999636e+03 -1.425444334732131092e-02
5.065600000000000364e+03 -1.059041176628195378e-02
5.068800000000000182e+03 -6.436121477673401210e-03
5.072000000000000000e+03 -2.030603754892955620e-03
5.075199999999999818e+03 2.380231978822488787e-03
5.078399999999999636e+03 6.558591011465563642e-03
5.081600000000000364e+03 1.028896302153392041e-02
5.084800000000000182e+03 1.339024292291358595e-02
5.088000000000000000e+03 1.572489248873959813e-02
5.091199999999999818e+03 1.720468657772444843e-02
5.094399999999999636e+03 1.779306511781964320e-02
5.097600000000000364e+03 1.750446630546603072e-02
5.100800000000000182e+03 1.640112472519581616e-02
5.104000000000000000e+03 1.458768350346423097e-02
5.107199999999999818e+03 1.220376037479962462e-02
5.110399999999999636e+03 9.414549313427496985e-03
5.113600000000000364e+03 6.399738175963826277e-03
5.116800000000000182e+03 3.341387538430323680e-03
5.120000000000000000e+03 4.117516901877879120e-04
5.123199999999999818e+03 -2.237813262962148973e-03
5.126399999999999636e+03 -4.485746486418358374e-03
5.129600000000000364e+03 -6.246093955558273438e-03
5.132800000000000182e+03 -7.470738299969170368e-03
5.136000000000000000e+03 -8.148111281968441200e-03
5.139199999999999818e+03 -8.299065612875775738e-03
5.142399999999999636e+03 -7.971016742683977724e-03
5.145600000000000364e+03 -7.231511480016333468e-03
5.148800000000000182e+03 -6.162032778838684964e-03
5.152000000000000000e+03 -4.852341155129165189e-03
5.155199999999999818e+03 -3.395281678883996755e-03
5.158399999999999636e+03 -1.881894536086214324e-03
5.161600000000000364e+03 -3.967851371403254934e-04
5.164800000000000182e+03 9.861156458841799886e-04
5.168000000000000000e+03 2.207120139602907274e-03
5.171199999999999818e+03 3.223280432457034401e-03
5.174399999999999636e+03 4.009362853135173439e-03
5.177600000000000364e+03 4.556989123538762558e-03
5.180800000000000182e+03 4.872035186883055292e-03
5.184000000000000000e+03 4.970925300739563631e-03
5.187199999999999818e+03 4.876844694525297487e-03
5.190399999999999636e+03 4.616841277039730566e-03
5.193600000000000364e+03 4.220280486410672889e-03
5.196800000000000182e+03 3.718436191482337675e-03
5.200000000000000000e+03 3.144512253604189646e-03
5.203199999999999818e+03 2.533299776325072944e-03
5.206399999999999636e+03 1.919942761626646519e-03
5.209600000000000364e+03 1.337728385691853723e-03
5.212800000000000182e+03 8.152653577850307908e-04
5.216000000000000000e+03 3.737509652838028181e-04
5.219199999999999818e+03 2.515610361867351465e-05
5.222399999999999636e+03 -2.280188126527024801e-04
5.225600000000000364e+03 -3.912584309212137649e-04
5.228800000000000182e+03 -4.753009396842647056e-04
5.232000000000000000e+03 -4.931101198381135538e-04
5.235199999999999818e+03 -4.575093797419728793e-04
5.238399999999999636e+03 -3.799666381614499270e-04
5.241600000000000364e+03 -2.703550166130633107e-04
5.244800000000000182e+03 -1.370553934195706518e-04
5.248000000000000000e+03 1.324459894311461825e-05
5.251199999999999818e+03 1.763160504901474469e-04
5.254399999999999636e+03 3.514619908195140154e-04
5.257600000000000364e+03 5.422698054549156092e-04
5.260800000000000182e+03 7.563452944996717836e-04
5.264000000000000000e+03 1.003582881835902085e-03
5.267199999999999818e+03 1.293019347333368083e-03
5.270399999999999636e+03 1.628893423224930109e-03
5.273600000000000364e+03 2.006968696098820979e-03
5.276800000000000182e+03 2.412258762357616729e-03
5.280000000000000000e+03 2.818937501028479214e-03
5.283199999999999818e+03 3.192544795898105518e-03
5.286399999999999636e+03 3.493887964385662681e-03
5.289600000000000364e+03 3.683586197946051022e-03
5.292800000000000182e+03 3.726180346898952216e-03
5.296000000000000000e+03 3.593112936150533697e-03
5.299199999999999818e+03 3.264479427896152790e-03
5.302399999999999636e+03 2.729980386747857170e-03
5.305600000000000364e+03 1.989722938976353026e-03
5.308800000000000182e+03 1.055337139514358558e-03
5.312000000000000000e+03 -4.860993477281251525e-05
5.315199999999999818e+03 -1.283456474045624679e-03
5.318399999999999636e+03 -2.596409824410194234e-03
5.321600000000000364e+03 -3.922394167385679156e-03
5.324800000000000182e+03 -5.188027213455116866e-03
5.328000000000000000e+03 -6.317253773962114120e-03
5.331199999999999818e+03 -7.237586555415865056e-03
5.334399999999999636e+03 -7.885753525978710793e-03
5.337600000000000364e+03 -8.211887355275891351e-03
5.340800000000000182e+03 -8.182015685217347220e-03
5.344000000000000000e+03 -7.779196107783267061e-03
5.347199999999999818e+03 -7.003936118373574500e-03
5.350399999999999636e+03 -5.874480470181835806e-03
5.353600000000000364e+03 -4.427226566723762788e-03
5.356800000000000182e+03 -2.717094102837643976e-03
5.360000000000000000e+03 -8.172832162581357765e-04
5.363199999999999818e+03 1.182343703881366583e-03
5.366399999999999636e+03 3.178901071491253925e-03
5.369600000000000364e+03 5.062315053246776303e-03
5.372800000000000182e+03 6.722851059027626711e-03
5.376000000000000000e+03 8.059235441833383778e-03
5.379199999999999818e+03 8.986056123190946238e-03
5.382399999999999636e+03 9.439398169303397576e-03
5.385600000000000364e+03 9.380274243140387241e-03
5.388800000000000182e+03 8.796033276528277683e-03
5.392000000000000000e+03 7.700304837979333322e-03
5.395199999999999818e+03 6.132077600004108564e-03
5.398399999999999636e+03 4.154290532529837654e-03
5.401600000000000364e+03 1.851967193749092010e-03
5.404800000000000182e+03 -6.704316563945505623e-04
5.408000000000000000e+03 -3.292971344920877456e-03
5.411199999999999818e+03 -5.885998269630745607e-03
5.414399999999999636e+03 -8.317784806324696190e-03
5.417600000000000364e+03 -1.046330624520897673e-02
5.420800000000000182e+03 -1.221275726451758435e-02
5.424000000000000000e+03 -1.347838904371818566e-02
5.427199999999999818e+03 -1.419875658183395069e-02
5.430399999999999636e+03 -1.434030475546467683e-02
5.433600000000000364e+03 -1.389696631639641446e-02
5.436800000000000182e+03 -1.288875476711317559e-02
5.440000000000000000e+03 -1.136014487434464960e-02
5.443199999999999818e+03 -9.378529079377482050e-03
5.446399999999999636e+03 -7.032495056194236482e-03
5.449600000000000364e+03 -4.429314373614698375e-03
5.452800000000000182e+03 -1.690989292995019252e-03
5.456000000000000000e+03 1.051496095708725521e-03
5.459199999999999818e+03 3.665508256936834269e-03
5.462399999999999636e+03 6.024835416855652513e-03
5.465600000000000364e+03 8.017243448910164536e-03
5.468800000000000182e+03 9.550318434836417222e-03
5.472000000000000000e+03 1.055494958372095275e-02
5.475199999999999818e+03 1.098661060007504603e-02
5.478399999999999636e+03 1.082526056438262198e-02
5.481600000000000364e+03 1.007488809205731549e-02
5.484800000000000182e+03 8.763396888772543095e-03
5.488000000000000000e+03 6.942873617073635692e-03
5.491199999999999818e+03 4.689624354391857750e-03
5.494399999999999636e+03 2.103013950175904902e-03
5.497600000000000364e+03 -6.977610522348345976e-04
5.500800000000000182e+03 -3.579334491318696652e-03
5.504000000000000000e+03 -6.401927289167292506e-03
5.507199999999999818e+03 -9.028212901924471609e-03
5.510399999999999636e+03 -1.133197511117618739e-02
5.513600000000000364e+03 -1.320536058338093142e-02
5.516800000000000182e+03 -1.456404405998281033e-02
5.520000000000000000e+03 -1.535030107515083717e-02
5.523199999999999818e+03 -1.553450798523916924e-02
5.526399999999999636e+03 -1.511573086171456512e-02
5.529600000000000364e+03 -1.412179907301152129e-02
5.532800000000000182e+03 -1.260877495252824172e-02
5.536000000000000000e+03 -1.065931561360660383e-02
5.539199999999999818e+03 -8.379305168322711758e-03
5.542399999999999636e+03 -5.892378502079405160e-03
5.545600000000000364e+03 -3.332454770707327270e-03
5.548800000000000182e+03 -8.349461560968350409e-04
5.552000000000000000e+03 1.472303807850421217e-03
5.555199999999999818e+03 3.477208291351635387e-03
5.558399999999999636e+03 5.089841218451805586e-03
5.561600000000000364e+03 6.246599962829709439e-03
5.564800000000000182e+03 6.912151143548381574e-03
5.568000000000000000e+03 7.079509513798749529e-03
5.571199999999999818e+03 6.768683521030189644e-03
5.574399999999999636e+03 6.024209189789036037e-03
5.577600000000000364e+03 4.911716983987166052e-03
5.580800000000000182e+03 3.513561601563781108e-03
5.584000000000000000e+03 1.923554792566130409e-03
5.587199999999999818e+03 2.409671792226318783e-04
5.590399999999999636e+03 -1.435847778393529398e-03
5.593600000000000364e+03 -3.015681283065783577e-03
5.596800000000000182e+03 -4.419940608078204783e-03
5.600000000000000000e+03 -5.586821341690068228e-03
5.603199999999999818e+03 -6.473842288027425312e-03
5.606399999999999636e+03 -7.058677539395885776e-03
5.609600000000000364e+03 -7.338459460244929275e-03
5.612800000000000182e+03 -7.327862574274193394e-03
5.616000000000000000e+03 -7.056306413896117069e-03
5.619199999999999818e+03 -6.564577523553672897e-03
5.622399999999999636e+03 -5.901116606791091852e-03
5.625600000000000364e+03 -5.118177712284119503e-03
5.628800000000000182e+03 -4.268054874578828921e-03
5.632000000000000000e+03 -3.399586454858119933e-03
5.635199999999999818e+03 -2.555171895716749648e-03
5.638399999999999636e+03 -1.768537745927744632e-03
5.641600000000000364e+03 -1.063439038716545385e-03
5.644800000000000182e+03 -4.533732047804250095e-04
5.648000000000000000e+03 5.775364230266947363e-05
5.651199999999999818e+03 4.741888536995721962e-04
5.654399999999999636e+03 8.063764075081808784e-04
5.657600000000000364e+03 1.068753491243758322e-03
5.660800000000000182e+03 1.277555491132808781e-03
5.664000000000000000e+03 1.448846856397847981e-03
5.667199999999999818e+03 1.596944700051416239e-03
5.670399999999999636e+03 1.733343908932000882e-03
5.673600000000000364e+03 1.866189208466687141e-03
5.676800000000000182e+03 2.000280182524784896e-03
5.680000000000000000e+03 2.137536863327028566e-03
5.683199999999999818e+03 2.277807515288431898e-03
5.686399999999999636e+03 2.419852874788945823e-03
5.689600000000000364e+03 2.562338799247767303e-03
