0.000000000000000000e+00 -7.739658314243063816e-03
3.200000000000000178e+00 -7.418908439948255877e-03
6.400000000000000355e+00 -7.095219421805892129e-03
9.599999999999999645e+00 -6.768911616687624429e-03
1.280000000000000071e+01 -6.440308232416943821e-03
1.600000000000000000e+01 -6.109733699833405640e-03
1.919999999999999929e+01 -5.777514113277330311e-03
2.239999999999999858e+01 -5.443976765926381023e-03
2.560000000000000142e+01 -5.109450144485344451e-03
2.880000000000000071e+01 -4.774263662124370901e-03
3.200000000000000000e+01 -4.438747546228218738e-03
3.520000000000000284e+01 -4.103232625675306763e-03
3.839999999999999858e+01 -3.768050181072024347e-03
4.160000000000000142e+01 -3.433531750404983460e-03
4.479999999999999716e+01 -3.100008962611741203e-03
4.800000000000000000e+01 -2.767813349831912181e-03
5.120000000000000284e+01 -2.437276172238071834e-03
5.439999999999999858e+01 -2.108728232442914994e-03
5.760000000000000142e+01 -1.782499695173875385e-03
6.079999999999999716e+01 -1.458919902144250507e-03
6.400000000000000000e+01 -1.138317188648534312e-03
6.720000000000000284e+01 -8.210186982826151803e-04
7.040000000000000568e+01 -5.073501974754234369e-04
7.359999999999999432e+01 -1.976358898065407467e-04
7.679999999999999716e+01 1.078017706571824313e-04
8.000000000000000000e+01 4.086422649277384063e-04
8.320000000000000284e+01 7.045671956769167460e-04
8.640000000000000568e+01 9.952604726211529158e-04
8.959999999999999432e+01 1.280408499925079656e-03
9.279999999999999716e+01 1.559700361304259533e-03
9.600000000000000000e+01 1.832828004902596229e-03
9.920000000000000284e+01 2.099486425672262430e-03
1.024000000000000057e+02 2.359373850492223635e-03
1.055999999999999943e+02 2.612191922104850628e-03
1.087999999999999972e+02 2.857645881998206044e-03
1.120000000000000000e+02 3.095444747902171331e-03
1.152000000000000028e+02 3.325301491744021495e-03
1.184000000000000057e+02 3.546933217709984966e-03
1.215999999999999943e+02 3.760061342058652542e-03
1.247999999999999972e+02 3.964411767803212652e-03
1.280000000000000000e+02 4.159715055433890578e-03
1.311999999999999886e+02 4.345706589831770626e-03
1.344000000000000057e+02 4.522126749168047487e-03
1.375999999999999943e+02 4.688721072791615478e-03
1.408000000000000114e+02 4.845240427121732738e-03
1.440000000000000000e+02 4.991441164923685059e-03
1.471999999999999886e+02 5.127085281201679105e-03
1.504000000000000057e+02 5.251940566547905892e-03
1.535999999999999943e+02 5.365780761118343380e-03
1.568000000000000114e+02 5.468385705590337112e-03
1.600000000000000000e+02 5.559541489309940097e-03
1.631999999999999886e+02 5.639040594092244695e-03
1.664000000000000057e+02 5.706682035192913068e-03
1.695999999999999943e+02 5.762271496300637973e-03
1.728000000000000114e+02 5.805621459398376503e-03
1.760000000000000000e+02 5.836551330578683069e-03
1.791999999999999886e+02 5.854887565841854734e-03
1.824000000000000057e+02 5.860463794209873865e-03
1.855999999999999943e+02 5.853120935028038353e-03
1.888000000000000114e+02 5.832707306656911145e-03
1.920000000000000000e+02 5.799078730260701781e-03
1.951999999999999886e+02 5.752098630824074160e-03
1.984000000000000057e+02 5.691638136104546636e-03
2.015999999999999943e+02 5.617576170452089068e-03
2.048000000000000114e+02 5.529799542629004402e-03
2.080000000000000000e+02 5.428203027220172665e-03
2.111999999999999886e+02 5.312689441333049746e-03
2.144000000000000057e+02 5.183169716573630785e-03
2.175999999999999943e+02 5.039562966506750535e-03
2.208000000000000114e+02 4.881796548438089092e-03
2.240000000000000000e+02 4.709806119323920078e-03
2.271999999999999886e+02 4.523535685787067294e-03
2.304000000000000057e+02 4.322937648224365464e-03
2.335999999999999943e+02 4.107972839460829508e-03
2.368000000000000114e+02 3.878610558242704016e-03
2.400000000000000000e+02 3.634828598143118907e-03
2.431999999999999886e+02 3.376613269776397065e-03
2.464000000000000057e+02 3.103959416192911182e-03
2.495999999999999943e+02 2.816870420486156275e-03
2.528000000000000114e+02 2.515358210657924788e-03
2.560000000000000000e+02 2.199443259014196954e-03
2.591999999999999886e+02 1.869154578661884076e-03
2.623999999999999773e+02 1.524529709261862077e-03
2.656000000000000227e+02 1.165614675822729956e-03
2.688000000000000114e+02 7.924635887838514048e-04
2.720000000000000000e+02 4.051378227580512172e-04
2.751999999999999886e+02 3.705812243020335354e-06
2.783999999999999773e+02 -4.117569895034776831e-04
2.816000000000000227e+02 -8.411681761270452338e-04
2.848000000000000114e+02 -1.284438449272754358e-03
2.880000000000000000e+02 -1.741471687667111266e-03
2.911999999999999886e+02 -2.212165019307214125e-03
2.943999999999999773e+02 -2.696408907294675118e-03
2.976000000000000227e+02 -3.194087245843315291e-03
3.008000000000000114e+02 -3.705077462196419355e-03
3.040000000000000000e+02 -4.229250610756507371e-03
3.071999999999999886e+02 -4.766471454005083083e-03
3.103999999999999773e+02 -5.316598532498122490e-03
3.136000000000000227e+02 -5.879484237103777509e-03
3.168000000000000114e+02 -6.454974895801713665e-03
3.200000000000000000e+02 -7.042910883884452924e-03
3.231999999999999886e+02 -7.643126758880662390e-03
3.263999999999999773e+02 -8.255451416076083765e-03
3.296000000000000227e+02 -8.879708250660993743e-03
3.328000000000000114e+02 -9.515715306961325393e-03
3.360000000000000000e+02 -1.016328539822552307e-02
3.391999999999999886e+02 -1.082222619505171513e-02
3.423999999999999773e+02 -1.149234029410276664e-02
3.456000000000000227e+02 -1.217342528425861131e-02
3.488000000000000114e+02 -1.286527382593026687e-02
3.520000000000000000e+02 -1.356767375819999816e-02
3.551999999999999886e+02 -1.428040824921397896e-02
3.583999999999999773e+02 -1.500325600548571385e-02
3.616000000000000227e+02 -1.573599154999652180e-02
3.648000000000000114e+02 -1.647838556748077235e-02
3.680000000000000000e+02 -1.723020530798446623e-02
3.711999999999999886e+02 -1.799121503015702062e-02
3.743999999999999773e+02 -1.876117630148053245e-02
3.776000000000000227e+02 -1.953984726235018579e-02
3.808000000000000114e+02 -2.032697866536950157e-02
3.840000000000000000e+02 -2.112230494284487309e-02
3.871999999999999886e+02 -2.192553734248492078e-02
3.903999999999999773e+02 -2.273638946416915371e-02
3.936000000000000227e+02 -2.355468976578544218e-02
3.968000000000000114e+02 -2.438060330196537354e-02
4.000000000000000000e+02 -2.521481573104073989e-02
4.031999999999999886e+02 -2.605825311079884923e-02
4.063999999999999773e+02 -2.691083762764496373e-02
4.096000000000000227e+02 -2.776944555665325498e-02
4.128000000000000114e+02 -2.862672996109807966e-02
4.160000000000000000e+02 -2.947357125359729643e-02
4.191999999999999886e+02 -3.030639683979427165e-02
4.223999999999999773e+02 -3.113571860412121806e-02
4.256000000000000227e+02 -3.198746029502734511e-02
4.288000000000000114e+02 -3.289039576009751553e-02
4.320000000000000000e+02 -3.385378966070697743e-02
4.351999999999999886e+02 -3.485159881823657324e-02
4.383999999999999773e+02 -3.582992158364359941e-02
4.416000000000000227e+02 -3.673774130386064235e-02
4.448000000000000114e+02 -3.756028823168910263e-02
4.480000000000000000e+02 -3.833012034170900362e-02
4.511999999999999886e+02 -3.910882623466264280e-02
4.543999999999999773e+02 -3.995441640241231829e-02
4.576000000000000227e+02 -4.089493406617463606e-02
4.608000000000000114e+02 -4.191768171314055186e-02
4.640000000000000000e+02 -4.297359239423934746e-02
4.671999999999999886e+02 -4.399649248964612736e-02
4.703999999999999773e+02 -4.493575323626537721e-02
4.736000000000000227e+02 -4.578795060638570641e-02
4.768000000000000114e+02 -4.660203937149502706e-02
4.800000000000000000e+02 -4.744578392306914028e-02
4.831999999999999886e+02 -4.835541581891250607e-02
4.863999999999999773e+02 -4.931104150158940186e-02
4.896000000000000227e+02 -5.025992837476299380e-02
4.928000000000000114e+02 -5.116501260696675740e-02
4.960000000000000000e+02 -5.203298087343713463e-02
4.991999999999999886e+02 -5.289935959765813822e-02
5.023999999999999773e+02 -5.379149603146973074e-02
5.056000000000000227e+02 -5.470780320801944818e-02
5.088000000000000114e+02 -5.562835246029719516e-02
5.120000000000000000e+02 -5.653816727430603650e-02
5.152000000000000455e+02 -5.743732372724692087e-02
5.183999999999999773e+02 -5.833296160841081046e-02
5.216000000000000227e+02 -5.922826474728806051e-02
5.247999999999999545e+02 -6.012110967761619823e-02
5.280000000000000000e+02 -6.100955521632742823e-02
5.312000000000000455e+02 -6.189431862054659700e-02
5.343999999999999773e+02 -6.277551835714277606e-02
5.376000000000000227e+02 -6.364950321084980600e-02
5.407999999999999545e+02 -6.451063001010164111e-02
5.440000000000000000e+02 -6.535590081645339944e-02
5.472000000000000455e+02 -6.618717228564313659e-02
5.503999999999999773e+02 -6.700904377279395807e-02
5.536000000000000227e+02 -6.782519687155416643e-02
5.567999999999999545e+02 -6.863666630053205653e-02
5.600000000000000000e+02 -6.944264118514920092e-02
5.632000000000000455e+02 -7.024184545354139608e-02
5.663999999999999773e+02 -7.103282489125789523e-02
5.696000000000000227e+02 -7.181348571329793096e-02
5.727999999999999545e+02 -7.258125413538886461e-02
5.760000000000000000e+02 -7.333419676536587217e-02
5.792000000000000455e+02 -7.407188610156621722e-02
5.823999999999999773e+02 -7.479452067759242984e-02
5.856000000000000227e+02 -7.549958345186741360e-02
5.887999999999999545e+02 -7.617567190443917668e-02
5.920000000000000000e+02 -7.679282452190105968e-02
5.952000000000000455e+02 -7.728906626149899262e-02
5.983999999999999773e+02 -7.755481688111863503e-02
6.016000000000000227e+02 -7.741921459689979357e-02
6.047999999999999545e+02 -7.664367407714896274e-02
6.080000000000000000e+02 -7.492751635310346270e-02
6.112000000000000455e+02 -7.192850513932619316e-02
6.143999999999999773e+02 -6.729775165447761387e-02
6.176000000000000227e+02 -6.072407970027200730e-02
6.207999999999999545e+02 -5.197903498216249751e-02
6.240000000000000000e+02 -4.095237080914965189e-02
6.272000000000000455e+02 -2.767010300096311645e-02
6.303999999999999773e+02 -1.229221138348762267e-02
6.336000000000000227e+02 4.907330913000329531e-03
6.367999999999999545e+02 2.357137298680160586e-02
6.400000000000000000e+02 4.329310764812842327e-02
6.432000000000000455e+02 6.364603199958066004e-02
6.463999999999999773e+02 8.420810696138222862e-02
6.496000000000000227e+02 1.045818255179819939e-01
6.527999999999999545e+02 1.244135297100685822e-01
6.560000000000000000e+02 1.434138338908692301e-01
6.592000000000000455e+02 1.613775225877184250e-01
6.623999999999999773e+02 1.781979496153863196e-01
6.656000000000000227e+02 1.938696886258392260e-01
6.687999999999999545e+02 2.084748258508520857e-01
6.720000000000000000e+02 2.221524519305028145e-01
6.752000000000000455e+02 2.350562224223734786e-01
6.783999999999999773e+02 2.473094221117254632e-01
6.816000000000000227e+02 2.589689507859623818e-01
6.847999999999999545e+02 2.700079122788041630e-01
6.880000000000000000e+02 2.803212327563670003e-01
6.912000000000000455e+02 2.897517281325558969e-01
6.943999999999999773e+02 2.981279670258069614e-01
6.976000000000000227e+02 3.053023460379066245e-01
7.007999999999999545e+02 3.111786929597067375e-01
7.040000000000000000e+02 3.157227072224949027e-01
7.072000000000000455e+02 3.189542802114770925e-01
7.103999999999999773e+02 3.209266188979730261e-01
7.136000000000000227e+02 3.217011842401510391e-01
7.167999999999999545e+02 3.213278824342193363e-01
7.200000000000000000e+02 3.198362541823902006e-01
7.232000000000000455e+02 3.172375258643628237e-01
7.263999999999999773e+02 3.135327375802892669e-01
7.296000000000000227e+02 3.087212143323835867e-01
7.327999999999999545e+02 3.028060832143182890e-01
7.360000000000000000e+02 2.957967820258038949e-01
7.392000000000000455e+02 2.877100610919444135e-01
7.423999999999999773e+02 2.785704151635164938e-01
7.456000000000000227e+02 2.684096982294297273e-01
7.487999999999999545e+02 2.572654768274079129e-01
7.520000000000000000e+02 2.451785768119260633e-01
7.552000000000000455e+02 2.321910478857204807e-01
7.583999999999999773e+02 2.183453958819761009e-01
7.616000000000000227e+02 2.036847845274929736e-01
7.647999999999999545e+02 1.882532794682418298e-01
7.680000000000000000e+02 1.720957966476537870e-01
7.712000000000000455e+02 1.552584793366230675e-01
7.743999999999999773e+02 1.377903753446179380e-01
7.776000000000000227e+02 1.197460932254174049e-01
7.807999999999999545e+02 1.011877353014739994e-01
7.840000000000000000e+02 8.218440675536949069e-02
7.872000000000000455e+02 6.280922862157166386e-02
7.903999999999999773e+02 4.313556649295502421e-02
7.936000000000000227e+02 2.323443133523736548e-02
7.967999999999999545e+02 3.173594804018007622e-03
8.000000000000000000e+02 -1.698253525290643884e-02
8.032000000000000455e+02 -3.717325335748385140e-02
8.063999999999999773e+02 -5.734175520818925870e-02
8.096000000000000227e+02 -7.743381023490658599e-02
8.127999999999999545e+02 -9.739415068275154852e-02
8.160000000000000000e+02 -1.171617345378612451e-01
8.192000000000000455e+02 -1.366664975188663089e-01
8.223999999999999773e+02 -1.558298531033139034e-01
8.256000000000000227e+02 -1.745693204634616302e-01
8.287999999999999545e+02 -1.928057493894052288e-01
8.320000000000000000e+02 -2.104708246405816163e-01
8.352000000000000455e+02 -2.275127549456274767e-01
8.383999999999999773e+02 -2.438984438257417453e-01
8.416000000000000227e+02 -2.596106646226200576e-01
8.447999999999999545e+02 -2.746394286702013576e-01
8.480000000000000000e+02 -2.889685508805631686e-01
8.512000000000000455e+02 -3.025610318300496204e-01
8.543999999999999773e+02 -3.153487424158107899e-01
8.576000000000000227e+02 -3.272314050744241642e-01
8.607999999999999545e+02 -3.380867133340783592e-01
8.640000000000000000e+02 -3.477890017400979694e-01
8.672000000000000455e+02 -3.562303537467294001e-01
8.703999999999999773e+02 -3.633370741038088880e-01
8.736000000000000227e+02 -3.690763841363338127e-01
8.767999999999999545e+02 -3.734520456641016728e-01
8.800000000000000000e+02 -3.764916665002766005e-01
8.832000000000000455e+02 -3.782310083742012607e-01
8.863999999999999773e+02 -3.787008031750824788e-01
8.896000000000000227e+02 -3.779196484272179246e-01
8.927999999999999545e+02 -3.758936817500897476e-01
8.960000000000000000e+02 -3.726212747135059233e-01
8.992000000000000455e+02 -3.680997493992073655e-01
9.023999999999999773e+02 -3.623311997640457083e-01
9.056000000000000227e+02 -3.553255352778447174e-01
9.087999999999999545e+02 -3.471003421229033048e-01
9.120000000000000000e+02 -3.376785298383252476e-01
9.152000000000000455e+02 -3.270854896480760443e-01
9.183999999999999773e+02 -3.153473422273165294e-01
9.216000000000000227e+02 -3.024909286963020638e-01
9.247999999999999545e+02 -2.885450693414730594e-01
9.280000000000000000e+02 -2.735419905646084282e-01
9.312000000000000455e+02 -2.575180748833895694e-01
9.343999999999999773e+02 -2.405139463990556004e-01
9.376000000000000227e+02 -2.225746159739289687e-01
9.407999999999999545e+02 -2.037503644980532269e-01
9.440000000000000000e+02 -1.840983120462137690e-01
9.472000000000000455e+02 -1.636839025111745671e-01
9.503999999999999773e+02 -1.425814825121371754e-01
9.536000000000000227e+02 -1.208737543302696588e-01
9.567999999999999545e+02 -9.865050232851917122e-02
9.600000000000000000e+02 -7.600705327832345259e-02
9.632000000000000455e+02 -5.304248345576976359e-02
9.663999999999999773e+02 -2.985719610462514786e-02
9.696000000000000227e+02 -6.549633331384409514e-03
9.727999999999999545e+02 1.678749720970425935e-02
9.760000000000000000e+02 4.007045722336910476e-02
9.792000000000000455e+02 6.322591184782938578e-02
9.823999999999999773e+02 8.618964619334569532e-02
9.856000000000000227e+02 1.089025111112724292e-01
9.887999999999999545e+02 1.313046260467072290e-01
9.920000000000000000e+02 1.533296553729993073e-01
9.952000000000000455e+02 1.749010164401621770e-01
9.983999999999999773e+02 1.959311856088924442e-01
1.001600000000000023e+03 2.163243479848879214e-01
1.004799999999999955e+03 2.359819291794258145e-01
1.008000000000000000e+03 2.548099470215286488e-01
1.011200000000000045e+03 2.727262881613942702e-01
1.014399999999999977e+03 2.896651695518652758e-01
1.017600000000000023e+03 3.055761247849763662e-01
1.020799999999999955e+03 3.204165996618221768e-01
1.024000000000000000e+03 3.341401598253361249e-01
1.027200000000000045e+03 3.466847692610601217e-01
1.030400000000000091e+03 3.579660442219527172e-01
1.033599999999999909e+03 3.678785589566905267e-01
1.036799999999999955e+03 3.763052647763322489e-01
1.040000000000000000e+03 3.831323478710587649e-01
1.043200000000000045e+03 3.882652577191815224e-01
1.046400000000000091e+03 3.916413125634074510e-01
1.049599999999999909e+03 3.932351553147644396e-01
1.052799999999999955e+03 3.930554272944131733e-01
1.056000000000000000e+03 3.911340906561669994e-01
1.059200000000000045e+03 3.875127802227388840e-01
1.062400000000000091e+03 3.822317923589881872e-01
1.065599999999999909e+03 3.753258542042462453e-01
1.068799999999999955e+03 3.668272852517967531e-01
1.072000000000000000e+03 3.567735138074222823e-01
1.075200000000000045e+03 3.452141124099343261e-01
1.078400000000000091e+03 3.322133103094012663e-01
1.081599999999999909e+03 3.178465521928665605e-01
1.084799999999999955e+03 3.021925275717046167e-01
1.088000000000000000e+03 2.853238969867755714e-01
1.091200000000000045e+03 2.673002806989807634e-01
1.094400000000000091e+03 2.481662327300924731e-01
1.097599999999999909e+03 2.279552917922120781e-01
1.100799999999999955e+03 2.066991117073460893e-01
1.104000000000000000e+03 1.844387309338557657e-01
1.107200000000000045e+03 1.612342046534725737e-01
1.110400000000000091e+03 1.371697157369061171e-01
1.113599999999999909e+03 1.123533866450602964e-01
1.116799999999999955e+03 8.691291066511054597e-02
1.120000000000000000e+03 6.098873538101112768e-02
1.123200000000000045e+03 3.472608887368912323e-02
1.126400000000000091e+03 8.266739528095003869e-03
1.129599999999999909e+03 -1.825830104257145786e-02
1.132799999999999955e+03 -4.473335767542608449e-02
1.136000000000000000e+03 -7.105837129919918838e-02
1.139200000000000045e+03 -9.714455810608131625e-02
1.142400000000000091e+03 -1.229066857583971106e-01
1.145599999999999909e+03 -1.482540856925860240e-01
1.148799999999999955e+03 -1.730826110900108850e-01
1.152000000000000000e+03 -1.972696256902041756e-01
1.155200000000000045e+03 -2.206739363706844981e-01
1.158400000000000091e+03 -2.431417863409213731e-01
1.161599999999999909e+03 -2.645183225156885198e-01
1.164799999999999955e+03 -2.846621516653681239e-01
1.168000000000000000e+03 -3.034597494422904274e-01
1.171200000000000045e+03 -3.208365081006605002e-01
1.174400000000000091e+03 -3.367612320214218857e-01
1.177599999999999909e+03 -3.512409305593967579e-01
1.180799999999999955e+03 -3.643041445255526534e-01
1.184000000000000000e+03 -3.759746321935807933e-01
1.187200000000000045e+03 -3.862417490404349008e-01
1.190400000000000091e+03 -3.950366548181016291e-01
1.193599999999999909e+03 -4.022229070207298252e-01
1.196799999999999955e+03 -4.076063892629174235e-01
1.200000000000000000e+03 -4.109642326885581398e-01
1.203200000000000045e+03 -4.120866684718316741e-01
1.206400000000000091e+03 -4.108209480525787383e-01
1.209599999999999909e+03 -4.071045568556301841e-01
1.212799999999999955e+03 -4.009776431229692961e-01
1.216000000000000000e+03 -3.925714742297402582e-01
1.219200000000000045e+03 -3.820777667237691966e-01
1.222400000000000091e+03 -3.697092133827520333e-01
1.225599999999999909e+03 -3.556627010740406325e-01
1.228799999999999955e+03 -3.400942900391243917e-01
1.232000000000000000e+03 -3.231105796762829829e-01
1.235200000000000045e+03 -3.047757995007780996e-01
1.238400000000000091e+03 -2.851290864054503715e-01
1.241599999999999909e+03 -2.642038363482309693e-01
1.244799999999999955e+03 -2.420421824217726392e-01
1.248000000000000000e+03 -2.187017837019135380e-01
1.251200000000000045e+03 -1.942564357586233637e-01
1.254400000000000091e+03 -1.687940856987601157e-01
1.257599999999999909e+03 -1.424153605731577343e-01
1.260799999999999955e+03 -1.152340126778558793e-01
1.264000000000000000e+03 -8.737895473947231151e-02
1.267200000000000045e+03 -5.899623853862035611e-02
1.270400000000000091e+03 -3.024867489392547848e-02
1.273599999999999909e+03 -1.311227745120035430e-03
1.276799999999999955e+03 2.763805644424200195e-02
1.280000000000000000e+03 5.642967719729109072e-02
1.283200000000000045e+03 8.491339238727768635e-02
1.286400000000000091e+03 1.129643024599878420e-01
1.289599999999999909e+03 1.404817436261657504e-01
1.292799999999999955e+03 1.673805364741877411e-01
1.296000000000000000e+03 1.935766021581183383e-01
1.299200000000000045e+03 2.189710892652777796e-01
1.302400000000000091e+03 2.434382193893029900e-01
1.305599999999999909e+03 2.668215591448884205e-01
1.308799999999999955e+03 2.889414104375748749e-01
1.312000000000000000e+03 3.096130052781782549e-01
1.315200000000000045e+03 3.286718202933828770e-01
1.318400000000000091e+03 3.459992371532711330e-01
1.321599999999999909e+03 3.615399655793231637e-01
1.324799999999999955e+03 3.753034050031884838e-01
1.328000000000000000e+03 3.873451564457963681e-01
1.331200000000000045e+03 3.977314343174757072e-01
1.334400000000000091e+03 4.064959680239437212e-01
1.337599999999999909e+03 4.136033878937677155e-01
1.340799999999999955e+03 4.189328328794962308e-01
1.344000000000000000e+03 4.222898768293952276e-01
1.347200000000000045e+03 4.234453963426541012e-01
1.350400000000000091e+03 4.221902891682321468e-01
1.353599999999999909e+03 4.183889914970500556e-01
1.356799999999999955e+03 4.120149148885646206e-01
1.360000000000000000e+03 4.031570792131067282e-01
1.363200000000000045e+03 3.919970565789986372e-01
1.366400000000000091e+03 3.787652981406098851e-01
1.369599999999999909e+03 3.636922611491233415e-01
1.372799999999999955e+03 3.469700608837766875e-01
1.376000000000000000e+03 3.287347975610626083e-01
1.379200000000000045e+03 3.090709978102359479e-01
1.382400000000000091e+03 2.880316394092568011e-01
1.385599999999999909e+03 2.656630943698037317e-01
1.388799999999999955e+03 2.420250874480221748e-01
1.392000000000000000e+03 2.172002438750591513e-01
1.395200000000000045e+03 1.912933803808078703e-01
1.398400000000000091e+03 1.644247642155747258e-01
1.401599999999999909e+03 1.367227550943173053e-01
1.404799999999999955e+03 1.083197667215956422e-01
1.408000000000000000e+03 7.935261330284278103e-02
1.411200000000000045e+03 4.996559990384472072e-02
1.414400000000000091e+03 2.031336234786544626e-02
1.417599999999999909e+03 -9.439159721277661647e-03
1.420799999999999955e+03 -3.912063150548222151e-02
1.424000000000000000e+03 -6.856027257100706651e-02
1.427200000000000045e+03 -9.759571082858652102e-02
1.430400000000000091e+03 -1.260792262230851224e-01
1.433599999999999909e+03 -1.538803973040823725e-01
1.436799999999999955e+03 -1.808843702013340216e-01
1.440000000000000000e+03 -2.069864479493476184e-01
1.443200000000000045e+03 -2.320849317180891658e-01
1.446400000000000091e+03 -2.560746974147949384e-01
1.449599999999999909e+03 -2.788436996598350759e-01
1.452799999999999955e+03 -3.002736357530811362e-01
1.456000000000000000e+03 -3.202447670711667804e-01
1.459200000000000045e+03 -3.386437312506085928e-01
1.462400000000000091e+03 -3.553721971448882133e-01
1.465599999999999909e+03 -3.703534500658956508e-01
1.468799999999999955e+03 -3.835337966995481240e-01
1.472000000000000000e+03 -3.948767382847113705e-01
1.475200000000000045e+03 -4.043505208449267307e-01
1.478400000000000091e+03 -4.119131196212468260e-01
1.481599999999999909e+03 -4.175010741873881881e-01
1.484799999999999955e+03 -4.210281242442752703e-01
1.488000000000000000e+03 -4.223960584159778819e-01
1.491200000000000045e+03 -4.215151509471811164e-01
1.494400000000000091e+03 -4.183274572971026894e-01
1.497599999999999909e+03 -4.128249168588521978e-01
1.500799999999999955e+03 -4.050560468136236159e-01
1.504000000000000000e+03 -3.951190501050559911e-01
1.507200000000000045e+03 -3.831438578140919371e-01
1.510400000000000091e+03 -3.692694342684235131e-01
1.513599999999999909e+03 -3.536242382957379138e-01
1.516799999999999955e+03 -3.363161888728848914e-01
1.520000000000000000e+03 -3.174341527374268668e-01
1.523200000000000045e+03 -2.970578179866930069e-01
1.526400000000000091e+03 -2.752696175982928262e-01
1.529599999999999909e+03 -2.521628066423526882e-01
1.532799999999999955e+03 -2.278431510352956213e-01
1.536000000000000000e+03 -2.024254687018509913e-01
1.539200000000000045e+03 -1.760282886082815135e-01
1.542400000000000091e+03 -1.487697467090260128e-01
1.545599999999999909e+03 -1.207665523840649180e-01
1.548799999999999955e+03 -9.213649772301843455e-02
1.552000000000000000e+03 -6.300377848109073309e-02
1.555200000000000045e+03 -3.350515704995959271e-02
1.558400000000000091e+03 -3.793994261070300113e-03
1.561599999999999909e+03 2.596070867058268561e-02
1.564799999999999955e+03 5.558127524636763406e-02
1.568000000000000000e+03 8.489242087377103785e-02
1.571200000000000045e+03 1.137322845808590027e-01
1.574400000000000091e+03 1.419592664806275106e-01
1.577599999999999909e+03 1.694526303107313780e-01
1.580799999999999955e+03 1.961075152068468275e-01
1.584000000000000000e+03 2.218266594349197485e-01
1.587200000000000045e+03 2.465114499306907125e-01
1.590400000000000091e+03 2.700546131385985760e-01
1.593599999999999909e+03 2.923365207379864938e-01
1.596799999999999955e+03 3.132264610856911324e-01
1.600000000000000000e+03 3.325889207783486734e-01
1.603200000000000045e+03 3.502932216689513267e-01
1.606400000000000091e+03 3.662236139955335479e-01
1.609599999999999909e+03 3.802866849508304004e-01
1.612799999999999955e+03 3.924136170264177492e-01
1.616000000000000000e+03 4.025561810623541348e-01
1.619200000000000045e+03 4.106772996066534454e-01
1.622400000000000091e+03 4.167392202052062622e-01
1.625599999999999909e+03 4.206938126463509731e-01
1.628799999999999955e+03 4.224792417089001106e-01
1.632000000000000000e+03 4.220252095512512236e-01
1.635200000000000045e+03 4.192660244537008696e-01
1.638400000000000091e+03 4.141579471845753257e-01
1.641599999999999909e+03 4.066952697933786665e-01
1.644799999999999955e+03 3.969191658130776790e-01
1.648000000000000000e+03 3.849154153616177743e-01
1.651200000000000045e+03 3.708015391659646998e-01
1.654400000000000091e+03 3.547086130352111732e-01
1.657599999999999909e+03 3.367651500108079787e-01
1.660799999999999955e+03 3.170885888515116990e-01
1.664000000000000000e+03 2.957855697266035810e-01
1.667200000000000045e+03 2.729582006996286725e-01
1.670400000000000091e+03 2.487118829452981128e-01
1.673599999999999909e+03 2.231609917748650640e-01
1.676799999999999955e+03 1.964306602411844960e-01
1.680000000000000000e+03 1.686549400965549617e-01
1.683200000000000045e+03 1.399730390708776862e-01
1.686400000000000091e+03 1.105258317308420030e-01
1.689599999999999909e+03 8.045436968713631787e-02
1.692799999999999955e+03 4.990094923157255974e-02
1.696000000000000000e+03 1.901196566318467257e-02
1.699200000000000045e+03 -1.205911517572620315e-02
1.702400000000000091e+03 -4.315040210125567488e-02
1.705599999999999909e+03 -7.409278750107252398e-02
1.708799999999999955e+03 -1.047134592858924018e-01
1.712000000000000000e+03 -1.348404836437195331e-01
1.715200000000000045e+03 -1.643069304808064124e-01
1.718400000000000091e+03 -1.929533470704044851e-01
1.721599999999999909e+03 -2.206280276755567538e-01
1.724799999999999955e+03 -2.471852940374290042e-01
1.728000000000000000e+03 -2.724828756979450484e-01
1.731200000000000045e+03 -2.963802084130371384e-01
1.734400000000000091e+03 -3.187394235002179443e-01
1.737599999999999909e+03 -3.394295549151024050e-01
1.740799999999999955e+03 -3.583325500460352586e-01
1.744000000000000000e+03 -3.753483152132320866e-01
1.747200000000000045e+03 -3.903962093552355017e-01
1.750400000000000091e+03 -4.034118740213780696e-01
1.753599999999999909e+03 -4.143399824028251577e-01
1.756799999999999955e+03 -4.231246374546459021e-01
1.760000000000000000e+03 -4.296998144091271343e-01
1.763200000000000045e+03 -4.339827298541624190e-01
1.766400000000000091e+03 -4.358730814225013073e-01
1.769599999999999909e+03 -4.352600601148845505e-01
1.772799999999999955e+03 -4.320366815839462027e-01
1.776000000000000000e+03 -4.261181474067472497e-01
1.779200000000000045e+03 -4.174590664028809961e-01
1.782400000000000091e+03 -4.060644648715350247e-01
1.785599999999999909e+03 -3.919915724335673590e-01
1.788799999999999955e+03 -3.753424583882291055e-01
1.792000000000000000e+03 -3.562504746154332991e-01
1.795200000000000045e+03 -3.348651465527061610e-01
1.798400000000000091e+03 -3.113401860606850313e-01
1.801599999999999909e+03 -2.858277917123892009e-01
1.804799999999999955e+03 -2.584799389789360635e-01
1.808000000000000000e+03 -2.294548275470635335e-01
1.811200000000000045e+03 -1.989249603853978643e-01
1.814400000000000091e+03 -1.670830715536039679e-01
1.817599999999999909e+03 -1.341432616565443880e-01
1.820799999999999955e+03 -1.003365909484640744e-01
1.824000000000000000e+03 -6.590218537834349743e-02
1.827200000000000045e+03 -3.107612456699511416e-02
1.830400000000000091e+03 3.919062321461708014e-03
1.833599999999999909e+03 3.888150699013656619e-02
1.836799999999999955e+03 7.363162529058099592e-02
1.840000000000000000e+03 1.080075130761349173e-01
1.843200000000000045e+03 1.418551061112309775e-01
1.846400000000000091e+03 1.750157251459959207e-01
1.849599999999999909e+03 2.073147240930169333e-01
1.852799999999999955e+03 2.385551352471054209e-01
1.856000000000000000e+03 2.685190404964461486e-01
1.859200000000000045e+03 2.969768348916695389e-01
1.862400000000000091e+03 3.237015088870086044e-01
1.865599999999999909e+03 3.484832284217949105e-01
1.868799999999999955e+03 3.711399227182273219e-01
1.872000000000000000e+03 3.915217208348332201e-01
1.875200000000000045e+03 4.095092619861988581e-01
1.878400000000000091e+03 4.250070930875205488e-01
1.881599999999999909e+03 4.379338584758338815e-01
1.884799999999999955e+03 4.482114909570694694e-01
1.888000000000000000e+03 4.557560854806109729e-01
1.891200000000000045e+03 4.604729437597415709e-01
1.894400000000000091e+03 4.622572377212863515e-01
1.897599999999999909e+03 4.610004232246400213e-01
1.900799999999999955e+03 4.566014855099410630e-01
1.904000000000000000e+03 4.489812314682462002e-01
1.907200000000000045e+03 4.380969125822286592e-01
1.910400000000000091e+03 4.239537891669870606e-01
1.913599999999999909e+03 4.066105816582235022e-01
1.916799999999999955e+03 3.861774077576939912e-01
1.920000000000000000e+03 3.628071835459346084e-01
1.923200000000000045e+03 3.366835143094976113e-01
1.926400000000000091e+03 3.080089990538943390e-01
1.929599999999999909e+03 2.769973432188733709e-01
1.932799999999999955e+03 2.438709272510972415e-01
1.936000000000000000e+03 2.088631520393459673e-01
1.939200000000000045e+03 1.722229321646357170e-01
1.942400000000000091e+03 1.342180218923810231e-01
1.945599999999999909e+03 9.513471653478652867e-02
1.948799999999999955e+03 5.527332153634825079e-02
1.952000000000000000e+03 1.494059482322713898e-02
1.955200000000000045e+03 -2.555867999565855295e-02
1.958400000000000091e+03 -6.592889196183150669e-02
1.961599999999999909e+03 -1.058881181490197027e-01
1.964799999999999955e+03 -1.451692341195361391e-01
1.968000000000000000e+03 -1.835175691574492951e-01
1.971200000000000045e+03 -2.206857807878337685e-01
1.974400000000000091e+03 -2.564274133907198383e-01
1.977599999999999909e+03 -2.904912321307924761e-01
1.980799999999999955e+03 -3.226186136397528048e-01
1.984000000000000000e+03 -3.525458613679650632e-01
1.987200000000000045e+03 -3.800121530598270514e-01
1.990400000000000091e+03 -4.047718817690766913e-01
1.993599999999999909e+03 -4.266079361190298069e-01
1.996799999999999955e+03 -4.453412324469125938e-01
2.000000000000000000e+03 -4.608327548422535003e-01
2.003200000000000045e+03 -4.729773665479746203e-01
2.006400000000000091e+03 -4.816920668088238711e-01
2.009599999999999909e+03 -4.869032633596232507e-01
2.012799999999999955e+03 -4.885373780578959324e-01
2.016000000000000000e+03 -4.865175303612980229e-01
2.019200000000000045e+03 -4.807672826058210780e-01
2.022400000000000091e+03 -4.712209061742037020e-01
2.025599999999999909e+03 -4.578382049329187686e-01
2.028799999999999955e+03 -4.406206855121297949e-01
2.032000000000000000e+03 -4.196253149796045911e-01
2.035200000000000045e+03 -3.949727006788717465e-01
2.038400000000000091e+03 -3.668480994783936966e-01
2.041599999999999909e+03 -3.354955344542947526e-01
2.044799999999999955e+03 -3.012067955865824209e-01
2.048000000000000000e+03 -2.643079110889067773e-01
2.051199999999999818e+03 -2.251457758305813184e-01
2.054400000000000091e+03 -1.840771043118372419e-01
2.057599999999999909e+03 -1.414609143279511594e-01
2.060800000000000182e+03 -9.765465597477930582e-02
2.064000000000000000e+03 -5.301325240811312345e-02
2.067199999999999818e+03 -7.889959820479006125e-03
2.070400000000000091e+03 3.736192366834684836e-02
2.073599999999999909e+03 8.238711558170049021e-02
2.076800000000000182e+03 1.268265711686222819e-01
2.080000000000000000e+03 1.703164588738527718e-01
2.083199999999999818e+03 2.124889699395299814e-01
2.086400000000000091e+03 2.529762800737743733e-01
2.089599999999999909e+03 2.914183478758654022e-01
2.092800000000000182e+03 3.274736830252922282e-01
2.096000000000000000e+03 3.608305073536344776e-01
2.099199999999999818e+03 3.912149522720548278e-01
2.102400000000000091e+03 4.183936995731858399e-01
2.105599999999999909e+03 4.421704883883014192e-01
2.108800000000000182e+03 4.623782087443248923e-01
2.112000000000000000e+03 4.788698165273154728e-01
2.115199999999999818e+03 4.915113945595092626e-01
2.118400000000000091e+03 5.001793975079403820e-01
2.121599999999999909e+03 5.047621830005146748e-01
2.124800000000000182e+03 5.051644247877147276e-01
2.128000000000000000e+03 5.013127074764509583e-01
2.131199999999999818e+03 4.931614139575686839e-01
2.134400000000000091e+03 4.806990081593665032e-01
2.137599999999999909e+03 4.639550444222406145e-01
2.140800000000000182e+03 4.430075617820511402e-01
2.144000000000000000e+03 4.179895951273570054e-01
2.147199999999999818e+03 3.890930568119338462e-01
2.150400000000000091e+03 3.565684330916139011e-01
2.153599999999999909e+03 3.207194864399144918e-01
2.156800000000000182e+03 2.818933335287978070e-01
2.160000000000000000e+03 2.404676679218093749e-01
2.163199999999999818e+03 1.968379673251030026e-01
2.166400000000000091e+03 1.514075657304241873e-01
2.169599999999999909e+03 1.045822468068416666e-01
2.172800000000000182e+03 5.676913639418738888e-02
2.176000000000000000e+03 8.378218271994175223e-03
2.179199999999999818e+03 -4.017552233116623156e-02
2.182400000000000091e+03 -8.847068996764470561e-02
2.185599999999999909e+03 -1.360793768178444607e-01
2.188800000000000182e+03 -1.825686326065223686e-01
2.192000000000000000e+03 -2.275039323521441947e-01
2.195199999999999818e+03 -2.704551803945572930e-01
2.198400000000000091e+03 -3.110053825234121438e-01
2.201599999999999909e+03 -3.487611542793310204e-01
2.204800000000000182e+03 -3.833631506156524593e-01
2.208000000000000000e+03 -4.144939838930492559e-01
2.211199999999999818e+03 -4.418817450875281994e-01
2.214400000000000091e+03 -4.652987325540866581e-01
2.217599999999999909e+03 -4.845566393789238480e-01
2.220800000000000182e+03 -4.995003877000845915e-01
2.224000000000000000e+03 -5.100027542224467858e-01
2.227199999999999818e+03 -5.159612746744275391e-01
2.230400000000000091e+03 -5.172981102815363830e-01
2.233599999999999909e+03 -5.139627861367399575e-01
2.236800000000000182e+03 -5.059370350138541195e-01
2.240000000000000000e+03 -4.932405930377165015e-01
2.243199999999999818e+03 -4.759368454109230706e-01
2.246400000000000091e+03 -4.541375318987243004e-01
2.249599999999999909e+03 -4.280059225744155538e-01
2.252800000000000182e+03 -3.977578431481301191e-01
2.256000000000000000e+03 -3.636599360259858416e-01
2.259199999999999818e+03 -3.260249184797719413e-01
2.262400000000000091e+03 -2.852043665344435319e-01
2.265599999999999909e+03 -2.415803935004383063e-01
2.268800000000000182e+03 -1.955580514292449001e-01
2.272000000000000000e+03 -1.475600139097171803e-01
2.275199999999999818e+03 -9.802408457774695882e-02
2.278400000000000091e+03 -4.740276737150138364e-02
2.281599999999999909e+03 3.836738194989401055e-03
2.284800000000000182e+03 5.521369083849527598e-02
2.288000000000000000e+03 1.062368291139074578e-01
2.291199999999999818e+03 1.564089928695752696e-01
2.294400000000000091e+03 2.052325799307820609e-01
2.297599999999999909e+03 2.522152063243519593e-01
2.300800000000000182e+03 2.968754055871955511e-01
2.304000000000000000e+03 3.387486274301574896e-01
2.307199999999999818e+03 3.773939531477557008e-01
2.310400000000000091e+03 4.124017351657911501e-01
2.313599999999999909e+03 4.434017679480924401e-01
2.316800000000000182e+03 4.700707847600765210e-01
2.320000000000000000e+03 4.921375444611071348e-01
2.323199999999999818e+03 5.093841057815640117e-01
2.326400000000000091e+03 5.216432037663085719e-01
2.329599999999999909e+03 5.287932785479881881e-01
2.332800000000000182e+03 5.307535948024286743e-01
2.336000000000000000e+03 5.274814446448052863e-01
2.339199999999999818e+03 5.189720727979072468e-01
2.342400000000000091e+03 5.052607436342977376e-01
2.345599999999999909e+03 4.864259985640437267e-01
2.348800000000000182e+03 4.625934726200039981e-01
2.352000000000000000e+03 4.339399678956499806e-01
2.355199999999999818e+03 4.006973489312291026e-01
2.358400000000000091e+03 3.631553285453387736e-01
2.361599999999999909e+03 3.216618041782242643e-01
2.364800000000000182e+03 2.766195246651761419e-01
2.368000000000000000e+03 2.284787253862699263e-01
2.371199999999999818e+03 1.777268028089188379e-01
2.374400000000000091e+03 1.248774783379018732e-01
2.377599999999999909e+03 7.046234365803853705e-02
2.380800000000000182e+03 1.502666067357562654e-02
2.384000000000000000e+03 -4.087081108335197110e-02
2.387199999999999818e+03 -9.665620384214085314e-02
2.390400000000000091e+03 -1.517401731634081263e-01
2.393599999999999909e+03 -2.055210074574386758e-01
2.396800000000000182e+03 -2.573917382570832246e-01
2.400000000000000000e+03 -3.067502275717272631e-01
2.403199999999999818e+03 -3.530105898047633528e-01
2.406400000000000091e+03 -3.956146014115591858e-01
2.409599999999999909e+03 -4.340423318507239392e-01
2.412800000000000182e+03 -4.678214617034441858e-01
2.416000000000000000e+03 -4.965345709540125996e-01
2.419199999999999818e+03 -5.198235922775783502e-01
2.422400000000000091e+03 -5.373911367526824634e-01
2.425599999999999909e+03 -5.489994145833261285e-01
2.428800000000000182e+03 -5.544683170423748697e-01
2.432000000000000000e+03 -5.536742949970144823e-01
2.435199999999999818e+03 -5.465509949371936127e-01
2.438400000000000091e+03 -5.330917451398592410e-01
2.441599999999999909e+03 -5.133534075838868116e-01
2.444800000000000182e+03 -4.874608927904339750e-01
2.448000000000000000e+03 -4.556115967662104915e-01
2.451199999999999818e+03 -4.180790521601152054e-01
2.454400000000000091e+03 -3.752151788203486049e-01
2.457599999999999909e+03 -3.274506085316087889e-01
2.460800000000000182e+03 -2.752925528453260551e-01
2.464000000000000000e+03 -2.193196710864712129e-01
2.467199999999999818e+03 -1.601736875709597052e-01
2.470400000000000091e+03 -9.854831981121593698e-02
2.473599999999999909e+03 -3.517716567068065320e-02
2.476800000000000182e+03 2.917714206990072029e-02
2.480000000000000000e+03 9.373063610775256294e-02
2.483199999999999818e+03 1.576822691088800854e-01
2.486400000000000091e+03 2.202164174218043113e-01
2.489599999999999909e+03 2.805066456247296558e-01
2.492800000000000182e+03 3.377236019618264362e-01
2.496000000000000000e+03 3.910483356501778252e-01
2.499199999999999818e+03 4.396900965197141908e-01
2.502400000000000091e+03 4.829058698866885435e-01
2.505599999999999909e+03 5.200182805089706983e-01
2.508800000000000182e+03 5.504291753534417131e-01
2.512000000000000000e+03 5.736277037572028448e-01
2.515199999999999818e+03 5.891934146781092618e-01
2.518400000000000091e+03 5.967962749649905474e-01
2.521599999999999909e+03 5.961962278879222588e-01
2.524800000000000182e+03 5.872447102748038494e-01
2.528000000000000000e+03 5.698894283398001637e-01
2.531199999999999818e+03 5.441820961066468065e-01
2.534400000000000091e+03 5.102875142734975000e-01
2.537599999999999909e+03 4.684919011396496691e-01
2.540800000000000182e+03 4.192088455214699749e-01
2.544000000000000000e+03 3.629822005335878177e-01
2.547199999999999818e+03 3.004860276870577884e-01
2.550400000000000091e+03 2.325218170443953125e-01
2.553599999999999909e+03 1.600126372233812433e-01
2.556800000000000182e+03 8.399325896381380774e-02
2.560000000000000000e+03 5.595520465266567989e-03
2.563199999999999818e+03 -7.397052632400040462e-02
2.566400000000000091e+03 -1.534376736237111627e-01
2.569599999999999909e+03 -2.315023166748687578e-01
2.572800000000000182e+03 -3.068433445413297767e-01
2.576000000000000000e+03 -3.781393254009325355e-01
2.579199999999999818e+03 -4.440856481654436028e-01
2.582400000000000091e+03 -5.034138085317967359e-01
2.585599999999999909e+03 -5.549142878274178070e-01
2.588800000000000182e+03 -5.974626461654861664e-01
2.592000000000000000e+03 -6.300463951511037219e-01
2.595199999999999818e+03 -6.517893167291578527e-01
2.598400000000000091e+03 -6.619710920651890040e-01
2.601599999999999909e+03 -6.600428244449957349e-01
2.604800000000000182e+03 -6.456413630030451989e-01
2.608000000000000000e+03 -6.186055198430532309e-01
2.611199999999999818e+03 -5.789952255637402789e-01
2.614400000000000091e+03 -5.271119293015104068e-01
2.617599999999999909e+03 -4.635169563888033029e-01
2.620800000000000182e+03 -3.890448714580926892e-01
2.624000000000000000e+03 -3.048105535554255785e-01
2.627199999999999818e+03 -2.122103126177506127e-01
2.630400000000000091e+03 -1.129177776047637222e-01
2.633599999999999909e+03 -8.874163798168879097e-03
2.636800000000000182e+03 9.772931770430101639e-02
2.640000000000000000e+03 2.044802561213113212e-01
2.643199999999999818e+03 3.087876705811852251e-01
2.646400000000000091e+03 4.079387058781575037e-01
2.649599999999999909e+03 4.991669082295343562e-01
2.652800000000000182e+03 5.797280380161272673e-01
2.656000000000000000e+03 6.469795248698043677e-01
2.659199999999999818e+03 6.984610392339202223e-01
2.662400000000000091e+03 7.319754929410365873e-01
2.665599999999999909e+03 7.456716189783221260e-01
2.668800000000000182e+03 7.381306728897454317e-01
2.672000000000000000e+03 7.084598904582155576e-01
2.675199999999999818e+03 6.563931565403778867e-01
2.678400000000000091e+03 5.823947456298727010e-01
2.681599999999999909e+03 4.877562669074134161e-01
2.684800000000000182e+03 3.746723101208566109e-01
2.688000000000000000e+03 2.462786856983197048e-01
2.691199999999999818e+03 1.066392003316344317e-01
2.694400000000000091e+03 -3.932828925101138073e-02
2.697599999999999909e+03 -1.859899915086860311e-01
2.700800000000000182e+03 -3.271966975799073807e-01
2.704000000000000000e+03 -4.565411391010830156e-01
2.707199999999999818e+03 -5.676642621587880688e-01
2.710400000000000091e+03 -6.546010210907686755e-01
2.713599999999999909e+03 -7.121547149545380817e-01
2.716800000000000182e+03 -7.362858452556820810e-01
2.720000000000000000e+03 -7.244958313435535535e-01
2.723199999999999818e+03 -6.761776958913403579e-01
2.726400000000000091e+03 -5.928966590549472615e-01
2.729599999999999909e+03 -4.785562284117392262e-01
2.732800000000000182e+03 -3.394028473566569892e-01
2.736000000000000000e+03 -1.838270708658616970e-01
2.739199999999999818e+03 -2.193336430964163905e-02
2.742400000000000091e+03 1.351256889805985406e-01
2.745599999999999909e+03 2.760235288405374354e-01
2.748800000000000182e+03 3.902796175755232633e-01
2.752000000000000000e+03 4.693290721401219279e-01
2.755199999999999818e+03 5.075190016987232156e-01
2.758400000000000091e+03 5.028940514636338621e-01
2.761599999999999909e+03 4.576358006100580966e-01
2.764800000000000182e+03 3.780435221037088955e-01
2.768000000000000000e+03 2.739900626051510746e-01
2.771199999999999818e+03 1.578558973718968694e-01
2.774400000000000091e+03 4.303104324726449853e-02
2.777599999999999909e+03 -5.783436746097529030e-02
2.780800000000000182e+03 -1.345738458332245702e-01
2.784000000000000000e+03 -1.809464543588499841e-01
2.787199999999999818e+03 -1.954968678386247716e-01
2.790400000000000091e+03 -1.816328404134859575e-01
2.793599999999999909e+03 -1.468540389420720516e-01
2.796800000000000182e+03 -1.012328751877220046e-01
2.800000000000000000e+03 -5.541134530434729810e-02
2.803199999999999818e+03 -1.849902114125673985e-02
2.806400000000000091e+03 3.696378769844296114e-03
2.809599999999999909e+03 9.720253051777335770e-03
2.812800000000000182e+03 2.553324189655487107e-03
2.816000000000000000e+03 -1.132635317990473428e-02
2.819199999999999818e+03 -2.372742397469641482e-02
2.822400000000000091e+03 -2.699769769344248505e-02
2.825599999999999909e+03 -1.623220344922702077e-02
2.828800000000000182e+03 9.106496626438226327e-03
2.832000000000000000e+03 4.460609894625285066e-02
2.835199999999999818e+03 8.160013086842109187e-02
2.838400000000000091e+03 1.090866134143800570e-01
2.841599999999999909e+03 1.164980473229489666e-01
2.844800000000000182e+03 9.668975206289995294e-02
2.848000000000000000e+03 4.838639241263219953e-02
2.851199999999999818e+03 -2.261259295718543588e-02
2.854400000000000091e+03 -1.039108599314400999e-01
2.857599999999999909e+03 -1.787141854048206469e-01
2.860800000000000182e+03 -2.293366555044099031e-01
2.864000000000000000e+03 -2.412262004615348121e-01
2.867199999999999818e+03 -2.065396249040692966e-01
2.870400000000000091e+03 -1.263707105605559322e-01
2.873599999999999909e+03 -1.105290585164930839e-02
2.876800000000000182e+03 1.215652621146576101e-01
2.880000000000000000e+03 2.494733764017144639e-01
2.883199999999999818e+03 3.506980742296235132e-01
2.886400000000000091e+03 4.073980616323248372e-01
2.889599999999999909e+03 4.089878265066163587e-01
2.892800000000000182e+03 3.537119582964829423e-01
2.896000000000000000e+03 2.484916540794343265e-01
2.899199999999999818e+03 1.072588099151458585e-01
2.902400000000000091e+03 -5.171823833682467203e-02
2.905599999999999909e+03 -2.088855143108040990e-01
2.908800000000000182e+03 -3.462348946546602857e-01
2.912000000000000000e+03 -4.494784823699143894e-01
2.915199999999999818e+03 -5.093431490081629098e-01
2.918400000000000091e+03 -5.219705802918012116e-01
2.921599999999999909e+03 -4.885640668199045522e-01
2.924800000000000182e+03 -4.145082778418886504e-01
2.928000000000000000e+03 -3.082068677879978291e-01
2.931199999999999818e+03 -1.798538372700986820e-01
2.934400000000000091e+03 -4.030109431227297395e-02
2.937599999999999909e+03 9.987434225570279711e-02
2.940800000000000182e+03 2.310539193487063381e-01
2.944000000000000000e+03 3.450085273377966333e-01
2.947199999999999818e+03 4.351130912097119219e-01
2.950400000000000091e+03 4.964123123537948490e-01
2.953599999999999909e+03 5.256207281858701341e-01
2.956800000000000182e+03 5.211311438438165355e-01
2.960000000000000000e+03 4.830703751905457422e-01
2.963199999999999818e+03 4.133928469894426194e-01
2.966400000000000091e+03 3.159626582549113216e-01
2.969599999999999909e+03 1.965597482362362591e-01
2.972800000000000182e+03 6.275557641653538299e-02
2.976000000000000000e+03 -7.637595528473153927e-02
2.979199999999999818e+03 -2.107293040121117067e-01
2.982400000000000091e+03 -3.298231830395002007e-01
2.985599999999999909e+03 -4.236255022530169834e-01
2.988800000000000182e+03 -4.834997710039793950e-01
2.992000000000000000e+03 -5.031875047321140437e-01
2.995199999999999818e+03 -4.797098004395298765e-01
2.998400000000000091e+03 -4.140554499957944667e-01
3.001599999999999909e+03 -3.115243401861813033e-01
3.004800000000000182e+03 -1.816127813405372105e-01
3.008000000000000000e+03 -3.736414846848119115e-02
3.011199999999999818e+03 1.058318417201452449e-01
3.014400000000000091e+03 2.319240366935051978e-01
3.017599999999999909e+03 3.262029903493712246e-01
3.020800000000000182e+03 3.773637985179869037e-01
3.024000000000000000e+03 3.793108380619509279e-01
3.027199999999999818e+03 3.323810359467702091e-01
3.030400000000000091e+03 2.437149341401979585e-01
3.033599999999999909e+03 1.266086168302982262e-01
3.036800000000000182e+03 -1.174524404956194370e-03
3.040000000000000000e+03 -1.199761642898970054e-01
3.043199999999999818e+03 -2.113579659602211058e-01
3.046400000000000091e+03 -2.612615484904203256e-01
3.049599999999999909e+03 -2.626329835936023205e-01
3.052800000000000182e+03 -2.169542442992738462e-01
3.056000000000000000e+03 -1.342673480243701256e-01
3.059199999999999818e+03 -3.153315824680674728e-02
3.062400000000000091e+03 7.049813997088404116e-02
3.065599999999999909e+03 1.513776538205173217e-01
3.068800000000000182e+03 1.952019478812275777e-01
3.072000000000000000e+03 1.940778454716638457e-01
3.075199999999999818e+03 1.499624739133821605e-01
3.078400000000000091e+03 7.434228752929009088e-02
3.081599999999999909e+03 -1.430558326792261310e-02
3.084800000000000182e+03 -9.478182213497109154e-02
3.088000000000000000e+03 -1.482040677879244706e-01
3.091199999999999818e+03 -1.625947744588770727e-01
3.094400000000000091e+03 -1.358353401845936170e-01
3.097599999999999909e+03 -7.616452364344630799e-02
3.100800000000000182e+03 -9.369059709634539556e-06
3.104000000000000000e+03 7.235368964052567298e-02
3.107199999999999818e+03 1.221941877087704825e-01
3.110400000000000091e+03 1.373269703191504210e-01
3.113599999999999909e+03 1.153187846539735495e-01
3.116800000000000182e+03 6.396857795752217135e-02
3.120000000000000000e+03 -1.110117831202796787e-03
3.123199999999999818e+03 -6.112612337917066457e-02
3.126400000000000091e+03 -9.960680460615227438e-02
3.129599999999999909e+03 -1.071057126616584976e-01
3.132800000000000182e+03 -8.369461773566364005e-02
3.136000000000000000e+03 -3.849655272131204120e-02
3.139199999999999818e+03 1.354257715551990086e-02
3.142400000000000091e+03 5.655542650312821162e-02
3.145599999999999909e+03 7.870499682357504079e-02
3.148800000000000182e+03 7.557932628133848252e-02
3.152000000000000000e+03 5.098755918444362878e-02
3.155199999999999818e+03 1.503267264491565079e-02
3.158400000000000091e+03 -1.972771666565483611e-02
3.161599999999999909e+03 -4.260451212874239585e-02
3.164800000000000182e+03 -4.807519366697256963e-02
3.168000000000000000e+03 -3.701158853115270320e-02
3.171199999999999818e+03 -1.560406077857242647e-02
3.174400000000000091e+03 7.412372400580968107e-03
3.177599999999999909e+03 2.407354478791193936e-02
3.180800000000000182e+03 2.980881332191797142e-02
3.184000000000000000e+03 2.452131761317259337e-02
3.187199999999999818e+03 1.193604194278697489e-02
3.190400000000000091e+03 -2.316880860904093568e-03
3.193599999999999909e+03 -1.301092398781506301e-02
3.196800000000000182e+03 -1.712351389123539097e-02
3.200000000000000000e+03 -1.454237490752352882e-02
3.203199999999999818e+03 -7.586077800639109796e-03
3.206400000000000091e+03 2.933380997701657915e-04
3.209599999999999909e+03 6.004739908517527959e-03
3.212800000000000182e+03 7.910809412654129166e-03
3.216000000000000000e+03 6.170668093200311864e-03
3.219199999999999818e+03 2.329538817284034641e-03
3.222400000000000091e+03 -1.554488049273438114e-03
3.225599999999999909e+03 -3.824018808024855134e-03
3.228800000000000182e+03 -3.808949065313915142e-03
3.232000000000000000e+03 -1.910539867809583252e-03
3.235199999999999818e+03 7.622504451431430647e-04
3.238400000000000091e+03 2.978857256781964301e-03
3.241599999999999909e+03 3.918562834891405576e-03
3.244800000000000182e+03 3.439179357469861111e-03
3.248000000000000000e+03 2.017121593108521255e-03
3.251199999999999818e+03 4.390327107543680741e-04
3.254400000000000091e+03 -5.853640181030335052e-04
3.257599999999999909e+03 -7.142221725201500010e-04
3.260800000000000182e+03 -6.125655230378469480e-05
3.264000000000000000e+03 9.252168106877509514e-04
3.267199999999999818e+03 1.708953878471496535e-03
3.270400000000000091e+03 1.914830935651864541e-03
3.273599999999999909e+03 1.473883214235125567e-03
3.276800000000000182e+03 6.166576447510572871e-04
3.280000000000000000e+03 -2.626811747405487598e-04
3.283199999999999818e+03 -7.979318858120129209e-04
3.286400000000000091e+03 -8.106064223483274919e-04
3.289599999999999909e+03 -3.740810358468956136e-04
3.292800000000000182e+03 2.348222011279147065e-04
3.296000000000000000e+03 6.657924572438622506e-04
3.299199999999999818e+03 6.456717246308145593e-04
3.302400000000000091e+03 8.692090545358587580e-05
3.305599999999999909e+03 -8.856944800506918189e-04
3.308800000000000182e+03 -1.993450867628874471e-03
3.312000000000000000e+03 -2.916681446474521378e-03
3.315199999999999818e+03 -3.414082525556743665e-03
3.318400000000000091e+03 -3.402696641730693083e-03
3.321599999999999909e+03 -2.972858257222883716e-03
3.324800000000000182e+03 -2.339584503413508817e-03
3.328000000000000000e+03 -1.755100267875671621e-03
3.331199999999999818e+03 -1.418283532920219239e-03
3.334400000000000091e+03 -1.413434221880792907e-03
3.337599999999999909e+03 -1.696215174608963405e-03
3.340800000000000182e+03 -2.125702882965712845e-03
3.344000000000000000e+03 -2.525519280367232410e-03
3.347199999999999818e+03 -2.749157711650709619e-03
3.350400000000000091e+03 -2.726469051788516212e-03
3.353599999999999909e+03 -2.477864627336030974e-03
3.356800000000000182e+03 -2.095726821765417445e-03
3.360000000000000000e+03 -1.703812122150185444e-03
3.363199999999999818e+03 -1.411367696566964442e-03
3.366400000000000091e+03 -1.278007608999969435e-03
3.369599999999999909e+03 -1.299415853936392029e-03
3.372800000000000182e+03 -1.415603151994344498e-03
3.376000000000000000e+03 -1.535934107998590623e-03
3.379199999999999818e+03 -1.570738100828483058e-03
3.382400000000000091e+03 -1.458845682325707934e-03
3.385599999999999909e+03 -1.183299577706121508e-03
3.388800000000000182e+03 -7.722986763083638422e-04
3.392000000000000000e+03 -2.873458252510192618e-04
3.395199999999999818e+03 1.959419760906737145e-04
3.398400000000000091e+03 6.076632983148057320e-04
3.401599999999999909e+03 8.983985141895454475e-04
3.404800000000000182e+03 1.045755741851818899e-03
3.408000000000000000e+03 1.052628722929618192e-03
3.411199999999999818e+03 9.397182155925072567e-04
3.414400000000000091e+03 7.362562870987353217e-04
3.417599999999999909e+03 4.727058673382696411e-04
3.420800000000000182e+03 1.776934877324546377e-04
3.424000000000000000e+03 -1.207706552224472056e-04
3.427199999999999818e+03 -3.917704130989209540e-04
3.430400000000000091e+03 -5.987773015664990843e-04
3.433599999999999909e+03 -7.006931992235310722e-04
3.436800000000000182e+03 -6.580823565920286295e-04
3.440000000000000000e+03 -4.436871164554370456e-04
3.443199999999999818e+03 -5.398047595335194772e-05
3.446400000000000091e+03 4.827927626912444786e-04
3.449599999999999909e+03 1.106143895793721722e-03
3.452800000000000182e+03 1.732218628264357418e-03
3.456000000000000000e+03 2.270604179332234244e-03
3.459199999999999818e+03 2.644786192221299740e-03
3.462400000000000091e+03 2.810495328065776895e-03
3.465599999999999909e+03 2.766488455395750730e-03
3.468800000000000182e+03 2.554248195941111708e-03
3.472000000000000000e+03 2.246169636776173140e-03
3.475199999999999818e+03 1.925297330627185862e-03
3.478400000000000091e+03 1.662566191496543753e-03
3.481599999999999909e+03 1.498655136727300484e-03
3.484800000000000182e+03 1.436237748583231574e-03
3.488000000000000000e+03 1.444841347267113597e-03
3.491199999999999818e+03 1.476048362518313315e-03
3.494400000000000091e+03 1.483238304837832281e-03
3.497599999999999909e+03 1.438820823003407771e-03
3.500800000000000182e+03 1.343163037030665075e-03
3.504000000000000000e+03 1.222423249261720898e-03
3.507199999999999818e+03 1.116211533585521453e-03
3.510400000000000091e+03 1.059454826758866484e-03
3.513599999999999909e+03 1.065162155305852303e-03
3.516800000000000182e+03 1.115063674685100228e-03
3.520000000000000000e+03 1.162769921721771085e-03
3.523199999999999818e+03 1.149549376128423906e-03
3.526400000000000091e+03 1.027625036686356536e-03
3.529599999999999909e+03 7.822467521781532093e-04
3.532800000000000182e+03 4.434453653564150374e-04
3.536000000000000000e+03 8.167533415033484997e-05
3.539199999999999818e+03 -2.126965908966438822e-04
3.542400000000000091e+03 -3.600583171514499733e-04
3.545599999999999909e+03 -3.222227654120664027e-04
3.548800000000000182e+03 -1.221126663111233408e-04
3.552000000000000000e+03 1.556901390054286904e-04
3.555199999999999818e+03 3.858631095026445975e-04
3.558400000000000091e+03 4.398731556930266895e-04
3.561599999999999909e+03 2.289703133230638085e-04
3.564800000000000182e+03 -2.615339809644482262e-04
3.568000000000000000e+03 -9.591142563106179724e-04
3.571199999999999818e+03 -1.718028166240940851e-03
3.574400000000000091e+03 -2.357574194722115903e-03
3.577599999999999909e+03 -2.713470078871344296e-03
3.580800000000000182e+03 -2.686557715004146175e-03
3.584000000000000000e+03 -2.273553550055778041e-03
3.587199999999999818e+03 -1.570050366327805031e-03
3.590400000000000091e+03 -7.446722981089693013e-04
3.593599999999999909e+03 7.607817103272862479e-06
3.596800000000000182e+03 5.184826628964238565e-04
3.600000000000000000e+03 6.894857758100687373e-04
3.603199999999999818e+03 5.128545865882109265e-04
3.606400000000000091e+03 6.524209576130242144e-05
3.609599999999999909e+03 -5.217775136611630445e-04
3.612800000000000182e+03 -1.103544474279820635e-03
3.616000000000000000e+03 -1.562713420784908949e-03
3.619199999999999818e+03 -1.836182066361289299e-03
3.622400000000000091e+03 -1.922000628658774657e-03
3.625599999999999909e+03 -1.866870423762750225e-03
3.628800000000000182e+03 -1.741094761610634473e-03
3.632000000000000000e+03 -1.611032601616879233e-03
3.635199999999999818e+03 -1.518351890261726567e-03
3.638400000000000091e+03 -1.471495470897689079e-03
3.641599999999999909e+03 -1.449753846769987484e-03
3.644800000000000182e+03 -1.416229285410214745e-03
3.648000000000000000e+03 -1.333921742461513559e-03
3.651199999999999818e+03 -1.179272692970601347e-03
3.654400000000000091e+03 -9.492601953702464040e-04
3.657599999999999909e+03 -6.608104180461194877e-04
3.660800000000000182e+03 -3.440153106201943121e-04
3.664000000000000000e+03 -3.252625758956224943e-05
3.667199999999999818e+03 2.451111976710392644e-04
3.670400000000000091e+03 4.705404894337154300e-04
3.673599999999999909e+03 6.364164931843280118e-04
3.676800000000000182e+03 7.440247960339649042e-04
3.680000000000000000e+03 7.994973486523062776e-04
3.683199999999999818e+03 8.102257216289014121e-04
3.686400000000000091e+03 7.825803570030199791e-04
3.689599999999999909e+03 7.216617736016338845e-04
3.692800000000000182e+03 6.332754521162517556e-04
3.696000000000000000e+03 5.273145869702102568e-04
3.699199999999999818e+03 4.206946905849844823e-04
3.702400000000000091e+03 3.378661546791588929e-04
3.705599999999999909e+03 3.080477272644874969e-04
3.708800000000000182e+03 3.598340419842408020e-04
3.712000000000000000e+03 5.146513841360165912e-04
3.715199999999999818e+03 7.805116237491496701e-04
3.718400000000000091e+03 1.147324184693901145e-03
3.721599999999999909e+03 1.585068764554348241e-03
3.724800000000000182e+03 2.045971883558182509e-03
3.728000000000000000e+03 2.470927800331877092e-03
3.731199999999999818e+03 2.799048506529364187e-03
3.734400000000000091e+03 2.978348828597529151e-03
3.737599999999999909e+03 2.975651771076101570e-03
3.740800000000000182e+03 2.784322767627256997e-03
3.744000000000000000e+03 2.428629040083509286e-03
3.747199999999999818e+03 1.963363579329331990e-03
3.750400000000000091e+03 1.467623762299135855e-03
3.753599999999999909e+03 1.032778401156060882e-03
3.756800000000000182e+03 7.462439778298856968e-04
3.760000000000000000e+03 6.738649000141789993e-04
3.763199999999999818e+03 8.441482442207308467e-04
3.766400000000000091e+03 1.237683902463032094e-03
3.769599999999999909e+03 1.784973666208617598e-03
3.772800000000000182e+03 2.375110442735182004e-03
3.776000000000000000e+03 2.875667566264640800e-03
3.779199999999999818e+03 3.160958047854636657e-03
3.782400000000000091e+03 3.142666680292571964e-03
3.785599999999999909e+03 2.795104698501965114e-03
3.788800000000000182e+03 2.167696764758614714e-03
3.792000000000000000e+03 1.379713595963777319e-03
3.795199999999999818e+03 5.962583762125379114e-04
3.798400000000000091e+03 -1.053329071300060742e-05
3.801599999999999909e+03 -3.062590423823718325e-04
3.804800000000000182e+03 -2.329852806468596263e-04
3.808000000000000000e+03 1.699173039756392354e-04
3.811199999999999818e+03 7.706548241618929856e-04
3.814400000000000091e+03 1.376413556622410432e-03
3.817599999999999909e+03 1.784284085766163399e-03
3.820800000000000182e+03 1.838439360695557712e-03
3.824000000000000000e+03 1.477376928201099612e-03
3.827199999999999818e+03 7.565414642456886642e-04
3.830400000000000091e+03 -1.622676381357874675e-04
3.833599999999999909e+03 -1.053873205502844652e-03
3.836800000000000182e+03 -1.694168117251055455e-03
3.840000000000000000e+03 -1.927615928925601081e-03
3.843199999999999818e+03 -1.717051963507072341e-03
3.846400000000000091e+03 -1.159056351238672150e-03
3.849599999999999909e+03 -4.579685768684504184e-04
3.852800000000000182e+03 1.353812237728433104e-04
3.856000000000000000e+03 4.020907554570197703e-04
3.859199999999999818e+03 2.258458032080664269e-04
3.862400000000000091e+03 -3.678264784485248020e-04
3.865599999999999909e+03 -1.217967556960020126e-03
3.868800000000000182e+03 -2.079636874498234835e-03
3.872000000000000000e+03 -2.704191213683425441e-03
3.875199999999999818e+03 -2.921476061018729673e-03
3.878400000000000091e+03 -2.695500877220228294e-03
3.881599999999999909e+03 -2.133958275699242985e-03
3.884800000000000182e+03 -1.448188867051701479e-03
3.888000000000000000e+03 -8.780274222474393530e-04
3.891199999999999818e+03 -6.086723061206503020e-04
3.894400000000000091e+03 -7.093613378361067869e-04
3.897599999999999909e+03 -1.115168331732548698e-03
3.900800000000000182e+03 -1.656994915060467895e-03
3.904000000000000000e+03 -2.127099258025980707e-03
3.907199999999999818e+03 -2.354946242671406530e-03
3.910400000000000091e+03 -2.265370917978409924e-03
3.913599999999999909e+03 -1.898852384598302342e-03
3.916800000000000182e+03 -1.388788790183318692e-03
3.920000000000000000e+03 -9.069011270145281231e-04
3.923199999999999818e+03 -5.989511079667453721e-04
3.926400000000000091e+03 -5.349727715218048716e-04
3.929599999999999909e+03 -6.910720510444592814e-04
3.932800000000000182e+03 -9.668486101668851947e-04
3.936000000000000000e+03 -1.228921271114861253e-03
3.939199999999999818e+03 -1.362104316876727597e-03
3.942400000000000091e+03 -1.308584292214749365e-03
3.945599999999999909e+03 -1.081810038185894007e-03
3.948800000000000182e+03 -7.526141345443909019e-04
3.952000000000000000e+03 -4.157943070318638381e-04
3.955199999999999818e+03 -1.519064575617387342e-04
3.958400000000000091e+03 7.805748655821380837e-07
3.961599999999999909e+03 5.480300049070113846e-05
3.964800000000000182e+03 6.166309504482680862e-05
3.968000000000000000e+03 8.659219954068229051e-05
3.971199999999999818e+03 1.810402094571446504e-04
3.974400000000000091e+03 3.635142951054769504e-04
3.977599999999999909e+03 6.150278936693466189e-04
3.980800000000000182e+03 8.892488288554877517e-04
3.984000000000000000e+03 1.131915378157320826e-03
3.987199999999999818e+03 1.301221297414617431e-03
3.990400000000000091e+03 1.381466674124051316e-03
3.993599999999999909e+03 1.385711451298130351e-03
3.996800000000000182e+03 1.347797718288262824e-03
4.000000000000000000e+03 1.308021509709988116e-03
4.003199999999999818e+03 1.298536294808452698e-03
4.006400000000000091e+03 1.333821246437462893e-03
4.009599999999999909e+03 1.408851446457369365e-03
4.012800000000000182e+03 1.504296945479859137e-03
4.016000000000000000e+03 1.595585491719259553e-03
4.019199999999999818e+03 1.661858069832328503e-03
4.022400000000000091e+03 1.691713211863886098e-03
4.025599999999999909e+03 1.684467423633714519e-03
4.028800000000000182e+03 1.647536961705949477e-03
4.032000000000000000e+03 1.591769883196859654e-03
4.035199999999999818e+03 1.526839049819507781e-03
4.038400000000000091e+03 1.458270152943652543e-03
4.041599999999999909e+03 1.386724892052155003e-03
4.044800000000000182e+03 1.309241618242976178e-03
4.048000000000000000e+03 1.221549382565290370e-03
4.051199999999999818e+03 1.120394795695863616e-03
4.054400000000000091e+03 1.005004178352145432e-03
4.057599999999999909e+03 8.772493884261599187e-04
4.060800000000000182e+03 7.406427079252377596e-04
4.064000000000000000e+03 5.987403979434453979e-04
4.067199999999999818e+03 4.536985678068548031e-04
4.070400000000000091e+03 3.055574442419695743e-04
4.073599999999999909e+03 1.524603097893084235e-04
4.076800000000000182e+03 -8.348330250775277833e-06
4.080000000000000000e+03 -1.790947909007607666e-04
4.083199999999999818e+03 -3.599862540735204340e-04
4.086400000000000091e+03 -5.480091607028708418e-04
4.089599999999999909e+03 -7.364402011544666626e-04
4.092800000000000182e+03 -9.155691366369654973e-04
4.096000000000000000e+03 -1.074921297110790347e-03
4.099199999999999818e+03 -1.206620067892420897e-03
4.102399999999999636e+03 -1.308741216517212997e-03
4.105600000000000364e+03 -1.387166995905741562e-03
4.108800000000000182e+03 -1.454885603092058877e-03
4.112000000000000000e+03 -1.528660066772716090e-03
4.115199999999999818e+03 -1.623952060179609897e-03
4.118399999999999636e+03 -1.749567060405921850e-03
4.121600000000000364e+03 -1.903670353980868373e-03
4.124800000000000182e+03 -2.072652379086481738e-03
4.128000000000000000e+03 -2.233690131460426293e-03
4.131199999999999818e+03 -2.360706118722616983e-03
4.134399999999999636e+03 -2.432086953125181181e-03
4.137600000000000364e+03 -2.437618922235738200e-03
4.140800000000000182e+03 -2.382131193225807322e-03
4.144000000000000000e+03 -2.284349328858603298e-03
4.147199999999999818e+03 -2.171075850334867365e-03
4.150399999999999636e+03 -2.068475708072727362e-03
4.153600000000000364e+03 -1.993381743722464055e-03
4.156800000000000182e+03 -1.947677978736992799e-03
4.160000000000000000e+03 -1.917805796389621424e-03
4.163199999999999818e+03 -1.879604690521947561e-03
4.166399999999999636e+03 -1.806778151931180080e-03
4.169600000000000364e+03 -1.680016353746780020e-03
4.172800000000000182e+03 -1.493627238182019873e-03
4.176000000000000000e+03 -1.257425976827142343e-03
4.179199999999999818e+03 -9.932899275823801107e-04
4.182399999999999636e+03 -7.276601829511948659e-04
4.185600000000000364e+03 -4.826999554078318494e-04
4.188800000000000182e+03 -2.692462252895594724e-04
4.192000000000000000e+03 -8.395045906927461313e-05
4.195199999999999818e+03 8.855478517083966101e-05
4.198399999999999636e+03 2.693453454143572090e-04
4.201600000000000364e+03 4.769161972763672516e-04
4.204800000000000182e+03 7.196333010678579402e-04
4.208000000000000000e+03 9.914437159896079352e-04
4.211199999999999818e+03 1.272470546993644978e-03
4.214399999999999636e+03 1.534665025718444029e-03
4.217600000000000364e+03 1.750971419447814844e-03
4.220800000000000182e+03 1.905033595663835951e-03
4.224000000000000000e+03 1.997961110219936831e-03
4.227199999999999818e+03 2.049428094470579637e-03
4.230399999999999636e+03 2.092234355415125389e-03
4.233600000000000364e+03 2.161780773921470177e-03
4.236800000000000182e+03 2.283860954179158832e-03
4.240000000000000000e+03 2.465010582650650935e-03
4.243199999999999818e+03 2.689003321910892613e-03
4.246399999999999636e+03 2.921072937974574998e-03
4.249600000000000364e+03 3.118731973713933722e-03
4.252800000000000182e+03 3.245618343170524143e-03
4.256000000000000000e+03 3.283560924027938838e-03
4.259199999999999818e+03 3.238539143849423606e-03
4.262399999999999636e+03 3.138318200186762316e-03
4.265600000000000364e+03 3.022538175881116056e-03
4.268800000000000182e+03 2.928803149904422864e-03
4.272000000000000000e+03 2.879783904905524987e-03
4.275199999999999818e+03 2.875937078147801449e-03
4.278399999999999636e+03 2.896318662358932615e-03
4.281600000000000364e+03 2.906967019190092975e-03
4.284800000000000182e+03 2.873605550769393197e-03
4.288000000000000000e+03 2.773970207722352942e-03
4.291199999999999818e+03 2.605375161688892362e-03
4.294399999999999636e+03 2.385007088108821206e-03
4.297600000000000364e+03 2.143163519059604338e-03
4.300800000000000182e+03 1.912226480635204756e-03
4.304000000000000000e+03 1.715634400413569875e-03
4.307199999999999818e+03 1.560916437947260571e-03
4.310399999999999636e+03 1.439081466982222030e-03
4.313600000000000364e+03 1.330081626601606424e-03
4.316800000000000182e+03 1.211792135989943862e-03
4.320000000000000000e+03 1.068846371367982622e-03
4.323199999999999818e+03 8.980374538036249620e-04
4.326399999999999636e+03 7.085490940063825889e-04
4.329600000000000364e+03 5.173527111603291959e-04
4.332800000000000182e+03 3.419467409366880165e-04
4.336000000000000000e+03 1.935530480818617156e-04
4.339199999999999818e+03 7.354570243615098145e-05
4.342399999999999636e+03 -2.562042798794156727e-05
4.345600000000000364e+03 -1.157292631204495035e-04
4.348800000000000182e+03 -2.066932160319153464e-04
4.352000000000000000e+03 -3.017469134022529565e-04
4.355199999999999818e+03 -3.958516289259391752e-04
4.358399999999999636e+03 -4.776933745603506262e-04
4.361600000000000364e+03 -5.341863124657795668e-04
4.364800000000000182e+03 -5.555153449859108472e-04
4.368000000000000000e+03 -5.386811693451330242e-04
4.371199999999999818e+03 -4.882192674153824495e-04
4.374399999999999636e+03 -4.140075132765095472e-04
4.377600000000000364e+03 -3.273495658664844743e-04
4.380800000000000182e+03 -2.371872902728443938e-04
4.384000000000000000e+03 -1.479911564840955787e-04
4.387199999999999818e+03 -5.984295621124587923e-05
4.390399999999999636e+03 2.984915509909378718e-05
4.393600000000000364e+03 1.240964035290277102e-04
4.396800000000000182e+03 2.245488198660298626e-04
4.400000000000000000e+03 3.307987980718643853e-04
4.403199999999999818e+03 4.408967325404322592e-04
4.406399999999999636e+03 5.527047944870609915e-04
4.409600000000000364e+03 6.652918631508070516e-04
4.412800000000000182e+03 7.794841491970669117e-04
4.416000000000000000e+03 8.971022324629392966e-04
4.419199999999999818e+03 1.019141419383346511e-03
4.422399999999999636e+03 1.143738885884807181e-03
4.425600000000000364e+03 1.264903881628572178e-03
4.428800000000000182e+03 1.372690133005580702e-03
4.432000000000000000e+03 1.454973691962116542e-03
4.435199999999999818e+03 1.500449278411558401e-03
4.438399999999999636e+03 1.502004485640413660e-03
4.441600000000000364e+03 1.459411242359607078e-03
4.444800000000000182e+03 1.380391437303544197e-03
4.448000000000000000e+03 1.279540358558619445e-03
4.451199999999999818e+03 1.175168168319798727e-03
4.454399999999999636e+03 1.084669817326449270e-03
4.457600000000000364e+03 1.019459432296718291e-03
4.460800000000000182e+03 9.807673876281945268e-04
4.464000000000000000e+03 9.576264285725978164e-04
4.467199999999999818e+03 9.280325503075814806e-04
4.470399999999999636e+03 8.634775436903897742e-04
4.473600000000000364e+03 7.359773272631357170e-04
4.476800000000000182e+03 5.257862436209031652e-04
4.480000000000000000e+03 2.276083990544536999e-04
4.483199999999999818e+03 -1.465953561615550434e-04
4.486399999999999636e+03 -5.693299703624392014e-04
4.489600000000000364e+03 -1.003870056186192223e-03
4.492800000000000182e+03 -1.413913186623907666e-03
4.496000000000000000e+03 -1.774062522079888514e-03
4.499199999999999818e+03 -2.077849708593948810e-03
4.502399999999999636e+03 -2.340352612375968047e-03
4.505600000000000364e+03 -2.594045817590657187e-03
4.508800000000000182e+03 -2.878777222067308451e-03
4.512000000000000000e+03 -3.228782358817310419e-03
4.515199999999999818e+03 -3.660734521314560220e-03
4.518399999999999636e+03 -4.166731026866819440e-03
4.521600000000000364e+03 -4.714875928812341591e-03
4.524800000000000182e+03 -5.257934621171854971e-03
4.528000000000000000e+03 -5.747863505030034043e-03
4.531199999999999818e+03 -6.151694179633367295e-03
4.534399999999999636e+03 -6.463272351254809901e-03
4.537600000000000364e+03 -6.706343288679843077e-03
4.540800000000000182e+03 -6.927268423078163963e-03
4.544000000000000000e+03 -7.179304008298765388e-03
4.547199999999999818e+03 -7.503557906262740308e-03
4.550399999999999636e+03 -7.913284851557371088e-03
4.553600000000000364e+03 -8.387420525025352652e-03
4.556800000000000182e+03 -8.876270314178633103e-03
4.560000000000000000e+03 -9.317946091675114242e-03
4.563199999999999818e+03 -9.659993081509913801e-03
4.566399999999999636e+03 -9.878317769298306655e-03
4.569600000000000364e+03 -9.986133820329416710e-03
4.572800000000000182e+03 -1.002919564202496908e-02
4.576000000000000000e+03 -1.006883358510368871e-02
4.579199999999999818e+03 -1.015915393304652782e-02
4.582399999999999636e+03 -1.032718914926595080e-02
4.585600000000000364e+03 -1.056371837910785594e-02
4.588800000000000182e+03 -1.082830784269065046e-02
4.592000000000000000e+03 -1.106649774060696964e-02
4.595199999999999818e+03 -1.123222989289820138e-02
4.598399999999999636e+03 -1.130653078321381885e-02
4.601600000000000364e+03 -1.130503852329336860e-02
4.604800000000000182e+03 -1.127159315048702377e-02
4.608000000000000000e+03 -1.126085884884683343e-02
4.611199999999999818e+03 -1.131734465708635756e-02
4.614399999999999636e+03 -1.145938194907308166e-02
4.617600000000000364e+03 -1.167422210875872050e-02
4.620800000000000182e+03 -1.192562770674653050e-02
4.624000000000000000e+03 -1.217025624111085780e-02
4.627199999999999818e+03 -1.237583745158608688e-02
4.630399999999999636e+03 -1.253382550860397682e-02
4.633600000000000364e+03 -1.266183036156640074e-02
4.636800000000000182e+03 -1.279551165584029773e-02
4.640000000000000000e+03 -1.297389839954659306e-02
4.643199999999999818e+03 -1.322450142493897425e-02
4.646399999999999636e+03 -1.355418786228037437e-02
4.649600000000000364e+03 -1.394893972095235732e-02
4.652800000000000182e+03 -1.438174214524747668e-02
4.656000000000000000e+03 -1.482466863656327523e-02
4.659199999999999818e+03 -1.525996165214425597e-02
4.662399999999999636e+03 -1.568582309670091962e-02
4.665600000000000364e+03 -1.611513574767610077e-02
4.668800000000000182e+03 -1.656830945699474741e-02
4.672000000000000000e+03 -1.706367511693232877e-02
4.675199999999999818e+03 -1.760950187704959230e-02
4.678399999999999636e+03 -1.820066008267490903e-02
4.681600000000000364e+03 -1.882078073405741778e-02
4.684800000000000182e+03 -1.944846706738673561e-02
4.688000000000000000e+03 -2.006465086224110475e-02
4.691199999999999818e+03 -2.065807535673145484e-02
4.694399999999999636e+03 -2.122701486069110410e-02
4.697600000000000364e+03 -2.177707009408036756e-02
4.700800000000000182e+03 -2.231641530420552105e-02
4.704000000000000000e+03 -2.285065368076524828e-02
4.707199999999999818e+03 -2.337929053928189047e-02
4.710399999999999636e+03 -2.389494292387204372e-02
4.713600000000000364e+03 -2.438519698740028441e-02
4.716800000000000182e+03 -2.483601737394208406e-02
4.720000000000000000e+03 -2.523519694063907151e-02
4.723199999999999818e+03 -2.557459782992412695e-02
4.726399999999999636e+03 -2.585065177931906294e-02
4.729600000000000364e+03 -2.606337399044621195e-02
4.732800000000000182e+03 -2.621465016021172142e-02
4.736000000000000000e+03 -2.630661846784953725e-02
4.739199999999999818e+03 -2.634067617380921739e-02
4.742399999999999636e+03 -2.631724312510455577e-02
4.745600000000000364e+03 -2.623612398200406495e-02
4.748800000000000182e+03 -2.609718075085756470e-02
4.752000000000000000e+03 -2.590101168007993837e-02
4.755199999999999818e+03 -2.564940188451661149e-02
4.758399999999999636e+03 -2.534545491669598291e-02
4.761600000000000364e+03 -2.499347449064097740e-02
4.764800000000000182e+03 -2.459874620991659919e-02
4.768000000000000000e+03 -2.416733256637585217e-02
4.771199999999999818e+03 -2.370590320664538869e-02
4.774399999999999636e+03 -2.322157102509884649e-02
4.777600000000000364e+03 -2.272172861870134369e-02
4.780800000000000182e+03 -2.221393647146168229e-02
4.784000000000000000e+03 -2.170593272680288247e-02
4.787199999999999818e+03 -2.120577423820180218e-02
4.790399999999999636e+03 -2.072200012656996715e-02
4.793600000000000364e+03 -2.026360480406341411e-02
4.796800000000000182e+03 -1.983960383789467805e-02
4.800000000000000000e+03 -1.945811795941126618e-02
4.803199999999999818e+03 -1.912514088012210248e-02
4.806399999999999636e+03 -1.884335716539441846e-02
4.809600000000000364e+03 -1.861139877810851287e-02
4.812800000000000182e+03 -1.842375953260189103e-02
4.816000000000000000e+03 -1.827135537369753426e-02
4.819199999999999818e+03 -1.814255820588487472e-02
4.822399999999999636e+03 -1.802444376429410827e-02
4.825600000000000364e+03 -1.790390839338207654e-02
4.828800000000000182e+03 -1.776825603078309099e-02
4.832000000000000000e+03 -1.760498599358447866e-02
4.835199999999999818e+03 -1.740088609097807312e-02
4.838399999999999636e+03 -1.714096138635777533e-02
4.841600000000000364e+03 -1.680789324107297145e-02
4.844800000000000182e+03 -1.638249340077165689e-02
4.848000000000000000e+03 -1.584516008720506311e-02
4.851199999999999818e+03 -1.517794453071961980e-02
4.854399999999999636e+03 -1.436666897347226544e-02
4.857600000000000364e+03 -1.340260052829529355e-02
4.860800000000000182e+03 -1.228339472984235278e-02
4.864000000000000000e+03 -1.101327171346176172e-02
4.867199999999999818e+03 -9.602558221084375387e-03
4.870399999999999636e+03 -8.066743706007887052e-03
4.873600000000000364e+03 -6.425121017294309865e-03
4.876800000000000182e+03 -4.699094791596505373e-03
4.880000000000000000e+03 -2.910447438677386551e-03
4.883199999999999818e+03 -1.080088688977821508e-03
4.886399999999999636e+03 7.722526061074462067e-04
4.889600000000000364e+03 2.627445726055818286e-03
4.892800000000000182e+03 4.466203414208094226e-03
4.896000000000000000e+03 6.269199670059768560e-03
4.899199999999999818e+03 8.018807643442531219e-03
4.902399999999999636e+03 9.702404201732395955e-03
4.905600000000000364e+03 1.131622271960496494e-02
4.908800000000000182e+03 1.286802709518463338e-02
4.912000000000000000e+03 1.437694658221660808e-02
4.915199999999999818e+03 1.587002357851160020e-02
4.918399999999999636e+03 1.737696139177455357e-02
4.921600000000000364e+03 1.892580650106708354e-02
4.924800000000000182e+03 2.054154276703777995e-02
4.928000000000000000e+03 2.224713647060519439e-02
4.931199999999999818e+03 2.406450130892585568e-02
4.934399999999999636e+03 2.601303019989172072e-02
4.937600000000000364e+03 2.810555241256322556e-02
4.940800000000000182e+03 3.034379401581926983e-02
4.944000000000000000e+03 3.271592017194133173e-02
4.947199999999999818e+03 3.519754996832974436e-02
4.950399999999999636e+03 3.775590200214753306e-02
4.953600000000000364e+03 4.035525592597598993e-02
4.956800000000000182e+03 4.296093975089624456e-02
4.960000000000000000e+03 4.553917725055629112e-02
4.963199999999999818e+03 4.805234654658277482e-02
4.966399999999999636e+03 5.045315222948940082e-02
4.969600000000000364e+03 5.268391607106967522e-02
4.972800000000000182e+03 5.468507422967247567e-02
4.976000000000000000e+03 5.641018198526815547e-02
4.979199999999999818e+03 5.783867889106011906e-02
4.982399999999999636e+03 5.897853738919833083e-02
4.985600000000000364e+03 5.985896273188420075e-02
4.988800000000000182e+03 6.052152913554116609e-02
4.992000000000000000e+03 6.101871673908126209e-02
4.995199999999999818e+03 6.142091405171636043e-02
4.998399999999999636e+03 6.182365353334560304e-02
5.001600000000000364e+03 6.234439866935558017e-02
5.004800000000000182e+03 6.310465014537816608e-02
5.008000000000000000e+03 6.420301661245139679e-02
5.011199999999999818e+03 6.569058578773069590e-02
5.014399999999999636e+03 6.755827444556089523e-02
5.017600000000000364e+03 6.973846107525280558e-02
5.020800000000000182e+03 7.211621583032166993e-02
5.024000000000000000e+03 7.454333741411300895e-02
5.027199999999999818e+03 7.685104212009416513e-02
5.030399999999999636e+03 7.886140077521580638e-02
5.033600000000000364e+03 8.040002804434841222e-02
5.036800000000000182e+03 8.131150240399596940e-02
5.040000000000000000e+03 8.147548463374502947e-02
5.043199999999999818e+03 8.081835521615303441e-02
5.046399999999999636e+03 7.931523091874347065e-02
5.049600000000000364e+03 7.698093508798227458e-02
5.052800000000000182e+03 7.385340047390630269e-02
5.056000000000000000e+03 6.997582841210564508e-02
5.059199999999999818e+03 6.538365395733748697e-02
5.062399999999999636e+03 6.010051335911861109e-02
5.065600000000000364e+03 5.414564785119112961e-02
5.068800000000000182e+03 4.755317655886529687e-02
5.072000000000000000e+03 4.039992649410985986e-02
5.075199999999999818e+03 3.283298890512081208e-02
5.078399999999999636e+03 2.508358670180309974e-02
5.081600000000000364e+03 1.745405027692446820e-02
5.084800000000000182e+03 1.027175078436150940e-02
5.088000000000000000e+03 3.816070654430332807e-03
5.091199999999999818e+03 -1.762926087489933213e-03
5.094399999999999636e+03 -6.507986887524029422e-03
5.097600000000000364e+03 -1.067502339019388465e-02
5.100800000000000182e+03 -1.469373412626740968e-02
5.104000000000000000e+03 -1.906559189212845770e-02
5.107199999999999818e+03 -2.421216202044216767e-02
5.110399999999999636e+03 -3.030350380104593691e-02
5.113600000000000364e+03 -3.711254564438514619e-02
5.116800000000000182e+03 -4.395147971855390551e-02
5.120000000000000000e+03 -4.974064531303289821e-02
5.123199999999999818e+03 -5.323028204136763530e-02
5.126399999999999636e+03 -5.334212294560360806e-02
5.129600000000000364e+03 -4.953781689361751173e-02
5.132800000000000182e+03 -4.208314186367386606e-02
5.136000000000000000e+03 -3.208791054746935184e-02
5.139199999999999818e+03 -2.127022251735841488e-02
5.142399999999999636e+03 -1.150019581978313672e-02
5.145600000000000364e+03 -4.276980339361673850e-03
5.148800000000000182e+03 -3.328671252270675764e-04
5.152000000000000000e+03 4.877532126507955223e-04
5.155199999999999818e+03 -9.572239543274754358e-04
5.158399999999999636e+03 -3.501400635127824030e-03
5.161600000000000364e+03 -6.093903492070786368e-03
5.164800000000000182e+03 -8.084524728091247933e-03
5.168000000000000000e+03 -9.286649858204742633e-03
5.171199999999999818e+03 -9.846754907636104392e-03
5.174399999999999636e+03 -1.002897779598461124e-02
5.177600000000000364e+03 -1.003650235924666637e-02
5.180800000000000182e+03 -9.943310006702697768e-03
5.184000000000000000e+03 -9.735741501078790452e-03
5.187199999999999818e+03 -9.405771782918286028e-03
5.190399999999999636e+03 -9.023255953847507047e-03
5.193600000000000364e+03 -8.741861340877106132e-03
5.196800000000000182e+03 -8.740187084590083158e-03
5.200000000000000000e+03 -9.136975994365449660e-03
5.203199999999999818e+03 -9.929180178696520379e-03
5.206399999999999636e+03 -1.098400752504344324e-02
5.209600000000000364e+03 -1.208539016337133003e-02
5.212800000000000182e+03 -1.300960766830750598e-02
5.216000000000000000e+03 -1.359555309665205595e-02
5.219199999999999818e+03 -1.378317180134489180e-02
5.222399999999999636e+03 -1.361147353258362371e-02
5.225600000000000364e+03 -1.318516900722481108e-02
5.228800000000000182e+03 -1.262896988227867577e-02
5.232000000000000000e+03 -1.204859296028989828e-02
5.235199999999999818e+03 -1.150997120571672916e-02
5.238399999999999636e+03 -1.103808261216909260e-02
5.241600000000000364e+03 -1.062898101314205777e-02
5.244800000000000182e+03 -1.026569736157158068e-02
5.248000000000000000e+03 -9.930543085423708047e-03
5.251199999999999818e+03 -9.610781741731697428e-03
5.254399999999999636e+03 -9.298835575890493366e-03
5.257600000000000364e+03 -8.990194637936013006e-03
5.260800000000000182e+03 -8.681705035246328056e-03
5.264000000000000000e+03 -8.371095783244575372e-03
5.267199999999999818e+03 -8.057146761325033671e-03
