0.000000000000000000e+00 6.798770698160794788e-03
3.200000000000000178e+00 6.825272486782752411e-03
6.400000000000000355e+00 6.853184458608715252e-03
9.599999999999999645e+00 6.882367600931702314e-03
1.280000000000000071e+01 6.912680689092280673e-03
1.600000000000000000e+01 6.943979851933815457e-03
1.919999999999999929e+01 6.976118639582179655e-03
2.239999999999999858e+01 7.008948211602124799e-03
2.560000000000000142e+01 7.042317280530182612e-03
2.880000000000000071e+01 7.076072315982834607e-03
3.200000000000000000e+01 7.110057516080833806e-03
3.520000000000000284e+01 7.144114988810091119e-03
3.839999999999999858e+01 7.178084756782459989e-03
4.160000000000000142e+01 7.211804919905037171e-03
4.479999999999999716e+01 7.245111686652908403e-03
4.800000000000000000e+01 7.277839524374854659e-03
5.120000000000000284e+01 7.309821211024514903e-03
5.439999999999999858e+01 7.340887978041613776e-03
5.760000000000000142e+01 7.370869578182654910e-03
6.079999999999999716e+01 7.399594424011841053e-03
6.400000000000000000e+01 7.426889668476880507e-03
6.720000000000000284e+01 7.452581341142142969e-03
7.040000000000000568e+01 7.476494439414557019e-03
7.359999999999999432e+01 7.498453064159050878e-03
7.679999999999999716e+01 7.518280520164237653e-03
8.000000000000000000e+01 7.535799451913243949e-03
8.320000000000000284e+01 7.550831950758432956e-03
8.640000000000000568e+01 7.563199690331795684e-03
8.959999999999999432e+01 7.572724040603382063e-03
9.279999999999999716e+01 7.579226205907265736e-03
9.600000000000000000e+01 7.582527344870241236e-03
9.920000000000000284e+01 7.582448707407837482e-03
1.024000000000000057e+02 7.578811757465485702e-03
1.055999999999999943e+02 7.571438312283073312e-03
1.087999999999999972e+02 7.560150671584758147e-03
1.120000000000000000e+02 7.544771757487061387e-03
1.152000000000000028e+02 7.525125243884171235e-03
1.184000000000000057e+02 7.501035695303863611e-03
1.215999999999999943e+02 7.472328700252593194e-03
1.247999999999999972e+02 7.438831012653664490e-03
1.280000000000000000e+02 7.400370687605323239e-03
1.311999999999999886e+02 7.356777221964458206e-03
1.344000000000000057e+02 7.307881689617943925e-03
1.375999999999999943e+02 7.253516878825121833e-03
1.408000000000000114e+02 7.193517425828922437e-03
1.440000000000000000e+02 7.127719953302608970e-03
1.471999999999999886e+02 7.055963209488381668e-03
1.504000000000000057e+02 6.978088208696673136e-03
1.535999999999999943e+02 6.893938366540745301e-03
1.568000000000000114e+02 6.803359632323359614e-03
1.600000000000000000e+02 6.706200620601580377e-03
1.631999999999999886e+02 6.602312745435272474e-03
1.664000000000000057e+02 6.491550356118151038e-03
1.695999999999999943e+02 6.373770870850427317e-03
1.728000000000000114e+02 6.248834907098586335e-03
1.760000000000000000e+02 6.116606407435492589e-03
1.791999999999999886e+02 5.976952764103588348e-03
1.824000000000000057e+02 5.829744941131002542e-03
1.855999999999999943e+02 5.674857596798197831e-03
1.888000000000000114e+02 5.512169203253135599e-03
1.920000000000000000e+02 5.341562166293885999e-03
1.951999999999999886e+02 5.162922941316569307e-03
1.984000000000000057e+02 4.976142148131091833e-03
2.015999999999999943e+02 4.781114679494958934e-03
2.048000000000000114e+02 4.577739807584006552e-03
2.080000000000000000e+02 4.365921285309667423e-03
2.111999999999999886e+02 4.145567448445032152e-03
2.144000000000000057e+02 3.916591314492644249e-03
2.175999999999999943e+02 3.678910682269836627e-03
2.208000000000000114e+02 3.432448224429524714e-03
2.240000000000000000e+02 3.177131575617833485e-03
2.271999999999999886e+02 2.912893412186328638e-03
2.304000000000000057e+02 2.639671533027109981e-03
2.335999999999999943e+02 2.357408938738350147e-03
2.368000000000000114e+02 2.066053910362194036e-03
2.400000000000000000e+02 1.765560077451264155e-03
2.431999999999999886e+02 1.455886480746302345e-03
2.464000000000000057e+02 1.136997630841957933e-03
2.495999999999999943e+02 8.088635692287553291e-04
2.528000000000000114e+02 4.714599250193615373e-04
2.560000000000000000e+02 1.247679645004037179e-04
2.591999999999999886e+02 -2.312253643941937162e-04
2.623999999999999773e+02 -5.965273947167925792e-04
2.656000000000000227e+02 -9.711396918710920884e-04
2.688000000000000114e+02 -1.355058143957930776e-03
2.720000000000000000e+02 -1.748273627589820231e-03
2.751999999999999886e+02 -2.150772359964353911e-03
2.783999999999999773e+02 -2.562535916628483085e-03
2.816000000000000227e+02 -2.983541223523094709e-03
2.848000000000000114e+02 -3.413760554892999663e-03
2.880000000000000000e+02 -3.853161535235583631e-03
2.911999999999999886e+02 -4.301707152002114988e-03
2.943999999999999773e+02 -4.759355775535514983e-03
2.976000000000000227e+02 -5.226061187573916196e-03
3.008000000000000114e+02 -5.701772607344103745e-03
3.040000000000000000e+02 -6.186434715058825723e-03
3.071999999999999886e+02 -6.679987663801832155e-03
3.103999999999999773e+02 -7.182367086303213972e-03
3.136000000000000227e+02 -7.693504096847407145e-03
3.168000000000000114e+02 -8.213325306848645938e-03
3.200000000000000000e+02 -8.741752860676854642e-03
3.231999999999999886e+02 -9.278704502664629136e-03
3.263999999999999773e+02 -9.824093660429330035e-03
3.296000000000000227e+02 -1.037782953289118418e-02
3.328000000000000114e+02 -1.093981715734072824e-02
3.360000000000000000e+02 -1.150995745139527654e-02
3.391999999999999886e+02 -1.208814722564596419e-02
3.423999999999999773e+02 -1.267427918549020316e-02
3.456000000000000227e+02 -1.326824193052232939e-02
3.488000000000000114e+02 -1.386991997097531196e-02
3.520000000000000000e+02 -1.447919376665969884e-02
3.551999999999999886e+02 -1.509593980942635846e-02
3.583999999999999773e+02 -1.572003075910596501e-02
3.616000000000000227e+02 -1.635133564947344187e-02
3.648000000000000114e+02 -1.698972015613421996e-02
3.680000000000000000e+02 -1.763504693360945855e-02
3.711999999999999886e+02 -1.828717599467202803e-02
3.743999999999999773e+02 -1.894596481332410515e-02
3.776000000000000227e+02 -1.961126680607255812e-02
3.808000000000000114e+02 -2.028292560878689615e-02
3.840000000000000000e+02 -2.096076479077475102e-02
3.871999999999999886e+02 -2.164458591365979456e-02
3.903999999999999773e+02 -2.233421426272038865e-02
3.936000000000000227e+02 -2.302964483567566598e-02
3.968000000000000114e+02 -2.373127139278371697e-02
4.000000000000000000e+02 -2.443996936355311705e-02
4.031999999999999886e+02 -2.515655989949575413e-02
4.063999999999999773e+02 -2.588031254220379829e-02
4.096000000000000227e+02 -2.660708587562107472e-02
4.128000000000000114e+02 -2.732914882920201016e-02
4.160000000000000000e+02 -2.803906329248929616e-02
4.191999999999999886e+02 -2.873739260472766427e-02
4.223999999999999773e+02 -2.943904186479945687e-02
4.256000000000000227e+02 -3.017029460272145636e-02
4.288000000000000114e+02 -3.095332836770003232e-02
4.320000000000000000e+02 -3.178630262631663983e-02
4.351999999999999886e+02 -3.263536829139072892e-02
4.383999999999999773e+02 -3.344952772341265590e-02
4.416000000000000227e+02 -3.419140333099607992e-02
4.448000000000000114e+02 -3.486223136025549257e-02
4.480000000000000000e+02 -3.550286574220964247e-02
4.511999999999999886e+02 -3.617141400225149656e-02
4.543999999999999773e+02 -3.691379297796412023e-02
4.576000000000000227e+02 -3.774313932874868299e-02
4.608000000000000114e+02 -3.863415860621697423e-02
4.640000000000000000e+02 -3.953280323702674376e-02
4.671999999999999886e+02 -4.038074579250212903e-02
4.703999999999999773e+02 -4.114754395198193943e-02
4.736000000000000227e+02 -4.185119321569611556e-02
4.768000000000000114e+02 -4.254712306679543643e-02
4.800000000000000000e+02 -4.328799324918392033e-02
4.831999999999999886e+02 -4.408502127924942421e-02
4.863999999999999773e+02 -4.490440998236341907e-02
4.896000000000000227e+02 -4.570139907852647371e-02
4.928000000000000114e+02 -4.645921182521025455e-02
4.960000000000000000e+02 -4.719759464064336024e-02
4.991999999999999886e+02 -4.794794635787875958e-02
5.023999999999999773e+02 -4.872391077028139644e-02
5.056000000000000227e+02 -4.951522755590647557e-02
5.088000000000000114e+02 -5.030435263786724176e-02
5.120000000000000000e+02 -5.108366818325774106e-02
5.152000000000000455e+02 -5.185703142071194927e-02
5.183999999999999773e+02 -5.263016343471976083e-02
5.216000000000000227e+02 -5.340402130256726582e-02
5.247999999999999545e+02 -5.417665493671292021e-02
5.280000000000000000e+02 -5.494734800341329051e-02
5.312000000000000455e+02 -5.571644787296425178e-02
5.343999999999999773e+02 -5.648218220823592040e-02
5.376000000000000227e+02 -5.723988902149820812e-02
5.407999999999999545e+02 -5.798525004649821707e-02
5.440000000000000000e+02 -5.871783677146993202e-02
5.472000000000000455e+02 -5.944118121828292217e-02
5.503999999999999773e+02 -6.015970291351967203e-02
5.536000000000000227e+02 -6.087577128484698841e-02
5.567999999999999545e+02 -6.158920842116733657e-02
5.600000000000000000e+02 -6.229864435227342595e-02
5.632000000000000455e+02 -6.300271488426376076e-02
5.663999999999999773e+02 -6.370013552389301725e-02
5.696000000000000227e+02 -6.438938065792539078e-02
5.727999999999999545e+02 -6.506897300169700582e-02
5.760000000000000000e+02 -6.573823249385638001e-02
5.792000000000000455e+02 -6.639734589960112621e-02
5.823999999999999773e+02 -6.704572080251575139e-02
5.856000000000000227e+02 -6.767807788801490088e-02
5.887999999999999545e+02 -6.827776759538389806e-02
5.920000000000000000e+02 -6.880683778760536551e-02
5.952000000000000455e+02 -6.919344060643366212e-02
5.983999999999999773e+02 -6.931913504043712981e-02
6.016000000000000227e+02 -6.901023223910106308e-02
6.047999999999999545e+02 -6.803752454481010181e-02
6.080000000000000000e+02 -6.612750394069717708e-02
6.112000000000000455e+02 -6.298584180313521186e-02
6.143999999999999773e+02 -5.833071975173048651e-02
6.176000000000000227e+02 -5.193026406623816454e-02
6.207999999999999545e+02 -4.363627914682752240e-02
6.240000000000000000e+02 -3.340697802781342901e-02
6.272000000000000455e+02 -2.131443538792713449e-02
6.303999999999999773e+02 -7.536679357443353683e-03
6.336000000000000227e+02 7.662000673891038866e-03
6.367999999999999545e+02 2.395701164828587665e-02
6.400000000000000000e+02 4.099039333609287572e-02
6.432000000000000455e+02 5.839550302493273087e-02
6.463999999999999773e+02 7.581891060605339128e-02
6.496000000000000227e+02 9.294071222276636957e-02
6.527999999999999545e+02 1.094942307185420710e-01
6.560000000000000000e+02 1.252840601402096243e-01
6.592000000000000455e+02 1.401989503866392928e-01
6.623999999999999773e+02 1.542147387990470686e-01
6.656000000000000227e+02 1.673835055739349709e-01
6.687999999999999545e+02 1.798084226231405069e-01
6.720000000000000000e+02 1.916083465994058710e-01
6.752000000000000455e+02 2.028802863711261228e-01
6.783999999999999773e+02 2.136695968217341146e-01
6.816000000000000227e+02 2.239560144885386073e-01
6.847999999999999545e+02 2.336587661097537794e-01
6.880000000000000000e+02 2.426577820401374930e-01
6.912000000000000455e+02 2.508231430352212965e-01
6.943999999999999773e+02 2.580432490123353850e-01
6.976000000000000227e+02 2.642440250799468759e-01
7.007999999999999545e+02 2.693953731614496805e-01
7.040000000000000000e+02 2.735052772874074778e-01
7.072000000000000455e+02 2.766053622310070126e-01
7.103999999999999773e+02 2.787337334125722377e-01
7.136000000000000227e+02 2.799210744622220859e-01
7.167999999999999545e+02 2.801839395023794643e-01
7.200000000000000000e+02 2.795256269574624697e-01
7.232000000000000455e+02 2.779417722435640892e-01
7.263999999999999773e+02 2.754266604157509235e-01
7.296000000000000227e+02 2.719775757413372408e-01
7.327999999999999545e+02 2.675968494898338657e-01
7.360000000000000000e+02 2.622927183538113494e-01
7.392000000000000455e+02 2.560798742740745815e-01
7.423999999999999773e+02 2.489795061203381732e-01
7.456000000000000227e+02 2.410181495848489064e-01
7.487999999999999545e+02 2.322253581155377666e-01
7.520000000000000000e+02 2.226312985891490126e-01
7.552000000000000455e+02 2.122656078807966806e-01
7.583999999999999773e+02 2.011578679697797190e-01
7.616000000000000227e+02 1.893388178039686620e-01
7.647999999999999545e+02 1.768411653101677750e-01
7.680000000000000000e+02 1.636997767970231610e-01
7.712000000000000455e+02 1.499520076928643197e-01
7.743999999999999773e+02 1.356388298063571363e-01
7.776000000000000227e+02 1.208062926264092812e-01
7.807999999999999545e+02 1.055060144419031343e-01
7.840000000000000000e+02 8.979388542389352135e-02
7.872000000000000455e+02 7.372757924587390599e-02
7.903999999999999773e+02 5.736435320475371386e-02
7.936000000000000227e+02 4.076005567014186204e-02
7.967999999999999545e+02 2.396891167683851478e-02
8.000000000000000000e+02 7.043034759380503024e-03
8.032000000000000455e+02 -9.968594388110025781e-03
8.063999999999999773e+02 -2.702064941506179471e-02
8.096000000000000227e+02 -4.407019677366777466e-02
8.127999999999999545e+02 -6.107364823010791310e-02
8.160000000000000000e+02 -7.798359771691922016e-02
8.192000000000000455e+02 -9.474765563383821809e-02
8.223999999999999773e+02 -1.113101296584492056e-01
8.256000000000000227e+02 -1.276155283817410613e-01
8.287999999999999545e+02 -1.436119125436283173e-01
8.320000000000000000e+02 -1.592526068800565742e-01
8.352000000000000455e+02 -1.744959391869257415e-01
8.383999999999999773e+02 -1.893034210561888309e-01
8.416000000000000227e+02 -2.036368394729283215e-01
8.447999999999999545e+02 -2.174546491873273202e-01
8.480000000000000000e+02 -2.307084037499914919e-01
8.512000000000000455e+02 -2.433405750420747360e-01
8.543999999999999773e+02 -2.552852494429021513e-01
8.576000000000000227e+02 -2.664723372554159142e-01
8.607999999999999545e+02 -2.768343840482979656e-01
8.640000000000000000e+02 -2.863137496523702752e-01
8.672000000000000455e+02 -2.948676474685353877e-01
8.703999999999999773e+02 -3.024694561622990330e-01
8.736000000000000227e+02 -3.091062756692896651e-01
8.767999999999999545e+02 -3.147740797612617047e-01
8.800000000000000000e+02 -3.194724007078798000e-01
8.832000000000000455e+02 -3.232001255196128020e-01
8.863999999999999773e+02 -3.259530515662196204e-01
8.896000000000000227e+02 -3.277229829819186535e-01
8.927999999999999545e+02 -3.284978361822406545e-01
8.960000000000000000e+02 -3.282624529186033424e-01
8.992000000000000455e+02 -3.270001579416397242e-01
9.023999999999999773e+02 -3.246951320094391136e-01
9.056000000000000227e+02 -3.213353675400890674e-01
9.087999999999999545e+02 -3.169156132298237005e-01
9.120000000000000000e+02 -3.114395555506935254e-01
9.152000000000000455e+02 -3.049205865157535444e-01
9.183999999999999773e+02 -2.973808099322842735e-01
9.216000000000000227e+02 -2.888483967390206297e-01
9.247999999999999545e+02 -2.793539578323755990e-01
9.280000000000000000e+02 -2.689270921080308963e-01
9.312000000000000455e+02 -2.575944078145790961e-01
9.343999999999999773e+02 -2.453798735077594717e-01
9.376000000000000227e+02 -2.323073758390516164e-01
9.407999999999999545e+02 -2.184042917909251036e-01
9.440000000000000000e+02 -2.037043988436350594e-01
9.472000000000000455e+02 -1.882489712609830002e-01
9.503999999999999773e+02 -1.720861636653626958e-01
9.536000000000000227e+02 -1.552698581187070825e-01
9.567999999999999545e+02 -1.378592194466798093e-01
9.600000000000000000e+02 -1.199192548049526214e-01
9.632000000000000455e+02 -1.015215391962392133e-01
9.663999999999999773e+02 -8.274386233634202503e-02
9.696000000000000227e+02 -6.366808632300016701e-02
9.727999999999999545e+02 -4.437645027279066290e-02
9.760000000000000000e+02 -2.494727380237476283e-02
9.792000000000000455e+02 -5.451259142298874039e-03
9.823999999999999773e+02 1.405052261566826916e-02
9.856000000000000227e+02 3.350625109396646040e-02
9.887999999999999545e+02 5.287049565704717707e-02
9.920000000000000000e+02 7.209953974568814039e-02
9.952000000000000455e+02 9.114615778979960614e-02
9.983999999999999773e+02 1.099553457824579139e-01
1.001600000000000023e+03 1.284623657640328043e-01
1.004799999999999955e+03 1.465939999552696438e-01
1.008000000000000000e+03 1.642730772620777657e-01
1.011200000000000045e+03 1.814251696397541636e-01
1.014399999999999977e+03 1.979852550408695289e-01
1.017600000000000023e+03 2.139017437998764204e-01
1.020799999999999955e+03 2.291359254965027181e-01
1.024000000000000000e+03 2.436563709086556340e-01
1.027200000000000045e+03 2.574295212563621482e-01
1.030400000000000091e+03 2.704091270293380034e-01
1.033599999999999909e+03 2.825280792470695190e-01
1.036799999999999955e+03 2.936961638612479719e-01
1.040000000000000000e+03 3.038059189334849641e-01
1.043200000000000045e+03 3.127460380342809709e-01
1.046400000000000091e+03 3.204185458245042972e-01
1.049599999999999909e+03 3.267539239276589513e-01
1.052799999999999955e+03 3.317188267962041803e-01
1.056000000000000000e+03 3.353139697503705330e-01
1.059200000000000045e+03 3.375637134030062825e-01
1.062400000000000091e+03 3.385018540832541722e-01
1.065599999999999909e+03 3.381589276353942353e-01
1.068799999999999955e+03 3.365549667110285803e-01
1.072000000000000000e+03 3.336990708858096899e-01
1.075200000000000045e+03 3.295945336516209467e-01
1.078400000000000091e+03 3.242464989466349312e-01
1.081599999999999909e+03 3.176686157392698551e-01
1.084799999999999955e+03 3.098859587665877546e-01
1.088000000000000000e+03 3.009332805905921004e-01
1.091200000000000045e+03 2.908497709871555870e-01
1.094400000000000091e+03 2.796729761553199967e-01
1.097599999999999909e+03 2.674346286986014065e-01
1.100799999999999955e+03 2.541599006198062005e-01
1.104000000000000000e+03 2.398699098572085187e-01
1.107200000000000045e+03 2.245862335779568175e-01
1.110400000000000091e+03 2.083360522699338746e-01
1.113599999999999909e+03 1.911568915900684063e-01
1.116799999999999955e+03 1.731001582766286129e-01
1.120000000000000000e+03 1.542327482120421367e-01
1.123200000000000045e+03 1.346363137043431191e-01
1.126400000000000091e+03 1.144044347687525887e-01
1.129599999999999909e+03 9.363853809413673346e-02
1.132799999999999955e+03 7.244348479120435447e-02
1.136000000000000000e+03 5.092339194494473198e-02
1.139200000000000045e+03 2.917802040491788984e-02
1.142400000000000091e+03 7.300243401869748947e-03
1.145599999999999909e+03 -1.462470900769811608e-02
1.148799999999999955e+03 -3.651794256486349394e-02
1.152000000000000000e+03 -5.830409936117506714e-02
1.155200000000000045e+03 -7.990811709157066844e-02
1.158400000000000091e+03 -1.012522666265908283e-01
1.161599999999999909e+03 -1.222536664712365051e-01
1.164799999999999955e+03 -1.428226088927198323e-01
1.168000000000000000e+03 -1.628626610169712496e-01
1.171200000000000045e+03 -1.822736085481198587e-01
1.174400000000000091e+03 -2.009574031827825735e-01
1.177599999999999909e+03 -2.188260050269740797e-01
1.180799999999999955e+03 -2.358091757480614559e-01
1.184000000000000000e+03 -2.518598491718906929e-01
1.187200000000000045e+03 -2.669543731607822434e-01
1.190400000000000091e+03 -2.810851977599456153e-01
1.193599999999999909e+03 -2.942455486314298763e-01
1.196799999999999955e+03 -3.064092775025617499e-01
1.200000000000000000e+03 -3.175125505355345101e-01
1.203200000000000045e+03 -3.274448675868615877e-01
1.206400000000000091e+03 -3.360541947594879453e-01
1.209599999999999909e+03 -3.431660849898382493e-01
1.212799999999999955e+03 -3.486118905906707144e-01
1.216000000000000000e+03 -3.522582326216351367e-01
1.219200000000000045e+03 -3.540294406772057090e-01
1.222400000000000091e+03 -3.539168502317170395e-01
1.225599999999999909e+03 -3.519732814612547278e-01
1.228799999999999955e+03 -3.482961956612558030e-01
1.232000000000000000e+03 -3.430063899193409038e-01
1.235200000000000045e+03 -3.362288661394232103e-01
1.238400000000000091e+03 -3.280793981558231542e-01
1.241599999999999909e+03 -3.186569194945236272e-01
1.244799999999999955e+03 -3.080402026664422199e-01
1.248000000000000000e+03 -2.962873633976849108e-01
1.251200000000000045e+03 -2.834373056073321573e-01
1.254400000000000091e+03 -2.695126503335688040e-01
1.257599999999999909e+03 -2.545240681116402448e-01
1.260799999999999955e+03 -2.384762425925640861e-01
1.264000000000000000e+03 -2.213755043572558923e-01
1.267200000000000045e+03 -2.032383603354570856e-01
1.270400000000000091e+03 -1.840993086607977391e-01
1.273599999999999909e+03 -1.640162062099207729e-01
1.276799999999999955e+03 -1.430721302883591062e-01
1.280000000000000000e+03 -1.213736066461518076e-01
1.283200000000000045e+03 -9.904574325378655286e-02
1.286400000000000091e+03 -7.622512482414213475e-02
1.289599999999999909e+03 -5.305148711112848275e-02
1.292799999999999955e+03 -2.965936314187194930e-02
1.296000000000000000e+03 -6.171069269905180184e-03
1.299200000000000045e+03 1.730754303069946196e-02
1.302400000000000091e+03 4.068739043160960606e-02
1.305599999999999909e+03 6.389207760616355536e-02
1.308799999999999955e+03 8.685020650075184201e-02
1.312000000000000000e+03 1.094861042395191414e-01
1.315200000000000045e+03 1.317116864597023818e-01
1.318400000000000091e+03 1.534220018067558866e-01
1.321599999999999909e+03 1.744961724024964023e-01
1.324799999999999955e+03 1.948042443015077230e-01
1.328000000000000000e+03 2.142189757842183073e-01
1.331200000000000045e+03 2.326299826077346811e-01
1.334400000000000091e+03 2.499564698830886167e-01
1.337599999999999909e+03 2.661545957432343013e-01
1.340799999999999955e+03 2.812164337148002069e-01
1.344000000000000000e+03 2.951592359600209714e-01
1.347200000000000045e+03 3.080060312890363639e-01
1.350400000000000091e+03 3.197613480956494336e-01
1.353599999999999909e+03 3.303883852499179818e-01
1.356799999999999955e+03 3.397950411133143778e-01
1.360000000000000000e+03 3.478347596370762185e-01
1.363200000000000045e+03 3.543240735672156250e-01
1.366400000000000091e+03 3.590732583620797058e-01
1.369599999999999909e+03 3.619218239530108683e-01
1.372799999999999955e+03 3.627687608314277279e-01
1.376000000000000000e+03 3.615893675396038009e-01
1.379200000000000045e+03 3.584351621166926849e-01
1.382400000000000091e+03 3.534186874707255788e-01
1.385599999999999909e+03 3.466889472648972403e-01
1.388799999999999955e+03 3.384047466498121826e-01
1.392000000000000000e+03 3.287123957598052648e-01
1.395200000000000045e+03 3.177317664966984867e-01
1.398400000000000091e+03 3.055516025049860307e-01
1.401599999999999909e+03 2.922323212207716958e-01
1.404799999999999955e+03 2.778130865851557441e-01
1.408000000000000000e+03 2.623199440904779856e-01
1.411200000000000045e+03 2.457729978478057353e-01
1.414400000000000091e+03 2.281921899537979470e-01
1.417599999999999909e+03 2.096023018266570670e-01
1.420799999999999955e+03 1.900378534847936007e-01
1.424000000000000000e+03 1.695479006440359926e-01
1.427200000000000045e+03 1.482000340013771011e-01
1.430400000000000091e+03 1.260826705666390490e-01
1.433599999999999909e+03 1.033049624591834276e-01
1.436799999999999955e+03 7.999401993637388075e-02
1.440000000000000000e+03 5.628946590159750879e-02
1.443200000000000045e+03 3.233568872884112072e-02
1.446400000000000091e+03 8.272712935947385340e-03
1.449599999999999909e+03 -1.577264506429069610e-02
1.452799999999999955e+03 -3.969306515998680118e-02
1.456000000000000000e+03 -6.340224407346588265e-02
1.459200000000000045e+03 -8.683045316866079555e-02
1.462400000000000091e+03 -1.099146758388694634e-01
1.465599999999999909e+03 -1.325856849425471329e-01
1.468799999999999955e+03 -1.547557031653678250e-01
1.472000000000000000e+03 -1.763107046348167672e-01
1.475200000000000045e+03 -1.971108179635547297e-01
1.478400000000000091e+03 -2.170005597107000084e-01
1.481599999999999909e+03 -2.358278153536205735e-01
1.484799999999999955e+03 -2.534671673487792765e-01
1.488000000000000000e+03 -2.698405389904693918e-01
1.491200000000000045e+03 -2.849275295446892509e-01
1.494400000000000091e+03 -2.987599918393993303e-01
1.497599999999999909e+03 -3.113999411924846528e-01
1.500799999999999955e+03 -3.229053696266704909e-01
1.504000000000000000e+03 -3.332931681568805926e-01
1.507200000000000045e+03 -3.425105540244928748e-01
1.510400000000000091e+03 -3.504251575667152729e-01
1.513599999999999909e+03 -3.568390961925815286e-01
1.516799999999999955e+03 -3.615250171013408842e-01
1.520000000000000000e+03 -3.642746069038321766e-01
1.523200000000000045e+03 -3.649454198834209961e-01
1.526400000000000091e+03 -3.634921727275663428e-01
1.529599999999999909e+03 -3.599738742883042408e-01
1.532799999999999955e+03 -3.545361125662918611e-01
1.536000000000000000e+03 -3.473753541834831982e-01
1.539200000000000045e+03 -3.386966790611888878e-01
1.542400000000000091e+03 -3.286769527796934431e-01
1.545599999999999909e+03 -3.174424616546479561e-01
1.548799999999999955e+03 -3.050647673983612473e-01
1.552000000000000000e+03 -2.915725876719443277e-01
1.555200000000000045e+03 -2.769726747921160137e-01
1.558400000000000091e+03 -2.612706970235447179e-01
1.561599999999999909e+03 -2.444849355063881957e-01
1.564799999999999955e+03 -2.266503213680171602e-01
1.568000000000000000e+03 -2.078153517566178610e-01
1.571200000000000045e+03 -1.880370045579281002e-01
1.574400000000000091e+03 -1.673780127271736473e-01
1.577599999999999909e+03 -1.459081269172269324e-01
1.580799999999999955e+03 -1.237084094885335522e-01
1.584000000000000000e+03 -1.008762347565812234e-01
1.587200000000000045e+03 -7.752830721495942989e-02
1.590400000000000091e+03 -5.379930519490942753e-02
1.593599999999999909e+03 -2.983494332735807386e-02
1.596799999999999955e+03 -5.780457585938791540e-03
1.600000000000000000e+03 1.823212359810436750e-02
1.603200000000000045e+03 4.209353871236886507e-02
1.606400000000000091e+03 6.572031358008022239e-02
1.609599999999999909e+03 8.905016743671589907e-02
1.612799999999999955e+03 1.120310012785752929e-01
1.616000000000000000e+03 1.346062818229209757e-01
1.619200000000000045e+03 1.567006828516396555e-01
1.622400000000000091e+03 1.782102918052084484e-01
1.625599999999999909e+03 1.990010692347296550e-01
1.628799999999999955e+03 2.189173075380858313e-01
1.632000000000000000e+03 2.377990588376328318e-01
1.635200000000000045e+03 2.555047565634618878e-01
1.638400000000000091e+03 2.719331794245770095e-01
1.641599999999999909e+03 2.870379488152455250e-01
1.644799999999999955e+03 3.008285396207738271e-01
1.648000000000000000e+03 3.133548665081881124e-01
1.651200000000000045e+03 3.246775064476045691e-01
1.654400000000000091e+03 3.348309148330456120e-01
1.657599999999999909e+03 3.437904796422965870e-01
1.660799999999999955e+03 3.514544232118359535e-01
1.664000000000000000e+03 3.576480213826014887e-01
1.667200000000000045e+03 3.621511430113045216e-01
1.670400000000000091e+03 3.647425969106809496e-01
1.673599999999999909e+03 3.652488525068621761e-01
1.676799999999999955e+03 3.635827921694284037e-01
1.680000000000000000e+03 3.597611851229006175e-01
1.683200000000000045e+03 3.538964404115723661e-01
1.686400000000000091e+03 3.461663474591226142e-01
1.689599999999999909e+03 3.367720928081975873e-01
1.692799999999999955e+03 3.258976835178573062e-01
1.696000000000000000e+03 3.136821798825037977e-01
1.699200000000000045e+03 3.002106728396598534e-01
1.702400000000000091e+03 2.855230039580247126e-01
1.705599999999999909e+03 2.696335809122483163e-01
1.708799999999999955e+03 2.525532776823613546e-01
1.712000000000000000e+03 2.343057319541179961e-01
1.715200000000000045e+03 2.149342566202464000e-01
1.718400000000000091e+03 1.945001562428291531e-01
1.721599999999999909e+03 1.730765954952769026e-01
1.724799999999999955e+03 1.507431086816150012e-01
1.728000000000000000e+03 1.275842798589085503e-01
1.731200000000000045e+03 1.036931023054168816e-01
1.734400000000000091e+03 7.917667986014534365e-02
1.737599999999999909e+03 5.416060396953281675e-02
1.740799999999999955e+03 2.878892050283310758e-02
1.744000000000000000e+03 3.218544109444729153e-03
1.747200000000000045e+03 -2.239067923259288606e-02
1.750400000000000091e+03 -4.788722123080856735e-02
1.753599999999999909e+03 -7.313670627315664585e-02
1.756799999999999955e+03 -9.802537525364485305e-02
1.760000000000000000e+03 -1.224572084201024230e-01
1.763200000000000045e+03 -1.463461184930347492e-01
1.766400000000000091e+03 -1.696063319848248874e-01
1.769599999999999909e+03 -1.921444073901974747e-01
1.772799999999999955e+03 -2.138553420794679083e-01
1.776000000000000000e+03 -2.346235486399019243e-01
1.779200000000000045e+03 -2.543279021132615614e-01
1.782400000000000091e+03 -2.728490376553296404e-01
1.785599999999999909e+03 -2.900767000051054367e-01
1.788799999999999955e+03 -3.059151013261978691e-01
1.792000000000000000e+03 -3.202848184375963192e-01
1.795200000000000045e+03 -3.331206679126516024e-01
1.798400000000000091e+03 -3.443660901699712729e-01
1.801599999999999909e+03 -3.539656036352991086e-01
1.804799999999999955e+03 -3.618575963474471857e-01
1.808000000000000000e+03 -3.679699252861033387e-01
1.811200000000000045e+03 -3.722203746262403024e-01
1.814400000000000091e+03 -3.745228886132448420e-01
1.817599999999999909e+03 -3.747987122421663764e-01
1.820799999999999955e+03 -3.729896254637050657e-01
1.824000000000000000e+03 -3.690692272534698559e-01
1.827200000000000045e+03 -3.630485184768776352e-01
1.830400000000000091e+03 -3.549739512552697596e-01
1.833599999999999909e+03 -3.449188745846205606e-01
1.836799999999999955e+03 -3.329716676920356777e-01
1.840000000000000000e+03 -3.192247805169249886e-01
1.843200000000000045e+03 -3.037680404227432462e-01
1.846400000000000091e+03 -2.866873960191899107e-01
1.849599999999999909e+03 -2.680678546136084361e-01
1.852799999999999955e+03 -2.479979499025899981e-01
1.856000000000000000e+03 -2.265732448996521098e-01
1.859200000000000045e+03 -2.038976824162367085e-01
1.862400000000000091e+03 -1.800829720565444991e-01
1.865599999999999909e+03 -1.552469058146266345e-01
1.868799999999999955e+03 -1.295115842135196593e-01
1.872000000000000000e+03 -1.030024085032225367e-01
1.875200000000000045e+03 -7.584840384554628057e-02
1.878400000000000091e+03 -4.818376217554685287e-02
1.881599999999999909e+03 -2.014959630627591661e-02
1.884799999999999955e+03 8.105505466816428223e-03
1.888000000000000000e+03 3.642691970660578982e-02
1.891200000000000045e+03 6.465697362956632221e-02
1.894400000000000091e+03 9.263814163975983562e-02
1.897599999999999909e+03 1.202151928390732538e-01
1.900799999999999955e+03 1.472358112126598562e-01
1.904000000000000000e+03 1.735500695133283255e-01
1.907200000000000045e+03 1.990096995017047732e-01
1.910400000000000091e+03 2.234682713225154826e-01
1.913599999999999909e+03 2.467830725098842382e-01
1.916799999999999955e+03 2.688186102236836961e-01
1.920000000000000000e+03 2.894505795759719224e-01
1.923200000000000045e+03 3.085685239877254959e-01
1.926400000000000091e+03 3.260757221545119711e-01
1.929599999999999909e+03 3.418858715677919879e-01
1.932799999999999955e+03 3.559172692776526592e-01
1.936000000000000000e+03 3.680859591030554712e-01
1.939200000000000045e+03 3.782996988651888826e-01
1.942400000000000091e+03 3.864547168860814064e-01
1.945599999999999909e+03 3.924369594157568475e-01
1.948799999999999955e+03 3.961286135498996441e-01
1.952000000000000000e+03 3.974191414765135266e-01
1.955200000000000045e+03 3.962184277747025640e-01
1.958400000000000091e+03 3.924687040527212734e-01
1.961599999999999909e+03 3.861521314081277634e-01
1.964799999999999955e+03 3.772921649182219839e-01
1.968000000000000000e+03 3.659486217706086064e-01
1.971200000000000045e+03 3.522082316163598903e-01
1.974400000000000091e+03 3.361738673652357456e-01
1.977599999999999909e+03 3.179560472873095289e-01
1.980799999999999955e+03 2.976692653521036958e-01
1.984000000000000000e+03 2.754335761925762460e-01
1.987200000000000045e+03 2.513797313656646604e-01
1.990400000000000091e+03 2.256551051034402788e-01
1.993599999999999909e+03 1.984278481234216240e-01
1.996799999999999955e+03 1.698875455561875414e-01
2.000000000000000000e+03 1.402415652902588017e-01
2.003200000000000045e+03 1.097072862367267365e-01
2.006400000000000091e+03 7.850167100950806998e-02
2.009599999999999909e+03 4.683086406409082275e-02
2.012799999999999955e+03 1.488291116956545236e-02
2.016000000000000000e+03 -1.717408514695336133e-02
2.019200000000000045e+03 -4.918767062792736566e-02
2.022400000000000091e+03 -8.101164504397989630e-02
2.025599999999999909e+03 -1.124940655445827026e-01
2.028799999999999955e+03 -1.434661586522886223e-01
2.032000000000000000e+03 -1.737359036414093671e-01
2.035200000000000045e+03 -2.030890439932603597e-01
2.038400000000000091e+03 -2.312979536985859119e-01
2.041599999999999909e+03 -2.581359478400417906e-01
2.044799999999999955e+03 -2.833926084728114470e-01
2.048000000000000000e+03 -3.068854390413620070e-01
2.051199999999999818e+03 -3.284646549001257188e-01
2.054400000000000091e+03 -3.480103566674693227e-01
2.057599999999999909e+03 -3.654236690457036696e-01
2.060800000000000182e+03 -3.806148852646765168e-01
2.064000000000000000e+03 -3.934920026471156462e-01
2.067199999999999818e+03 -4.039525385524007639e-01
2.070400000000000091e+03 -4.118806241576446481e-01
2.073599999999999909e+03 -4.171503268285791100e-01
2.076800000000000182e+03 -4.196349229960034122e-01
2.080000000000000000e+03 -4.192204463854157237e-01
2.083199999999999818e+03 -4.158206030710478451e-01
2.086400000000000091e+03 -4.093896000508934763e-01
2.089599999999999909e+03 -3.999299034725772861e-01
2.092800000000000182e+03 -3.874933203098571144e-01
2.096000000000000000e+03 -3.721756440939328892e-01
2.099199999999999818e+03 -3.541068734257473150e-01
2.102400000000000091e+03 -3.334401817505229237e-01
2.105599999999999909e+03 -3.103429770311262326e-01
2.108800000000000182e+03 -2.849923858680341593e-01
2.112000000000000000e+03 -2.575756098212902412e-01
2.115199999999999818e+03 -2.282935603157413285e-01
2.118400000000000091e+03 -1.973648626947358542e-01
2.121599999999999909e+03 -1.650272932394705461e-01
2.124800000000000182e+03 -1.315349142989198084e-01
2.128000000000000000e+03 -9.715100090917111464e-02
2.131199999999999818e+03 -6.213853725863677235e-02
2.134400000000000091e+03 -2.675101421850309413e-02
2.137599999999999909e+03 8.773775512638328639e-03
2.140800000000000182e+03 4.421518623286146282e-02
2.144000000000000000e+03 7.936613140273746092e-02
2.147199999999999818e+03 1.140256930568113725e-01
2.150400000000000091e+03 1.479902776593508273e-01
2.153599999999999909e+03 1.810461486522558783e-01
2.156800000000000182e+03 2.129659397009306954e-01
2.160000000000000000e+03 2.435108016729925218e-01
2.163199999999999818e+03 2.724382273490850714e-01
2.166400000000000091e+03 2.995136636935812890e-01
2.169599999999999909e+03 3.245224519606662028e-01
2.172800000000000182e+03 3.472782262992810676e-01
2.176000000000000000e+03 3.676250401938830903e-01
2.179199999999999818e+03 3.854327984627447523e-01
2.182400000000000091e+03 4.005880460163580015e-01
2.185599999999999909e+03 4.129837291962601409e-01
2.188800000000000182e+03 4.225116196945074010e-01
2.192000000000000000e+03 4.290598253235998194e-01
2.195199999999999818e+03 4.325159460225870278e-01
2.198400000000000091e+03 4.327748561325532317e-01
2.201599999999999909e+03 4.297493040642196283e-01
2.204800000000000182e+03 4.233813705573071795e-01
2.208000000000000000e+03 4.136528458166811029e-01
2.211199999999999818e+03 4.005926094452305075e-01
2.214400000000000091e+03 3.842794763044714013e-01
2.217599999999999909e+03 3.648400503743427503e-01
2.220800000000000182e+03 3.424426116416385835e-01
2.224000000000000000e+03 3.172891022780049419e-01
2.227199999999999818e+03 2.896072549548627806e-01
2.230400000000000091e+03 2.596439933787783594e-01
2.233599999999999909e+03 2.276601785312818704e-01
2.236800000000000182e+03 1.939262108515101279e-01
2.240000000000000000e+03 1.587180691272368493e-01
2.243199999999999818e+03 1.223138280033536363e-01
2.246400000000000091e+03 8.499117421206234257e-02
2.249599999999999909e+03 4.702656422208931208e-02
2.252800000000000182e+03 8.696202418397547609e-03
2.256000000000000000e+03 -2.972188051951043034e-02
2.259199999999999818e+03 -6.794612451740469905e-02
2.262400000000000091e+03 -1.056915880269518326e-01
2.265599999999999909e+03 -1.426725746922979099e-01
2.268800000000000182e+03 -1.786071953636242937e-01
2.272000000000000000e+03 -2.132225118116419238e-01
2.275199999999999818e+03 -2.462588007228166120e-01
2.278400000000000091e+03 -2.774719835679529956e-01
2.281599999999999909e+03 -3.066340805094130428e-01
2.284800000000000182e+03 -3.335322950799819441e-01
2.288000000000000000e+03 -3.579676783034548282e-01
2.291199999999999818e+03 -3.797541112001684982e-01
2.294400000000000091e+03 -3.987177945729032391e-01
2.297599999999999909e+03 -4.146969945576175487e-01
2.300800000000000182e+03 -4.275417886022457314e-01
2.304000000000000000e+03 -4.371139497780580641e-01
2.307199999999999818e+03 -4.432875818128957368e-01
2.310400000000000091e+03 -4.459513365866001333e-01
2.313599999999999909e+03 -4.450128268848664304e-01
2.316800000000000182e+03 -4.404052157658081557e-01
2.320000000000000000e+03 -4.320951525671641313e-01
2.323199999999999818e+03 -4.200905862254014078e-01
2.326400000000000091e+03 -4.044468025573837999e-01
2.329599999999999909e+03 -3.852693627464142123e-01
2.332800000000000182e+03 -3.627133128865887013e-01
2.336000000000000000e+03 -3.369788483958821579e-01
2.339199999999999818e+03 -3.083043149011089890e-01
2.342400000000000091e+03 -2.769578213403091627e-01
2.345599999999999909e+03 -2.432287664945938233e-01
2.348800000000000182e+03 -2.074203403606574292e-01
2.352000000000000000e+03 -1.698437345923896613e-01
2.355199999999999818e+03 -1.308144700678789685e-01
2.358400000000000091e+03 -9.065089801366331412e-02
2.361599999999999909e+03 -4.967454496407466835e-02
2.364800000000000182e+03 -8.211628149296806151e-03
2.368000000000000000e+03 3.340516758802766772e-02
2.371199999999999818e+03 7.483570269327030622e-02
2.374400000000000091e+03 1.157332662501724257e-01
2.377599999999999909e+03 1.557481487082590654e-01
2.380800000000000182e+03 1.945339727017446618e-01
2.384000000000000000e+03 2.317557137384264887e-01
2.387199999999999818e+03 2.670973433918918949e-01
2.390400000000000091e+03 3.002668272461255783e-01
2.393599999999999909e+03 3.309971081805547222e-01
2.396800000000000182e+03 3.590433403382500277e-01
2.400000000000000000e+03 3.841781479058967719e-01
2.403199999999999818e+03 4.061872563007213333e-01
2.406400000000000091e+03 4.248672790778449948e-01
2.409599999999999909e+03 4.400262552854992126e-01
2.412800000000000182e+03 4.514865081382088419e-01
2.416000000000000000e+03 4.590890002740973808e-01
2.419199999999999818e+03 4.626984967128796034e-01
2.422400000000000091e+03 4.622091207750703146e-01
2.425599999999999909e+03 4.575500151646132441e-01
2.428800000000000182e+03 4.486907629107656503e-01
2.432000000000000000e+03 4.356460588390278499e-01
2.435199999999999818e+03 4.184789327336933540e-01
2.438400000000000091e+03 3.973017505221259627e-01
2.441599999999999909e+03 3.722744848073457624e-01
2.444800000000000182e+03 3.436004524529924220e-01
2.448000000000000000e+03 3.115205866341310692e-01
2.451199999999999818e+03 2.763077872973204729e-01
2.454400000000000091e+03 2.382626267698634281e-01
2.457599999999999909e+03 1.977108858604846309e-01
2.460800000000000182e+03 1.550026158411197674e-01
2.464000000000000000e+03 1.105120236788085797e-01
2.467199999999999818e+03 6.463739528527362443e-02
2.470400000000000091e+03 1.780029962967467558e-02
2.473599999999999909e+03 -2.955653743271958664e-02
2.476800000000000182e+03 -7.697289059894836527e-02
2.480000000000000000e+03 -1.239758345641139292e-01
2.483199999999999818e+03 -1.700849575186316465e-01
2.486400000000000091e+03 -2.148175668077193512e-01
2.489599999999999909e+03 -2.576942613521788772e-01
2.492800000000000182e+03 -2.982457983474399166e-01
2.496000000000000000e+03 -3.360217763798181156e-01
2.499199999999999818e+03 -3.706003209283954547e-01
2.502400000000000091e+03 -4.015965951626826458e-01
2.505599999999999909e+03 -4.286676813971635469e-01
2.508800000000000182e+03 -4.515125890903339267e-01
2.512000000000000000e+03 -4.698681929037802907e-01
2.515199999999999818e+03 -4.835036059046705081e-01
2.518400000000000091e+03 -4.922160001621523340e-01
2.521599999999999909e+03 -4.958301403990316714e-01
2.524800000000000182e+03 -4.942024328454363569e-01
2.528000000000000000e+03 -4.872287821721642542e-01
2.531199999999999818e+03 -4.748544916414327854e-01
2.534400000000000091e+03 -4.570840624187506585e-01
2.537599999999999909e+03 -4.339889976692167806e-01
2.540800000000000182e+03 -4.057123479314133641e-01
2.544000000000000000e+03 -3.724694864592955623e-01
2.547199999999999818e+03 -3.345453476406422544e-01
2.550400000000000091e+03 -2.922890438862266738e-01
2.553599999999999909e+03 -2.461072788758451590e-01
2.556800000000000182e+03 -1.964581339521437597e-01
2.560000000000000000e+03 -1.438465508899273160e-01
2.563199999999999818e+03 -8.882221856763798662e-02
2.566400000000000091e+03 -3.197966504835295792e-02
2.569599999999999909e+03 2.604070522840849777e-02
2.572800000000000182e+03 8.455272329188581737e-02
2.576000000000000000e+03 1.428278562890103742e-01
2.579199999999999818e+03 2.001030602419487936e-01
2.582400000000000091e+03 2.555927395796025459e-01
2.585599999999999909e+03 3.085033147415698895e-01
2.588800000000000182e+03 3.580485866056714039e-01
2.592000000000000000e+03 4.034643526833307514e-01
2.595199999999999818e+03 4.440210662193704860e-01
2.598400000000000091e+03 4.790336454556003432e-01
2.601599999999999909e+03 5.078681523591954683e-01
2.604800000000000182e+03 5.299460942617131298e-01
2.608000000000000000e+03 5.447481427079027272e-01
2.611199999999999818e+03 5.518194847241386647e-01
2.614400000000000091e+03 5.507785583868657353e-01
2.617599999999999909e+03 5.413298464176424796e-01
2.620800000000000182e+03 5.232802151238465926e-01
2.624000000000000000e+03 4.965573978099885322e-01
2.627199999999999818e+03 4.612288332383083223e-01
2.630400000000000091e+03 4.175191823397737534e-01
2.633599999999999909e+03 3.658252370277698673e-01
2.636800000000000182e+03 3.067272342978213384e-01
2.640000000000000000e+03 2.409955826117314848e-01
2.643199999999999818e+03 1.695918985565594284e-01
2.646400000000000091e+03 9.366348660234953549e-02
2.649599999999999909e+03 1.453113956256234587e-02
2.652800000000000182e+03 -6.632900944877433147e-02
2.656000000000000000e+03 -1.473085337626025004e-01
2.659199999999999818e+03 -2.266941022578773668e-01
2.662400000000000091e+03 -3.026996154967434571e-01
2.665599999999999909e+03 -3.735042257695346257e-01
2.668800000000000182e+03 -4.372972945003087419e-01
2.672000000000000000e+03 -4.923302605739002247e-01
2.675199999999999818e+03 -5.369736189665123005e-01
2.678400000000000091e+03 -5.697754541152134644e-01
2.681599999999999909e+03 -5.895171214507538560e-01
2.684800000000000182e+03 -5.952623463526911518e-01
2.688000000000000000e+03 -5.863981148129536747e-01
2.691199999999999818e+03 -5.626683084078668573e-01
2.694400000000000091e+03 -5.242027074972570588e-01
2.697599999999999909e+03 -4.715437852546365827e-01
2.700800000000000182e+03 -4.056717343940250409e-01
2.704000000000000000e+03 -3.280254465973608258e-01
2.707199999999999818e+03 -2.405148779608295428e-01
2.710400000000000091e+03 -1.455189129248841418e-01
2.713599999999999909e+03 -4.586228646863126784e-02
2.716800000000000182e+03 5.523500038480812224e-02
2.720000000000000000e+03 1.542419129817204360e-01
2.723199999999999818e+03 2.474388080559486724e-01
2.726400000000000091e+03 3.310792095140640545e-01
2.729599999999999909e+03 4.015868843936661881e-01
2.732800000000000182e+03 4.557778564871557969e-01
2.736000000000000000e+03 4.910907416353919031e-01
2.739199999999999818e+03 5.058037634593531839e-01
2.742400000000000091e+03 4.992139948673817718e-01
2.745599999999999909e+03 4.717545958830797193e-01
2.748800000000000182e+03 4.250296841299627815e-01
2.752000000000000000e+03 3.617540466566067092e-01
2.755199999999999818e+03 2.855954332549908159e-01
2.758400000000000091e+03 2.009291989449777383e-01
2.761599999999999909e+03 1.125268147407447739e-01
2.764800000000000182e+03 2.520948902242524034e-02
2.768000000000000000e+03 -5.649583033553619987e-02
2.771199999999999818e+03 -1.286600119392092845e-01
2.774400000000000091e+03 -1.881823151056669363e-01
2.777599999999999909e+03 -2.329272511138618940e-01
2.780800000000000182e+03 -2.617633908189905823e-01
2.784000000000000000e+03 -2.745172554377978691e-01
2.787199999999999818e+03 -2.718693344058234485e-01
2.790400000000000091e+03 -2.552251675078526794e-01
2.793599999999999909e+03 -2.265898623728275496e-01
2.796800000000000182e+03 -1.884604205722647807e-01
2.800000000000000000e+03 -1.437316292382722627e-01
2.803199999999999818e+03 -9.559528141090822828e-02
2.806400000000000091e+03 -4.740604770228267623e-02
2.809599999999999909e+03 -2.494064142035389356e-03
2.812800000000000182e+03 3.607724020107183627e-02
2.816000000000000000e+03 6.578561363643410653e-02
2.819199999999999818e+03 8.491356805255037554e-02
2.822400000000000091e+03 9.274831173701740539e-02
2.825599999999999909e+03 8.967104940071687902e-02
2.828800000000000182e+03 7.710887540978625387e-02
2.832000000000000000e+03 5.735126166217039551e-02
2.835199999999999818e+03 3.326184680100746638e-02
2.838400000000000091e+03 7.936529476097037988e-03
2.841599999999999909e+03 -1.563444594932923357e-02
2.844800000000000182e+03 -3.485027199747920551e-02
2.848000000000000000e+03 -4.769725917326437387e-02
2.851199999999999818e+03 -5.285104027581928599e-02
2.854400000000000091e+03 -4.969432901887133047e-02
2.857599999999999909e+03 -3.827441753346530473e-02
2.860800000000000182e+03 -1.922828422843084542e-02
2.864000000000000000e+03 6.301633372918586697e-03
2.867199999999999818e+03 3.674788658330412766e-02
2.870400000000000091e+03 7.019238561527334219e-02
2.873599999999999909e+03 1.044405944871156233e-01
2.876800000000000182e+03 1.371052617827785147e-01
2.880000000000000000e+03 1.657087466802096010e-01
2.883199999999999818e+03 1.878089305209573456e-01
2.886400000000000091e+03 2.011477205660675005e-01
2.889599999999999909e+03 2.038148049045981902e-01
2.892800000000000182e+03 1.944139607420306837e-01
2.896000000000000000e+03 1.722158230053905392e-01
2.899199999999999818e+03 1.372800525419387296e-01
2.902400000000000091e+03 9.053126501459723974e-02
2.905599999999999909e+03 3.377645128802487379e-02
2.908800000000000182e+03 -3.034373507822882635e-02
2.912000000000000000e+03 -9.847218076958816346e-02
2.915199999999999818e+03 -1.667178453295301566e-01
2.918400000000000091e+03 -2.308947105069796557e-01
2.921599999999999909e+03 -2.868021956510604653e-01
2.924800000000000182e+03 -3.305261421198263383e-01
2.928000000000000000e+03 -3.587347122886523909e-01
2.931199999999999818e+03 -3.689415329673892963e-01
2.934400000000000091e+03 -3.597103855597518218e-01
2.937599999999999909e+03 -3.307818644179059131e-01
2.940800000000000182e+03 -2.831114949363772171e-01
2.944000000000000000e+03 -2.188187282912937848e-01
2.947199999999999818e+03 -1.410549158448245466e-01
2.950400000000000091e+03 -5.380452564246841068e-02
2.953599999999999909e+03 3.836271060558950341e-02
2.956800000000000182e+03 1.305697764517246007e-01
2.960000000000000000e+03 2.179216842384463226e-01
2.963199999999999818e+03 2.957883331380495306e-01
2.966400000000000091e+03 3.600646861224111039e-01
2.969599999999999909e+03 4.073940481076760434e-01
2.972800000000000182e+03 4.353426738777073091e-01
2.976000000000000000e+03 4.425169411648747775e-01
2.979199999999999818e+03 4.286180341973638286e-01
2.982400000000000091e+03 3.944333939575259129e-01
2.985599999999999909e+03 3.417685698989331167e-01
2.988800000000000182e+03 2.733267546626846900e-01
2.992000000000000000e+03 1.925456137450134442e-01
2.995199999999999818e+03 1.034020890126253894e-01
2.998400000000000091e+03 1.019632158363781467e-02
3.001599999999999909e+03 -8.267355417664053185e-02
3.004800000000000182e+03 -1.709330934504559585e-01
3.008000000000000000e+03 -2.506365280564406550e-01
3.011199999999999818e+03 -3.183428101438720015e-01
3.014400000000000091e+03 -3.712534654852494009e-01
3.017599999999999909e+03 -4.073077047739875334e-01
3.020800000000000182e+03 -4.252353569719519166e-01
3.024000000000000000e+03 -4.245722603678621088e-01
3.027199999999999818e+03 -4.056448652615555206e-01
3.030400000000000091e+03 -3.695308952427632798e-01
3.033599999999999909e+03 -3.180015006250560550e-01
3.036800000000000182e+03 -2.534481065683341083e-01
3.040000000000000000e+03 -1.787947613920652656e-01
3.043199999999999818e+03 -9.739488221442078875e-02
3.046400000000000091e+03 -1.291053268491627014e-02
3.049599999999999909e+03 7.082683374605207305e-02
3.052800000000000182e+03 1.499730175037902458e-01
3.056000000000000000e+03 2.208410589330714879e-01
3.059199999999999818e+03 2.800778641431510008e-01
3.062400000000000091e+03 3.248389177039427977e-01
3.065599999999999909e+03 3.529514488694004970e-01
3.068800000000000182e+03 3.630557044257451405e-01
3.072000000000000000e+03 3.547133868691884628e-01
3.075199999999999818e+03 3.284720948660779238e-01
3.078400000000000091e+03 2.858753802099863184e-01
3.081599999999999909e+03 2.294103595834414422e-01
3.084800000000000182e+03 1.623888329015461540e-01
3.088000000000000000e+03 8.876334804982277671e-02
3.091199999999999818e+03 1.288624206670218458e-02
3.094400000000000091e+03 -6.077317179529093116e-02
3.097599999999999909e+03 -1.279313872367909277e-01
3.100800000000000182e+03 -1.847867229429589475e-01
3.104000000000000000e+03 -2.282803152896787369e-01
3.107199999999999818e+03 -2.562964454577025819e-01
3.110400000000000091e+03 -2.677831143023470806e-01
3.113599999999999909e+03 -2.627831561676574612e-01
3.116800000000000182e+03 -2.423767918317788206e-01
3.120000000000000000e+03 -2.085466554598897904e-01
3.123199999999999818e+03 -1.639844207247067587e-01
3.126400000000000091e+03 -1.118629896376229088e-01
3.129599999999999909e+03 -5.559917829156248159e-02
3.132800000000000182e+03 1.370960076661422713e-03
3.136000000000000000e+03 5.578779966792962730e-02
3.139199999999999818e+03 1.047258020018344143e-01
3.142400000000000091e+03 1.457114677255172686e-01
3.145599999999999909e+03 1.768053752475496621e-01
3.148800000000000182e+03 1.966546794761778738e-01
3.152000000000000000e+03 2.045220233520412823e-01
3.155199999999999818e+03 2.002943953651998010e-01
3.158400000000000091e+03 1.844725870125599743e-01
3.161599999999999909e+03 1.581398725995781518e-01
3.164800000000000182e+03 1.229079443790132009e-01
3.168000000000000000e+03 8.083891873573428866e-02
3.171199999999999818e+03 3.434400499818490021e-02
3.174400000000000091e+03 -1.393823526414079972e-02
3.177599999999999909e+03 -6.127870225812116767e-02
3.180800000000000182e+03 -1.050024121945753730e-01
3.184000000000000000e+03 -1.426328621692749543e-01
3.187199999999999818e+03 -1.720281353312698713e-01
3.190400000000000091e+03 -1.915015124186929540e-01
3.193599999999999909e+03 -1.999200287924859099e-01
3.196800000000000182e+03 -1.967747965267815369e-01
3.200000000000000000e+03 -1.822174144154416475e-01
3.203199999999999818e+03 -1.570581219126528649e-01
3.206400000000000091e+03 -1.227238928954872965e-01
3.209599999999999909e+03 -8.117811974603118819e-02
3.212800000000000182e+03 -3.480712585802193254e-02
3.216000000000000000e+03 1.371835808614725073e-02
3.219199999999999818e+03 6.159695218990951515e-02
3.222400000000000091e+03 1.060555674765717160e-01
3.225599999999999909e+03 1.445044972522428750e-01
3.228800000000000182e+03 1.746814348606439415e-01
3.232000000000000000e+03 1.947789915351794965e-01
3.235199999999999818e+03 2.035512513542086510e-01
3.238400000000000091e+03 2.003946425590413527e-01
3.241599999999999909e+03 1.853973577877505163e-01
3.244800000000000182e+03 1.593508773069283457e-01
3.248000000000000000e+03 1.237180923230667001e-01
3.251199999999999818e+03 8.055565200831357742e-02
3.254400000000000091e+03 3.239296040698122492e-02
3.257599999999999909e+03 -1.792454674117065216e-02
3.260800000000000182e+03 -6.741594108733357793e-02
3.264000000000000000e+03 -1.131547268001506651e-01
3.267199999999999818e+03 -1.524531370741332714e-01
3.270400000000000091e+03 -1.830269186441736418e-01
3.273599999999999909e+03 -2.031291521328511540e-01
3.276800000000000182e+03 -2.116448972221025571e-01
3.280000000000000000e+03 -2.081420294967174234e-01
3.283199999999999818e+03 -1.928772115728085434e-01
3.286400000000000091e+03 -1.667593605804227608e-01
3.289599999999999909e+03 -1.312761430715996547e-01
3.292800000000000182e+03 -8.839168772168252974e-02
3.296000000000000000e+03 -4.042534452313126248e-02
3.299199999999999818e+03 1.007860154503596381e-02
3.302400000000000091e+03 6.048196923512572099e-02
3.305599999999999909e+03 1.081789322925873070e-01
3.308800000000000182e+03 1.507147325104455926e-01
3.312000000000000000e+03 1.858958091923942069e-01
3.315199999999999818e+03 2.118903508925621404e-01
3.318400000000000091e+03 2.273168991815928963e-01
3.321599999999999909e+03 2.313166888031009671e-01
3.324800000000000182e+03 2.236039615799947644e-01
3.328000000000000000e+03 2.044883779538448076e-01
3.331199999999999818e+03 1.748651834483739287e-01
3.334400000000000091e+03 1.361716937971204633e-01
3.337599999999999909e+03 9.031221676878621596e-02
3.340800000000000182e+03 3.955681492317009162e-02
3.344000000000000000e+03 -1.357846607969098382e-02
3.347199999999999818e+03 -6.646151804403764574e-02
3.350400000000000091e+03 -1.164763946479938500e-01
3.353599999999999909e+03 -1.611512436658112390e-01
3.356800000000000182e+03 -1.982766399423592230e-01
3.360000000000000000e+03 -2.260099587577866220e-01
3.363199999999999818e+03 -2.429620367665810965e-01
3.366400000000000091e+03 -2.482628467986419951e-01
3.369599999999999909e+03 -2.416034581059527397e-01
3.372800000000000182e+03 -2.232522667439355846e-01
3.376000000000000000e+03 -1.940444111160559426e-01
3.379199999999999818e+03 -1.553444566948074257e-01
3.382400000000000091e+03 -1.089837979106746679e-01
3.385599999999999909e+03 -5.717563674839320348e-02
3.388800000000000182e+03 -2.411625665454720114e-03
3.392000000000000000e+03 5.265491732897052690e-02
3.395199999999999818e+03 1.053339911952404367e-01
3.398400000000000091e+03 1.530269122507390556e-01
3.401599999999999909e+03 1.933522990233986494e-01
3.404800000000000182e+03 2.242650143882002900e-01
3.408000000000000000e+03 2.441628694059011784e-01
3.411199999999999818e+03 2.519756957627071192e-01
3.414400000000000091e+03 2.472313446069522302e-01
3.417599999999999909e+03 2.300934026101095486e-01
3.420800000000000182e+03 2.013660964409153542e-01
3.424000000000000000e+03 1.624632523726943223e-01
3.427199999999999818e+03 1.153405308106082022e-01
3.430400000000000091e+03 6.239339039120152253e-02
3.433599999999999909e+03 6.326777527947236718e-03
3.436800000000000182e+03 -4.999451525509897298e-02
3.440000000000000000e+03 -1.037042755345820993e-01
3.443199999999999818e+03 -1.520914525287511143e-01
3.446400000000000091e+03 -1.927452756038822157e-01
3.449599999999999909e+03 -2.236807475171074533e-01
3.452800000000000182e+03 -2.434378502409353384e-01
3.456000000000000000e+03 -2.511493641873586702e-01
3.459199999999999818e+03 -2.465740585991019473e-01
3.462400000000000091e+03 -2.300942642307837460e-01
3.465599999999999909e+03 -2.026793078971975970e-01
3.468800000000000182e+03 -1.658186258208941555e-01
3.472000000000000000e+03 -1.214302785636073023e-01
3.475199999999999818e+03 -7.175188642351741641e-02
3.478400000000000091e+03 -1.922155602916405040e-02
3.481599999999999909e+03 3.364395599595056824e-02
3.484800000000000182e+03 8.436778258470316316e-02
3.488000000000000000e+03 1.306238040099655384e-01
3.491199999999999818e+03 1.703369035570267143e-01
3.494400000000000091e+03 2.017703251446299195e-01
3.497599999999999909e+03 2.235975410584462031e-01
3.500800000000000182e+03 2.349554169385456859e-01
3.504000000000000000e+03 2.354753904838735867e-01
3.507199999999999818e+03 2.252903975979841933e-01
3.510400000000000091e+03 2.050172315476731510e-01
3.513599999999999909e+03 1.757162273030593025e-01
3.516800000000000182e+03 1.388319185917711307e-01
3.520000000000000000e+03 9.611928759446157489e-02
3.523199999999999818e+03 4.956046486610338198e-02
3.526400000000000091e+03 1.276395366700826001e-03
3.529599999999999909e+03 -4.656284195645824658e-02
3.532800000000000182e+03 -9.182652784731316908e-02
3.536000000000000000e+03 -1.325091297980584282e-01
3.539199999999999818e+03 -1.668123526364008180e-01
3.542400000000000091e+03 -1.932216852341369362e-01
3.545599999999999909e+03 -2.105744265111427205e-01
3.548800000000000182e+03 -2.181150174463300229e-01
3.552000000000000000e+03 -2.155332500511955018e-01
3.555199999999999818e+03 -2.029818230241946797e-01
3.558400000000000091e+03 -1.810714378581435025e-01
3.561599999999999909e+03 -1.508435786248856214e-01
3.564800000000000182e+03 -1.137227986124878243e-01
3.568000000000000000e+03 -7.145151084636632011e-02
3.571199999999999818e+03 -2.601088767065250565e-02
3.574400000000000091e+03 2.046846306065501150e-02
3.577599999999999909e+03 6.580271081538066613e-02
3.580800000000000182e+03 1.078549258629189489e-01
3.584000000000000000e+03 1.446360307468618767e-01
3.587199999999999818e+03 1.744026861536836503e-01
3.590400000000000091e+03 1.957469729162077121e-01
3.593599999999999909e+03 2.076717497746576602e-01
3.596800000000000182e+03 2.096455339152303865e-01
3.600000000000000000e+03 2.016319370773904940e-01
3.603199999999999818e+03 1.840908596475386572e-01
3.606400000000000091e+03 1.579512743654016282e-01
3.609599999999999909e+03 1.245579755706208436e-01
3.612800000000000182e+03 8.559670392669899153e-02
3.616000000000000000e+03 4.300329601939461427e-02
3.619199999999999818e+03 -1.137160279814639682e-03
3.622400000000000091e+03 -4.469561428367296169e-02
3.625599999999999909e+03 -8.560398904309893253e-02
3.628800000000000182e+03 -1.219554983757602934e-01
3.632000000000000000e+03 -1.520960697870690770e-01
3.635199999999999818e+03 -1.747022440099791352e-01
3.638400000000000091e+03 -1.888407985998984684e-01
3.641599999999999909e+03 -1.940060167687761294e-01
3.644800000000000182e+03 -1.901321732379026574e-01
3.648000000000000000e+03 -1.775811576738939301e-01
3.651199999999999818e+03 -1.571076580459284944e-01
3.654400000000000091e+03 -1.298064056713840175e-01
3.657599999999999909e+03 -9.704718131154350946e-02
3.660800000000000182e+03 -6.040334233314609974e-02
3.664000000000000000e+03 -2.157859670802169533e-02
3.667199999999999818e+03 1.766498623671431886e-02
3.670400000000000091e+03 5.557651865611971248e-02
3.673599999999999909e+03 9.048333462156096796e-02
3.676800000000000182e+03 1.208556077517501104e-01
3.680000000000000000e+03 1.453677985768516701e-01
3.683199999999999818e+03 1.629548545102526558e-01
3.686400000000000091e+03 1.728599073310103373e-01
3.689599999999999909e+03 1.746697596471741831e-01
3.692800000000000182e+03 1.683349795963766937e-01
3.696000000000000000e+03 1.541727768635982043e-01
3.699199999999999818e+03 1.328525481065736535e-01
3.702400000000000091e+03 1.053655252064279457e-01
3.705599999999999909e+03 7.298095945965800413e-02
3.708800000000000182e+03 3.719158398374445423e-02
3.712000000000000000e+03 -3.492222459893368084e-04
3.715199999999999818e+03 -3.789682913598783204e-02
3.718400000000000091e+03 -7.369015495010797223e-02
3.721599999999999909e+03 -1.060306751412069814e-01
3.724800000000000182e+03 -1.333634927418349270e-01
3.728000000000000000e+03 -1.543566969084780860e-01
3.731199999999999818e+03 -1.679736598194789543e-01
3.734400000000000091e+03 -1.735322072959738504e-01
3.737599999999999909e+03 -1.707451773559217345e-01
3.740800000000000182e+03 -1.597386098335825677e-01
3.744000000000000000e+03 -1.410461460960815150e-01
3.747199999999999818e+03 -1.155805550067926929e-01
3.750400000000000091e+03 -8.458519210663331678e-02
3.753599999999999909e+03 -4.956938552561260952e-02
3.756800000000000182e+03 -1.223213555526289284e-02
3.760000000000000000e+03 2.562175605984730320e-02
3.763199999999999818e+03 6.216955788372393460e-02
3.766400000000000091e+03 9.565922140646074268e-02
3.769599999999999909e+03 1.244952231064675452e-01
3.772800000000000182e+03 1.473174433864408994e-01
3.776000000000000000e+03 1.630683116569460189e-01
3.779199999999999818e+03 1.710435528869806987e-01
3.782400000000000091e+03 1.709229154212096313e-01
3.785599999999999909e+03 1.627790563718679306e-01
3.788800000000000182e+03 1.470648569030579000e-01
3.792000000000000000e+03 1.245813742638803984e-01
3.795199999999999818e+03 9.643008387952756166e-02
3.798400000000000091e+03 6.395383655288514047e-02
3.801599999999999909e+03 2.867098124065234344e-02
3.804800000000000182e+03 -7.793552464775719245e-03
3.808000000000000000e+03 -4.377751552619552067e-02
3.811199999999999818e+03 -7.764939116312119527e-02
3.814400000000000091e+03 -1.078744438148297735e-01
3.817599999999999909e+03 -1.330780625514413618e-01
3.820800000000000182e+03 -1.521051144972488112e-01
3.824000000000000000e+03 -1.640730673637428028e-01
3.827199999999999818e+03 -1.684157793451189766e-01
3.830400000000000091e+03 -1.649145258099995737e-01
3.833599999999999909e+03 -1.537132545663024707e-01
3.836800000000000182e+03 -1.353161654439722639e-01
3.840000000000000000e+03 -1.105671990693532503e-01
3.843199999999999818e+03 -8.061251310023163918e-02
3.846400000000000091e+03 -4.684819442564366887e-02
3.849599999999999909e+03 -1.085611605606002020e-02
3.852800000000000182e+03 2.566899929101904010e-02
3.856000000000000000e+03 6.099838839130467677e-02
3.859199999999999818e+03 9.345109103188602162e-02
3.862400000000000091e+03 1.214757122906841152e-01
3.865599999999999909e+03 1.437283353531698116e-01
3.868800000000000182e+03 1.591421130317381416e-01
3.872000000000000000e+03 1.669837780649301440e-01
3.875199999999999818e+03 1.668927512307133154e-01
3.878400000000000091e+03 1.588997009135477700e-01
3.881599999999999909e+03 1.434230943780278045e-01
3.884800000000000182e+03 1.212441737137003317e-01
3.888000000000000000e+03 9.346258391664336029e-02
3.891199999999999818e+03 6.143629535096469668e-02
3.894400000000000091e+03 2.671028077993921335e-02
3.897599999999999909e+03 -9.061442301024591819e-03
3.900800000000000182e+03 -4.419618022316236516e-02
3.904000000000000000e+03 -7.706175396003055178e-02
3.907199999999999818e+03 -1.061514912470143956e-01
3.910400000000000091e+03 -1.301523093082525562e-01
3.913599999999999909e+03 -1.480032479615700225e-01
3.916800000000000182e+03 -1.589418316142007237e-01
3.920000000000000000e+03 -1.625358443570133482e-01
3.923199999999999818e+03 -1.586986697702537363e-01
3.926400000000000091e+03 -1.476873291623418405e-01
3.929599999999999909e+03 -1.300836556790264942e-01
3.932800000000000182e+03 -1.067604166859622977e-01
3.936000000000000000e+03 -7.883528541813106250e-02
3.939199999999999818e+03 -4.761605761856955998e-02
3.942400000000000091e+03 -1.454033966954746369e-02
3.945599999999999909e+03 1.888767610473139971e-02
3.948800000000000182e+03 5.116141098171617801e-02
3.952000000000000000e+03 8.083556504462324765e-02
3.955199999999999818e+03 1.065877781621756976e-01
3.958400000000000091e+03 1.272764912579153473e-01
3.961599999999999909e+03 1.419926678313303270e-01
3.964800000000000182e+03 1.501025193526621948e-01
3.968000000000000000e+03 1.512781979560757495e-01
3.971199999999999818e+03 1.455138286926788982e-01
3.974400000000000091e+03 1.331252978343407389e-01
3.977599999999999909e+03 1.147336605401681614e-01
3.980800000000000182e+03 9.123345979357518065e-02
3.984000000000000000e+03 6.374827256958735811e-02
3.987199999999999818e+03 3.357627609183434086e-02
3.990400000000000091e+03 2.128696936417658059e-03
3.993599999999999909e+03 -2.913606641376402170e-02
3.996800000000000182e+03 -5.877989197911159119e-02
4.000000000000000000e+03 -8.545118211498758942e-02
4.003199999999999818e+03 -1.079471392034766358e-01
4.006400000000000091e+03 -1.252693482041027373e-01
4.009599999999999909e+03 -1.366700398801690419e-01
4.012800000000000182e+03 -1.416865752572306625e-01
4.016000000000000000e+03 -1.401620304563361008e-01
4.019199999999999818e+03 -1.322503823320150262e-01
4.022400000000000091e+03 -1.184057181648226209e-01
4.025599999999999909e+03 -9.935599703864476939e-02
4.028800000000000182e+03 -7.606297014749272001e-02
4.032000000000000000e+03 -4.967074271433392224e-02
4.035199999999999818e+03 -2.144606811486445691e-02
4.038400000000000091e+03 7.286151200459345563e-03
4.041599999999999909e+03 3.520847115590227533e-02
4.044800000000000182e+03 6.107393419665060191e-02
4.048000000000000000e+03 8.376312648710684816e-02
4.051199999999999818e+03 1.023324923794983327e-01
4.054400000000000091e+03 1.160519524692334159e-01
4.057599999999999909e+03 1.244306753413116223e-01
4.060800000000000182e+03 1.272304995326525856e-01
4.064000000000000000e+03 1.244670124758935764e-01
4.067199999999999818e+03 1.163987998514163930e-01
4.070400000000000091e+03 1.035059841234071965e-01
4.073599999999999909e+03 8.645983617677845123e-02
4.076800000000000182e+03 6.608578699217078356e-02
4.080000000000000000e+03 4.332237279828524135e-02
4.083199999999999818e+03 1.917843062062614054e-02
4.086400000000000091e+03 -5.309645426373638642e-03
4.089599999999999909e+03 -2.911929702416685140e-02
4.092800000000000182e+03 -5.128087175943360498e-02
4.096000000000000000e+03 -7.091350325170953095e-02
4.099199999999999818e+03 -8.725695905679548003e-02
4.102399999999999636e+03 -9.969865388446109977e-02
4.105600000000000364e+03 -1.077950516782283374e-01
4.108800000000000182e+03 -1.112866474280694157e-01
4.112000000000000000e+03 -1.101057106039288885e-01
4.115199999999999818e+03 -1.043761718060281785e-01
4.118399999999999636e+03 -9.440554013746875472e-02
4.121600000000000364e+03 -8.066941168137158058e-02
4.124800000000000182e+03 -6.378966028027317769e-02
4.128000000000000000e+03 -4.450755206654886942e-02
4.131199999999999818e+03 -2.365282960431673229e-02
4.134399999999999636e+03 -2.109560242329812808e-03
4.137600000000000364e+03 1.922044872033088631e-02
4.140800000000000182e+03 3.945551020850125018e-02
4.144000000000000000e+03 5.777152958911382225e-02
4.147199999999999818e+03 7.343707541597870037e-02
4.150399999999999636e+03 8.584401464319288411e-02
4.153600000000000364e+03 9.453194770271641789e-02
4.156800000000000182e+03 9.920510425857241577e-02
4.160000000000000000e+03 9.974087846326662454e-02
4.163199999999999818e+03 9.618982580196500098e-02
4.166399999999999636e+03 8.876771126636974485e-02
4.169600000000000364e+03 7.784092976500309180e-02
4.172800000000000182e+03 6.390703274106764031e-02
4.176000000000000000e+03 4.757199069836492988e-02
4.179199999999999818e+03 2.952527717291216977e-02
4.182399999999999636e+03 1.051322410885363427e-02
4.185600000000000364e+03 -8.689237289271232664e-03
4.188800000000000182e+03 -2.730820611656769453e-02
4.192000000000000000e+03 -4.460110817028873492e-02
4.195199999999999818e+03 -5.988644743206140292e-02
4.198399999999999636e+03 -7.257145050217049531e-02
4.201600000000000364e+03 -8.217591100926982528e-02
4.204800000000000182e+03 -8.835063967972335564e-02
4.208000000000000000e+03 -9.088930410406764748e-02
4.211199999999999818e+03 -8.973314132052868930e-02
4.214399999999999636e+03 -8.496893788634680977e-02
4.217600000000000364e+03 -7.682148478075574716e-02
4.220800000000000182e+03 -6.564205554304582135e-02
4.224000000000000000e+03 -5.189414652965963076e-02
4.227199999999999818e+03 -3.613693906541133594e-02
4.230399999999999636e+03 -1.900616351761880152e-02
4.233600000000000364e+03 -1.191744662659759970e-03
4.236800000000000182e+03 1.658801682585012149e-02
4.240000000000000000e+03 3.361511264007528699e-02
4.243199999999999818e+03 4.920182642144579205e-02
4.246399999999999636e+03 6.272000654054554758e-02
4.249600000000000364e+03 7.362754985999693524e-02
4.252800000000000182e+03 8.149047650888353866e-02
4.256000000000000000e+03 8.599964426361908498e-02
4.259199999999999818e+03 8.698183601313373703e-02
4.262399999999999636e+03 8.440550414767641896e-02
4.265600000000000364e+03 7.838175239915338988e-02
4.268800000000000182e+03 6.916108176846250122e-02
4.272000000000000000e+03 5.712601428303501483e-02
4.275199999999999818e+03 4.277911134723096781e-02
4.278399999999999636e+03 2.672548421116236611e-02
4.281600000000000364e+03 9.649039044966906814e-03
4.284800000000000182e+03 -7.717442096856360310e-03
4.288000000000000000e+03 -2.462696242801612131e-02
4.291199999999999818e+03 -4.035506480743079188e-02
4.294399999999999636e+03 -5.423543093629317607e-02
4.297600000000000364e+03 -6.569130381881131686e-02
4.300800000000000182e+03 -7.426056652847140560e-02
4.304000000000000000e+03 -7.961339685205479078e-02
4.307199999999999818e+03 -8.156240019212679382e-02
4.310399999999999636e+03 -8.006583751286278083e-02
4.313600000000000364e+03 -7.522496152237188871e-02
4.316800000000000182e+03 -6.727653244114445430e-02
4.320000000000000000e+03 -5.658131687648558505e-02
4.323199999999999818e+03 -4.360890311495383559e-02
4.326399999999999636e+03 -2.891876146328270156e-02
4.329600000000000364e+03 -1.313744068567543333e-02
4.332800000000000182e+03 3.067756432456280897e-03
4.336000000000000000e+03 1.901752379882450106e-02
4.339199999999999818e+03 3.404998556415889110e-02
4.342399999999999636e+03 4.754885752716642155e-02
4.345600000000000364e+03 5.896865777626499744e-02
4.348800000000000182e+03 6.785584749679612893e-02
4.352000000000000000e+03 7.386536836564372432e-02
4.355199999999999818e+03 7.677249747994735474e-02
4.358399999999999636e+03 7.648020320116172277e-02
4.361600000000000364e+03 7.302222209431644129e-02
4.364800000000000182e+03 6.656188276095865997e-02
4.368000000000000000e+03 5.738636560794010966e-02
4.371199999999999818e+03 4.589582050249275957e-02
4.374399999999999636e+03 3.258682298641456948e-02
4.377600000000000364e+03 1.803018142304105981e-02
4.380800000000000182e+03 2.844024202460561455e-03
4.384000000000000000e+03 -1.233592239590866092e-02
4.387199999999999818e+03 -2.688630910199184612e-02
4.390399999999999636e+03 -4.022379541117941659e-02
4.393600000000000364e+03 -5.182833030292999243e-02
4.396800000000000182e+03 -6.126108193155108128e-02
4.400000000000000000e+03 -6.817711231509465675e-02
4.403199999999999818e+03 -7.233372677918302462e-02
4.406399999999999636e+03 -7.359573337728263220e-02
4.409600000000000364e+03 -7.193855137229045182e-02
4.412800000000000182e+03 -6.744938544398344782e-02
4.416000000000000000e+03 -6.032588555359775367e-02
4.419199999999999818e+03 -5.087119866956690134e-02
4.422399999999999636e+03 -3.948429913616625930e-02
4.425600000000000364e+03 -2.664497499183176785e-02
4.428800000000000182e+03 -1.289369437318509462e-02
4.432000000000000000e+03 1.192490065442954701e-03
4.435199999999999818e+03 1.502612648334486663e-02
4.438399999999999636e+03 2.803550350674997860e-02
4.441600000000000364e+03 3.968885700057770555e-02
4.444800000000000182e+03 4.951538718239662656e-02
4.448000000000000000e+03 5.712258861207381716e-02
4.451199999999999818e+03 6.221000533526988008e-02
4.454399999999999636e+03 6.457977911272785865e-02
4.457600000000000364e+03 6.414421391593537469e-02
4.460800000000000182e+03 6.093017913892299908e-02
4.464000000000000000e+03 5.507978080159207229e-02
4.467199999999999818e+03 4.684657428230125376e-02
4.470399999999999636e+03 3.658674889812457698e-02
4.473600000000000364e+03 2.474511128871040300e-02
4.476800000000000182e+03 1.183620889897118132e-02
4.480000000000000000e+03 -1.578532804914827611e-03
4.483199999999999818e+03 -1.491632246566771715e-02
4.486399999999999636e+03 -2.759953364302128453e-02
4.489600000000000364e+03 -3.908158278352985571e-02
4.492800000000000182e+03 -4.887069600657275442e-02
4.496000000000000000e+03 -5.655047947137389203e-02
4.499199999999999818e+03 -6.179661498794662700e-02
4.502399999999999636e+03 -6.438935783514571076e-02
4.505600000000000364e+03 -6.422178149650664691e-02
4.508800000000000182e+03 -6.130386503071516557e-02
4.512000000000000000e+03 -5.576250875497695131e-02
4.515199999999999818e+03 -4.783738096056917161e-02
4.518399999999999636e+03 -3.787224079674673949e-02
4.521600000000000364e+03 -2.630127333206834159e-02
4.524800000000000182e+03 -1.363024606785510212e-02
4.528000000000000000e+03 -4.130088851873458134e-04
4.531199999999999818e+03 1.277521488054113308e-02
4.534399999999999636e+03 2.536557006433370204e-02
4.537600000000000364e+03 3.682197903890924856e-02
4.540800000000000182e+03 4.666427328211641967e-02
4.544000000000000000e+03 5.448691764301729495e-02
4.547199999999999818e+03 5.997307592438971824e-02
4.550399999999999636e+03 6.290441984874597936e-02
4.553600000000000364e+03 6.316735814126107906e-02
4.556800000000000182e+03 6.075625020606106874e-02
4.560000000000000000e+03 5.577378688183268207e-02
4.563199999999999818e+03 4.842826509773830862e-02
4.566399999999999636e+03 3.902715910730440024e-02
4.569600000000000364e+03 2.796635260870948200e-02
4.572800000000000182e+03 1.571471033865555478e-02
4.576000000000000000e+03 2.794285514390355916e-03
4.579199999999999818e+03 -1.024280392541384969e-02
4.582399999999999636e+03 -2.283921628362702710e-02
4.585600000000000364e+03 -3.445713594204366514e-02
4.588800000000000182e+03 -4.460136531754914369e-02
4.592000000000000000e+03 -5.283971417066653936e-02
4.595199999999999818e+03 -5.882019240000149057e-02
4.598399999999999636e+03 -6.228488695268143832e-02
4.601600000000000364e+03 -6.308051700644791426e-02
4.604800000000000182e+03 -6.116554762577793014e-02
4.608000000000000000e+03 -5.661350886687038092e-02
4.611199999999999818e+03 -4.961194864717209663e-02
4.614399999999999636e+03 -4.045636672714442855e-02
4.617600000000000364e+03 -2.953863539784076786e-02
4.620800000000000182e+03 -1.732987423398509030e-02
4.624000000000000000e+03 -4.358480625511891929e-03
4.627199999999999818e+03 8.815171207200831263e-03
4.630399999999999636e+03 2.162528805574760737e-02
4.633600000000000364e+03 3.352635549545515681e-02
4.636800000000000182e+03 4.401634809664959486e-02
4.640000000000000000e+03 5.265657738952970318e-02
4.643199999999999818e+03 5.908795865070014253e-02
4.646399999999999636e+03 6.304381031074331176e-02
4.649600000000000364e+03 6.435929961717537506e-02
4.652800000000000182e+03 6.297745186000279494e-02
4.656000000000000000e+03 5.895141986294123726e-02
4.659199999999999818e+03 5.244260437928410790e-02
4.662399999999999636e+03 4.371430206507475463e-02
4.665600000000000364e+03 3.312084396755231308e-02
4.668800000000000182e+03 2.109261398145735253e-02
4.672000000000000000e+03 8.117788388904177005e-03
4.675199999999999818e+03 -5.278032668325939938e-03
4.678399999999999636e+03 -1.855304980215564253e-02
4.681600000000000364e+03 -3.117028985082502535e-02
4.684800000000000182e+03 -4.261773472165629462e-02
4.688000000000000000e+03 -5.242716777882337059e-02
4.691199999999999818e+03 -6.019146373249607829e-02
4.694399999999999636e+03 -6.557997139889458482e-02
4.697600000000000364e+03 -6.835151652570778391e-02
4.700800000000000182e+03 -6.836451562428509654e-02
4.704000000000000000e+03 -6.558375485840869934e-02
4.707199999999999818e+03 -6.008347764391546580e-02
4.710399999999999636e+03 -5.204649204914438276e-02
4.713600000000000364e+03 -4.175909121324246354e-02
4.716800000000000182e+03 -2.960174895459150024e-02
4.720000000000000000e+03 -1.603582388321577248e-02
4.723199999999999818e+03 -1.586799214973296608e-03
4.726399999999999636e+03 1.317521645884125667e-02
4.729600000000000364e+03 2.765696317174289390e-02
4.732800000000000182e+03 4.126478603619666147e-02
4.736000000000000000e+03 5.342804255678456488e-02
4.739199999999999818e+03 6.362248138735096537e-02
4.742399999999999636e+03 7.139276485048273724e-02
4.745600000000000364e+03 7.637315770913929991e-02
4.748800000000000182e+03 7.830535502009587645e-02
4.752000000000000000e+03 7.705249684543212518e-02
4.755199999999999818e+03 7.260856466210310889e-02
4.758399999999999636e+03 6.510250551117237328e-02
4.761600000000000364e+03 5.479656738520535808e-02
4.764800000000000182e+03 4.207850000304082239e-02
4.768000000000000000e+03 2.744755356262634088e-02
4.771199999999999818e+03 1.149462723148114360e-02
4.774399999999999636e+03 -5.122575671004481884e-03
4.777600000000000364e+03 -2.170806502426955720e-02
4.780800000000000182e+03 -3.755813264062771856e-02
4.784000000000000000e+03 -5.199226233941940667e-02
4.787199999999999818e+03 -6.438276389639992214e-02
4.790399999999999636e+03 -7.418173638179269280e-02
4.793600000000000364e+03 -8.094428590474363194e-02
4.796800000000000182e+03 -8.434730528556494411e-02
4.800000000000000000e+03 -8.420348974316499424e-02
4.803199999999999818e+03 -8.047049203125024308e-02
4.806399999999999636e+03 -7.325511741945624211e-02
4.809600000000000364e+03 -6.281225047151547947e-02
4.812800000000000182e+03 -4.953797228761517429e-02
4.816000000000000000e+03 -3.395632374194639674e-02
4.819199999999999818e+03 -1.669955631671973459e-02
4.822399999999999636e+03 1.517581289189964778e-03
4.825600000000000364e+03 1.992822075585362618e-02
4.828800000000000182e+03 3.774661499829268241e-02
4.832000000000000000e+03 5.420232017129874430e-02
4.835199999999999818e+03 6.857357611045634960e-02
4.838399999999999636e+03 8.021845788748160899e-02
4.841600000000000364e+03 8.860270086497600006e-02
4.844800000000000182e+03 9.332339241709719513e-02
4.848000000000000000e+03 9.412793025978340167e-02
4.851199999999999818e+03 9.092771248564859854e-02
4.854399999999999636e+03 8.380592837042871723e-02
4.857600000000000364e+03 7.301865078931590869e-02
4.860800000000000182e+03 5.898837631486579525e-02
4.864000000000000000e+03 4.228940359297272272e-02
4.867199999999999818e+03 2.362503920710555191e-02
4.870399999999999636e+03 3.797442624485422406e-03
4.873600000000000364e+03 -1.632828583366576283e-02
4.876800000000000182e+03 -3.586363098939338717e-02
4.880000000000000000e+03 -5.393745583700418345e-02
4.883199999999999818e+03 -6.973578976792207951e-02
4.886399999999999636e+03 -8.253860273184615570e-02
4.889600000000000364e+03 -9.175194351558323136e-02
4.892800000000000182e+03 -9.693428463645362148e-02
4.896000000000000000e+03 -9.781636868098807225e-02
4.899199999999999818e+03 -9.431417629896854393e-02
4.902399999999999636e+03 -8.653475937069819712e-02
4.905600000000000364e+03 -7.477463685456382791e-02
4.908800000000000182e+03 -5.951036565150216728e-02
4.912000000000000000e+03 -4.138095001748574864e-02
4.915199999999999818e+03 -2.116207734489172071e-02
4.918399999999999636e+03 2.671999818748609589e-04
4.921600000000000364e+03 2.196389663794634864e-02
4.924800000000000182e+03 4.296443534276826043e-02
4.928000000000000000e+03 6.232925355259294475e-02
4.931199999999999818e+03 7.918606152061495596e-02
4.934399999999999636e+03 9.276956102497567469e-02
4.937600000000000364e+03 1.024560043698295037e-01
4.940800000000000182e+03 1.077914417463558261e-01
4.944000000000000000e+03 1.085127658826905012e-01
4.947199999999999818e+03 1.045607883441508207e-01
4.950399999999999636e+03 9.608470032145019490e-02
4.953600000000000364e+03 8.343746274417004893e-02
4.956800000000000182e+03 6.716193894724976909e-02
4.960000000000000000e+03 4.796794152174882475e-02
4.963199999999999818e+03 2.670085956326559082e-02
4.966399999999999636e+03 4.303192032289160016e-03
4.969600000000000364e+03 -1.822897705841531810e-02
4.972800000000000182e+03 -3.989200119560570856e-02
4.976000000000000000e+03 -5.972052120865536246e-02
4.979199999999999818e+03 -7.683079463043347712e-02
4.982399999999999636e+03 -9.045971271085299914e-02
4.985600000000000364e+03 -9.999820679550505687e-02
4.988800000000000182e+03 -1.050180224662490142e-01
4.992000000000000000e+03 -1.052909297243186798e-01
4.995199999999999818e+03 -1.007995126570993549e-01
4.998399999999999636e+03 -9.173886220323117235e-02
5.001600000000000364e+03 -7.850882401193799709e-02
5.004800000000000182e+03 -6.169686670948852647e-02
5.008000000000000000e+03 -4.205210821905636803e-02
5.011199999999999818e+03 -2.045152975115275759e-02
5.014399999999999636e+03 2.140073926878196739e-03
5.017600000000000364e+03 2.471441611969549951e-02
5.020800000000000182e+03 4.626601480546001233e-02
5.024000000000000000e+03 6.583812042552580901e-02
5.027199999999999818e+03 8.256605516575850345e-02
5.030399999999999636e+03 9.571602493487776919e-02
5.033600000000000364e+03 1.047177959637812517e-01
5.036800000000000182e+03 1.091907474088657792e-01
5.040000000000000000e+03 1.089622636778259934e-01
5.043199999999999818e+03 1.040749030431098732e-01
5.046399999999999636e+03 9.478283613573253163e-02
5.049600000000000364e+03 8.153826918730887330e-02
5.052800000000000182e+03 6.496857415107083755e-02
5.056000000000000000e+03 4.584523033949328141e-02
5.059199999999999818e+03 2.504587801788230039e-02
5.062399999999999636e+03 3.511173136940878587e-03
5.065600000000000364e+03 -1.780140416513503049e-02
5.068800000000000182e+03 -3.796415758290809517e-02
5.072000000000000000e+03 -5.612339495405140738e-02
5.075199999999999818e+03 -7.153866579047507557e-02
5.078399999999999636e+03 -8.361498183999482858e-02
5.081600000000000364e+03 -9.192665496768656630e-02
5.084800000000000182e+03 -9.623200874895505852e-02
5.088000000000000000e+03 -9.647871530556435815e-02
5.091199999999999818e+03 -9.279993723070220635e-02
5.094399999999999636e+03 -8.550183993951493422e-02
5.097600000000000364e+03 -7.504338299126306344e-02
5.100800000000000182e+03 -6.200954690110373202e-02
5.104000000000000000e+03 -4.707932586913818329e-02
5.107199999999999818e+03 -3.098998669538621797e-02
5.110399999999999636e+03 -1.449934461980632687e-02
5.113600000000000364e+03 1.651904413772362990e-03
5.116800000000000182e+03 1.677557577360862945e-02
5.120000000000000000e+03 3.026699211873701972e-02
5.123199999999999818e+03 4.162987286894874461e-02
5.126399999999999636e+03 5.049402121175467634e-02
5.129600000000000364e+03 5.662535530925483229e-02
5.132800000000000182e+03 5.992838341061146323e-02
5.136000000000000000e+03 6.044164527768432910e-02
5.139199999999999818e+03 5.832695658424877361e-02
5.142399999999999636e+03 5.385351702543048069e-02
5.145600000000000364e+03 4.737808123118657233e-02
5.148800000000000182e+03 3.932243097098880869e-02
5.152000000000000000e+03 3.014934351700719606e-02
5.155199999999999818e+03 2.033817554472351977e-02
5.158399999999999636e+03 1.036114108780963709e-02
5.161600000000000364e+03 6.613647499043531384e-04
5.164800000000000182e+03 -8.366224419869547346e-03
5.168000000000000000e+03 -1.639021722081302618e-02
5.171199999999999818e+03 -2.315358841684794083e-02
5.174399999999999636e+03 -2.847977767876870916e-02
5.177600000000000364e+03 -3.227402765331071482e-02
5.180800000000000182e+03 -3.452033270832713385e-02
5.184000000000000000e+03 -3.527459404427452094e-02
5.187199999999999818e+03 -3.465474983520817898e-02
5.190399999999999636e+03 -3.282874932374370974e-02
5.193600000000000364e+03 -3.000126036646747624e-02
5.196800000000000182e+03 -2.639993907280013125e-02
5.200000000000000000e+03 -2.226197225837564520e-02
5.203199999999999818e+03 -1.782147419631611648e-02
5.206399999999999636e+03 -1.329822337343948037e-02
5.209600000000000364e+03 -8.888168968608963980e-03
5.212800000000000182e+03 -4.756085264546602680e-03
5.216000000000000000e+03 -1.030658209298955822e-03
5.219199999999999818e+03 2.197863845508872104e-03
5.222399999999999636e+03 4.877510970403177784e-03
5.225600000000000364e+03 6.992164584627692976e-03
5.228800000000000182e+03 8.557256902406450844e-03
5.232000000000000000e+03 9.614100280802949025e-03
5.235199999999999818e+03 1.022340539528096039e-02
5.238399999999999636e+03 1.045854335161997169e-02
5.241600000000000364e+03 1.039904565948793040e-02
5.244800000000000182e+03 1.012473415219690594e-02
5.248000000000000000e+03 9.710756758936263736e-03
5.251199999999999818e+03 9.223701702703788335e-03
5.254399999999999636e+03 8.718883270601497995e-03
5.257600000000000364e+03 8.238830645342270012e-03
5.260800000000000182e+03 7.812947207139254308e-03
5.264000000000000000e+03 7.458231986031855186e-03
5.267199999999999818e+03 7.180871833131004418e-03
5.270399999999999636e+03 6.978445697217850949e-03
5.273600000000000364e+03 6.842445206117138065e-03
5.276800000000000182e+03 6.760820151756827441e-03
5.280000000000000000e+03 6.720292058168605455e-03
5.283199999999999818e+03 6.708242206034132141e-03
5.286399999999999636e+03 6.714048728422553416e-03
5.289600000000000364e+03 6.729825925194650969e-03
5.292800000000000182e+03 6.750573607585212341e-03
5.296000000000000000e+03 6.773812582401641386e-03
