0.000000000000000000e+00 1.808253815944662647e-03
3.200000000000000178e+00 1.957198468876546367e-03
6.400000000000000355e+00 2.106160832178154228e-03
9.599999999999999645e+00 2.254988801472847162e-03
1.280000000000000071e+01 2.403547572610738141e-03
1.600000000000000000e+01 2.551690663225138558e-03
1.919999999999999929e+01 2.699274012380851757e-03
2.239999999999999858e+01 2.846148090823885039e-03
2.560000000000000142e+01 2.992162987284544082e-03
2.880000000000000071e+01 3.137165099417859281e-03
3.200000000000000000e+01 3.280999634738588234e-03
3.520000000000000284e+01 3.423508898806608587e-03
3.839999999999999858e+01 3.564533766700940087e-03
4.160000000000000142e+01 3.703912685145995670e-03
4.479999999999999716e+01 3.841482648968600876e-03
4.800000000000000000e+01 3.977078576400634898e-03
5.120000000000000284e+01 4.110534016430886055e-03
5.439999999999999858e+01 4.241680741634846694e-03
5.760000000000000142e+01 4.370349296136848485e-03
6.079999999999999716e+01 4.496368725813985889e-03
6.400000000000000000e+01 4.619567025712824869e-03
6.720000000000000284e+01 4.739770962855814097e-03
7.040000000000000568e+01 4.856806457333636209e-03
7.359999999999999432e+01 4.970498470298251141e-03
7.679999999999999716e+01 5.080671339069786283e-03
8.000000000000000000e+01 5.187148713266765028e-03
8.320000000000000284e+01 5.289753858027581614e-03
8.640000000000000568e+01 5.388309626573632369e-03
8.959999999999999432e+01 5.482638738757507173e-03
9.279999999999999716e+01 5.572563781244287140e-03
9.600000000000000000e+01 5.657907469729973014e-03
9.920000000000000284e+01 5.738492673894962821e-03
1.024000000000000057e+02 5.814142666012332532e-03
1.055999999999999943e+02 5.884681160506582964e-03
1.087999999999999972e+02 5.949932548781987525e-03
1.120000000000000000e+02 6.009721955002019292e-03
1.152000000000000028e+02 6.063875467194427930e-03
1.184000000000000057e+02 6.112220207433247468e-03
1.215999999999999943e+02 6.154584552357475133e-03
1.247999999999999972e+02 6.190798207319081134e-03
1.280000000000000000e+02 6.220692418918883845e-03
1.311999999999999886e+02 6.244100061367918383e-03
1.344000000000000057e+02 6.260855848182401116e-03
1.375999999999999943e+02 6.270796423514158995e-03
1.408000000000000114e+02 6.273760562279961060e-03
1.440000000000000000e+02 6.269589262508080268e-03
1.471999999999999886e+02 6.258125942866145201e-03
1.504000000000000057e+02 6.239216543266252850e-03
1.535999999999999943e+02 6.212709718777922885e-03
1.568000000000000114e+02 6.178456940645347777e-03
1.600000000000000000e+02 6.136312682604400624e-03
1.631999999999999886e+02 6.086134521927888917e-03
1.664000000000000057e+02 6.027783320346760502e-03
1.695999999999999943e+02 5.961123326576352362e-03
1.728000000000000114e+02 5.886022352665009477e-03
1.760000000000000000e+02 5.802351874665038177e-03
1.791999999999999886e+02 5.709987199649773845e-03
1.824000000000000057e+02 5.608807562122035059e-03
1.855999999999999943e+02 5.498696285039503251e-03
1.888000000000000114e+02 5.379540876256683028e-03
1.920000000000000000e+02 5.251233183955618215e-03
1.951999999999999886e+02 5.113669487475176918e-03
1.984000000000000057e+02 4.966750641806286747e-03
2.015999999999999943e+02 4.810382163338729027e-03
2.048000000000000114e+02 4.644474369664022481e-03
2.080000000000000000e+02 4.468942462969046833e-03
2.111999999999999886e+02 4.283706659989353072e-03
2.144000000000000057e+02 4.088692265931052894e-03
2.175999999999999943e+02 3.883829794967273100e-03
2.208000000000000114e+02 3.669055039988141764e-03
2.240000000000000000e+02 3.444309184949154081e-03
2.271999999999999886e+02 3.209538864648477877e-03
2.304000000000000057e+02 2.964696265247216290e-03
2.335999999999999943e+02 2.709739178425239498e-03
2.368000000000000114e+02 2.444631096949980657e-03
2.400000000000000000e+02 2.169341259903513185e-03
2.431999999999999886e+02 1.883844734713813413e-03
2.464000000000000057e+02 1.588122447260829472e-03
2.495999999999999943e+02 1.282161265457928403e-03
2.528000000000000114e+02 9.659539202216795364e-04
2.560000000000000000e+02 6.394983488986009370e-04
2.591999999999999886e+02 3.027972207046800580e-04
2.623999999999999773e+02 -4.414206973619895779e-05
2.656000000000000227e+02 -4.013073971919490341e-04
2.688000000000000114e+02 -7.686818695615338978e-04
2.720000000000000000e+02 -1.146243825505489835e-03
2.751999999999999886e+02 -1.533966802125983145e-03
2.783999999999999773e+02 -1.931819541754015764e-03
2.816000000000000227e+02 -2.339765975095422102e-03
2.848000000000000114e+02 -2.757765241618742938e-03
2.880000000000000000e+02 -3.185771682111885206e-03
2.911999999999999886e+02 -3.623734864558295597e-03
2.943999999999999773e+02 -4.071599588465252620e-03
2.976000000000000227e+02 -4.529305928217684969e-03
3.008000000000000114e+02 -4.996789253194917901e-03
3.040000000000000000e+02 -5.473980270687708177e-03
3.071999999999999886e+02 -5.960805029220265540e-03
3.103999999999999773e+02 -6.457184937644409525e-03
3.136000000000000227e+02 -6.963036756863275750e-03
3.168000000000000114e+02 -7.478272631111824477e-03
3.200000000000000000e+02 -8.002800119517294516e-03
3.231999999999999886e+02 -8.536522280266273244e-03
3.263999999999999773e+02 -9.079337747566947406e-03
3.296000000000000227e+02 -9.631140832329748366e-03
3.328000000000000114e+02 -1.019182158194414413e-02
3.360000000000000000e+02 -1.076126583772104260e-02
3.391999999999999886e+02 -1.133935524517102472e-02
3.423999999999999773e+02 -1.192596727225891245e-02
3.456000000000000227e+02 -1.252097520373124384e-02
3.488000000000000114e+02 -1.312424817030437459e-02
3.520000000000000000e+02 -1.373565118360426697e-02
3.551999999999999886e+02 -1.435504523467442256e-02
3.583999999999999773e+02 -1.498228742790827864e-02
3.616000000000000227e+02 -1.561723120045312684e-02
3.648000000000000114e+02 -1.625972658438978868e-02
3.680000000000000000e+02 -1.690962054940970891e-02
3.711999999999999886e+02 -1.756675736574003777e-02
3.743999999999999773e+02 -1.823097875466615780e-02
3.776000000000000227e+02 -1.890212260053591303e-02
3.808000000000000114e+02 -1.958001776525692891e-02
3.840000000000000000e+02 -2.026447405502850713e-02
3.871999999999999886e+02 -2.095527841339113115e-02
3.903999999999999773e+02 -2.165223448678511506e-02
3.936000000000000227e+02 -2.235530056950188124e-02
3.968000000000000114e+02 -2.306482207063650924e-02
4.000000000000000000e+02 -2.378164958587242195e-02
4.031999999999999886e+02 -2.450666774823853297e-02
4.063999999999999773e+02 -2.523932804423674806e-02
4.096000000000000227e+02 -2.597567526786191336e-02
4.128000000000000114e+02 -2.670788784528280169e-02
4.160000000000000000e+02 -2.742793411319229338e-02
4.191999999999999886e+02 -2.813549703475752214e-02
4.223999999999999773e+02 -2.884509403227976040e-02
4.256000000000000227e+02 -2.958389571564547238e-02
4.288000000000000114e+02 -3.037605494001215795e-02
4.320000000000000000e+02 -3.122130327600378813e-02
4.351999999999999886e+02 -3.208525203838751699e-02
4.383999999999999773e+02 -3.291412147291431639e-02
4.416000000000000227e+02 -3.366752420428210241e-02
4.448000000000000114e+02 -3.434594903411841010e-02
4.480000000000000000e+02 -3.499234159740990252e-02
4.511999999999999886e+02 -3.566792644771669962e-02
4.543999999999999773e+02 -3.642050955026751580e-02
4.576000000000000227e+02 -3.726319663235470175e-02
4.608000000000000114e+02 -3.816945862410760920e-02
4.640000000000000000e+02 -3.908346572980864880e-02
4.671999999999999886e+02 -3.994478080498111566e-02
4.703999999999999773e+02 -4.072131922584489028e-02
4.736000000000000227e+02 -4.143145810775140242e-02
4.768000000000000114e+02 -4.213359318898571293e-02
4.800000000000000000e+02 -4.288395107541151385e-02
4.831999999999999886e+02 -4.369471148878256023e-02
4.863999999999999773e+02 -4.452934976397820988e-02
4.896000000000000227e+02 -4.533921175421588151e-02
4.928000000000000114e+02 -4.610612453441291503e-02
4.960000000000000000e+02 -4.685190626485249976e-02
4.991999999999999886e+02 -4.761093949154927146e-02
5.023999999999999773e+02 -4.839772470184156711e-02
5.056000000000000227e+02 -4.920046117810970843e-02
5.088000000000000114e+02 -4.999994521465176561e-02
5.120000000000000000e+02 -5.078860054684412179e-02
5.152000000000000455e+02 -5.157145401275831098e-02
5.183999999999999773e+02 -5.235474393853323249e-02
5.216000000000000227e+02 -5.313865373356431443e-02
5.247999999999999545e+02 -5.392020840547360333e-02
5.280000000000000000e+02 -5.469861646925831128e-02
5.312000000000000455e+02 -5.547510128191638495e-02
5.343999999999999773e+02 -5.624879386354860594e-02
5.376000000000000227e+02 -5.701525329189358060e-02
5.407999999999999545e+02 -5.776974291892641306e-02
5.440000000000000000e+02 -5.851121409162142462e-02
5.472000000000000455e+02 -5.924270367845807517e-02
5.503999999999999773e+02 -5.996836977583824141e-02
5.536000000000000227e+02 -6.069059113782734882e-02
5.567999999999999545e+02 -6.140948546950590614e-02
5.600000000000000000e+02 -6.212415200067555876e-02
5.632000000000000455e+02 -6.283357223810057124e-02
5.663999999999999773e+02 -6.353637043981733012e-02
5.696000000000000227e+02 -6.423046146787197985e-02
5.727999999999999545e+02 -6.491370951226728414e-02
5.760000000000000000e+02 -6.558519706541204863e-02
5.792000000000000455e+02 -6.624555756242410387e-02
5.823999999999999773e+02 -6.689518482663364685e-02
5.856000000000000227e+02 -6.753000925161392609e-02
5.887999999999999545e+02 -6.813463907300487676e-02
5.920000000000000000e+02 -6.867242696998217266e-02
5.952000000000000455e+02 -6.907281434409918985e-02
5.983999999999999773e+02 -6.921830489385437379e-02
6.016000000000000227e+02 -6.893526939539962317e-02
6.047999999999999545e+02 -6.799322149993490549e-02
6.080000000000000000e+02 -6.611604476175898804e-02
6.112000000000000455e+02 -6.300618174887431810e-02
6.143999999999999773e+02 -5.837927406026780647e-02
6.176000000000000227e+02 -5.200298469530872936e-02
6.207999999999999545e+02 -4.373145039937126333e-02
6.240000000000000000e+02 -3.352751158714144947e-02
6.272000000000000455e+02 -2.146846643901277607e-02
6.303999999999999773e+02 -7.735915851573917611e-03
6.336000000000000227e+02 7.405726841985013457e-03
6.367999999999999545e+02 2.363565249385317368e-02
6.400000000000000000e+02 4.060235333127742985e-02
6.432000000000000455e+02 5.794576748215180678e-02
6.463999999999999773e+02 7.531637526457723997e-02
6.496000000000000227e+02 9.239368410662859854e-02
6.527999999999999545e+02 1.089059004863552338e-01
6.560000000000000000e+02 1.246498020950088520e-01
6.592000000000000455e+02 1.395066142399158937e-01
6.623999999999999773e+02 1.534480022933971399e-01
6.656000000000000227e+02 1.665272870134450189e-01
6.687999999999999545e+02 1.788546324270508525e-01
6.720000000000000000e+02 1.905600622393019972e-01
6.752000000000000455e+02 2.017528245389281494e-01
6.783999999999999773e+02 2.124878857245992014e-01
6.816000000000000227e+02 2.227489287531916606e-01
6.847999999999999545e+02 2.324522482403888757e-01
6.880000000000000000e+02 2.414691002355774940e-01
6.912000000000000455e+02 2.496581951401426747e-01
6.943999999999999773e+02 2.568975813404447139e-01
6.976000000000000227e+02 2.631068043979202242e-01
7.007999999999999545e+02 2.682545946892347377e-01
7.040000000000000000e+02 2.723523369833240060e-01
7.072000000000000455e+02 2.754376754171551367e-01
7.103999999999999773e+02 2.775550110319229269e-01
7.136000000000000227e+02 2.787397790421730082e-01
7.167999999999999545e+02 2.790109767437404242e-01
7.200000000000000000e+02 2.783722852800684100e-01
7.232000000000000455e+02 2.768184133733853081e-01
7.263999999999999773e+02 2.743420958773045149e-01
7.296000000000000227e+02 2.709388377782650514e-01
7.327999999999999545e+02 2.666092290391672281e-01
7.360000000000000000e+02 2.613601777180175056e-01
7.392000000000000455e+02 2.552059197583855799e-01
7.423999999999999773e+02 2.481683333483172549e-01
7.456000000000000227e+02 2.402756432234552930e-01
7.487999999999999545e+02 2.315595604706446597e-01
7.520000000000000000e+02 2.220521912426393074e-01
7.552000000000000455e+02 2.117842659396456662e-01
7.583999999999999773e+02 2.007851579487544558e-01
7.616000000000000227e+02 1.890838916781608925e-01
7.647999999999999545e+02 1.767101115909577025e-01
7.680000000000000000e+02 1.636948449441871789e-01
7.712000000000000455e+02 1.500716986569997358e-01
7.743999999999999773e+02 1.358788298527251470e-01
7.776000000000000227e+02 1.211608642028240701e-01
7.807999999999999545e+02 1.059692591325278738e-01
7.840000000000000000e+02 9.036039884771110420e-02
7.872000000000000455e+02 7.439237899948690502e-02
7.903999999999999773e+02 5.812234630867160051e-02
7.936000000000000227e+02 4.160546652800404394e-02
7.967999999999999545e+02 2.489495231746401832e-02
8.000000000000000000e+02 8.041842917310000963e-03
8.032000000000000455e+02 -8.905868022663783121e-03
8.063999999999999773e+02 -2.590369357354579960e-02
8.096000000000000227e+02 -4.290933403637955251e-02
8.127999999999999545e+02 -5.987955318404882682e-02
8.160000000000000000e+02 -7.676695869929975324e-02
8.192000000000000455e+02 -9.351881049592079831e-02
8.223999999999999773e+02 -1.100786590726374053e-01
8.256000000000000227e+02 -1.263897578755008022e-01
8.287999999999999545e+02 -1.423983435889749904e-01
8.320000000000000000e+02 -1.580554630550969897e-01
8.352000000000000455e+02 -1.733171661147085429e-01
8.383999999999999773e+02 -1.881434818055627567e-01
8.416000000000000227e+02 -2.024964252960025635e-01
8.447999999999999545e+02 -2.163370126032771734e-01
8.480000000000000000e+02 -2.296215646735798033e-01
8.512000000000000455e+02 -2.422983755077278145e-01
8.543999999999999773e+02 -2.543063493044413481e-01
8.576000000000000227e+02 -2.655768246358130580e-01
8.607999999999999545e+02 -2.760385692671439295e-01
8.640000000000000000e+02 -2.856245676374669640e-01
8.672000000000000455e+02 -2.942784983794828335e-01
8.703999999999999773e+02 -3.019590004325571897e-01
8.736000000000000227e+02 -3.086407247624645689e-01
8.767999999999999545e+02 -3.143122956233161402e-01
8.800000000000000000e+02 -3.189722054389333983e-01
8.832000000000000455e+02 -3.226240403364764586e-01
8.863999999999999773e+02 -3.252722482583172980e-01
8.896000000000000227e+02 -3.269191758366306044e-01
8.927999999999999545e+02 -3.275636470904746411e-01
8.960000000000000000e+02 -3.272010539503907856e-01
8.992000000000000455e+02 -3.258246643598565750e-01
9.023999999999999773e+02 -3.234275787118964796e-01
9.056000000000000227e+02 -3.200046600127161023e-01
9.087999999999999545e+02 -3.155540016407179515e-01
9.120000000000000000e+02 -3.100779258882484513e-01
9.152000000000000455e+02 -3.035837290113292397e-01
9.183999999999999773e+02 -2.960842020440129785e-01
9.216000000000000227e+02 -2.875976105101791247e-01
9.247999999999999545e+02 -2.781467672042254313e-01
9.280000000000000000e+02 -2.677572757209546461e-01
9.312000000000000455e+02 -2.564556801333577885e-01
9.343999999999999773e+02 -2.442685848923317193e-01
9.376000000000000227e+02 -2.312234322426053035e-01
9.407999999999999545e+02 -2.173506744494848042e-01
9.440000000000000000e+02 -2.026861899020435676e-01
9.472000000000000455e+02 -1.872726635825535668e-01
9.503999999999999773e+02 -1.711594367904263336e-01
9.536000000000000227e+02 -1.544014155724688642e-01
9.567999999999999545e+02 -1.370581226612845038e-01
9.600000000000000000e+02 -1.191935265532676758e-01
9.632000000000000455e+02 -1.008763700998784874e-01
9.663999999999999773e+02 -8.218015709639898969e-02
9.696000000000000227e+02 -6.318209329171592392e-02
9.727999999999999545e+02 -4.396082576014200688e-02
9.760000000000000000e+02 -2.459332544587681732e-02
9.792000000000000455e+02 -5.151562280182435567e-03
9.823999999999999773e+02 1.430018231527904228e-02
9.856000000000000227e+02 3.370645465371768790e-02
9.887999999999999545e+02 5.301954902788186264e-02
9.920000000000000000e+02 7.219614335509559611e-02
9.952000000000000455e+02 9.119235332170665120e-02
9.983999999999999773e+02 1.099585582417585694e-01
1.001600000000000023e+03 1.284356906357495831e-01
1.004799999999999955e+03 1.465545398311046965e-01
1.008000000000000000e+03 1.642388184220545944e-01
1.011200000000000045e+03 1.814113501675646278e-01
1.014399999999999977e+03 1.980013205357905037e-01
1.017600000000000023e+03 2.139498679291092775e-01
1.020799999999999955e+03 2.292117508020691807e-01
1.024000000000000000e+03 2.437520841106023128e-01
1.027200000000000045e+03 2.575386140037897453e-01
1.030400000000000091e+03 2.705313880697795548e-01
1.033599999999999909e+03 2.826729049709625352e-01
1.036799999999999955e+03 2.938825367320583304e-01
1.040000000000000000e+03 3.040584477383390660e-01
1.043200000000000045e+03 3.130879064437974701e-01
1.046400000000000091e+03 3.208634485640241563e-01
1.049599999999999909e+03 3.272995436850102413e-01
1.052799999999999955e+03 3.323439315665951410e-01
1.056000000000000000e+03 3.359799972905710419e-01
1.059200000000000045e+03 3.382202274422151933e-01
1.062400000000000091e+03 3.390940474303367203e-01
1.065599999999999909e+03 3.386348444744402553e-01
1.068799999999999955e+03 3.368704987206795343e-01
1.072000000000000000e+03 3.338198821069772171e-01
1.075200000000000045e+03 3.294954061432512904e-01
1.078400000000000091e+03 3.239095585494941587e-01
1.081599999999999909e+03 3.170820504046867327e-01
1.084799999999999955e+03 3.090441469911194283e-01
1.088000000000000000e+03 2.998381328596370632e-01
1.091200000000000045e+03 2.895122164863531689e-01
1.094400000000000091e+03 2.781133887983665010e-01
1.097599999999999909e+03 2.656815774196468749e-01
1.100799999999999955e+03 2.522474730078162475e-01
1.104000000000000000e+03 2.378344534948087785e-01
1.107200000000000045e+03 2.224634267189221914e-01
1.110400000000000091e+03 2.061588592669232889e-01
1.113599999999999909e+03 1.889544665777712629e-01
1.116799999999999955e+03 1.708973987343580248e-01
1.120000000000000000e+03 1.520501180716938294e-01
1.123200000000000045e+03 1.324897584358864511e-01
1.126400000000000091e+03 1.123055436922489603e-01
1.129599999999999909e+03 9.159531133173184902e-02
1.132799999999999955e+03 7.046192901476526493e-02
1.136000000000000000e+03 4.900972818920371760e-02
1.139200000000000045e+03 2.734082615061946345e-02
1.142400000000000091e+03 5.551725196351392153e-03
1.145599999999999909e+03 -1.626877064433439671e-02
1.148799999999999955e+03 -3.803943285760435361e-02
1.152000000000000000e+03 -5.968438777941714041e-02
1.155200000000000045e+03 -8.112976588960579827e-02
1.158400000000000091e+03 -1.023001683442038845e-01
1.161599999999999909e+03 -1.231154609882621070e-01
1.164799999999999955e+03 -1.434884726620380135e-01
1.168000000000000000e+03 -1.633246894689940054e-01
1.171200000000000045e+03 -1.825250017140388759e-01
1.174400000000000091e+03 -2.009915276246407312e-01
1.177599999999999909e+03 -2.186353036428074215e-01
1.180799999999999955e+03 -2.353840704890834135e-01
1.184000000000000000e+03 -2.511882557748427169e-01
1.187200000000000045e+03 -2.660228631021374079e-01
1.190400000000000091e+03 -2.798826913164375596e-01
1.193599999999999909e+03 -2.927694962605597029e-01
1.196799999999999955e+03 -3.046729119690228527e-01
1.200000000000000000e+03 -3.155506575511678458e-01
1.203200000000000045e+03 -3.253152871386552625e-01
1.206400000000000091e+03 -3.338332322525638385e-01
1.209599999999999909e+03 -3.409379792171994827e-01
1.212799999999999955e+03 -3.464547630160285663e-01
1.216000000000000000e+03 -3.502305473671006864e-01
1.219200000000000045e+03 -3.521610867238784137e-01
1.222400000000000091e+03 -3.522073234226765215e-01
1.225599999999999909e+03 -3.503968207538666890e-01
1.228799999999999955e+03 -3.468114214211945878e-01
1.232000000000000000e+03 -3.415670625251182035e-01
1.235200000000000045e+03 -3.347929786456791401e-01
1.238400000000000091e+03 -3.266152338624672136e-01
1.241599999999999909e+03 -3.171460539046548899e-01
1.244799999999999955e+03 -3.064782172224977952e-01
1.248000000000000000e+03 -2.946832282480862930e-01
1.251200000000000045e+03 -2.818121425089533671e-01
1.254400000000000091e+03 -2.678981211595495848e-01
1.257599999999999909e+03 -2.529602264274052326e-01
1.260799999999999955e+03 -2.370085916265691206e-01
1.264000000000000000e+03 -2.200512719029582565e-01
1.267200000000000045e+03 -2.021024180493058708e-01
1.270400000000000091e+03 -1.831904423463550091e-01
1.273599999999999909e+03 -1.633644358428227583e-01
1.276799999999999955e+03 -1.426975227590754625e-01
1.280000000000000000e+03 -1.212866651572060139e-01
1.283200000000000045e+03 -9.924914991559304067e-02
1.286400000000000091e+03 -7.671644741541050472e-02
1.289599999999999909e+03 -5.382640938971451627e-02
1.292799999999999955e+03 -3.071493833828547668e-02
1.296000000000000000e+03 -7.508344837512938470e-03
1.299200000000000045e+03 1.568233161391405228e-02
1.302400000000000091e+03 3.876376605159423394e-02
1.305599999999999909e+03 6.165860978390351466e-02
1.308799999999999955e+03 8.429952570566305592e-02
1.312000000000000000e+03 1.066202482698284382e-01
1.315200000000000045e+03 1.285460086547283998e-01
1.318400000000000091e+03 1.499860806109687694e-01
1.321599999999999909e+03 1.708309340722236891e-01
1.324799999999999955e+03 1.909556487099636490e-01
1.328000000000000000e+03 2.102297722782552059e-01
1.331200000000000045e+03 2.285318112544938440e-01
1.334400000000000091e+03 2.457646814696959059e-01
1.337599999999999909e+03 2.618675695148313665e-01
1.340799999999999955e+03 2.768200885707687853e-01
1.344000000000000000e+03 2.906361637560035405e-01
1.347200000000000045e+03 3.033475296784354791e-01
1.350400000000000091e+03 3.149798019133502325e-01
1.353599999999999909e+03 3.255270235468568085e-01
1.356799999999999955e+03 3.349321647543243019e-01
1.360000000000000000e+03 3.430803277235325854e-01
1.363200000000000045e+03 3.498082856354730596e-01
1.366400000000000091e+03 3.549292089090528846e-01
1.369599999999999909e+03 3.582664467950710252e-01
1.372799999999999955e+03 3.596869506598385779e-01
1.376000000000000000e+03 3.591249523859880721e-01
1.379200000000000045e+03 3.565900298158544146e-01
1.382400000000000091e+03 3.521591091318061473e-01
1.385599999999999909e+03 3.459568459239222293e-01
1.388799999999999955e+03 3.381313554794315723e-01
1.392000000000000000e+03 3.288319689269131874e-01
1.395200000000000045e+03 3.181933582220078383e-01
1.398400000000000091e+03 3.063273615057152122e-01
1.401599999999999909e+03 2.933213746224759277e-01
1.404799999999999955e+03 2.792409108973271104e-01
1.408000000000000000e+03 2.641339350171725275e-01
1.411200000000000045e+03 2.480354942018647701e-01
1.414400000000000091e+03 2.309723607220816044e-01
1.417599999999999909e+03 2.129681350552339314e-01
1.420799999999999955e+03 1.940491366521426009e-01
1.424000000000000000e+03 1.742506882269514445e-01
1.427200000000000045e+03 1.536227822727572745e-01
1.430400000000000091e+03 1.322341021357292257e-01
1.433599999999999909e+03 1.101738378085747316e-01
1.436799999999999955e+03 8.755118362155754619e-02
1.440000000000000000e+03 6.449249215266010526e-02
1.443200000000000045e+03 4.113594090882582988e-02
1.446400000000000091e+03 1.762373661376282624e-02
1.449599999999999909e+03 -5.907338294551517550e-03
1.452799999999999955e+03 -2.933510419510690012e-02
1.456000000000000000e+03 -5.255824045975340808e-02
1.459200000000000045e+03 -7.549732231801861704e-02
1.462400000000000091e+03 -9.808974207912268817e-02
1.465599999999999909e+03 -1.202794531167406394e-01
1.468799999999999955e+03 -1.420040771590989903e-01
1.472000000000000000e+03 -1.631829405332758109e-01
1.475200000000000045e+03 -1.837099015440593341e-01
1.478400000000000091e+03 -2.034541756389251499e-01
1.481599999999999909e+03 -2.222705446466719803e-01
1.484799999999999955e+03 -2.400175353529647726e-01
1.488000000000000000e+03 -2.565791752836482642e-01
1.491200000000000045e+03 -2.718839448192530983e-01
1.494400000000000091e+03 -2.859144755095807122e-01
1.497599999999999909e+03 -2.987035978350881527e-01
1.500799999999999955e+03 -3.103159402394176647e-01
1.504000000000000000e+03 -3.208184209790722052e-01
1.507200000000000045e+03 -3.302466252505448230e-01
1.510400000000000091e+03 -3.385762926853089771e-01
1.513599999999999909e+03 -3.457090730593212480e-01
1.516799999999999955e+03 -3.514787028632508914e-01
1.520000000000000000e+03 -3.556780406413951323e-01
1.523200000000000045e+03 -3.581006096124432214e-01
1.526400000000000091e+03 -3.585851198351842073e-01
1.529599999999999909e+03 -3.570502318911565331e-01
1.532799999999999955e+03 -3.535101331236962241e-01
1.536000000000000000e+03 -3.480677722123118878e-01
1.539200000000000045e+03 -3.408892570703374036e-01
1.542400000000000091e+03 -3.321678007201220306e-01
1.545599999999999909e+03 -3.220876169953122425e-01
1.548799999999999955e+03 -3.107971070870041430e-01
1.552000000000000000e+03 -2.983969091587837519e-01
1.555200000000000045e+03 -2.849430280257123083e-01
1.558400000000000091e+03 -2.704603173464549815e-01
1.561599999999999909e+03 -2.549592031661406244e-01
1.564799999999999955e+03 -2.384496037759324394e-01
1.568000000000000000e+03 -2.209493423173450322e-01
1.571200000000000045e+03 -2.024876037614340152e-01
1.574400000000000091e+03 -1.831055210831098179e-01
1.577599999999999909e+03 -1.628559183748239936e-01
1.580799999999999955e+03 -1.418036513823922040e-01
1.584000000000000000e+03 -1.200273372526599602e-01
1.587200000000000045e+03 -9.762218901892108502e-02
1.590400000000000091e+03 -7.470215426373330581e-02
1.593599999999999909e+03 -5.139868781984742452e-02
1.596799999999999955e+03 -2.785444702597287062e-02
1.600000000000000000e+03 -4.212701259889353213e-03
1.603200000000000045e+03 1.939443725852950384e-02
1.606400000000000091e+03 4.285520559345625674e-02
1.609599999999999909e+03 6.608201068852756488e-02
1.612799999999999955e+03 8.900864623616241977e-02
1.616000000000000000e+03 1.115812336642789532e-01
1.619200000000000045e+03 1.337448374921007543e-01
1.622400000000000091e+03 1.554292713473587328e-01
1.625599999999999909e+03 1.765384214439242316e-01
1.628799999999999955e+03 1.969468742619261137e-01
1.632000000000000000e+03 2.165058975855258527e-01
1.635200000000000045e+03 2.350584654980276411e-01
1.638400000000000091e+03 2.524604468717104866e-01
1.641599999999999909e+03 2.686026868437174642e-01
1.644799999999999955e+03 2.834273516504989820e-01
1.648000000000000000e+03 2.969325600395532061e-01
1.651200000000000045e+03 3.091621501665291483e-01
1.654400000000000091e+03 3.201815036206004939e-01
1.657599999999999909e+03 3.300444453754231011e-01
1.660799999999999955e+03 3.387595069021516747e-01
1.664000000000000000e+03 3.462655020530395200e-01
1.667200000000000045e+03 3.524253219127825854e-01
1.670400000000000091e+03 3.570423544379452974e-01
1.673599999999999909e+03 3.598968401147145113e-01
1.676799999999999955e+03 3.607924805154612002e-01
1.680000000000000000e+03 3.595998141041629181e-01
1.683200000000000045e+03 3.562838882383729255e-01
1.686400000000000091e+03 3.509089916280906385e-01
1.689599999999999909e+03 3.436204758378489377e-01
1.692799999999999955e+03 3.346103844996915488e-01
1.696000000000000000e+03 3.240776675760979053e-01
1.699200000000000045e+03 3.121941860129653912e-01
1.702400000000000091e+03 2.990847026608177139e-01
1.705599999999999909e+03 2.848238231098714768e-01
1.708799999999999955e+03 2.694472366312260503e-01
1.712000000000000000e+03 2.529705468726317075e-01
1.715200000000000045e+03 2.354078589488563245e-01
1.718400000000000091e+03 2.167843050563936225e-01
1.721599999999999909e+03 1.971406241741543997e-01
1.724799999999999955e+03 1.765316921062836386e-01
1.728000000000000000e+03 1.550228169619759788e-01
1.731200000000000045e+03 1.326872843961357240e-01
1.734400000000000091e+03 1.096068954928525463e-01
1.737599999999999909e+03 8.587522396902823318e-02
1.740799999999999955e+03 6.160173229717949561e-02
1.744000000000000000e+03 3.691407361191758468e-02
1.747200000000000045e+03 1.195620920775196036e-02
1.750400000000000091e+03 -1.311843930896854950e-02
1.753599999999999909e+03 -3.815725461403002283e-02
1.756799999999999955e+03 -6.301875140426196897e-02
1.760000000000000000e+03 -8.757943749281149604e-02
1.763200000000000045e+03 -1.117351697803760924e-01
1.766400000000000091e+03 -1.353971480915077408e-01
1.769599999999999909e+03 -1.584844367183206315e-01
1.772799999999999955e+03 -1.809156586371113984e-01
1.776000000000000000e+03 -2.026023063031825167e-01
1.779200000000000045e+03 -2.234452632074898637e-01
1.782400000000000091e+03 -2.433350197366412060e-01
1.785599999999999909e+03 -2.621550868419369462e-01
1.788799999999999955e+03 -2.797875094613540004e-01
1.792000000000000000e+03 -2.961191450014107884e-01
1.795200000000000045e+03 -3.110473366965619268e-01
1.798400000000000091e+03 -3.244836995789687761e-01
1.801599999999999909e+03 -3.363550323954946908e-01
1.804799999999999955e+03 -3.466009742397938020e-01
1.808000000000000000e+03 -3.551688999356782950e-01
1.811200000000000045e+03 -3.620074876006806885e-01
1.814400000000000091e+03 -3.670610956728517782e-01
1.817599999999999909e+03 -3.702672443100561428e-01
1.820799999999999955e+03 -3.715588792771460924e-01
1.824000000000000000e+03 -3.708716886665400780e-01
1.827200000000000045e+03 -3.681548702870574563e-01
1.830400000000000091e+03 -3.633821073421993342e-01
1.833599999999999909e+03 -3.565589646926868306e-01
1.836799999999999955e+03 -3.477240199238533225e-01
1.840000000000000000e+03 -3.369435169449657708e-01
1.843200000000000045e+03 -3.243019828052645104e-01
1.846400000000000091e+03 -3.098926185062966243e-01
1.849599999999999909e+03 -2.938106612449516430e-01
1.852799999999999955e+03 -2.761509129788957129e-01
1.856000000000000000e+03 -2.570086022253702529e-01
1.859200000000000045e+03 -2.364817236328108363e-01
1.862400000000000091e+03 -2.146730841608345819e-01
1.865599999999999909e+03 -1.916910015704363368e-01
1.868799999999999955e+03 -1.676485364994776406e-01
1.872000000000000000e+03 -1.426620424482273330e-01
1.875200000000000045e+03 -1.168503161957369085e-01
1.878400000000000091e+03 -9.033531311222751936e-02
1.881599999999999909e+03 -6.324433502999460277e-02
1.884799999999999955e+03 -3.571254102727901281e-02
1.888000000000000000e+03 -7.884342035366880344e-03
1.891200000000000045e+03 2.008721166273443048e-02
1.894400000000000091e+03 4.804310186128036425e-02
1.897599999999999909e+03 7.582245229539544273e-02
1.900799999999999955e+03 1.032669810455577597e-01
1.904000000000000000e+03 1.302244000152964210e-01
1.907200000000000045e+03 1.565495341139728491e-01
1.910400000000000091e+03 1.821028644309356515e-01
1.913599999999999909e+03 2.067476021274164133e-01
1.916799999999999955e+03 2.303473849130240059e-01
1.920000000000000000e+03 2.527664912932346963e-01
1.923200000000000045e+03 2.738731312926138695e-01
1.926400000000000091e+03 2.935447015618219968e-01
1.929599999999999909e+03 3.116728114375815761e-01
1.932799999999999955e+03 3.281658390496109412e-01
1.936000000000000000e+03 3.429476140965053155e-01
1.939200000000000045e+03 3.559520957515220907e-01
1.942400000000000091e+03 3.671152058774858062e-01
1.945599999999999909e+03 3.763660231656142940e-01
1.948799999999999955e+03 3.836201234084031242e-01
1.952000000000000000e+03 3.887777144485239922e-01
1.955200000000000045e+03 3.917281972468249496e-01
1.958400000000000091e+03 3.923610104448197466e-01
1.961599999999999909e+03 3.905805559639680125e-01
1.964799999999999955e+03 3.863213614214393021e-01
1.968000000000000000e+03 3.795591525649427700e-01
1.971200000000000045e+03 3.703146528288469019e-01
1.974400000000000091e+03 3.586494546733819955e-01
1.977599999999999909e+03 3.446561034845375127e-01
1.980799999999999955e+03 3.284462087111407746e-01
1.984000000000000000e+03 3.101403223463660153e-01
1.987200000000000045e+03 2.898620335019611027e-01
1.990400000000000091e+03 2.677371606664712966e-01
1.993599999999999909e+03 2.438974855605749725e-01
1.996799999999999955e+03 2.184870923628411954e-01
2.000000000000000000e+03 1.916683067476316060e-01
2.003200000000000045e+03 1.636242241495094452e-01
2.006400000000000091e+03 1.345562369650452617e-01
2.009599999999999909e+03 1.046770567389134626e-01
2.012799999999999955e+03 7.420119512249918892e-02
2.016000000000000000e+03 4.333518454626461569e-02
2.019200000000000045e+03 1.226955038332567388e-02
2.022400000000000091e+03 -1.882562243261561713e-02
2.025599999999999909e+03 -4.979990277936943016e-02
2.028799999999999955e+03 -8.051585601206787124e-02
2.032000000000000000e+03 -1.108377988812983272e-01
2.035200000000000045e+03 -1.406193389321181986e-01
2.038400000000000091e+03 -1.696940952809039005e-01
2.041599999999999909e+03 -1.978732471907926338e-01
2.044799999999999955e+03 -2.249512420710555738e-01
2.048000000000000000e+03 -2.507180606102976106e-01
2.051199999999999818e+03 -2.749741183822499435e-01
2.054400000000000091e+03 -2.975431638290059189e-01
2.057599999999999909e+03 -3.182796180723984070e-01
2.060800000000000182e+03 -3.370689794654980198e-01
2.064000000000000000e+03 -3.538220678492682292e-01
2.067199999999999818e+03 -3.684652722597362429e-01
2.070400000000000091e+03 -3.809295355103305414e-01
2.073599999999999909e+03 -3.911408167676868053e-01
2.076800000000000182e+03 -3.990143416376383256e-01
2.080000000000000000e+03 -4.044540768498167682e-01
2.083199999999999818e+03 -4.073576989734579712e-01
2.086400000000000091e+03 -4.076261808679058074e-01
2.089599999999999909e+03 -4.051762282119625858e-01
2.092800000000000182e+03 -3.999531843052533397e-01
2.096000000000000000e+03 -3.919416907622004231e-01
2.099199999999999818e+03 -3.811715465728049423e-01
2.102400000000000091e+03 -3.677171399963951037e-01
2.105599999999999909e+03 -3.516905583423439174e-01
2.108800000000000182e+03 -3.332305146375640348e-01
2.112000000000000000e+03 -3.124906989438883675e-01
2.115199999999999818e+03 -2.896312990870450466e-01
2.118400000000000091e+03 -2.648160564181115673e-01
2.121599999999999909e+03 -2.382148832751879719e-01
2.124800000000000182e+03 -2.100098048357883773e-01
2.128000000000000000e+03 -1.804007817359777333e-01
2.131199999999999818e+03 -1.496082422413039514e-01
2.134400000000000091e+03 -1.178705850361545932e-01
2.137599999999999909e+03 -8.543674309008439383e-02
2.140800000000000182e+03 -5.255545406154085719e-02
2.144000000000000000e+03 -1.946387278182057715e-02
2.147199999999999818e+03 1.362147714446161444e-02
2.150400000000000091e+03 4.650877733554725085e-02
2.153599999999999909e+03 7.902855149406363966e-02
2.156800000000000182e+03 1.110252197861175544e-01
2.160000000000000000e+03 1.423448853675273462e-01
2.163199999999999818e+03 1.728231134406865988e-01
2.166400000000000091e+03 2.022768268601420616e-01
2.169599999999999909e+03 2.305034349018219297e-01
2.172800000000000182e+03 2.572880929370439107e-01
2.176000000000000000e+03 2.824172425755412941e-01
2.179199999999999818e+03 3.056943178969638297e-01
2.182400000000000091e+03 3.269526336664379529e-01
2.185599999999999909e+03 3.460613752875986160e-01
2.188800000000000182e+03 3.629229561459463849e-01
2.192000000000000000e+03 3.774629005372490131e-01
2.195199999999999818e+03 3.896157985684013947e-01
2.198400000000000091e+03 3.993120075381288991e-01
2.201599999999999909e+03 4.064694052802506063e-01
2.204800000000000182e+03 4.109928549184443392e-01
2.208000000000000000e+03 4.127816544630441564e-01
2.211199999999999818e+03 4.117428762676906828e-01
2.214400000000000091e+03 4.078069308614652444e-01
2.217599999999999909e+03 4.009413571115080233e-01
2.220800000000000182e+03 3.911596291645647039e-01
2.224000000000000000e+03 3.785232263462811608e-01
2.227199999999999818e+03 3.631369481153888801e-01
2.230400000000000091e+03 3.451392203607047682e-01
2.233599999999999909e+03 3.246905357740562659e-01
2.236800000000000182e+03 3.019635908140044234e-01
2.240000000000000000e+03 2.771377474704282973e-01
2.243199999999999818e+03 2.503985008154722136e-01
2.246400000000000091e+03 2.219406152382385478e-01
2.249599999999999909e+03 1.919723823955438724e-01
2.252800000000000182e+03 1.607183546906450766e-01
2.256000000000000000e+03 1.284187087137898808e-01
2.259199999999999818e+03 9.532470796844058625e-02
2.262400000000000091e+03 6.169114643651603391e-02
2.265599999999999909e+03 2.776770038076900593e-02
2.268800000000000182e+03 -6.208566714896948495e-03
2.272000000000000000e+03 -4.001771562747487299e-02
2.275199999999999818e+03 -7.345745574452362814e-02
2.278400000000000091e+03 -1.063396344440589447e-01
2.281599999999999909e+03 -1.384836679352848821e-01
2.284800000000000182e+03 -1.697088930167598708e-01
2.288000000000000000e+03 -1.998284216902937172e-01
2.291199999999999818e+03 -2.286468330086738887e-01
2.294400000000000091e+03 -2.559628850100087449e-01
2.297599999999999909e+03 -2.815768143026049497e-01
2.300800000000000182e+03 -3.053002951641121121e-01
2.304000000000000000e+03 -3.269661762311515396e-01
2.307199999999999818e+03 -3.464349754606912968e-01
2.310400000000000091e+03 -3.635959624219771147e-01
2.313599999999999909e+03 -3.783623718140847192e-01
2.316800000000000182e+03 -3.906622972794713267e-01
2.320000000000000000e+03 -4.004282847787056232e-01
2.323199999999999818e+03 -4.075889960262187306e-01
2.326400000000000091e+03 -4.120655292454310503e-01
2.329599999999999909e+03 -4.137735250549690602e-01
2.332800000000000182e+03 -4.126306256364987157e-01
2.336000000000000000e+03 -4.085675961815120605e-01
2.339199999999999818e+03 -4.015406302635430857e-01
2.342400000000000091e+03 -3.915421108171989184e-01
2.345599999999999909e+03 -3.786074551866853155e-01
2.348800000000000182e+03 -3.628166617732543342e-01
2.352000000000000000e+03 -3.442906247500717720e-01
2.355199999999999818e+03 -3.231837561479992127e-01
2.358400000000000091e+03 -2.996753971162870456e-01
2.361599999999999909e+03 -2.739625099926668028e-01
2.364800000000000182e+03 -2.462551845023834562e-01
2.368000000000000000e+03 -2.167749557768590685e-01
2.371199999999999818e+03 -1.857545240970781275e-01
2.374400000000000091e+03 -1.534369088619396138e-01
2.377599999999999909e+03 -1.200726798084728181e-01
2.380800000000000182e+03 -8.591531226968339430e-02
2.384000000000000000e+03 -5.121601239047846726e-02
2.387199999999999818e+03 -1.621974265298057466e-02
2.390400000000000091e+03 1.883649731451319739e-02
2.393599999999999909e+03 5.372325083910855364e-02
2.396800000000000182e+03 8.821703940552158563e-02
2.400000000000000000e+03 1.220987728963846830e-01
2.403199999999999818e+03 1.551527269994800728e-01
2.406400000000000091e+03 1.871660110375197861e-01
2.409599999999999909e+03 2.179281986322785802e-01
2.412800000000000182e+03 2.472311557396077164e-01
2.416000000000000000e+03 2.748697078761665469e-01
2.419199999999999818e+03 3.006439668731475390e-01
2.422400000000000091e+03 3.243635039319334168e-01
2.425599999999999909e+03 3.458524206146809665e-01
2.428800000000000182e+03 3.649535220694690163e-01
2.432000000000000000e+03 3.815298710384081859e-01
2.435199999999999818e+03 3.954630196335511272e-01
2.438400000000000091e+03 4.066486451569475413e-01
2.441599999999999909e+03 4.149914505615528992e-01
2.444800000000000182e+03 4.204015260442984236e-01
2.448000000000000000e+03 4.227938124989255031e-01
2.451199999999999818e+03 4.220911871174923835e-01
2.454400000000000091e+03 4.182305484793751305e-01
2.457599999999999909e+03 4.111705438939056156e-01
2.460800000000000182e+03 4.008993689098160340e-01
2.464000000000000000e+03 3.874412440371969302e-01
2.467199999999999818e+03 3.708605694488067428e-01
2.470400000000000091e+03 3.512632754032074534e-01
2.473599999999999909e+03 3.287954301308518290e-01
2.476800000000000182e+03 3.036395967047878508e-01
2.480000000000000000e+03 2.760096329541746329e-01
2.483199999999999818e+03 2.461446156903035476e-01
2.486400000000000091e+03 2.143024514069939157e-01
2.489599999999999909e+03 1.807536122847257509e-01
2.492800000000000182e+03 1.457753742859738688e-01
2.496000000000000000e+03 1.096469923228693827e-01
2.499199999999999818e+03 7.264641084998445242e-02
2.502400000000000091e+03 3.504915650717368297e-02
2.505599999999999909e+03 -2.870346318038573524e-03
2.508800000000000182e+03 -4.083572725933418135e-02
2.512000000000000000e+03 -7.856556676862166966e-02
2.515199999999999818e+03 -1.157722306740888579e-01
2.518400000000000091e+03 -1.521639289581101506e-01
2.521599999999999909e+03 -1.874499113853711763e-01
2.524800000000000182e+03 -2.213474177489714867e-01
2.528000000000000000e+03 -2.535883716409139677e-01
2.531199999999999818e+03 -2.839240005579274917e-01
2.534400000000000091e+03 -3.121263833546270017e-01
2.537599999999999909e+03 -3.379869932121856713e-01
2.540800000000000182e+03 -3.613132264527383897e-01
2.544000000000000000e+03 -3.819244142506198481e-01
2.547199999999999818e+03 -3.996488171850171578e-01
2.550400000000000091e+03 -4.143226372384283263e-01
2.553599999999999909e+03 -4.257912833672917730e-01
2.556800000000000182e+03 -4.339123203479257618e-01
2.560000000000000000e+03 -4.385591888746261935e-01
2.563199999999999818e+03 -4.396251439441035691e-01
2.566400000000000091e+03 -4.370275489886087938e-01
2.569599999999999909e+03 -4.307129479825559937e-01
2.572800000000000182e+03 -4.206628599729859141e-01
2.576000000000000000e+03 -4.068994210226862251e-01
2.579199999999999818e+03 -3.894895655826404735e-01
2.582400000000000091e+03 -3.685466717552451366e-01
2.585599999999999909e+03 -3.442291951776148551e-01
2.588800000000000182e+03 -3.167364340955485802e-01
2.592000000000000000e+03 -2.863021598107585719e-01
2.595199999999999818e+03 -2.531874242021330268e-01
2.598400000000000091e+03 -2.176741399969475965e-01
2.601599999999999909e+03 -1.800606530127921712e-01
2.604800000000000182e+03 -1.406595796270971588e-01
2.608000000000000000e+03 -9.979730074347950564e-02
2.611199999999999818e+03 -5.781424302597631265e-02
2.614400000000000091e+03 -1.506533364460054848e-02
2.617599999999999909e+03 2.807977613334399283e-02
2.620800000000000182e+03 7.123724156085815828e-02
2.624000000000000000e+03 1.140109740765085922e-01
2.627199999999999818e+03 1.559964427983262514e-01
2.630400000000000091e+03 1.967862293744578606e-01
2.633599999999999909e+03 2.359768202737067000e-01
2.636800000000000182e+03 2.731759940232937889e-01
2.640000000000000000e+03 3.080101051290938252e-01
2.643199999999999818e+03 3.401304032163626756e-01
2.646400000000000091e+03 3.692174559171741977e-01
2.649599999999999909e+03 3.949830803020663583e-01
2.652800000000000182e+03 4.171698994633288304e-01
2.656000000000000000e+03 4.355493601132271464e-01
2.659199999999999818e+03 4.499194686617770667e-01
2.662400000000000091e+03 4.601035810977303631e-01
2.665599999999999909e+03 4.659513327616713330e-01
2.668800000000000182e+03 4.673421517467763464e-01
2.672000000000000000e+03 4.641908289143195643e-01
2.675199999999999818e+03 4.564537472826362685e-01
2.678400000000000091e+03 4.441341744592383067e-01
2.681599999999999909e+03 4.272856596827674935e-01
2.684800000000000182e+03 4.060135652196348310e-01
2.688000000000000000e+03 3.804753419169635276e-01
2.691199999999999818e+03 3.508799567853709278e-01
2.694400000000000091e+03 3.174862249947584258e-01
2.697599999999999909e+03 2.805994327455758608e-01
2.700800000000000182e+03 2.405660750502867651e-01
2.704000000000000000e+03 1.977675737679681356e-01
2.707199999999999818e+03 1.526146659796846494e-01
2.710400000000000091e+03 1.055439792920048053e-01
2.713599999999999909e+03 5.701709334515766420e-02
2.716800000000000182e+03 7.520904620796455171e-03
2.720000000000000000e+03 -4.243266693193056133e-02
2.723199999999999818e+03 -9.230927287366694212e-02
2.726400000000000091e+03 -1.415576419558891574e-01
2.729599999999999909e+03 -1.896175625475958193e-01
2.732800000000000182e+03 -2.359293330757074592e-01
2.736000000000000000e+03 -2.799436282403859888e-01
2.739199999999999818e+03 -3.211310282542017558e-01
2.742400000000000091e+03 -3.589908471212521768e-01
2.745599999999999909e+03 -3.930591246935602467e-01
2.748800000000000182e+03 -4.229155602571121886e-01
2.752000000000000000e+03 -4.481888694196645151e-01
2.755199999999999818e+03 -4.685599347800993852e-01
2.758400000000000091e+03 -4.837625530794735784e-01
2.761599999999999909e+03 -4.935824537014554814e-01
2.764800000000000182e+03 -4.978559938957485276e-01
2.768000000000000000e+03 -4.964699820571510380e-01
2.771199999999999818e+03 -4.893634453634935211e-01
2.774400000000000091e+03 -4.765313237953560654e-01
2.777599999999999909e+03 -4.580294843337545108e-01
2.780800000000000182e+03 -4.339801809003824284e-01
2.784000000000000000e+03 -4.045769776317542088e-01
2.787199999999999818e+03 -3.700881067858285967e-01
2.790400000000000091e+03 -3.308572896978020372e-01
2.793599999999999909e+03 -2.873012908655363518e-01
2.796800000000000182e+03 -2.399039578009735940e-01
2.800000000000000000e+03 -1.892072387409016176e-01
2.803199999999999818e+03 -1.358005544890538985e-01
2.806400000000000091e+03 -8.031058054298978455e-02
2.809599999999999909e+03 -2.339346849065707112e-02
2.812800000000000182e+03 3.426950574645040715e-02
2.816000000000000000e+03 9.197366731267100914e-02
2.819199999999999818e+03 1.489925057570614386e-01
2.822400000000000091e+03 2.045820943701109895e-01
2.825599999999999909e+03 2.579904288222201747e-01
2.828800000000000182e+03 3.084717914719459775e-01
2.832000000000000000e+03 3.553043178945962666e-01
2.835199999999999818e+03 3.978078703587802911e-01
2.838400000000000091e+03 4.353593429385063107e-01
2.841599999999999909e+03 4.674034149993060994e-01
2.844800000000000182e+03 4.934581668055141868e-01
2.848000000000000000e+03 5.131164577048306086e-01
2.851199999999999818e+03 5.260450701797110273e-01
2.854400000000000091e+03 5.319839543343986010e-01
2.857599999999999909e+03 5.307474051295391071e-01
2.860800000000000182e+03 5.222279799666955658e-01
2.864000000000000000e+03 5.064028833944063113e-01
2.867199999999999818e+03 4.833417724581897668e-01
2.870400000000000091e+03 4.532146221420447207e-01
2.873599999999999909e+03 4.162983851479856723e-01
2.876800000000000182e+03 3.729814796011666211e-01
2.880000000000000000e+03 3.237653859052633254e-01
2.883199999999999818e+03 2.692626956201028543e-01
2.886400000000000091e+03 2.101909589107164855e-01
2.889599999999999909e+03 1.473619584363855539e-01
2.892800000000000182e+03 8.166685479199761732e-02
2.896000000000000000e+03 1.405884757868441221e-02
2.899199999999999818e+03 -5.446407049774892178e-02
2.902400000000000091e+03 -1.228738057277739409e-01
2.905599999999999909e+03 -1.901233048783558255e-01
2.908800000000000182e+03 -2.551553655204361060e-01
2.912000000000000000e+03 -3.169120481034066739e-01
2.915199999999999818e+03 -3.743477216826355258e-01
2.918400000000000091e+03 -4.264470892978464156e-01
2.921599999999999909e+03 -4.722470009241350186e-01
2.924800000000000182e+03 -5.108588995517463482e-01
2.928000000000000000e+03 -5.414883836918809035e-01
2.931199999999999818e+03 -5.634496937391821891e-01
2.934400000000000091e+03 -5.761751862316293327e-01
2.937599999999999909e+03 -5.792219450524466184e-01
2.940800000000000182e+03 -5.722786476145030887e-01
2.944000000000000000e+03 -5.551752403343874764e-01
2.947199999999999818e+03 -5.278961907818869870e-01
2.950400000000000091e+03 -4.905960150748412962e-01
2.953599999999999909e+03 -4.436144997390175093e-01
2.956800000000000182e+03 -3.874890614849573756e-01
2.960000000000000000e+03 -3.229626393478305380e-01
2.963199999999999818e+03 -2.509864833184268229e-01
2.966400000000000091e+03 -1.727175252668317340e-01
2.969599999999999909e+03 -8.950977077014621308e-02
2.972800000000000182e+03 -2.898969767704494532e-03
2.976000000000000000e+03 8.541976333878491257e-02
2.979199999999999818e+03 1.736207912497113037e-01
2.982400000000000091e+03 2.597818412940400279e-01
2.985599999999999909e+03 3.419213146359111333e-01
2.988800000000000182e+03 4.180378013774120327e-01
2.992000000000000000e+03 4.861512004116133601e-01
2.995199999999999818e+03 5.443453560148706627e-01
2.998400000000000091e+03 5.908126117070754413e-01
3.001599999999999909e+03 6.239013246349852659e-01
3.004800000000000182e+03 6.421679877159711669e-01
3.008000000000000000e+03 6.444355654476396911e-01
3.011199999999999818e+03 6.298584411659978732e-01
3.014400000000000091e+03 5.979920922879788936e-01
3.017599999999999909e+03 5.488630087026649118e-01
3.020800000000000182e+03 4.830324120564131185e-01
3.024000000000000000e+03 4.016466499040403093e-01
3.027199999999999818e+03 3.064677618129509895e-01
3.030400000000000091e+03 1.998792169392967777e-01
3.033599999999999909e+03 8.486368306156448493e-02
3.036800000000000182e+03 -3.504844386260259209e-02
3.040000000000000000e+03 -1.558593851743889092e-01
3.043199999999999818e+03 -2.732118122621186584e-01
3.046400000000000091e+03 -3.825228702499208766e-01
3.049599999999999909e+03 -4.791444745500128555e-01
3.052800000000000182e+03 -5.585519493163247917e-01
3.056000000000000000e+03 -6.165641334264259088e-01
3.059199999999999818e+03 -6.495964159733735865e-01
3.062400000000000091e+03 -6.549425478769027587e-01
3.065599999999999909e+03 -6.310714081221464600e-01
3.068800000000000182e+03 -5.779124836968125845e-01
3.072000000000000000e+03 -4.970914068596243851e-01
3.075199999999999818e+03 -3.920683907621821396e-01
3.078400000000000091e+03 -2.681319670321632431e-01
3.081599999999999909e+03 -1.322109690743177024e-01
3.084800000000000182e+03 7.510619766668539914e-03
3.088000000000000000e+03 1.421618409219585488e-01
3.091199999999999818e+03 2.628906555306598225e-01
3.094400000000000091e+03 3.616363358456493593e-01
3.097599999999999909e+03 4.318819593540704771e-01
3.100800000000000182e+03 4.692986606685931594e-01
3.104000000000000000e+03 4.722038962709079191e-01
3.107199999999999818e+03 4.417762847452081365e-01
3.110400000000000091e+03 3.819958341730549378e-01
3.113599999999999909e+03 2.993068769089306524e-01
3.116800000000000182e+03 2.020288414777967334e-01
3.120000000000000000e+03 9.956513069923117465e-02
3.123199999999999818e+03 1.481690714849580705e-03
3.126400000000000091e+03 -8.345652543137024870e-02
3.129599999999999909e+03 -1.481922593964940804e-01
3.132800000000000182e+03 -1.881238223494434980e-01
3.136000000000000000e+03 -2.015990664368069174e-01
3.139199999999999818e+03 -1.900794564337656978e-01
3.142400000000000091e+03 -1.579306410954728346e-01
3.145599999999999909e+03 -1.118405030931504396e-01
3.148800000000000182e+03 -5.991794733017062613e-02
3.152000000000000000e+03 -1.057770630693961010e-02
3.155199999999999818e+03 2.864187106080313960e-02
3.158400000000000091e+03 5.215924007929177708e-02
3.161599999999999909e+03 5.716362773771544586e-02
3.164800000000000182e+03 4.402910776402788051e-02
3.168000000000000000e+03 1.624979207372634002e-02
3.171199999999999818e+03 -2.011262711626581046e-02
3.174400000000000091e+03 -5.740130934753259750e-02
3.177599999999999909e+03 -8.761723672362115023e-02
3.180800000000000182e+03 -1.037581380278146947e-01
3.184000000000000000e+03 -1.010222527686061161e-01
3.187199999999999818e+03 -7.766740595148724502e-02
3.190400000000000091e+03 -3.536864413454749584e-02
3.193599999999999909e+03 2.099487769914492458e-02
3.196800000000000182e+03 8.408741261194281613e-02
3.200000000000000000e+03 1.452611899516712546e-01
3.203199999999999818e+03 1.958875274561402147e-01
3.206400000000000091e+03 2.286357188663874496e-01
3.209599999999999909e+03 2.384836239611115016e-01
3.212800000000000182e+03 2.233107313636283342e-01
3.216000000000000000e+03 1.840174654218738048e-01
3.219199999999999818e+03 1.242095640936950879e-01
3.222400000000000091e+03 4.956040087921393528e-02
3.225599999999999909e+03 -3.299800221641774334e-02
3.228800000000000182e+03 -1.161060713289790020e-01
3.232000000000000000e+03 -1.927133469993213000e-01
3.235199999999999818e+03 -2.566524654481001089e-01
3.238400000000000091e+03 -3.030297882736952553e-01
3.241599999999999909e+03 -3.284472314401912230e-01
3.244800000000000182e+03 -3.310882024856614536e-01
3.248000000000000000e+03 -3.107039729557666274e-01
3.251199999999999818e+03 -2.685308005956666966e-01
3.254400000000000091e+03 -2.071586651822001635e-01
3.257599999999999909e+03 -1.303638441386087976e-01
3.260800000000000182e+03 -4.291133742449329547e-02
3.264000000000000000e+03 4.967120786399687599e-02
3.267199999999999818e+03 1.413501385402961552e-01
3.270400000000000091e+03 2.258783397521251790e-01
3.273599999999999909e+03 2.971303580942014078e-01
3.276800000000000182e+03 3.494837833515790915e-01
3.280000000000000000e+03 3.782415599615269741e-01
3.283199999999999818e+03 3.800752489706665793e-01
3.286400000000000091e+03 3.534517165270377737e-01
3.289599999999999909e+03 2.989897261631837000e-01
3.292800000000000182e+03 2.196833331244998355e-01
3.296000000000000000e+03 1.209297680457429441e-01
3.299199999999999818e+03 1.031261537588898207e-02
3.302400000000000091e+03 -1.028839829519429400e-01
3.305599999999999909e+03 -2.084205046926110305e-01
3.308800000000000182e+03 -2.960587963935369937e-01
3.312000000000000000e+03 -3.566454534391566566e-01
3.315199999999999818e+03 -3.832062625688438806e-01
3.318400000000000091e+03 -3.719167803154880270e-01
3.321599999999999909e+03 -3.228098248162873940e-01
3.324800000000000182e+03 -2.400941848613299401e-01
3.328000000000000000e+03 -1.319918026407417011e-01
3.331199999999999818e+03 -1.005292147540173472e-02
3.334400000000000091e+03 1.120228527409039970e-01
3.337599999999999909e+03 2.199541744909448426e-01
3.340800000000000182e+03 3.006541899182815780e-01
3.344000000000000000e+03 3.439784013229069681e-01
3.347199999999999818e+03 3.441831220455151552e-01
3.350400000000000091e+03 3.008531061819936236e-01
3.353599999999999909e+03 2.191229320012737514e-01
3.356800000000000182e+03 1.091212913604409501e-01
3.360000000000000000e+03 -1.530721777822065775e-02
3.363199999999999818e+03 -1.384259719491953700e-01
3.366400000000000091e+03 -2.447048874791631357e-01
3.369599999999999909e+03 -3.208761244563408943e-01
3.372800000000000182e+03 -3.576399143189628038e-01
3.376000000000000000e+03 -3.507782625707285828e-01
3.379199999999999818e+03 -3.015388514758859384e-01
3.382400000000000091e+03 -2.162735121621262580e-01
3.385599999999999909e+03 -1.054306197847188070e-01
3.388800000000000182e+03 1.791192454450243193e-02
3.392000000000000000e+03 1.397389830575310743e-01
3.395199999999999818e+03 2.467761259471931701e-01
3.398400000000000091e+03 3.279439375128316847e-01
3.401599999999999909e+03 3.754344207074958306e-01
3.404800000000000182e+03 3.853226119675958738e-01
3.408000000000000000e+03 3.576950196122258840e-01
3.411199999999999818e+03 2.963371237149040049e-01
3.414400000000000091e+03 2.080684701356871336e-01
3.417599999999999909e+03 1.018421586875564305e-01
3.420800000000000182e+03 -1.226504223326336379e-02
3.424000000000000000e+03 -1.240532678752709478e-01
3.427199999999999818e+03 -2.240928399711769603e-01
3.430400000000000091e+03 -3.044413226654398286e-01
3.433599999999999909e+03 -3.591477078813415935e-01
3.436800000000000182e+03 -3.845378186629830330e-01
3.440000000000000000e+03 -3.792999811214206041e-01
3.443199999999999818e+03 -3.444060745077614505e-01
3.446400000000000091e+03 -2.829088251555698097e-01
3.449599999999999909e+03 -1.996525573694287736e-01
3.452800000000000182e+03 -1.009246727140446359e-01
3.456000000000000000e+03 5.936739798071978200e-03
3.459199999999999818e+03 1.129734735401416584e-01
3.462400000000000091e+03 2.120752013315258533e-01
3.465599999999999909e+03 2.954833735918230841e-01
3.468800000000000182e+03 3.563232385388108714e-01
3.472000000000000000e+03 3.891453281618837967e-01
3.475199999999999818e+03 3.904437009059771313e-01
3.478400000000000091e+03 3.591033854197742681e-01
3.481599999999999909e+03 2.967173369983260867e-01
3.484800000000000182e+03 2.077080682994845440e-01
3.488000000000000000e+03 9.919499477884541339e-02
3.491199999999999818e+03 -1.943207375368623605e-02
3.494400000000000091e+03 -1.372402401274826489e-01
3.497599999999999909e+03 -2.427462587656081250e-01
3.500800000000000182e+03 -3.250936626656326656e-01
3.504000000000000000e+03 -3.752919977769372806e-01
3.507199999999999818e+03 -3.873668559260295963e-01
3.510400000000000091e+03 -3.592590586358444527e-01
3.513599999999999909e+03 -2.933240387882595779e-01
3.516800000000000182e+03 -1.963197446609582786e-01
3.520000000000000000e+03 -7.883134265317551237e-02
3.523199999999999818e+03 4.584232867520328381e-02
3.526400000000000091e+03 1.632323093874436526e-01
3.529599999999999909e+03 2.594883777809340875e-01
3.532800000000000182e+03 3.231736805657294820e-01
3.536000000000000000e+03 3.468053575851162695e-01
3.539199999999999818e+03 3.279035022023961687e-01
3.542400000000000091e+03 2.693750530065784354e-01
3.545599999999999909e+03 1.791565720956930508e-01
3.548800000000000182e+03 6.915403747170574544e-02
3.552000000000000000e+03 -4.637131059691130403e-02
3.555199999999999818e+03 -1.527340529377251288e-01
3.558400000000000091e+03 -2.367861366485373709e-01
3.561599999999999909e+03 -2.886203162044511106e-01
3.564800000000000182e+03 -3.027726210534023021e-01
3.568000000000000000e+03 -2.787660919610608912e-01
3.571199999999999818e+03 -2.209465990666167612e-01
3.574400000000000091e+03 -1.376732392950631434e-01
3.577599999999999909e+03 -4.002041854143748023e-02
3.580800000000000182e+03 5.978929490651434947e-02
3.584000000000000000e+03 1.499810515620827733e-01
3.587199999999999818e+03 2.206306237810233828e-01
3.590400000000000091e+03 2.647041015052017943e-01
3.593599999999999909e+03 2.786360884736725496e-01
3.596800000000000182e+03 2.624261713408354568e-01
3.600000000000000000e+03 2.193038719445355722e-01
3.603199999999999818e+03 1.550643358615875489e-01
3.606400000000000091e+03 7.720470721887366661e-02
3.609599999999999909e+03 -6.005916132764506019e-03
3.612800000000000182e+03 -8.640740919308134704e-02
3.616000000000000000e+03 -1.566950992459114067e-01
3.619199999999999818e+03 -2.109814099583879332e-01
3.622400000000000091e+03 -2.451551102271452842e-01
3.625599999999999909e+03 -2.570468026906053693e-01
3.628800000000000182e+03 -2.464267452496585742e-01
3.632000000000000000e+03 -2.148696382055047538e-01
3.635199999999999818e+03 -1.655217485173702263e-01
3.638400000000000091e+03 -1.028006637918967014e-01
3.641599999999999909e+03 -3.204968012056562399e-02
3.644800000000000182e+03 4.083966403174622145e-02
3.648000000000000000e+03 1.098291395581112023e-01
3.651199999999999818e+03 1.691525412574556853e-01
3.654400000000000091e+03 2.137400290496251354e-01
3.657599999999999909e+03 2.396278696089892690e-01
3.660800000000000182e+03 2.443235085920963112e-01
3.664000000000000000e+03 2.270883711140730954e-01
3.667199999999999818e+03 1.890984995977179617e-01
3.670400000000000091e+03 1.334478091161057922e-01
3.673599999999999909e+03 6.497067413874124675e-02
3.676800000000000182e+03 -1.012123893032360576e-02
3.680000000000000000e+03 -8.477060045053336212e-02
3.683199999999999818e+03 -1.517336242467043628e-01
3.686400000000000091e+03 -2.043047327884425779e-01
3.689599999999999909e+03 -2.370293912704425077e-01
3.692800000000000182e+03 -2.463219093771690238e-01
3.696000000000000000e+03 -2.309102756691493452e-01
3.699199999999999818e+03 -1.920466011992848221e-01
3.702400000000000091e+03 -1.334475678025437428e-01
3.705599999999999909e+03 -6.096082758936310908e-02
3.708800000000000182e+03 1.801383573823973558e-02
3.712000000000000000e+03 9.528993131107518777e-02
3.715199999999999818e+03 1.627643457191734200e-01
3.718400000000000091e+03 2.132959584983709911e-01
3.721599999999999909e+03 2.414930739012726701e-01
3.724800000000000182e+03 2.443176992518462931e-01
3.728000000000000000e+03 2.214335332282232061e-01
3.731199999999999818e+03 1.752529792942546794e-01
3.734400000000000091e+03 1.106737106268608772e-01
3.737599999999999909e+03 3.453316998713955310e-02
3.740800000000000182e+03 -4.515504322544923455e-02
3.744000000000000000e+03 -1.200907710670290063e-01
3.747199999999999818e+03 -1.825944460380304890e-01
3.750400000000000091e+03 -2.264219047342600211e-01
3.753599999999999909e+03 -2.473911272971608677e-01
3.756800000000000182e+03 -2.437529865744905155e-01
3.760000000000000000e+03 -2.162750943507332491e-01
3.763199999999999818e+03 -1.680476817913099663e-01
3.766400000000000091e+03 -1.040562563968771420e-01
3.769599999999999909e+03 -3.059160682111017673e-02
3.772800000000000182e+03 4.542007723278519010e-02
3.776000000000000000e+03 1.170862674364448880e-01
3.779199999999999818e+03 1.781495449896573213e-01
3.782400000000000091e+03 2.234756652880972860e-01
3.785599999999999909e+03 2.494049577595940370e-01
3.788800000000000182e+03 2.539627375195039338e-01
3.792000000000000000e+03 2.369368463381940904e-01
3.795199999999999818e+03 1.998359589778423429e-01
3.798400000000000091e+03 1.457427042720531585e-01
3.801599999999999909e+03 7.907390942727397787e-02
3.804800000000000182e+03 5.259165249713404142e-03
3.808000000000000000e+03 -6.964989236424037888e-02
3.811199999999999818e+03 -1.394233718317842707e-01
3.814400000000000091e+03 -1.981280651114758207e-01
3.817599999999999909e+03 -2.406052452579065248e-01
3.820800000000000182e+03 -2.629173178876635375e-01
3.824000000000000000e+03 -2.627255298260533500e-01
3.827199999999999818e+03 -2.395602835301653966e-01
3.830400000000000091e+03 -1.949492172966268422e-01
3.833599999999999909e+03 -1.323768661694921245e-01
3.836800000000000182e+03 -5.706340474837128668e-02
3.840000000000000000e+03 2.443244732841631101e-02
3.843199999999999818e+03 1.047619903878341807e-01
3.846400000000000091e+03 1.764439148921595202e-01
3.849599999999999909e+03 2.325729732073803235e-01
3.852800000000000182e+03 2.675128018092151061e-01
3.856000000000000000e+03 2.775021947428628621e-01
3.859199999999999818e+03 2.611070848367907371e-01
3.862400000000000091e+03 2.194602604257595568e-01
3.865599999999999909e+03 1.562477587068940021e-01
3.868800000000000182e+03 7.742483445137758602e-02
3.872000000000000000e+03 -9.325918303264678008e-03
3.875199999999999818e+03 -9.534945208299136499e-02
3.878400000000000091e+03 -1.719112456727085181e-01
3.881599999999999909e+03 -2.311309237785837967e-01
3.884800000000000182e+03 -2.668484964043558172e-01
3.888000000000000000e+03 -2.753189275729565066e-01
3.891199999999999818e+03 -2.556485373164534280e-01
3.894400000000000091e+03 -2.099161968594702443e-01
3.897599999999999909e+03 -1.429596168899614494e-01
3.900800000000000182e+03 -6.184776689198747540e-02
3.904000000000000000e+03 2.490030611972762417e-02
3.907199999999999818e+03 1.082574437516235777e-01
3.910400000000000091e+03 1.796774170696417428e-01
3.913599999999999909e+03 2.320118596203648298e-01
3.916800000000000182e+03 2.602472407531821741e-01
3.920000000000000000e+03 2.619804101867014290e-01
3.923199999999999818e+03 2.375880008143912148e-01
3.926400000000000091e+03 1.900856647874687722e-01
3.929599999999999909e+03 1.247111839291167729e-01
3.932800000000000182e+03 4.829571293904566520e-02
3.936000000000000000e+03 -3.149337911851651101e-02
3.939199999999999818e+03 -1.069475142579484200e-01
3.942400000000000091e+03 -1.710636899696895974e-01
3.945599999999999909e+03 -2.181712194092814971e-01
3.948800000000000182e+03 -2.443876917303949570e-01
3.952000000000000000e+03 -2.478775548653087135e-01
3.955199999999999818e+03 -2.289098668800306768e-01
3.958400000000000091e+03 -1.897306662494448737e-01
3.961599999999999909e+03 -1.342785693239866018e-01
3.964800000000000182e+03 -6.777998428673417952e-02
3.968000000000000000e+03 3.735841741827341470e-03
3.971199999999999818e+03 7.396054520932017484e-02
3.974400000000000091e+03 1.368286928026355431e-01
3.977599999999999909e+03 1.870008971892230254e-01
3.980800000000000182e+03 2.202762204279582192e-01
3.984000000000000000e+03 2.339092613977552526e-01
3.987199999999999818e+03 2.268149952425589089e-01
3.990400000000000091e+03 1.996513187648818188e-01
3.993599999999999909e+03 1.547747714738638147e-01
3.996800000000000182e+03 9.606958861379610859e-02
4.000000000000000000e+03 2.865549583259225860e-02
4.003199999999999818e+03 -4.151315869394130859e-02
4.006400000000000091e+03 -1.081348484986298653e-01
4.009599999999999909e+03 -1.651020686744608945e-01
4.012800000000000182e+03 -2.070536314707992209e-01
4.016000000000000000e+03 -2.298887901489442831e-01
4.019199999999999818e+03 -2.311922228289218784e-01
4.022400000000000091e+03 -2.105227629581964133e-01
4.025599999999999909e+03 -1.695279874867237080e-01
4.028800000000000182e+03 -1.118607776325633851e-01
4.032000000000000000e+03 -4.289199967915814649e-02
4.035199999999999818e+03 3.076554312691033577e-02
4.038400000000000091e+03 1.018845166113669376e-01
4.041599999999999909e+03 1.633437033867153332e-01
4.044800000000000182e+03 2.088678663735744345e-01
4.048000000000000000e+03 2.337049538226935175e-01
4.051199999999999818e+03 2.351611014966030755e-01
4.054400000000000091e+03 2.129267827851080430e-01
4.057599999999999909e+03 1.691495667644852263e-01
4.060800000000000182e+03 1.082376169216104078e-01
4.064000000000000000e+03 3.640986399372602572e-02
4.067199999999999818e+03 -3.896014120131000014e-02
4.070400000000000091e+03 -1.101333586649762414e-01
4.073599999999999909e+03 -1.698362681742317803e-01
4.076800000000000182e+03 -2.120364829199776202e-01
4.080000000000000000e+03 -2.325726287725937147e-01
4.083199999999999818e+03 -2.295674928818172700e-01
4.086400000000000091e+03 -2.035821719881210634e-01
4.089599999999999909e+03 -1.575023088471737276e-01
4.092800000000000182e+03 -9.618017421470016759e-02
4.096000000000000000e+03 -2.588365714420202621e-02
4.099199999999999818e+03 4.637805325072907880e-02
4.102399999999999636e+03 1.135736849637397627e-01
4.105600000000000364e+03 1.693369828758947149e-01
4.108800000000000182e+03 2.085547137411652152e-01
4.112000000000000000e+03 2.278049359970431842e-01
4.115199999999999818e+03 2.256146245832368891e-01
4.118399999999999636e+03 2.025259502190730476e-01
4.121600000000000364e+03 1.609788373741143641e-01
4.124800000000000182e+03 1.050323887728576988e-01
4.128000000000000000e+03 3.995875441569331221e-02
4.131199999999999818e+03 -2.824997738458957797e-02
4.134399999999999636e+03 -9.341798670599534005e-02
4.137600000000000364e+03 -1.497211074179305990e-01
4.140800000000000182e+03 -1.921801970039521412e-01
4.144000000000000000e+03 -2.170762476448517275e-01
4.147199999999999818e+03 -2.222576287680827489e-01
4.150399999999999636e+03 -2.073176816802211053e-01
4.153600000000000364e+03 -1.736295751429989820e-01
4.156800000000000182e+03 -1.242347079893278972e-01
4.160000000000000000e+03 -6.359089681078941569e-02
4.163199999999999818e+03 2.803140904520288936e-03
4.166399999999999636e+03 6.888042357482267175e-02
4.169600000000000364e+03 1.285397540091225699e-01
4.172800000000000182e+03 1.761981638644180836e-01
4.176000000000000000e+03 2.073141213828657847e-01
4.179199999999999818e+03 2.188327834750578571e-01
4.182399999999999636e+03 2.095077856297836438e-01
4.185600000000000364e+03 1.800621383786626672e-01
4.188800000000000182e+03 1.331638252864337790e-01
4.192000000000000000e+03 7.320898179635125513e-02
4.195199999999999818e+03 5.925473897925721302e-03
4.198399999999999636e+03 -6.217004199641128909e-02
4.201600000000000364e+03 -1.244105643384105370e-01
4.204800000000000182e+03 -1.746485925368202463e-01
4.208000000000000000e+03 -2.078869888044761471e-01
4.211199999999999818e+03 -2.208021178372211735e-01
4.214399999999999636e+03 -2.121002118373012113e-01
4.217600000000000364e+03 -1.826647713770270243e-01
4.220800000000000182e+03 -1.354751822899958602e-01
4.224000000000000000e+03 -7.530226461240456526e-02
4.227199999999999818e+03 -8.212255999701321627e-03
4.230399999999999636e+03 5.906653383708117960e-02
4.233600000000000364e+03 1.198437349941181146e-01
4.236800000000000182e+03 1.681553687662324659e-01
4.240000000000000000e+03 1.993649982836088463e-01
4.243199999999999818e+03 2.106138279923125411e-01
4.246399999999999636e+03 2.010753537877621455e-01
4.249600000000000364e+03 1.719937749094521406e-01
4.252800000000000182e+03 1.265099655916679111e-01
4.256000000000000000e+03 6.930147358060435858e-02
4.259199999999999818e+03 6.081436936484069938e-03
4.262399999999999636e+03 -5.698626264503484085e-02
4.265600000000000364e+03 -1.138929584132802458e-01
4.268800000000000182e+03 -1.593516021767565349e-01
4.272000000000000000e+03 -1.892714258035120001e-01
4.275199999999999818e+03 -2.011018466155946038e-01
4.278399999999999636e+03 -1.940221041786787393e-01
4.281600000000000364e+03 -1.689686669990223822e-01
4.284800000000000182e+03 -1.285064487931903698e-01
4.288000000000000000e+03 -7.656162401086726021e-02
4.291199999999999818e+03 -1.804328942692059318e-02
4.294399999999999636e+03 4.161149038081347895e-02
4.297600000000000364e+03 9.692970270318101988e-02
4.300800000000000182e+03 1.428896311198706581e-01
4.304000000000000000e+03 1.753624447108055040e-01
4.307199999999999818e+03 1.914716435095265845e-01
4.310399999999999636e+03 1.898412428397500684e-01
4.313600000000000364e+03 1.707129568992235835e-01
4.316800000000000182e+03 1.359229803590014107e-01
4.320000000000000000e+03 8.873958092526536279e-02
4.323199999999999818e+03 3.357334301464014875e-02
4.326399999999999636e+03 -2.441762980668942679e-02
4.329600000000000364e+03 -7.979545754375146072e-02
4.332800000000000182e+03 -1.273430141917151204e-01
4.336000000000000000e+03 -1.625521049121949890e-01
4.339199999999999818e+03 -1.820533880886701650e-01
4.342399999999999636e+03 -1.839460831213251268e-01
4.345600000000000364e+03 -1.679938446446311295e-01
4.348800000000000182e+03 -1.356650541361920370e-01
4.352000000000000000e+03 -9.001007605461554262e-02
4.355199999999999818e+03 -3.538357136417150800e-02
4.358399999999999636e+03 2.296452859576715924e-02
4.361600000000000364e+03 7.939179156836415063e-02
4.364800000000000182e+03 1.284113730877241288e-01
4.368000000000000000e+03 1.652309164202784286e-01
4.371199999999999818e+03 1.862275238292983026e-01
4.374399999999999636e+03 1.893099423286399574e-01
4.377600000000000364e+03 1.741304171834876235e-01
4.380800000000000182e+03 1.421239936175009155e-01
4.384000000000000000e+03 9.637064518763313603e-02
4.387199999999999818e+03 4.129367263369544683e-02
4.390399999999999636e+03 -1.777541231439238104e-02
4.393600000000000364e+03 -7.512152848145155215e-02
4.396800000000000182e+03 -1.252069727735888038e-01
4.400000000000000000e+03 -1.632119542699317361e-01
4.403199999999999818e+03 -1.855007316303794451e-01
4.406399999999999636e+03 -1.899679287828723029e-01
4.409600000000000364e+03 -1.762326802276718840e-01
4.412800000000000182e+03 -1.456640354071509769e-01
4.416000000000000000e+03 -1.012376986051007899e-01
4.419199999999999818e+03 -4.724015469058762129e-02
4.422399999999999636e+03 1.114971024611339373e-02
4.425600000000000364e+03 6.836029665599197003e-02
4.428800000000000182e+03 1.189598933544413623e-01
4.432000000000000000e+03 1.581711919160653235e-01
4.435199999999999818e+03 1.823190246307665463e-01
4.438399999999999636e+03 1.891696745321860551e-01
4.441600000000000364e+03 1.781311028844990152e-01
4.444800000000000182e+03 1.502971645583907612e-01
4.448000000000000000e+03 1.083338569474738555e-01
4.451199999999999818e+03 5.622035906278301937e-02
4.454399999999999636e+03 -1.129321414415007489e-03
4.457600000000000364e+03 -5.832798731513471474e-02
4.460800000000000182e+03 -1.100173107449918669e-01
4.464000000000000000e+03 -1.513645768465714248e-01
4.467199999999999818e+03 -1.785094361138469810e-01
4.470399999999999636e+03 -1.889207457095042342e-01
4.473600000000000364e+03 -1.816315830440521917e-01
4.476800000000000182e+03 -1.573311185816935187e-01
4.480000000000000000e+03 -1.183044406255273628e-01
4.483199999999999818e+03 -6.822471755350810463e-02
4.486399999999999636e+03 -1.181525093850966691e-02
4.489600000000000364e+03 4.558904958130241547e-02
4.492800000000000182e+03 9.854151034810303134e-02
4.496000000000000000e+03 1.419990858595553962e-01
4.499199999999999818e+03 1.718050115732180638e-01
4.502399999999999636e+03 1.850923574780015679e-01
4.505600000000000364e+03 1.805685132069800858e-01
4.508800000000000182e+03 1.586510691573998211e-01
4.512000000000000000e+03 1.214392551001982345e-01
4.515199999999999818e+03 7.252095728962745791e-02
4.518399999999999636e+03 1.663191207325291285e-02
4.521600000000000364e+03 -4.080081492285525524e-02
4.524800000000000182e+03 -9.418644347948454398e-02
4.528000000000000000e+03 -1.383167694277545046e-01
4.531199999999999818e+03 -1.688766840422776805e-01
4.534399999999999636e+03 -1.828683217657534887e-01
4.537600000000000364e+03 -1.789071572802864440e-01
4.540800000000000182e+03 -1.573610442178196844e-01
4.544000000000000000e+03 -1.203182294555279197e-01
4.547199999999999818e+03 -7.138659438725530881e-02
4.550399999999999636e+03 -1.534263970679073351e-02
4.553600000000000364e+03 4.233625763837341183e-02
4.556800000000000182e+03 9.601057918179725648e-02
4.560000000000000000e+03 1.404348270187371073e-01
4.563199999999999818e+03 1.712752919842530364e-01
4.566399999999999636e+03 1.855373408839228189e-01
4.569600000000000364e+03 1.818593782269682102e-01
4.572800000000000182e+03 1.606441941853218869e-01
4.576000000000000000e+03 1.240147668095035599e-01
4.579199999999999818e+03 7.559918347245285497e-02
4.582399999999999636e+03 2.016661060890058768e-02
4.585600000000000364e+03 -3.684851373874628577e-02
4.588800000000000182e+03 -8.988539985293327039e-02
4.592000000000000000e+03 -1.338040413200027312e-01
4.595199999999999818e+03 -1.643855464029576330e-01
4.598399999999999636e+03 -1.787365563962635684e-01
4.601600000000000364e+03 -1.755595478677420829e-01
4.604800000000000182e+03 -1.552650636737005763e-01
4.608000000000000000e+03 -1.199177105552076683e-01
4.611199999999999818e+03 -7.302355403494342756e-02
4.614399999999999636e+03 -1.918112755985495327e-02
4.617600000000000364e+03 3.636933134982226618e-02
4.620800000000000182e+03 8.825452820065415871e-02
4.624000000000000000e+03 1.314854837101676333e-01
4.627199999999999818e+03 1.619339250186829227e-01
4.630399999999999636e+03 1.767224001994528448e-01
4.633600000000000364e+03 1.744917313620370225e-01
4.636800000000000182e+03 1.555216963249820561e-01
4.640000000000000000e+03 1.216949991541112774e-01
4.643199999999999818e+03 7.630923739553134577e-02
4.646399999999999636e+03 2.375552633967006888e-02
4.649600000000000364e+03 -3.090532668677531403e-02
4.652800000000000182e+03 -8.242868703812855635e-02
4.656000000000000000e+03 -1.258877548780757694e-01
4.659199999999999818e+03 -1.571433674621098842e-01
4.662399999999999636e+03 -1.732375260017025020e-01
4.665600000000000364e+03 -1.726737226370178013e-01
4.668800000000000182e+03 -1.555579553670128345e-01
4.672000000000000000e+03 -1.235872665637176293e-01
4.675199999999999818e+03 -7.988658633739809112e-02
4.678399999999999636e+03 -2.870857547172809415e-02
4.681600000000000364e+03 2.497592527607541205e-02
4.684800000000000182e+03 7.595838703848779849e-02
4.688000000000000000e+03 1.192979373227818080e-01
4.691199999999999818e+03 1.508021619164931770e-01
4.694399999999999636e+03 1.674357333555506200e-01
4.697600000000000364e+03 1.676161535823308957e-01
4.700800000000000182e+03 1.513672008617041043e-01
4.704000000000000000e+03 1.203149713186857372e-01
4.707199999999999818e+03 7.752700812015868304e-02
4.710399999999999636e+03 2.721032952957083695e-02
4.713600000000000364e+03 -2.570218481862245746e-02
4.716800000000000182e+03 -7.603669424539913346e-02
4.720000000000000000e+03 -1.188870195982915379e-01
4.723199999999999818e+03 -1.500966339269827754e-01
4.726399999999999636e+03 -1.666658278789932557e-01
4.729600000000000364e+03 -1.670430596547509139e-01
4.732800000000000182e+03 -1.512710914501246007e-01
4.736000000000000000e+03 -1.209739663052935010e-01
4.739199999999999818e+03 -7.918905774251712437e-02
4.742399999999999636e+03 -3.005647722375820105e-02
4.745600000000000364e+03 2.160807710547144392e-02
4.748800000000000182e+03 7.080524985416189465e-02
4.752000000000000000e+03 1.128545475531988890e-01
4.755199999999999818e+03 1.438548325873031108e-01
4.758399999999999636e+03 1.610557534028045079e-01
4.761600000000000364e+03 1.631040898158736541e-01
4.764800000000000182e+03 1.501432738488920615e-01
4.768000000000000000e+03 1.237605227506645283e-01
4.771199999999999818e+03 8.679197401406538170e-02
4.774399999999999636e+03 4.301038908622223378e-02
4.777600000000000364e+03 -3.269150040997050120e-03
4.780800000000000182e+03 -4.762343404062902019e-02
4.784000000000000000e+03 -8.595102951906329058e-02
4.787199999999999818e+03 -1.148560747107019303e-01
4.790399999999999636e+03 -1.319504271882666058e-01
4.793600000000000364e+03 -1.360479299840414158e-01
4.796800000000000182e+03 -1.272359288591485837e-01
4.800000000000000000e+03 -1.068214787506868851e-01
4.803199999999999818e+03 -7.716182879003571915e-02
4.806399999999999636e+03 -4.139963695227445034e-02
4.809600000000000364e+03 -3.131941306107960659e-03
4.812800000000000182e+03 3.395260068447875784e-02
4.816000000000000000e+03 6.643172408919392757e-02
4.819199999999999818e+03 9.146797366422580733e-02
4.822399999999999636e+03 1.070576497489192092e-01
4.825600000000000364e+03 1.121881760815675866e-01
4.828800000000000182e+03 1.068915386578136451e-01
4.832000000000000000e+03 9.219222409914124006e-02
4.835199999999999818e+03 6.995883488985837895e-02
4.838399999999999636e+03 4.267823137955582824e-02
4.841600000000000364e+03 1.317860653112230829e-02
4.844800000000000182e+03 -1.566755884340503141e-02
4.848000000000000000e+03 -4.122878104535589172e-02
4.851199999999999818e+03 -6.135897459660814846e-02
4.854399999999999636e+03 -7.457781141090807919e-02
4.857600000000000364e+03 -8.017210906373217760e-02
4.860800000000000182e+03 -7.821265086501782982e-02
4.864000000000000000e+03 -6.949012979671435886e-02
4.867199999999999818e+03 -5.538220649317762700e-02
4.870399999999999636e+03 -3.767022812989859887e-02
4.873600000000000364e+03 -1.832840511791932261e-02
4.876800000000000182e+03 6.902005167818211920e-04
4.880000000000000000e+03 1.764776526309043067e-02
4.883199999999999818e+03 3.117657871456261040e-02
4.886399999999999636e+03 4.038121353117379853e-02
4.889600000000000364e+03 4.488146957370947598e-02
4.892800000000000182e+03 4.479676520442894827e-02
4.896000000000000000e+03 4.067918943583763436e-02
4.899199999999999818e+03 3.340759035526891241e-02
4.902399999999999636e+03 2.405836384876489792e-02
4.905600000000000364e+03 1.376977929681783529e-02
4.908800000000000182e+03 3.615770693572502737e-03
4.912000000000000000e+03 -5.497588310710730015e-03
4.915199999999999818e+03 -1.290374345464495760e-02
4.918399999999999636e+03 -1.821104486457445631e-02
4.921600000000000364e+03 -2.130230873696771152e-02
4.924800000000000182e+03 -2.230331556489184228e-02
4.928000000000000000e+03 -2.152823501173824899e-02
4.931199999999999818e+03 -1.941179936456640526e-02
4.934399999999999636e+03 -1.643840398941260120e-02
4.937600000000000364e+03 -1.307733581021175082e-02
4.940800000000000182e+03 -9.731305545912234678e-03
4.944000000000000000e+03 -6.702756402098650201e-03
4.947199999999999818e+03 -4.179451538306849442e-03
4.950399999999999636e+03 -2.238018183433576960e-03
4.953600000000000364e+03 -8.618244938450970527e-04
4.956800000000000182e+03 3.194320668889815638e-05
4.960000000000000000e+03 5.617097203074846367e-04
4.963199999999999818e+03 8.528253712424902887e-04
4.966399999999999636e+03 1.015036662870013196e-03
4.969600000000000364e+03 1.128756485254575961e-03
4.972800000000000182e+03 1.240861747353861743e-03
4.976000000000000000e+03 1.368934509239567434e-03
4.979199999999999818e+03 1.511291958596036643e-03
4.982399999999999636e+03 1.659415375772865320e-03
