0.000000000000000000e+00 3.518690502272139777e-03
3.200000000000000178e+00 3.569956486053607516e-03
6.400000000000000355e+00 3.624330278753733030e-03
9.599999999999999645e+00 3.681608076139221940e-03
1.280000000000000071e+01 3.741583526010074622e-03
1.600000000000000000e+01 3.804047764186586477e-03
1.919999999999999929e+01 3.868789543082929404e-03
2.239999999999999858e+01 3.935595305499721072e-03
2.560000000000000142e+01 4.004249300892537972e-03
2.880000000000000071e+01 4.074533675791750659e-03
3.200000000000000000e+01 4.146228588638468764e-03
3.520000000000000284e+01 4.219112310520186510e-03
3.839999999999999858e+01 4.292961342016976892e-03
4.160000000000000142e+01 4.367550521711898066e-03
4.479999999999999716e+01 4.442653146368645035e-03
4.800000000000000000e+01 4.518041085958474264e-03
5.120000000000000284e+01 4.593484907605823939e-03
5.439999999999999858e+01 4.668753996339351613e-03
5.760000000000000142e+01 4.743616683007977411e-03
6.079999999999999716e+01 4.817840370135772175e-03
6.400000000000000000e+01 4.891191663628360192e-03
6.720000000000000284e+01 4.963436503249213025e-03
7.040000000000000568e+01 5.034340298129564434e-03
7.359999999999999432e+01 5.103668061364628229e-03
7.679999999999999716e+01 5.171184548504040475e-03
8.000000000000000000e+01 5.236654395772547856e-03
8.320000000000000284e+01 5.299842262586887051e-03
8.640000000000000568e+01 5.360512973941246664e-03
8.959999999999999432e+01 5.418431664626232117e-03
9.279999999999999716e+01 5.473363922294723419e-03
9.600000000000000000e+01 5.525075934186814662e-03
9.920000000000000284e+01 5.573334635619136418e-03
1.024000000000000057e+02 5.617907860294985532e-03
1.055999999999999943e+02 5.658564487861347282e-03
1.087999999999999972e+02 5.695074592150038695e-03
1.120000000000000000e+02 5.727209591287073590e-03
1.152000000000000028e+02 5.754742401404389952e-03
1.184000000000000057e+02 5.777447588901540171e-03
1.215999999999999943e+02 5.795101521141313682e-03
1.247999999999999972e+02 5.807482516287950855e-03
1.280000000000000000e+02 5.814370995812582696e-03
1.311999999999999886e+02 5.815549636988990787e-03
1.344000000000000057e+02 5.810803524118780296e-03
1.375999999999999943e+02 5.799920297758987681e-03
1.408000000000000114e+02 5.782690305129794747e-03
1.440000000000000000e+02 5.758906750719177195e-03
1.471999999999999886e+02 5.728365845784588219e-03
1.504000000000000057e+02 5.690866955006025803e-03
1.535999999999999943e+02 5.646212742551162331e-03
1.568000000000000114e+02 5.594209317864530864e-03
1.600000000000000000e+02 5.534666381436148877e-03
1.631999999999999886e+02 5.467397369239343670e-03
1.664000000000000057e+02 5.392219596325571566e-03
1.695999999999999943e+02 5.308954397812908760e-03
1.728000000000000114e+02 5.217427266365569534e-03
1.760000000000000000e+02 5.117467986144600550e-03
1.791999999999999886e+02 5.008910766031326144e-03
1.824000000000000057e+02 4.891594371873014997e-03
1.855999999999999943e+02 4.765362256015210317e-03
1.888000000000000114e+02 4.630062682569241472e-03
1.920000000000000000e+02 4.485548851165178062e-03
1.951999999999999886e+02 4.331679019799650372e-03
1.984000000000000057e+02 4.168316624455810013e-03
2.015999999999999943e+02 3.995330392098154354e-03
2.048000000000000114e+02 3.812594449888072855e-03
2.080000000000000000e+02 3.619988434117567613e-03
2.111999999999999886e+02 3.417397598835871051e-03
2.144000000000000057e+02 3.204712919302450322e-03
2.175999999999999943e+02 2.981831188849467205e-03
2.208000000000000114e+02 2.748655110831751350e-03
2.240000000000000000e+02 2.505093388256161933e-03
2.271999999999999886e+02 2.251060810540774296e-03
2.304000000000000057e+02 1.986478337401985979e-03
2.335999999999999943e+02 1.711273178964471415e-03
2.368000000000000114e+02 1.425378871470612402e-03
2.400000000000000000e+02 1.128735345690331463e-03
2.431999999999999886e+02 8.212889893749451310e-04
2.464000000000000057e+02 5.029927067378041957e-04
2.495999999999999943e+02 1.738059780890304699e-04
2.528000000000000114e+02 -1.663050843085420009e-04
2.560000000000000000e+02 -5.173676875008592158e-04
2.591999999999999886e+02 -8.794023182783532655e-04
2.623999999999999773e+02 -1.252422706346940570e-03
2.656000000000000227e+02 -1.636435788263814785e-03
2.688000000000000114e+02 -2.031441670328096565e-03
2.720000000000000000e+02 -2.437433595202580499e-03
2.751999999999999886e+02 -2.854397952163687142e-03
2.783999999999999773e+02 -3.282314685108373396e-03
2.816000000000000227e+02 -3.721157995628348539e-03
2.848000000000000114e+02 -4.170896470410432287e-03
2.880000000000000000e+02 -4.631493083071938632e-03
2.911999999999999886e+02 -5.102905219875338884e-03
2.943999999999999773e+02 -5.585084707863573021e-03
2.976000000000000227e+02 -6.077977857348215024e-03
3.008000000000000114e+02 -6.581525504676234359e-03
3.040000000000000000e+02 -7.095663051045291575e-03
3.071999999999999886e+02 -7.620320488207741466e-03
3.103999999999999773e+02 -8.155422415105494094e-03
3.136000000000000227e+02 -8.700888052026864092e-03
3.168000000000000114e+02 -9.256631266970535496e-03
3.200000000000000000e+02 -9.822560625730463249e-03
3.231999999999999886e+02 -1.039857947253508032e-02
3.263999999999999773e+02 -1.098458603344094897e-02
3.296000000000000227e+02 -1.158047352495327441e-02
3.328000000000000114e+02 -1.218613024544665246e-02
3.360000000000000000e+02 -1.280143963590613110e-02
3.391999999999999886e+02 -1.342628030961177596e-02
3.423999999999999773e+02 -1.406052606400157341e-02
3.456000000000000227e+02 -1.470404589213822853e-02
3.488000000000000114e+02 -1.535670400927265089e-02
3.520000000000000000e+02 -1.601835990639744606e-02
3.551999999999999886e+02 -1.668886844557338628e-02
3.583999999999999773e+02 -1.736808001426333459e-02
3.616000000000000227e+02 -1.805584075053015200e-02
3.648000000000000114e+02 -1.875199283508636322e-02
3.680000000000000000e+02 -1.945637483725084008e-02
3.711999999999999886e+02 -2.016882209385687311e-02
3.743999999999999773e+02 -2.088916695528657275e-02
3.776000000000000227e+02 -2.161723807778835257e-02
3.808000000000000114e+02 -2.235285668799519634e-02
3.840000000000000000e+02 -2.309582798050126978e-02
3.871999999999999886e+02 -2.384593386771876808e-02
3.903999999999999773e+02 -2.460295577734331746e-02
3.936000000000000227e+02 -2.536678156526201919e-02
3.968000000000000114e+02 -2.613762398892537087e-02
4.000000000000000000e+02 -2.691621687756952028e-02
4.031999999999999886e+02 -2.770357224308165126e-02
4.063999999999999773e+02 -2.849977669314156942e-02
4.096000000000000227e+02 -2.930192538556751145e-02
4.128000000000000114e+02 -3.010279596204888664e-02
4.160000000000000000e+02 -3.089309428898103643e-02
4.191999999999999886e+02 -3.166875676498789871e-02
4.223999999999999773e+02 -3.243987518677322879e-02
4.256000000000000227e+02 -3.323264804108640169e-02
4.288000000000000114e+02 -3.407705128787575505e-02
4.320000000000000000e+02 -3.498378297978918527e-02
4.351999999999999886e+02 -3.592717286561053491e-02
4.383999999999999773e+02 -3.685196255692148315e-02
4.416000000000000227e+02 -3.770494006788014524e-02
4.448000000000000114e+02 -3.847016279375413406e-02
4.480000000000000000e+02 -3.918108964965553304e-02
4.511999999999999886e+02 -3.990147015583842688e-02
4.543999999999999773e+02 -4.069099565133025426e-02
4.576000000000000227e+02 -4.157804489880016080e-02
4.608000000000000114e+02 -4.254939256082968663e-02
4.640000000000000000e+02 -4.355523036707490553e-02
4.671999999999999886e+02 -4.452835588284541346e-02
4.703999999999999773e+02 -4.541674551882234762e-02
4.736000000000000227e+02 -4.621615964573375090e-02
4.768000000000000114e+02 -4.697662473644841769e-02
4.800000000000000000e+02 -4.776864678983457069e-02
4.831999999999999886e+02 -4.863062912761983297e-02
4.863999999999999773e+02 -4.954211061590535481e-02
4.896000000000000227e+02 -5.044745506678816743e-02
4.928000000000000114e+02 -5.130717908204088934e-02
4.960000000000000000e+02 -5.212836534825706497e-02
4.991999999999999886e+02 -5.294915088150306537e-02
5.023999999999999773e+02 -5.379895715921942378e-02
5.056000000000000227e+02 -5.467587619686087308e-02
5.088000000000000114e+02 -5.555808737712514267e-02
5.120000000000000000e+02 -5.642935378002415098e-02
5.152000000000000455e+02 -5.729015570053897638e-02
5.183999999999999773e+02 -5.814878797465868054e-02
5.216000000000000227e+02 -5.900896813491028625e-02
5.247999999999999545e+02 -5.986822631465616579e-02
5.280000000000000000e+02 -6.072413817949068315e-02
5.312000000000000455e+02 -6.157738348273900097e-02
5.343999999999999773e+02 -6.242834890036457612e-02
5.376000000000000227e+02 -6.327355414367263897e-02
5.407999999999999545e+02 -6.410732736998570047e-02
5.440000000000000000e+02 -6.492661428431932558e-02
5.472000000000000455e+02 -6.573329336579063209e-02
5.503999999999999773e+02 -6.653198865798116979e-02
5.536000000000000227e+02 -6.732631554152580799e-02
5.567999999999999545e+02 -6.811718289427043382e-02
5.600000000000000000e+02 -6.890370612550733576e-02
5.632000000000000455e+02 -6.968463470092432777e-02
5.663999999999999773e+02 -7.045855064413697466e-02
5.696000000000000227e+02 -7.122327550128475238e-02
5.727999999999999545e+02 -7.197602945355988102e-02
5.760000000000000000e+02 -7.271474053604801147e-02
5.792000000000000455e+02 -7.343913763686449325e-02
5.823999999999999773e+02 -7.414993356600257934e-02
5.856000000000000227e+02 -7.484535407704179244e-02
5.887999999999999545e+02 -7.551479988664359932e-02
5.920000000000000000e+02 -7.612908553102516740e-02
5.952000000000000455e+02 -7.662691461596343734e-02
5.983999999999999773e+02 -7.689908211239399050e-02
6.016000000000000227e+02 -7.677441121702724414e-02
6.047999999999999545e+02 -7.601290606937721739e-02
6.080000000000000000e+02 -7.431127102644088933e-02
6.112000000000000455e+02 -7.132392776373322474e-02
6.143999999999999773e+02 -6.669905032518425037e-02
6.176000000000000227e+02 -6.012436648398727240e-02
6.207999999999999545e+02 -5.137323156877714875e-02
6.240000000000000000e+02 -4.034013568200459088e-02
6.272000000000000455e+02 -2.705748772920810868e-02
6.303999999999999773e+02 -1.169112840661669719e-02
6.336000000000000227e+02 5.481879170070531708e-03
6.367999999999999545e+02 2.410536555346289370e-02
6.400000000000000000e+02 4.377727150750027746e-02
6.432000000000000455e+02 6.407770047660403534e-02
6.463999999999999773e+02 8.459032429706977996e-02
6.496000000000000227e+02 1.049200634231330781e-01
6.527999999999999545e+02 1.247114459511988738e-01
6.560000000000000000e+02 1.436698623070217506e-01
6.592000000000000455e+02 1.615835986628625376e-01
6.623999999999999773e+02 1.783407058292442449e-01
6.656000000000000227e+02 1.939335647614940650e-01
6.687999999999999545e+02 2.084460898735080447e-01
6.720000000000000000e+02 2.220230888738230768e-01
6.752000000000000455e+02 2.348267755080030716e-01
6.783999999999999773e+02 2.469900091845341483e-01
6.816000000000000227e+02 2.585779155211472835e-01
6.847999999999999545e+02 2.695680835489842053e-01
6.880000000000000000e+02 2.798545623385996772e-01
6.912000000000000455e+02 2.892738620866865951e-01
6.943999999999999773e+02 2.976446265204151231e-01
6.976000000000000227e+02 3.048089362424938886e-01
7.007999999999999545e+02 3.106633924257768964e-01
7.040000000000000000e+02 3.151718920708272975e-01
7.072000000000000455e+02 3.183581782252493664e-01
7.103999999999999773e+02 3.202830734037737104e-01
7.136000000000000227e+02 3.210163646717767993e-01
7.167999999999999545e+02 3.206142020683855898e-01
7.200000000000000000e+02 3.191088826527221922e-01
7.232000000000000455e+02 3.165111580850824557e-01
7.263999999999999773e+02 3.128196938887217171e-01
7.296000000000000227e+02 3.080310052344806260e-01
7.327999999999999545e+02 3.021458985203337444e-01
7.360000000000000000e+02 2.951722486940934753e-01
7.392000000000000455e+02 2.871258844056868709e-01
7.423999999999999773e+02 2.780308059484903338e-01
7.456000000000000227e+02 2.679185945584027229e-01
7.487999999999999545e+02 2.568265575290256120e-01
7.520000000000000000e+02 2.447950729326938690e-01
7.552000000000000455e+02 2.318654052490277950e-01
7.583999999999999773e+02 2.180788572892179977e-01
7.616000000000000227e+02 2.034769275015377854e-01
7.647999999999999545e+02 1.881015310579232935e-01
7.680000000000000000e+02 1.719949993573101077e-01
7.712000000000000455e+02 1.552006620218295552e-01
7.743999999999999773e+02 1.377649030241681338e-01
7.776000000000000227e+02 1.197402783054800635e-01
7.807999999999999545e+02 1.011878164468019842e-01
7.840000000000000000e+02 8.217664027163532059e-02
7.872000000000000455e+02 6.278080778482414415e-02
7.903999999999999773e+02 4.307522251162641813e-02
7.936000000000000227e+02 2.313277005839666292e-02
7.967999999999999545e+02 3.023317265940112571e-03
8.000000000000000000e+02 -1.718645654058182509e-02
8.032000000000000455e+02 -3.743350742210542481e-02
8.063999999999999773e+02 -5.765884174074133173e-02
8.096000000000000227e+02 -7.780642831625830813e-02
8.127999999999999545e+02 -9.781974483404688725e-02
8.160000000000000000e+02 -1.176370655520853348e-01
8.192000000000000455e+02 -1.371880644256577020e-01
8.223999999999999773e+02 -1.563938924039475487e-01
8.256000000000000227e+02 -1.751710289432895640e-01
8.287999999999999545e+02 -1.934375311063529224e-01
8.320000000000000000e+02 -2.111198669368856140e-01
8.352000000000000455e+02 -2.281589068011948274e-01
8.383999999999999773e+02 -2.445137791355304069e-01
8.416000000000000227e+02 -2.601618898819558212e-01
8.447999999999999545e+02 -2.750933782444694997e-01
8.480000000000000000e+02 -2.892997146300100297e-01
8.512000000000000455e+02 -3.027589305702337863e-01
8.543999999999999773e+02 -3.154225625053821980e-01
8.576000000000000227e+02 -3.272099249509420327e-01
8.607999999999999545e+02 -3.380130649296756440e-01
8.640000000000000000e+02 -3.477116473538999220e-01
8.672000000000000455e+02 -3.561930732183992698e-01
8.703999999999999773e+02 -3.633711426671157874e-01
8.736000000000000227e+02 -3.691972894719144915e-01
8.767999999999999545e+02 -3.736613678142414741e-01
8.800000000000000000e+02 -3.767828417816319053e-01
8.832000000000000455e+02 -3.785964109487092721e-01
8.863999999999999773e+02 -3.791374051075417917e-01
8.896000000000000227e+02 -3.784314422156185853e-01
8.927999999999999545e+02 -3.764905761726343725e-01
8.960000000000000000e+02 -3.733156045645056875e-01
8.992000000000000455e+02 -3.689022895240316458e-01
9.023999999999999773e+02 -3.632484186744244226e-01
9.056000000000000227e+02 -3.563589597081725513e-01
9.087999999999999545e+02 -3.482478140133350442e-01
9.120000000000000000e+02 -3.389363298136666702e-01
9.152000000000000455e+02 -3.284500747162151235e-01
9.183999999999999773e+02 -3.168158034488036678e-01
9.216000000000000227e+02 -3.040599869209884565e-01
9.247999999999999545e+02 -2.902091528205223980e-01
9.280000000000000000e+02 -2.752913538015286377e-01
9.312000000000000455e+02 -2.593378477899082601e-01
9.343999999999999773e+02 -2.423845140234594520e-01
9.376000000000000227e+02 -2.244731053867775605e-01
9.407999999999999545e+02 -2.056525848413771063e-01
9.440000000000000000e+02 -1.859804292120174340e-01
9.472000000000000455e+02 -1.655233806649967498e-01
9.503999999999999773e+02 -1.443572110516560536e-01
9.536000000000000227e+02 -1.225656346782743045e-01
9.567999999999999545e+02 -1.002390060350697859e-01
9.600000000000000000e+02 -7.747334281524018151e-02
9.632000000000000455e+02 -5.436957530125166582e-02
9.663999999999999773e+02 -3.103231647969448628e-02
9.696000000000000227e+02 -7.567411265130127504e-03
9.727999999999999545e+02 1.592187541416326124e-02
9.760000000000000000e+02 3.933928717502338523e-02
9.792000000000000455e+02 6.259917873773986063e-02
9.823999999999999773e+02 8.562772451832215137e-02
9.856000000000000227e+02 1.083608106845676960e-01
9.887999999999999545e+02 1.307389391415195723e-01
9.920000000000000000e+02 1.527007252713442620e-01
9.952000000000000455e+02 1.741771383604302226e-01
9.983999999999999773e+02 1.950883278076759875e-01
1.001600000000000023e+03 2.153441238725861129e-01
1.004799999999999955e+03 2.348485245521719778e-01
1.008000000000000000e+03 2.535075613943839068e-01
1.011200000000000045e+03 2.712385711161300894e-01
1.014399999999999977e+03 2.879774648906215928e-01
1.017600000000000023e+03 3.036802681288055528e-01
1.020799999999999955e+03 3.183169350080921056e-01
1.024000000000000000e+03 3.318587619997511728e-01
1.027200000000000045e+03 3.442638602959235961e-01
1.030400000000000091e+03 3.554663133260390628e-01
1.033599999999999909e+03 3.653733093174841295e-01
1.036799999999999955e+03 3.738715831756843633e-01
1.040000000000000000e+03 3.808413724306264903e-01
1.043200000000000045e+03 3.861738414275285858e-01
1.046400000000000091e+03 3.897869414392265419e-01
1.049599999999999909e+03 3.916350425075311725e-01
1.052799999999999955e+03 3.917095025161732025e-01
1.056000000000000000e+03 3.900304626539103370e-01
1.059200000000000045e+03 3.866335924582776085e-01
1.062400000000000091e+03 3.815575613764108365e-01
1.065599999999999909e+03 3.748373456553977245e-01
1.068799999999999955e+03 3.665052512326378853e-01
1.072000000000000000e+03 3.565975164189326141e-01
1.075200000000000045e+03 3.451617880401034455e-01
1.078400000000000091e+03 3.322608729235755898e-01
1.081599999999999909e+03 3.179705205048450334e-01
1.084799999999999955e+03 3.023720278997384381e-01
1.088000000000000000e+03 2.855426543492890490e-01
1.091200000000000045e+03 2.675475464722273378e-01
1.094400000000000091e+03 2.484362823764576234e-01
1.097599999999999909e+03 2.282456229442733631e-01
1.100799999999999955e+03 2.070079311668099054e-01
1.104000000000000000e+03 1.847625646958477585e-01
1.107200000000000045e+03 1.615663749035829155e-01
1.110400000000000091e+03 1.375000510554613697e-01
1.113599999999999909e+03 1.126690946229211704e-01
1.116799999999999955e+03 8.720028846173169534e-02
1.120000000000000000e+03 6.123538261272296057e-02
1.123200000000000045e+03 3.492336610504123695e-02
1.126400000000000091e+03 8.412192681562414773e-03
1.129599999999999909e+03 -1.815898855373934348e-02
1.132799999999999955e+03 -4.466546070082257069e-02
1.136000000000000000e+03 -7.099876037939727158e-02
1.139200000000000045e+03 -9.706400724518660095e-02
1.142400000000000091e+03 -1.227734497194870739e-01
1.145599999999999909e+03 -1.480378685528355165e-01
1.148799999999999955e+03 -1.727578224101474491e-01
1.152000000000000000e+03 -1.968169620522499386e-01
1.155200000000000045e+03 -2.200798239067943696e-01
1.158400000000000091e+03 -2.423959166900125362e-01
1.161599999999999909e+03 -2.636101556130965307e-01
1.164799999999999955e+03 -2.835776322128598093e-01
1.168000000000000000e+03 -3.021795362980310151e-01
1.171200000000000045e+03 -3.193368103444765294e-01
1.174400000000000091e+03 -3.350179155446971757e-01
1.177599999999999909e+03 -3.492368528952606854e-01
1.180799999999999955e+03 -3.620386781760940309e-01
1.184000000000000000e+03 -3.734732348067252850e-01
1.187200000000000045e+03 -3.835626467768819547e-01
1.190400000000000091e+03 -3.922717085579831564e-01
1.193599999999999909e+03 -3.994908324030908564e-01
1.196799999999999955e+03 -4.050385835642691390e-01
1.200000000000000000e+03 -4.086858949636842375e-01
1.203200000000000045e+03 -4.101977255728934679e-01
1.206400000000000091e+03 -4.093816840419694514e-01
1.209599999999999909e+03 -4.061295575753765541e-01
1.212799999999999955e+03 -4.004392374554571754e-01
1.216000000000000000e+03 -3.924112392306171038e-01
1.219200000000000045e+03 -3.822227186448521885e-01
1.222400000000000091e+03 -3.700884508038802534e-01
1.225599999999999909e+03 -3.562205503277655616e-01
1.228799999999999955e+03 -3.407973019734327202e-01
1.232000000000000000e+03 -3.239477362386628534e-01
1.235200000000000045e+03 -3.057533905734496349e-01
1.238400000000000091e+03 -2.862630964225759689e-01
1.241599999999999909e+03 -2.655127961074578158e-01
1.244799999999999955e+03 -2.435424270689074133e-01
1.248000000000000000e+03 -2.204055919061729263e-01
1.251200000000000045e+03 -1.961723105360342612e-01
1.254400000000000091e+03 -1.709278298390631834e-01
1.257599999999999909e+03 -1.447706414630808291e-01
1.260799999999999955e+03 -1.178117017108753217e-01
1.264000000000000000e+03 -9.017543432330042685e-02
1.267200000000000045e+03 -6.200168935922595326e-02
1.270400000000000091e+03 -3.344665165115805194e-02
1.273599999999999909e+03 -4.680416932464625222e-03
1.276799999999999955e+03 2.411993554299249679e-02
1.280000000000000000e+03 5.278088637266611927e-02
1.283200000000000045e+03 8.114383980166428589e-02
1.286400000000000091e+03 1.090736641353120678e-01
1.289599999999999909e+03 1.364612407651899784e-01
1.292799999999999955e+03 1.632184397504007345e-01
1.296000000000000000e+03 1.892662224197869114e-01
1.299200000000000045e+03 2.145189637771218738e-01
1.302400000000000091e+03 2.388698065969585005e-01
1.305599999999999909e+03 2.621821912218957329e-01
1.308799999999999955e+03 2.842914209753849009e-01
1.312000000000000000e+03 3.050175547253461406e-01
1.315200000000000045e+03 3.241876413737317941e-01
1.318400000000000091e+03 3.416619709366544577e-01
1.321599999999999909e+03 3.573565115639927292e-01
1.324799999999999955e+03 3.712531788850377268e-01
1.328000000000000000e+03 3.833918868753181108e-01
1.331200000000000045e+03 3.938433934191348240e-01
1.334400000000000091e+03 4.026686481377478866e-01
1.337599999999999909e+03 4.098765626831886166e-01
1.340799999999999955e+03 4.153950644920086366e-01
1.344000000000000000e+03 4.190676539925318189e-01
1.347200000000000045e+03 4.206794840294543203e-01
1.350400000000000091e+03 4.200063426368922936e-01
1.353599999999999909e+03 4.168714686732464259e-01
1.356799999999999955e+03 4.111922833031808611e-01
1.360000000000000000e+03 4.030026473829597666e-01
1.363200000000000045e+03 3.924446059167830403e-01
1.366400000000000091e+03 3.797337789810545927e-01
1.369599999999999909e+03 3.651110004079067273e-01
1.372799999999999955e+03 3.487963905167396073e-01
1.376000000000000000e+03 3.309595588220906603e-01
1.379200000000000045e+03 3.117123826952837296e-01
1.382400000000000091e+03 2.911220165356824818e-01
1.385599999999999909e+03 2.692351044108652336e-01
1.388799999999999955e+03 2.461020854512131484e-01
1.392000000000000000e+03 2.217931965073585976e-01
1.395200000000000045e+03 1.964032189561897013e-01
1.398400000000000091e+03 1.700472019373575616e-01
1.401599999999999909e+03 1.428521932478795664e-01
1.404799999999999955e+03 1.149499774009917485e-01
1.408000000000000000e+03 8.647380416228768463e-02
1.411200000000000045e+03 5.755940837287297496e-02
1.414400000000000091e+03 2.834847146470454576e-02
1.417599999999999909e+03 -1.008228191352247101e-03
1.420799999999999955e+03 -3.035033359504466996e-02
1.424000000000000000e+03 -5.951121645609361993e-02
1.427200000000000045e+03 -8.832468871433647728e-02
1.430400000000000091e+03 -1.166334046207160025e-01
1.433599999999999909e+03 -1.442964260131960885e-01
1.436799999999999955e+03 -1.711933990554843910e-01
1.440000000000000000e+03 -1.972236642629759951e-01
1.443200000000000045e+03 -2.223002039122747575e-01
1.446400000000000091e+03 -2.463401120309950121e-01
1.449599999999999909e+03 -2.692545696966867075e-01
1.452799999999999955e+03 -2.909416065087816472e-01
1.456000000000000000e+03 -3.112842098934341939e-01
1.459200000000000045e+03 -3.301550067083606765e-01
1.462400000000000091e+03 -3.474270955300623465e-01
1.465599999999999909e+03 -3.629886216986766279e-01
1.468799999999999955e+03 -3.767565218999340271e-01
1.472000000000000000e+03 -3.886835636707590691e-01
1.475200000000000045e+03 -3.987539403001244542e-01
1.478400000000000091e+03 -4.069668690141972078e-01
1.481599999999999909e+03 -4.133133693421035537e-01
1.484799999999999955e+03 -4.177555959356988313e-01
1.488000000000000000e+03 -4.202181621444117665e-01
1.491200000000000045e+03 -4.205964852050341762e-01
1.494400000000000091e+03 -4.187804008257693389e-01
1.497599999999999909e+03 -4.146852293518275001e-01
1.500799999999999955e+03 -4.082795242533493463e-01
1.504000000000000000e+03 -3.995997796795158208e-01
1.507200000000000045e+03 -3.887469460685661349e-01
1.510400000000000091e+03 -3.758662388398873455e-01
1.513599999999999909e+03 -3.611180881534984399e-01
1.516799999999999955e+03 -3.446513657985844636e-01
1.520000000000000000e+03 -3.265883269165367198e-01
1.523200000000000045e+03 -3.070246461721200526e-01
1.526400000000000091e+03 -2.860408496710002413e-01
1.529599999999999909e+03 -2.637172944414056253e-01
1.532799999999999955e+03 -2.401453762022263960e-01
1.536000000000000000e+03 -2.154314425588082227e-01
1.539200000000000045e+03 -1.896940244001903697e-01
1.542400000000000091e+03 -1.630574494931924801e-01
1.545599999999999909e+03 -1.356454762531819902e-01
1.548799999999999955e+03 -1.075780055870998314e-01
1.552000000000000000e+03 -7.897261517691567256e-02
1.555200000000000045e+03 -4.995061852150426557e-02
1.558400000000000091e+03 -2.064497603397043995e-02
1.561599999999999909e+03 8.794111566692991433e-03
1.564799999999999955e+03 3.819946381591515783e-02
1.568000000000000000e+03 6.739383018668343439e-02
1.571200000000000045e+03 9.620104691965976340e-02
1.574400000000000091e+03 1.244573915395503355e-01
1.577599999999999909e+03 1.520196176047807213e-01
1.580799999999999955e+03 1.787678070973573174e-01
1.584000000000000000e+03 2.046026417997813818e-01
1.587200000000000045e+03 2.294377760525703747e-01
1.590400000000000091e+03 2.531892651171787079e-01
1.593599999999999909e+03 2.757653864076971550e-01
1.596799999999999955e+03 2.970605968388794760e-01
1.600000000000000000e+03 3.169560027664390378e-01
1.603200000000000045e+03 3.353262285426930056e-01
1.606400000000000091e+03 3.520504217019234661e-01
1.609599999999999909e+03 3.670240778964913853e-01
1.612799999999999955e+03 3.801680899081919529e-01
1.616000000000000000e+03 3.914316505520271661e-01
1.619200000000000045e+03 4.007868805228014253e-01
1.622400000000000091e+03 4.082157717208707015e-01
1.625599999999999909e+03 4.136934457636051166e-01
1.628799999999999955e+03 4.171740209036947089e-01
1.632000000000000000e+03 4.185852083276880298e-01
1.635200000000000045e+03 4.178351262512708941e-01
1.638400000000000091e+03 4.148306528507217372e-01
1.641599999999999909e+03 4.095021418097626320e-01
1.644799999999999955e+03 4.018260601684509048e-01
1.648000000000000000e+03 3.918369472770934503e-01
1.651200000000000045e+03 3.796239783531248357e-01
1.654400000000000091e+03 3.653138988343683780e-01
1.657599999999999909e+03 3.490477228201491200e-01
1.660799999999999955e+03 3.309603332226930816e-01
1.664000000000000000e+03 3.111695480304844108e-01
1.667200000000000045e+03 2.897763506750196671e-01
1.670400000000000091e+03 2.668734547697386716e-01
1.673599999999999909e+03 2.425568896002400221e-01
1.676799999999999955e+03 2.169353280476428170e-01
1.680000000000000000e+03 1.901339644723160638e-01
1.683200000000000045e+03 1.622927251086191125e-01
1.686400000000000091e+03 1.335610084274707621e-01
1.689599999999999909e+03 1.040919971217682122e-01
1.692799999999999955e+03 7.403883828343965634e-02
1.696000000000000000e+03 4.355347015358432966e-02
1.699200000000000045e+03 1.278754345210856777e-02
1.702400000000000091e+03 -1.810573508063582915e-02
1.705599999999999909e+03 -4.896995015943805124e-02
1.708799999999999955e+03 -7.964473489584288080e-02
1.712000000000000000e+03 -1.099662586327824348e-01
1.715200000000000045e+03 -1.397689707228035594e-01
1.718400000000000091e+03 -1.688883085558165464e-01
1.721599999999999909e+03 -1.971636494921108762e-01
1.724799999999999955e+03 -2.244404622465212273e-01
1.728000000000000000e+03 -2.505708463899584681e-01
1.731200000000000045e+03 -2.754126184266760258e-01
1.734400000000000091e+03 -2.988282715895265729e-01
1.737599999999999909e+03 -3.206855240020732301e-01
1.740799999999999955e+03 -3.408602679389236001e-01
1.744000000000000000e+03 -3.592411043005230287e-01
1.747200000000000045e+03 -3.757334564725793302e-01
1.750400000000000091e+03 -3.902612092742535066e-01
1.753599999999999909e+03 -4.027646744752979013e-01
1.756799999999999955e+03 -4.131947964682303742e-01
1.760000000000000000e+03 -4.215045531816373203e-01
1.763200000000000045e+03 -4.276395184049680553e-01
1.766400000000000091e+03 -4.315304312765109174e-01
1.769599999999999909e+03 -4.330908623951466030e-01
1.772799999999999955e+03 -4.322221238458566761e-01
1.776000000000000000e+03 -4.288254243653226716e-01
1.779200000000000045e+03 -4.228186526588156857e-01
1.782400000000000091e+03 -4.141532358413833048e-01
1.785599999999999909e+03 -4.028262080156003178e-01
1.788799999999999955e+03 -3.888841336389152747e-01
1.792000000000000000e+03 -3.724182232187361885e-01
1.795200000000000045e+03 -3.535527678471594992e-01
1.798400000000000091e+03 -3.324309188815350313e-01
1.801599999999999909e+03 -3.092023033141266253e-01
1.804799999999999955e+03 -2.840159353387849417e-01
1.808000000000000000e+03 -2.570197445617339871e-01
1.811200000000000045e+03 -2.283655708186645150e-01
1.814400000000000091e+03 -1.982166407038650491e-01
1.817599999999999909e+03 -1.667540367906488463e-01
1.820799999999999955e+03 -1.341795032549642497e-01
1.824000000000000000e+03 -1.007134669227256474e-01
1.827200000000000045e+03 -6.658864433214235767e-02
1.830400000000000091e+03 -3.204068579045843412e-02
1.833599999999999909e+03 2.702019873557754727e-03
1.836799999999999955e+03 3.742695976902368771e-02
1.840000000000000000e+03 7.194228717415082630e-02
1.843200000000000045e+03 1.060762623319911196e-01
1.846400000000000091e+03 1.396710162151574008e-01
1.849599999999999909e+03 1.725718797089285661e-01
1.852799999999999955e+03 2.046152306469796456e-01
1.856000000000000000e+03 2.356189949078928425e-01
1.859200000000000045e+03 2.653796218268675844e-01
1.862400000000000091e+03 2.936771633136343040e-01
1.865599999999999909e+03 3.202869834701321805e-01
1.868799999999999955e+03 3.449943219477600853e-01
1.872000000000000000e+03 3.676074313882572997e-01
1.875200000000000045e+03 3.879659838150724127e-01
1.878400000000000091e+03 4.059430451358171932e-01
1.881599999999999909e+03 4.214406744541308036e-01
1.884799999999999955e+03 4.343808697134961538e-01
1.888000000000000000e+03 4.446946506102739671e-01
1.891200000000000045e+03 4.523120894754613652e-01
1.894400000000000091e+03 4.571553493985573979e-01
1.897599999999999909e+03 4.591360709851143862e-01
1.900799999999999955e+03 4.581580748195391295e-01
1.904000000000000000e+03 4.541257571678478100e-01
1.907200000000000045e+03 4.469572085834439545e-01
1.910400000000000091e+03 4.365993830103353512e-01
1.913599999999999909e+03 4.230416492110198323e-01
1.916799999999999955e+03 4.063244049759412446e-01
1.920000000000000000e+03 3.865408567450251964e-01
1.923200000000000045e+03 3.638318894199147335e-01
1.926400000000000091e+03 3.383757104077020905e-01
1.929599999999999909e+03 3.103753683025702870e-01
1.932799999999999955e+03 2.800478785477616972e-01
1.936000000000000000e+03 2.476180093640353297e-01
1.939200000000000045e+03 2.133177490223022443e-01
1.942400000000000091e+03 1.773899229656466514e-01
1.945599999999999909e+03 1.400926918475117189e-01
1.948799999999999955e+03 1.017016411234383522e-01
1.952000000000000000e+03 6.250767561370518255e-02
1.955200000000000045e+03 2.281092094910542808e-02
1.958400000000000091e+03 -1.708768442750042277e-02
1.961599999999999909e+03 -5.689479897191384444e-02
1.964799999999999955e+03 -9.633090335284508199e-02
1.968000000000000000e+03 -1.351328775631828460e-01
1.971200000000000045e+03 -1.730526080185138815e-01
1.974400000000000091e+03 -2.098524253892158353e-01
1.977599999999999909e+03 -2.452988194883503892e-01
1.980799999999999955e+03 -2.791561067791232253e-01
1.984000000000000000e+03 -3.111820031260206232e-01
1.987200000000000045e+03 -3.411273657546257110e-01
1.990400000000000091e+03 -3.687418485642670607e-01
1.993599999999999909e+03 -3.937851572049426152e-01
1.996799999999999955e+03 -4.160407344551849129e-01
2.000000000000000000e+03 -4.353269832529566563e-01
2.003200000000000045e+03 -4.515018979790790810e-01
2.006400000000000091e+03 -4.644597288278629055e-01
2.009599999999999909e+03 -4.741213189133913208e-01
2.012799999999999955e+03 -4.804216475027773825e-01
2.016000000000000000e+03 -4.832986007748574786e-01
2.019200000000000045e+03 -4.826864017319922873e-01
2.022400000000000091e+03 -4.785157692319649270e-01
2.025599999999999909e+03 -4.707210262041766069e-01
2.028799999999999955e+03 -4.592525412634388404e-01
2.032000000000000000e+03 -4.440916438943143807e-01
2.035200000000000045e+03 -4.252647738794708143e-01
2.038400000000000091e+03 -4.028540030651116544e-01
2.041599999999999909e+03 -3.770019792067382247e-01
2.044799999999999955e+03 -3.479106088533891472e-01
2.048000000000000000e+03 -3.158341696698197532e-01
2.051199999999999818e+03 -2.810686381763364272e-01
2.054400000000000091e+03 -2.439395177165157580e-01
2.057599999999999909e+03 -2.047903042969317078e-01
2.060800000000000182e+03 -1.639730934928468886e-01
2.064000000000000000e+03 -1.218419267751676277e-01
2.067199999999999818e+03 -7.874860706092749740e-02
2.070400000000000091e+03 -3.504030183140920129e-02
2.073599999999999909e+03 8.941486608560854712e-03
2.076800000000000182e+03 5.286045692202931412e-02
2.080000000000000000e+03 9.638337344928858685e-02
2.083199999999999818e+03 1.391768867967000944e-01
2.086400000000000091e+03 1.809050237836598851e-01
2.089599999999999909e+03 2.212294274951947248e-01
2.092800000000000182e+03 2.598136019485187131e-01
2.096000000000000000e+03 2.963308047830756631e-01
2.099199999999999818e+03 3.304736713921079261e-01
2.102400000000000091e+03 3.619628333550171662e-01
2.105599999999999909e+03 3.905520543892305185e-01
2.108800000000000182e+03 4.160287257547399253e-01
2.112000000000000000e+03 4.382104557393554645e-01
2.115199999999999818e+03 4.569400266390854504e-01
2.118400000000000091e+03 4.720812544319858417e-01
2.121599999999999909e+03 4.835170722335255800e-01
2.124800000000000182e+03 4.911493403450897799e-01
2.128000000000000000e+03 4.948988622946993710e-01
2.131199999999999818e+03 4.947046328668461834e-01
2.134400000000000091e+03 4.905228996420020193e-01
2.137599999999999909e+03 4.823278032192668263e-01
2.140800000000000182e+03 4.701152333956866713e-01
2.144000000000000000e+03 4.539102821562465140e-01
2.147199999999999818e+03 4.337771233548278760e-01
2.150400000000000091e+03 4.098289702654262512e-01
2.153599999999999909e+03 3.822352550684869343e-01
2.156800000000000182e+03 3.512235463792983126e-01
2.160000000000000000e+03 3.170750799983832469e-01
2.163199999999999818e+03 2.801147567204451683e-01
2.166400000000000091e+03 2.406981525724831150e-01
2.169599999999999909e+03 1.991986370339414447e-01
2.172800000000000182e+03 1.559969930231818458e-01
2.176000000000000000e+03 1.114746424625061433e-01
2.179199999999999818e+03 6.601048164849838973e-02
2.182400000000000091e+03 1.998069096598476327e-02
2.185599999999999909e+03 -2.623949267596599119e-02
2.188800000000000182e+03 -7.227331293794923839e-02
2.192000000000000000e+03 -1.177406187999295306e-01
2.195199999999999818e+03 -1.622575020609293983e-01
2.198400000000000091e+03 -2.054379060953547276e-01
2.201599999999999909e+03 -2.468974280544564137e-01
2.204800000000000182e+03 -2.862594918512269548e-01
2.208000000000000000e+03 -3.231638131916932943e-01
2.211199999999999818e+03 -3.572763641783019972e-01
2.214400000000000091e+03 -3.882991129107847827e-01
2.217599999999999909e+03 -4.159771999797325370e-01
2.220800000000000182e+03 -4.401014041463234272e-01
2.224000000000000000e+03 -4.605049505286010203e-01
2.227199999999999818e+03 -4.770556420024074096e-01
2.230400000000000091e+03 -4.896460742688081291e-01
2.233599999999999909e+03 -4.981852982811619812e-01
2.236800000000000182e+03 -5.025943867570344947e-01
2.240000000000000000e+03 -5.028066579228797073e-01
2.243199999999999818e+03 -4.987718948717275724e-01
2.246400000000000091e+03 -4.904632734690044793e-01
2.249599999999999909e+03 -4.778856313263039612e-01
2.252800000000000182e+03 -4.610837827382879284e-01
2.256000000000000000e+03 -4.401496898695423932e-01
2.259199999999999818e+03 -4.152274458371619792e-01
2.262400000000000091e+03 -3.865151639122442750e-01
2.265599999999999909e+03 -3.542630564033537599e-01
2.268800000000000182e+03 -3.187674863602624198e-01
2.272000000000000000e+03 -2.803617169286253263e-01
2.275199999999999818e+03 -2.394051233013174684e-01
2.278400000000000091e+03 -1.962731567217197159e-01
2.281599999999999909e+03 -1.513500309596722271e-01
2.284800000000000182e+03 -1.050251186131979930e-01
2.288000000000000000e+03 -5.769281549402677928e-02
2.291199999999999818e+03 -9.754540658360530067e-03
2.294400000000000091e+03 3.837906315989377676e-02
2.297599999999999909e+03 8.628749011077829767e-02
2.300800000000000182e+03 1.335421423872037716e-01
2.304000000000000000e+03 1.797102466010028765e-01
2.307199999999999818e+03 2.243600402422572249e-01
2.310400000000000091e+03 2.670665336740115081e-01
2.313599999999999909e+03 3.074177374502579663e-01
2.316800000000000182e+03 3.450215479429866172e-01
2.320000000000000000e+03 3.795131477627699534e-01
2.323199999999999818e+03 4.105620631573838608e-01
2.326400000000000091e+03 4.378775473441498534e-01
2.329599999999999909e+03 4.612111637782443374e-01
2.332800000000000182e+03 4.803562604420150706e-01
2.336000000000000000e+03 4.951450196673145010e-01
2.339199999999999818e+03 5.054445016305918470e-01
2.342400000000000091e+03 5.111533467565084754e-01
2.345599999999999909e+03 5.122004986980602803e-01
2.348800000000000182e+03 5.085464996887657518e-01
2.352000000000000000e+03 5.001868450918799391e-01
2.355199999999999818e+03 4.871560661285395111e-01
2.358400000000000091e+03 4.695311241988309181e-01
2.361599999999999909e+03 4.474333812264841836e-01
2.364800000000000182e+03 4.210293110543553152e-01
2.368000000000000000e+03 3.905305196487530717e-01
2.371199999999999818e+03 3.561932854005483429e-01
2.374400000000000091e+03 3.183171534874944530e-01
2.377599999999999909e+03 2.772418541752204590e-01
2.380800000000000182e+03 2.333423106017957771e-01
2.384000000000000000e+03 1.870224128576384315e-01
2.387199999999999818e+03 1.387088773657663976e-01
2.390400000000000091e+03 8.884646152233205418e-02
2.393599999999999909e+03 3.789515626458939829e-02
2.396800000000000182e+03 -1.367088448740775078e-02
2.400000000000000000e+03 -6.536364691681501027e-02
2.403199999999999818e+03 -1.166821246897321029e-01
2.406400000000000091e+03 -1.671149352751553352e-01
2.409599999999999909e+03 -2.161452246466897542e-01
2.412800000000000182e+03 -2.632575400934655807e-01
2.416000000000000000e+03 -3.079457560389303183e-01
2.419199999999999818e+03 -3.497211582949897313e-01
2.422400000000000091e+03 -3.881203287629225174e-01
2.425599999999999909e+03 -4.227129796912695303e-01
2.428800000000000182e+03 -4.531097893097733587e-01
2.432000000000000000e+03 -4.789695363081400425e-01
2.435199999999999818e+03 -5.000040680317116015e-01
2.438400000000000091e+03 -5.159797311665565989e-01
2.441599999999999909e+03 -5.267151116379792386e-01
2.444800000000000182e+03 -5.320765797917254014e-01
2.448000000000000000e+03 -5.319740792971869858e-01
2.451199999999999818e+03 -5.263591969977867713e-01
2.454400000000000091e+03 -5.152261697678031105e-01
2.457599999999999909e+03 -4.986151228354699927e-01
2.460800000000000182e+03 -4.766162968119289078e-01
2.464000000000000000e+03 -4.493743506145617683e-01
2.467199999999999818e+03 -4.170924088612795733e-01
2.470400000000000091e+03 -3.800356890284966038e-01
2.473599999999999909e+03 -3.385341490330684988e-01
2.476800000000000182e+03 -2.929830738685847979e-01
2.480000000000000000e+03 -2.438404470275093716e-01
2.483199999999999818e+03 -1.916205694290788741e-01
2.486400000000000091e+03 -1.368844807287877274e-01
2.489599999999999909e+03 -8.022882459686114798e-02
2.492800000000000182e+03 -2.227536204602307765e-02
2.496000000000000000e+03 3.633698419482675468e-02
2.499199999999999818e+03 9.495684325321319952e-02
2.502400000000000091e+03 1.529226460943424737e-01
2.505599999999999909e+03 2.095642463524432786e-01
2.508800000000000182e+03 2.642059374606633426e-01
2.512000000000000000e+03 3.161723482586751843e-01
2.515199999999999818e+03 3.647978127898809375e-01
2.518400000000000091e+03 4.094388286534809129e-01
2.521599999999999909e+03 4.494882672835499582e-01
2.524800000000000182e+03 4.843893563634471544e-01
2.528000000000000000e+03 5.136474885355549747e-01
2.531199999999999818e+03 5.368386399694179412e-01
2.534400000000000091e+03 5.536141206314748597e-01
2.537599999999999909e+03 5.637020427282705137e-01
2.540800000000000182e+03 5.669063412109358602e-01
2.544000000000000000e+03 5.631047429764395318e-01
2.547199999999999818e+03 5.522476050542100001e-01
2.550400000000000091e+03 5.343592998792654480e-01
2.553599999999999909e+03 5.095424661043995718e-01
2.556800000000000182e+03 4.779837647227833108e-01
2.560000000000000000e+03 4.399591093086360205e-01
2.563199999999999818e+03 3.958370840686307179e-01
2.566400000000000091e+03 3.460804306991586698e-01
2.569599999999999909e+03 2.912458158716402790e-01
2.572800000000000182e+03 2.319814337609699961e-01
2.576000000000000000e+03 1.690213109322624419e-01
2.579199999999999818e+03 1.031753587462299337e-01
2.582400000000000091e+03 3.531526344901456116e-02
2.585599999999999909e+03 -3.364239261418670163e-02
2.588800000000000182e+03 -1.027533944931318804e-01
2.592000000000000000e+03 -1.710608741805257349e-01
2.595199999999999818e+03 -2.376061221066763374e-01
2.598400000000000091e+03 -3.014352764568232756e-01
2.601599999999999909e+03 -3.616043044276683882e-01
2.604800000000000182e+03 -4.171861356176878588e-01
2.608000000000000000e+03 -4.672832850608009680e-01
2.611199999999999818e+03 -5.110469490932268988e-01
2.614400000000000091e+03 -5.477005638002715449e-01
2.617599999999999909e+03 -5.765635696847616343e-01
2.620800000000000182e+03 -5.970705471637636208e-01
2.624000000000000000e+03 -6.087822896823730234e-01
2.627199999999999818e+03 -6.113884048361230006e-01
2.630400000000000091e+03 -6.047044655606378383e-01
2.633599999999999909e+03 -5.886687761597902968e-01
2.636800000000000182e+03 -5.633431753188818947e-01
2.640000000000000000e+03 -5.289193084937048317e-01
2.643199999999999818e+03 -4.857283716364157455e-01
2.646400000000000091e+03 -4.342504913385282217e-01
2.649599999999999909e+03 -3.751203147637018342e-01
2.652800000000000182e+03 -3.091271123094584961e-01
2.656000000000000000e+03 -2.372093428388331038e-01
2.659199999999999818e+03 -1.604444411591609276e-01
2.662400000000000091e+03 -8.003464695222801961e-02
2.665599999999999909e+03 2.710588612599932473e-03
2.668800000000000182e+03 8.639539771601202622e-02
2.672000000000000000e+03 1.695614145074435253e-01
2.675199999999999818e+03 2.507145527809285790e-01
2.678400000000000091e+03 3.283538906541164093e-01
2.681599999999999909e+03 4.010014514805046448e-01
2.684800000000000182e+03 4.672316392748563363e-01
2.688000000000000000e+03 5.256995378258867424e-01
2.691199999999999818e+03 5.751678004869370531e-01
2.694400000000000091e+03 6.145319367042439973e-01
2.697599999999999909e+03 6.428433916242271007e-01
2.700800000000000182e+03 6.593294765054975581e-01
2.704000000000000000e+03 6.634096281025373409e-01
2.707199999999999818e+03 6.547087129877715572e-01
2.710400000000000091e+03 6.330692850821629802e-01
2.713599999999999909e+03 5.985646883836766019e-01
2.716800000000000182e+03 5.515133043186580819e-01
2.720000000000000000e+03 4.924920099964457121e-01
2.723199999999999818e+03 4.223455961746747644e-01
2.726400000000000091e+03 3.421893847338721151e-01
2.729599999999999909e+03 2.534041174519811035e-01
2.732800000000000182e+03 1.576239569475480218e-01
2.736000000000000000e+03 5.671884349737357084e-02
2.739199999999999818e+03 -4.722885386153639203e-02
2.742400000000000091e+03 -1.519555502107161615e-01
2.745599999999999909e+03 -2.550587766154307490e-01
2.748800000000000182e+03 -3.540524384450892681e-01
2.752000000000000000e+03 -4.464329473233796808e-01
2.755199999999999818e+03 -5.297502261171416205e-01
2.758400000000000091e+03 -6.016766064849115025e-01
2.761599999999999909e+03 -6.600696430549463090e-01
2.764800000000000182e+03 -7.030293471172419650e-01
2.768000000000000000e+03 -7.289522067784039994e-01
2.771199999999999818e+03 -7.365821447605707117e-01
2.774400000000000091e+03 -7.250555294393693506e-01
2.777599999999999909e+03 -6.939383371311550475e-01
2.780800000000000182e+03 -6.432591113972871977e-01
2.784000000000000000e+03 -5.735458061915817973e-01
2.787199999999999818e+03 -4.858713536787361287e-01
2.790400000000000091e+03 -3.819019614443635025e-01
2.793599999999999909e+03 -2.639318871917297749e-01
2.796800000000000182e+03 -1.348878511340919628e-01
2.800000000000000000e+03 1.703574103879081135e-03
2.803199999999999818e+03 1.417798460124466142e-01
2.806400000000000091e+03 2.808276821141846846e-01
2.809599999999999909e+03 4.139863453977720154e-01
2.812800000000000182e+03 5.361756685192339278e-01
2.816000000000000000e+03 6.422590451070682160e-01
2.819199999999999818e+03 7.272459810161143734e-01
2.822400000000000091e+03 7.865295204215065894e-01
2.825599999999999909e+03 8.161479223707587272e-01
2.828800000000000182e+03 8.130592001741917541e-01
2.832000000000000000e+03 7.754179571287099781e-01
2.835199999999999818e+03 7.028417838192619893e-01
2.838400000000000091e+03 5.966481650180225360e-01
2.841599999999999909e+03 4.600356893947699644e-01
2.844800000000000182e+03 2.981799736746870710e-01
2.848000000000000000e+03 1.182162352843385417e-01
2.851199999999999818e+03 -7.091633232941868537e-02
2.854400000000000091e+03 -2.587909274377304114e-01
2.857599999999999909e+03 -4.339889254737729907e-01
2.860800000000000182e+03 -5.847830530863519227e-01
2.864000000000000000e+03 -6.999962502933095854e-01
2.867199999999999818e+03 -7.699979865527734058e-01
2.870400000000000091e+03 -7.877687131889365979e-01
2.873599999999999909e+03 -7.499285342674434363e-01
2.876800000000000182e+03 -6.575918429797041886e-01
2.880000000000000000e+03 -5.168854927758640416e-01
2.883199999999999818e+03 -3.389674346153399020e-01
2.886400000000000091e+03 -1.394166241562594666e-01
2.889599999999999909e+03 6.306220237233504944e-02
2.892800000000000182e+03 2.485675132652005181e-01
2.896000000000000000e+03 3.983830763837514777e-01
2.899199999999999818e+03 4.975047903873992539e-01
2.902400000000000091e+03 5.369077644338519084e-01
2.905599999999999909e+03 5.151162615653236410e-01
2.908800000000000182e+03 4.386950594862223385e-01
2.912000000000000000e+03 3.214359900644190304e-01
2.915199999999999818e+03 1.822541590026622027e-01
2.918400000000000091e+03 4.209212407944465384e-02
2.921599999999999909e+03 -7.961008218469191322e-02
2.924800000000000182e+03 -1.681632381840564849e-01
2.928000000000000000e+03 -2.158878026714948772e-01
2.931199999999999818e+03 -2.228748025636459740e-01
2.934400000000000091e+03 -1.960967600772012265e-01
2.937599999999999909e+03 -1.471384427912651449e-01
2.940800000000000182e+03 -8.917746185371887291e-02
2.944000000000000000e+03 -3.402485526172895763e-02
2.947199999999999818e+03 1.002930254911656507e-02
2.950400000000000091e+03 3.911244847528509011e-02
2.953599999999999909e+03 5.337432883710452325e-02
2.956800000000000182e+03 5.566353654626599035e-02
2.960000000000000000e+03 4.987597914808081234e-02
2.963199999999999818e+03 3.957675975344488589e-02
2.966400000000000091e+03 2.728202577977279289e-02
2.969599999999999909e+03 1.445919649815198202e-02
2.972800000000000182e+03 2.003931275221618527e-03
2.976000000000000000e+03 -9.200861277935384192e-03
2.979199999999999818e+03 -1.799720834653395149e-02
2.982400000000000091e+03 -2.309224303954816176e-02
2.985599999999999909e+03 -2.353517560555225957e-02
2.988800000000000182e+03 -1.925788118171488372e-02
2.992000000000000000e+03 -1.136862750647703139e-02
2.995199999999999818e+03 -2.003700158031286593e-03
2.998400000000000091e+03 6.252097388212608624e-03
3.001599999999999909e+03 1.116643135333860240e-02
3.004800000000000182e+03 1.157025503738578522e-02
3.008000000000000000e+03 7.702318249227857634e-03
3.011199999999999818e+03 1.062563152309121571e-03
3.014400000000000091e+03 -6.153596168211760385e-03
3.017599999999999909e+03 -1.181087679147338997e-02
3.020800000000000182e+03 -1.449491480048303339e-02
3.024000000000000000e+03 -1.385453807839706793e-02
3.027199999999999818e+03 -1.054424572554515591e-02
3.030400000000000091e+03 -5.844003542771228528e-03
3.033599999999999909e+03 -1.142466469485994320e-03
3.036800000000000182e+03 2.508426655024445073e-03
3.040000000000000000e+03 4.622201954371815344e-03
3.043199999999999818e+03 5.254481143808155570e-03
3.046400000000000091e+03 4.797058239675117304e-03
3.049599999999999909e+03 3.716668055913339725e-03
3.052800000000000182e+03 2.359843740062667755e-03
3.056000000000000000e+03 8.892497157836663302e-04
3.059199999999999818e+03 -6.565619396395775765e-04
3.062400000000000091e+03 -2.243917428137460601e-03
3.065599999999999909e+03 -3.745886288222887318e-03
3.068800000000000182e+03 -4.922092009267526290e-03
3.072000000000000000e+03 -5.486075197596863330e-03
3.075199999999999818e+03 -5.223846284114294462e-03
3.078400000000000091e+03 -4.103284460217759312e-03
3.081599999999999909e+03 -2.320237895967059392e-03
3.084800000000000182e+03 -2.574444418313284245e-04
3.088000000000000000e+03 1.628993570274268367e-03
3.091199999999999818e+03 2.951134867928591633e-03
3.094400000000000091e+03 3.504889350385593117e-03
3.097599999999999909e+03 3.318800054942993086e-03
3.100800000000000182e+03 2.622616352367407311e-03
3.104000000000000000e+03 1.752919769367159743e-03
3.107199999999999818e+03 1.034383412286050182e-03
3.110400000000000091e+03 6.800868959622517577e-04
3.113599999999999909e+03 7.425621123920841341e-04
3.116800000000000182e+03 1.125236512597332580e-03
3.120000000000000000e+03 1.641229239646451029e-03
3.123199999999999818e+03 2.091691578093936993e-03
3.126400000000000091e+03 2.333515999347134107e-03
3.129599999999999909e+03 2.315290621771001669e-03
3.132800000000000182e+03 2.075553191248144004e-03
3.136000000000000000e+03 1.711850469381668519e-03
3.139199999999999818e+03 1.337492019592292653e-03
3.142400000000000091e+03 1.043307622461506863e-03
3.145599999999999909e+03 8.758188921734441678e-04
3.148800000000000182e+03 8.347383997863430443e-04
3.152000000000000000e+03 8.854017170901400504e-04
3.155199999999999818e+03 9.779510751178903307e-04
3.158400000000000091e+03 1.065201210458118376e-03
3.161599999999999909e+03 1.113988697141852493e-03
3.164800000000000182e+03 1.108646892492170253e-03
3.168000000000000000e+03 1.048415731078702375e-03
3.171199999999999818e+03 9.420936097943031270e-04
3.174400000000000091e+03 8.029384344307337936e-04
3.177599999999999909e+03 6.453832749349657687e-04
3.180800000000000182e+03 4.835744740609849816e-04
3.184000000000000000e+03 3.308652583899277379e-04
3.187199999999999818e+03 1.993865211386442739e-04
3.190400000000000091e+03 9.930984508319730289e-05
3.193599999999999909e+03 3.792324737906671036e-05
3.196800000000000182e+03 1.887101557161370002e-05
3.200000000000000000e+03 4.184369541925185944e-05
3.203199999999999818e+03 1.027687284765079194e-04
3.206400000000000091e+03 1.943149542453963881e-04
3.209599999999999909e+03 3.064371974332110631e-04
3.212800000000000182e+03 4.268128559124055588e-04
3.216000000000000000e+03 5.412719596289215351e-04
3.219199999999999818e+03 6.345019925373545939e-04
3.222400000000000091e+03 6.912708867546453126e-04
3.225599999999999909e+03 6.981662081528838826e-04
3.228800000000000182e+03 6.455357767542079699e-04
3.232000000000000000e+03 5.290983220606161131e-04
3.235199999999999818e+03 3.506898313644332991e-04
3.238400000000000091e+03 1.178667906738014692e-04
3.241599999999999909e+03 -1.574686750904123549e-04
3.244800000000000182e+03 -4.608334671711245500e-04
3.248000000000000000e+03 -7.765823537494842945e-04
3.251199999999999818e+03 -1.088494466189171431e-03
3.254400000000000091e+03 -1.379569954483274080e-03
3.257599999999999909e+03 -1.631613755804670008e-03
3.260800000000000182e+03 -1.825459269378061286e-03
3.264000000000000000e+03 -1.942561510135465972e-03
3.267199999999999818e+03 -1.968180342207354397e-03
3.270400000000000091e+03 -1.895642199353131992e-03
3.273599999999999909e+03 -1.730486572067674528e-03
3.276800000000000182e+03 -1.492955784371041879e-03
3.280000000000000000e+03 -1.217448995359218323e-03
3.283199999999999818e+03 -9.482440253837217054e-04
3.286400000000000091e+03 -7.318493069464420244e-04
3.289599999999999909e+03 -6.075020891439874378e-04
3.292800000000000182e+03 -5.981852247863611756e-04
3.296000000000000000e+03 -7.047077195943061804e-04
3.299199999999999818e+03 -9.047247294386325227e-04
3.302400000000000091e+03 -1.157272450207332340e-03
3.305599999999999909e+03 -1.411930341884793955e-03
3.308800000000000182e+03 -1.620527189254161032e-03
3.312000000000000000e+03 -1.748592944527354318e-03
3.315199999999999818e+03 -1.783617724217490593e-03
3.318400000000000091e+03 -1.737741811506213468e-03
3.321599999999999909e+03 -1.643856490657584837e-03
3.324800000000000182e+03 -1.546026576685380046e-03
3.328000000000000000e+03 -1.487016381589239015e-03
3.331199999999999818e+03 -1.496730584627259083e-03
3.334400000000000091e+03 -1.585090967934988391e-03
3.337599999999999909e+03 -1.741340130858139070e-03
3.340800000000000182e+03 -1.939566862931762494e-03
3.344000000000000000e+03 -2.148184860113979203e-03
3.347199999999999818e+03 -2.339895146543672852e-03
3.350400000000000091e+03 -2.498726797824256472e-03
3.353599999999999909e+03 -2.622018938638774176e-03
3.356800000000000182e+03 -2.717186425330967402e-03
3.360000000000000000e+03 -2.795066970783664090e-03
3.363199999999999818e+03 -2.862851593595669604e-03
3.366400000000000091e+03 -2.919577594535330712e-03
3.369599999999999909e+03 -2.955902417820041855e-03
3.372800000000000182e+03 -2.957922089794963114e-03
3.376000000000000000e+03 -2.913063062821802905e-03
3.379199999999999818e+03 -2.815369765291901322e-03
3.382400000000000091e+03 -2.668062380291191023e-03
3.385599999999999909e+03 -2.482611601929461155e-03
3.388800000000000182e+03 -2.275022656238536410e-03
3.392000000000000000e+03 -2.060958499910117529e-03
3.395199999999999818e+03 -1.851549453902923137e-03
3.398400000000000091e+03 -1.651294067789940744e-03
3.401599999999999909e+03 -1.458552506797433776e-03
3.404800000000000182e+03 -1.268089901104551024e-03
3.408000000000000000e+03 -1.074365497734452481e-03
3.411199999999999818e+03 -8.741320006858732455e-04
3.414400000000000091e+03 -6.674409823172959121e-04
3.417599999999999909e+03 -4.570089394109671057e-04
3.420800000000000182e+03 -2.466065216622904217e-04
3.424000000000000000e+03 -3.938885114909361881e-05
3.427199999999999818e+03 1.630963404841440784e-04
3.430400000000000091e+03 3.608869736253374032e-04
3.433599999999999909e+03 5.546558490813713284e-04
3.436800000000000182e+03 7.442688501628006966e-04
3.440000000000000000e+03 9.275229260727234576e-04
3.443199999999999818e+03 1.099725008609615806e-03
3.446400000000000091e+03 1.254405794269827313e-03
3.449599999999999909e+03 1.384844013120988763e-03
3.452800000000000182e+03 1.485600323835915013e-03
3.456000000000000000e+03 1.553317467881415925e-03
3.459199999999999818e+03 1.586616226456271164e-03
3.462400000000000091e+03 1.585526653657365944e-03
3.465599999999999909e+03 1.551048151100318422e-03
3.468800000000000182e+03 1.485097201351712757e-03
3.472000000000000000e+03 1.390678262331850263e-03
3.475199999999999818e+03 1.271973931877801948e-03
3.478400000000000091e+03 1.134198646312962458e-03
3.481599999999999909e+03 9.832445013344265350e-04
3.484800000000000182e+03 8.252016020606988377e-04
3.488000000000000000e+03 6.658232626808287605e-04
3.491199999999999818e+03 5.100621806590036359e-04
3.494400000000000091e+03 3.619013673990089785e-04
3.497599999999999909e+03 2.246566073392214477e-04
3.500800000000000182e+03 1.016436637641278114e-04
3.504000000000000000e+03 -3.214288194728588974e-06
3.507199999999999818e+03 -8.528919381880814663e-05
3.510400000000000091e+03 -1.397869907110780143e-04
3.513599999999999909e+03 -1.626830311280786582e-04
3.516800000000000182e+03 -1.517028815107435830e-04
3.520000000000000000e+03 -1.070881803039858685e-04
3.523199999999999818e+03 -3.195452464984333772e-05
3.526400000000000091e+03 6.791140032147294572e-05
3.529599999999999909e+03 1.847636498642663287e-04
3.532800000000000182e+03 3.097274595922246132e-04
3.536000000000000000e+03 4.332482245342111665e-04
3.539199999999999818e+03 5.450103378381182268e-04
3.542400000000000091e+03 6.336923305145024214e-04
3.545599999999999909e+03 6.870707794394410699e-04
3.548800000000000182e+03 6.926488026695329717e-04
3.552000000000000000e+03 6.386116221712049386e-04
3.555199999999999818e+03 5.149255439034919682e-04
3.558400000000000091e+03 3.146585541211747213e-04
3.561599999999999909e+03 3.562425576071904376e-05
3.564800000000000182e+03 -3.179141817313913617e-04
3.568000000000000000e+03 -7.340784843640642526e-04
3.571199999999999818e+03 -1.193204941435406638e-03
3.574400000000000091e+03 -1.668634141665363470e-03
3.577599999999999909e+03 -2.128142451570105929e-03
3.580800000000000182e+03 -2.535911249291328967e-03
3.584000000000000000e+03 -2.855310598471684329e-03
3.587199999999999818e+03 -3.052800646735361490e-03
3.590400000000000091e+03 -3.102833390038010723e-03
3.593599999999999909e+03 -2.993127305668083667e-03
3.596800000000000182e+03 -2.729386665204890615e-03
3.600000000000000000e+03 -2.338382719776309262e-03
3.603199999999999818e+03 -1.868160470086591618e-03
3.606400000000000091e+03 -1.384157064291789783e-03
3.609599999999999909e+03 -9.606130609445542260e-04
3.612800000000000182e+03 -6.679387996557546725e-04
3.616000000000000000e+03 -5.582315353210016810e-04
3.619199999999999818e+03 -6.522472014514513368e-04
3.622400000000000091e+03 -9.313697087230305999e-04
3.625599999999999909e+03 -1.337426901909004361e-03
3.628800000000000182e+03 -1.781708063673365311e-03
3.632000000000000000e+03 -2.162420837164348228e-03
3.635199999999999818e+03 -2.387396191068587130e-03
3.638400000000000091e+03 -2.396726221272788351e-03
3.641599999999999909e+03 -2.179073933478520731e-03
3.644800000000000182e+03 -1.776335462429883862e-03
3.648000000000000000e+03 -1.274194821483950720e-03
3.651199999999999818e+03 -7.801209081964300936e-04
3.654400000000000091e+03 -3.943159443282302041e-04
3.657599999999999909e+03 -1.818281820314872224e-04
3.660800000000000182e+03 -1.544801053346040473e-04
3.664000000000000000e+03 -2.688685918163183516e-04
3.667199999999999818e+03 -4.418044312062984380e-04
3.670400000000000091e+03 -5.786481580665928754e-04
3.673599999999999909e+03 -6.052088066818375224e-04
3.676800000000000182e+03 -4.921260456021323785e-04
3.680000000000000000e+03 -2.629110470088698369e-04
3.683199999999999818e+03 1.738813514862419174e-05
3.686400000000000091e+03 2.685992760712857942e-04
3.689599999999999909e+03 4.266885136935773585e-04
3.692800000000000182e+03 4.676903457549962378e-04
3.696000000000000000e+03 4.150660248336057799e-04
3.699199999999999818e+03 3.279408145578058980e-04
3.702400000000000091e+03 2.754156828314547278e-04
3.705599999999999909e+03 3.077743596228264432e-04
3.708800000000000182e+03 4.365134244252452471e-04
3.712000000000000000e+03 6.311977950137096036e-04
3.715199999999999818e+03 8.338952615602443540e-04
3.718400000000000091e+03 9.845338675055596844e-04
3.721599999999999909e+03 1.046129324317880520e-03
3.724800000000000182e+03 1.019274454292585022e-03
3.728000000000000000e+03 9.402766303884306726e-04
3.731199999999999818e+03 8.645516324020411855e-04
3.734400000000000091e+03 8.430495339789941716e-04
3.737599999999999909e+03 9.019532267669506378e-04
3.740800000000000182e+03 1.033841220034973502e-03
3.744000000000000000e+03 1.203137195795488936e-03
3.747199999999999818e+03 1.362475785111981214e-03
3.750400000000000091e+03 1.472297168463609831e-03
3.753599999999999909e+03 1.515299271570562812e-03
3.756800000000000182e+03 1.500344812724278528e-03
3.760000000000000000e+03 1.455380545883036949e-03
3.763199999999999818e+03 1.413499425321244722e-03
3.766400000000000091e+03 1.398583915046781520e-03
3.769599999999999909e+03 1.416360199261312500e-03
3.772800000000000182e+03 1.453792904655107094e-03
3.776000000000000000e+03 1.486027841782838537e-03
3.779199999999999818e+03 1.487177034840039391e-03
3.782400000000000091e+03 1.440216977715398465e-03
3.785599999999999909e+03 1.342268235913096110e-03
3.788800000000000182e+03 1.203833450656351285e-03
3.792000000000000000e+03 1.043102202731873568e-03
3.795199999999999818e+03 8.781947410315628279e-04
3.798400000000000091e+03 7.206462007147337043e-04
3.801599999999999909e+03 5.725298249426220322e-04
3.804800000000000182e+03 4.278870027573462224e-04
3.808000000000000000e+03 2.773308922855527393e-04
3.811199999999999818e+03 1.135197081725627954e-04
3.814400000000000091e+03 -6.493174957547198319e-05
3.817599999999999909e+03 -2.526218734018440860e-04
3.820800000000000182e+03 -4.396241641007132741e-04
3.824000000000000000e+03 -6.154700813572719538e-04
3.827199999999999818e+03 -7.728772329940213678e-04
3.830400000000000091e+03 -9.096375282715002527e-04
3.833599999999999909e+03 -1.028148964242366721e-03
3.836800000000000182e+03 -1.133212243281917810e-03
3.840000000000000000e+03 -1.229387158941065358e-03
3.843199999999999818e+03 -1.319197953067730673e-03
3.846400000000000091e+03 -1.402902912677149710e-03
3.849599999999999909e+03 -1.479716709962470818e-03
3.852800000000000182e+03 -1.549673135634099764e-03
3.856000000000000000e+03 -1.615048690881745047e-03
3.859199999999999818e+03 -1.680539973500185186e-03
3.862400000000000091e+03 -1.752041305020322773e-03
3.865599999999999909e+03 -1.834562822034872549e-03
3.868800000000000182e+03 -1.930231036040051720e-03
3.872000000000000000e+03 -2.037260740486704445e-03
3.875199999999999818e+03 -2.150328691575443575e-03
3.878400000000000091e+03 -2.262132590149441066e-03
3.881599999999999909e+03 -2.365386420778551029e-03
3.884800000000000182e+03 -2.454356134691958527e-03
3.888000000000000000e+03 -2.525370316440646128e-03
3.891199999999999818e+03 -2.576371448187743038e-03
3.894400000000000091e+03 -2.606124371176842761e-03
3.897599999999999909e+03 -2.613813806947620690e-03
3.900800000000000182e+03 -2.599365689116727839e-03
3.904000000000000000e+03 -2.564205643123056936e-03
3.907199999999999818e+03 -2.511780681634050334e-03
3.910400000000000091e+03 -2.447286452891279506e-03
3.913599999999999909e+03 -2.376529156663658229e-03
3.916800000000000182e+03 -2.304325642669341218e-03
3.920000000000000000e+03 -2.233039509431095863e-03
3.923199999999999818e+03 -2.161791737561594411e-03
3.926400000000000091e+03 -2.086717364102284433e-03
3.929599999999999909e+03 -2.002383199834636626e-03
3.932800000000000182e+03 -1.904061947369412163e-03
3.936000000000000000e+03 -1.790064097294121392e-03
3.939199999999999818e+03 -1.663086290885181428e-03
3.942400000000000091e+03 -1.529826624946481906e-03
3.945599999999999909e+03 -1.398862825046335136e-03
3.948800000000000182e+03 -1.277572136138997250e-03
3.952000000000000000e+03 -1.169284731855340905e-03
3.955199999999999818e+03 -1.071775737527191734e-03
3.958400000000000091e+03 -9.777254219303765231e-04
3.961599999999999909e+03 -8.770898199321967414e-04
3.964800000000000182e+03 -7.606140727641545708e-04
3.968000000000000000e+03 -6.232351152782335518e-04
3.971199999999999818e+03 -4.661077567064277711e-04
3.974400000000000091e+03 -2.965124363467845745e-04
3.977599999999999909e+03 -1.257369270862921653e-04
3.980800000000000182e+03 3.422434718134811975e-05
3.984000000000000000e+03 1.739568582397088873e-04
3.987199999999999818e+03 2.888414679981570138e-04
3.990400000000000091e+03 3.796538898709100646e-04
3.993599999999999909e+03 4.516329489062876268e-04
3.996800000000000182e+03 5.125668969097394020e-04
4.000000000000000000e+03 5.705735319262827520e-04
4.003199999999999818e+03 6.320872508263095189e-04
4.006400000000000091e+03 7.003404171099700780e-04
4.009599999999999909e+03 7.745346491317675521e-04
4.012800000000000182e+03 8.499253404948540645e-04
4.016000000000000000e+03 9.189945104305436612e-04
4.019199999999999818e+03 9.736039757109373610e-04
4.022400000000000091e+03 1.007567436399202376e-03
4.025599999999999909e+03 1.018725802141972258e-03
4.028800000000000182e+03 1.009631517942990563e-03
4.032000000000000000e+03 9.864241810131216606e-04
4.035199999999999818e+03 9.562301610637547519e-04
4.038400000000000091e+03 9.240984984567252643e-04
4.041599999999999909e+03 8.907619697506440493e-04
4.044800000000000182e+03 8.522253456605903945e-04
4.048000000000000000e+03 8.014248079214710604e-04
4.051199999999999818e+03 7.312934645787320855e-04
4.054400000000000091e+03 6.379220113550410076e-04
4.057599999999999909e+03 5.224320125460230058e-04
4.060800000000000182e+03 3.907316669873798880e-04
4.064000000000000000e+03 2.512599047840171186e-04
4.067199999999999818e+03 1.117241762881959175e-04
4.070400000000000091e+03 -2.371480194515661311e-05
4.073599999999999909e+03 -1.555847007082918792e-04
4.076800000000000182e+03 -2.881478720019734949e-04
4.080000000000000000e+03 -4.269125124228199367e-04
4.083199999999999818e+03 -5.758251406268389194e-04
4.086400000000000091e+03 -7.353840761492460394e-04
4.089599999999999909e+03 -9.023669767341999624e-04
4.092800000000000182e+03 -1.071096510794874827e-03
4.096000000000000000e+03 -1.235555782054589434e-03
4.099199999999999818e+03 -1.391420164827437056e-03
4.102399999999999636e+03 -1.537209387671181933e-03
4.105600000000000364e+03 -1.674177728160198154e-03
4.108800000000000182e+03 -1.805089092816163131e-03
4.112000000000000000e+03 -1.932472119339926795e-03
4.115199999999999818e+03 -2.057131059980725051e-03
4.118399999999999636e+03 -2.177514929276579483e-03
4.121600000000000364e+03 -2.290115019600369190e-03
4.124800000000000182e+03 -2.390609555607657241e-03
4.128000000000000000e+03 -2.475229245753944336e-03
4.131199999999999818e+03 -2.541837042034905854e-03
4.134399999999999636e+03 -2.590393724413978319e-03
4.137600000000000364e+03 -2.622691457417542990e-03
4.140800000000000182e+03 -2.641445148883652880e-03
4.144000000000000000e+03 -2.649050896457764807e-03
4.147199999999999818e+03 -2.646498738462249416e-03
4.150399999999999636e+03 -2.632926149150991747e-03
4.153600000000000364e+03 -2.606033200944657402e-03
4.156800000000000182e+03 -2.563153277915411910e-03
4.160000000000000000e+03 -2.502443005867757263e-03
4.163199999999999818e+03 -2.423633335245804765e-03
4.166399999999999636e+03 -2.328059447992723591e-03
4.169600000000000364e+03 -2.218053777966064611e-03
4.172800000000000182e+03 -2.096034974296753610e-03
4.176000000000000000e+03 -1.963692200546679478e-03
4.179199999999999818e+03 -1.821594917999854683e-03
4.182399999999999636e+03 -1.669390297086524848e-03
4.185600000000000364e+03 -1.506495391418715205e-03
4.188800000000000182e+03 -1.332930764568727305e-03
4.192000000000000000e+03 -1.149849066707960867e-03
4.195199999999999818e+03 -9.594973894177827615e-04
4.198399999999999636e+03 -7.647052126226977324e-04
4.201600000000000364e+03 -5.682404654856603463e-04
4.204800000000000182e+03 -3.723527576497007380e-04
4.208000000000000000e+03 -1.786130974210155557e-04
4.211199999999999818e+03 1.201323796184429743e-05
4.214399999999999636e+03 1.989541028021691682e-04
4.217600000000000364e+03 3.817458218621400416e-04
4.220800000000000182e+03 5.597708580070148449e-04
4.224000000000000000e+03 7.321561093935552780e-04
4.227199999999999818e+03 8.979153699013469637e-04
4.230399999999999636e+03 1.056257949189798274e-03
4.233600000000000364e+03 1.206856035674247702e-03
4.236800000000000182e+03 1.349886042934842108e-03
4.240000000000000000e+03 1.485797329800906926e-03
4.243199999999999818e+03 1.614891070792779867e-03
4.246399999999999636e+03 1.736851812374841418e-03
4.249600000000000364e+03 1.850385181613338481e-03
4.252800000000000182e+03 1.953085194726573862e-03
4.256000000000000000e+03 2.041560519551399288e-03
4.259199999999999818e+03 2.111726466462086806e-03
4.262399999999999636e+03 2.159133603008275837e-03
4.265600000000000364e+03 2.179317381403155646e-03
4.268800000000000182e+03 2.168308537512821880e-03
4.272000000000000000e+03 2.123445292745873830e-03
4.275199999999999818e+03 2.044405292709010682e-03
4.278399999999999636e+03 1.934086259083347666e-03
4.281600000000000364e+03 1.798861333620020188e-03
4.284800000000000182e+03 1.647920923912108045e-03
4.288000000000000000e+03 1.491745876791006169e-03
4.291199999999999818e+03 1.340011686035857139e-03
4.294399999999999636e+03 1.199333096411291837e-03
4.297600000000000364e+03 1.071343219059816068e-03
4.300800000000000182e+03 9.517339494315756390e-04
4.304000000000000000e+03 8.308986097152398298e-04
4.307199999999999818e+03 6.964554228105198979e-04
4.310399999999999636e+03 5.371922484521182836e-04
4.313600000000000364e+03 3.472335439098749987e-04
4.316800000000000182e+03 1.289481469533857794e-04
4.320000000000000000e+03 -1.065430219863770469e-04
4.323199999999999818e+03 -3.416340999291308904e-04
4.326399999999999636e+03 -5.567867462388464105e-04
4.329600000000000364e+03 -7.361536765441928712e-04
4.332800000000000182e+03 -8.726101422618028243e-04
4.336000000000000000e+03 -9.704850682398993974e-04
4.339199999999999818e+03 -1.044768119775601068e-03
4.342399999999999636e+03 -1.116592418095728846e-03
4.345600000000000364e+03 -1.206126571065842474e-03
4.348800000000000182e+03 -1.325184995598172565e-03
4.352000000000000000e+03 -1.472328309172291896e-03
4.355199999999999818e+03 -1.632605717841404454e-03
4.358399999999999636e+03 -1.782457557014674714e-03
4.361600000000000364e+03 -1.898229008725845542e-03
4.364800000000000182e+03 -1.965125096320795382e-03
4.368000000000000000e+03 -1.983022949577141394e-03
4.371199999999999818e+03 -1.966612571907897303e-03
4.374399999999999636e+03 -1.939504320568470304e-03
4.377600000000000364e+03 -1.924400518795187304e-03
4.380800000000000182e+03 -1.933205040721069001e-03
4.384000000000000000e+03 -1.961245408779320638e-03
4.387199999999999818e+03 -1.988319778405320780e-03
4.390399999999999636e+03 -1.986500636409775991e-03
4.393600000000000364e+03 -1.931653393578380579e-03
4.396800000000000182e+03 -1.813825899825379602e-03
4.400000000000000000e+03 -1.641962228848708495e-03
4.403199999999999818e+03 -1.440761939560511028e-03
4.406399999999999636e+03 -1.240925944232464280e-03
4.409600000000000364e+03 -1.066968438506357914e-03
4.412800000000000182e+03 -9.278923321268174075e-04
4.416000000000000000e+03 -8.147834077450499856e-04
4.419199999999999818e+03 -7.062929173565693627e-04
4.422399999999999636e+03 -5.794301816513282299e-04
4.425600000000000364e+03 -4.207161532641249852e-04
4.428800000000000182e+03 -2.326722461830179928e-04
4.432000000000000000e+03 -3.285825578102447643e-05
4.435199999999999818e+03 1.538645064050154717e-04
4.438399999999999636e+03 3.061343269652878050e-04
4.441600000000000364e+03 4.150199638944178197e-04
4.444800000000000182e+03 4.872016460003950901e-04
4.448000000000000000e+03 5.412529981341620069e-04
4.451199999999999818e+03 5.989637095547793982e-04
4.454399999999999636e+03 6.757053668518164715e-04
4.457600000000000364e+03 7.740360059267807407e-04
4.460800000000000182e+03 8.830866908101977228e-04
4.464000000000000000e+03 9.836078482510521390e-04
4.467199999999999818e+03 1.056111514253773665e-03
4.470399999999999636e+03 1.088397163149152020e-03
4.473600000000000364e+03 1.079317804907780828e-03
4.476800000000000182e+03 1.037556024365089615e-03
4.480000000000000000e+03 9.764800583337454425e-04
4.483199999999999818e+03 9.077599140807465945e-04
4.486399999999999636e+03 8.366577191673169349e-04
4.489600000000000364e+03 7.608017185986459428e-04
4.492800000000000182e+03 6.724994502617485806e-04
4.496000000000000000e+03 5.631374287337824296e-04
4.499199999999999818e+03 4.275536170425929690e-04
4.502399999999999636e+03 2.665592849451935598e-04
4.505600000000000364e+03 8.674863356590661022e-05
4.508800000000000182e+03 -1.020855724352891751e-04
4.512000000000000000e+03 -2.906733762501665752e-04
4.515199999999999818e+03 -4.735020314411436280e-04
4.518399999999999636e+03 -6.502464618721617677e-04
4.521600000000000364e+03 -8.249115333845624329e-04
4.524800000000000182e+03 -1.003212847423010957e-03
4.528000000000000000e+03 -1.189469483091490495e-03
4.531199999999999818e+03 -1.384409018874461312e-03
4.534399999999999636e+03 -1.584740610301916706e-03
4.537600000000000364e+03 -1.784455203287239368e-03
4.540800000000000182e+03 -1.977051061174075856e-03
4.544000000000000000e+03 -2.157599394571609389e-03
4.547199999999999818e+03 -2.323797502052453272e-03
4.550399999999999636e+03 -2.475710396467819836e-03
4.553600000000000364e+03 -2.614501203320249070e-03
4.556800000000000182e+03 -2.740855240519492718e-03
4.560000000000000000e+03 -2.853873690998990059e-03
4.563199999999999818e+03 -2.950944737173346287e-03
4.566399999999999636e+03 -3.028614605283023575e-03
4.569600000000000364e+03 -3.083990027562710356e-03
4.572800000000000182e+03 -3.115942353303463325e-03
4.576000000000000000e+03 -3.125498711951627852e-03
4.579199999999999818e+03 -3.115244248347197060e-03
4.582399999999999636e+03 -3.088072782167642586e-03
4.585600000000000364e+03 -3.045925152099837174e-03
4.588800000000000182e+03 -2.989106940317382607e-03
4.592000000000000000e+03 -2.916448328128862493e-03
4.595199999999999818e+03 -2.826152715485134859e-03
4.598399999999999636e+03 -2.716879699099652469e-03
4.601600000000000364e+03 -2.588546820224120991e-03
4.604800000000000182e+03 -2.442518059039756450e-03
4.608000000000000000e+03 -2.281167179018757027e-03
4.611199999999999818e+03 -2.107099330794052604e-03
4.614399999999999636e+03 -1.922451504958648397e-03
4.617600000000000364e+03 -1.728622066910507921e-03
4.620800000000000182e+03 -1.526547864476883801e-03
4.624000000000000000e+03 -1.317369873741457316e-03
4.627199999999999818e+03 -1.103136648984064843e-03
4.630399999999999636e+03 -8.871755718410853642e-04
4.633600000000000364e+03 -6.739180431231003810e-04
4.636800000000000182e+03 -4.682170132568447794e-04
4.640000000000000000e+03 -2.744203948569350635e-04
4.643199999999999818e+03 -9.555843246517216208e-05
4.646399999999999636e+03 6.705760567856958675e-05
4.649600000000000364e+03 2.136845391295603676e-04
4.652800000000000182e+03 3.454754932755960779e-04
4.656000000000000000e+03 4.634707021533422027e-04
4.659199999999999818e+03 5.675627874796664073e-04
4.662399999999999636e+03 6.558169715454828822e-04
4.665600000000000364e+03 7.244597407509310773e-04
4.668800000000000182e+03 7.686167857820490898e-04
4.672000000000000000e+03 7.835719156988285540e-04
4.675199999999999818e+03 7.660977591521889001e-04
4.678399999999999636e+03 7.153891430351333024e-04
4.681600000000000364e+03 6.332950885695141094e-04
4.684800000000000182e+03 5.237919246094365541e-04
4.688000000000000000e+03 3.918714091330073286e-04
4.691199999999999818e+03 2.421896455585610295e-04
4.694399999999999636e+03 7.791593959800441089e-05
4.697600000000000364e+03 -9.979854672075185026e-05
4.700800000000000182e+03 -2.914849951804897223e-04
4.704000000000000000e+03 -4.982221917691003702e-04
4.707199999999999818e+03 -7.201229352474141417e-04
4.710399999999999636e+03 -9.550746817827593556e-04
4.713600000000000364e+03 -1.198302029674512244e-03
4.716800000000000182e+03 -1.442976946261070046e-03
4.720000000000000000e+03 -1.681645332842795484e-03
4.723199999999999818e+03 -1.907889321249702907e-03
4.726399999999999636e+03 -2.117558292017009385e-03
4.729600000000000364e+03 -2.309093841952690202e-03
4.732800000000000182e+03 -2.482844421596388986e-03
4.736000000000000000e+03 -2.639664138359842146e-03
4.739199999999999818e+03 -2.779372912976009035e-03
4.742399999999999636e+03 -2.899717502786666474e-03
4.745600000000000364e+03 -2.996281106672482424e-03
4.748800000000000182e+03 -3.063404108803039969e-03
4.752000000000000000e+03 -3.095748360315433902e-03
4.755199999999999818e+03 -3.089846180853431882e-03
4.758399999999999636e+03 -3.044962257169791554e-03
4.761600000000000364e+03 -2.962885795684230914e-03
4.764800000000000182e+03 -2.846746495891642244e-03
4.768000000000000000e+03 -2.699398229640112470e-03
4.771199999999999818e+03 -2.522123270182616978e-03
4.774399999999999636e+03 -2.314266952192845991e-03
4.777600000000000364e+03 -2.073976357404314855e-03
4.780800000000000182e+03 -1.799695618941258082e-03
4.784000000000000000e+03 -1.491722093104802744e-03
4.787199999999999818e+03 -1.153123210850717350e-03
4.790399999999999636e+03 -7.896442799074535968e-04
4.793600000000000364e+03 -4.087190073300691565e-04
4.796800000000000182e+03 -1.807624525820082081e-05
4.800000000000000000e+03 3.754541358308227184e-04
4.803199999999999818e+03 7.665040700973810165e-04
4.806399999999999636e+03 1.150987397992004170e-03
4.809600000000000364e+03 1.525373428523878932e-03
4.812800000000000182e+03 1.885797693101638620e-03
4.816000000000000000e+03 2.227425325182049581e-03
4.819199999999999818e+03 2.544362516211279551e-03
4.822399999999999636e+03 2.830172744486060196e-03
4.825600000000000364e+03 3.078779239601796541e-03
4.828800000000000182e+03 3.285351857076580871e-03
4.832000000000000000e+03 3.446792926243457972e-03
4.835199999999999818e+03 3.561653339638180121e-03
4.838399999999999636e+03 3.629602606751642421e-03
4.841600000000000364e+03 3.650775855568409722e-03
4.844800000000000182e+03 3.625328884326416493e-03
4.848000000000000000e+03 3.553377832978099182e-03
4.851199999999999818e+03 3.435297903550868157e-03
4.854399999999999636e+03 3.272216861747306860e-03
4.857600000000000364e+03 3.066504190414647869e-03
4.860800000000000182e+03 2.822095207214199084e-03
4.864000000000000000e+03 2.544551578623935155e-03
4.867199999999999818e+03 2.240826818133324124e-03
4.870399999999999636e+03 1.918790337642910021e-03
4.873600000000000364e+03 1.586664237106233302e-03
4.876800000000000182e+03 1.252590500086546866e-03
4.880000000000000000e+03 9.245001093495759182e-04
4.883199999999999818e+03 6.102887910665985745e-04
4.886399999999999636e+03 3.181113692840510827e-04
4.889600000000000364e+03 5.652850802248964073e-05
4.892800000000000182e+03 -1.656618088643408478e-04
4.896000000000000000e+03 -3.398809661534437938e-04
4.899199999999999818e+03 -4.583491710725317767e-04
4.902399999999999636e+03 -5.146227141899577771e-04
4.905600000000000364e+03 -5.040089793505944530e-04
4.908800000000000182e+03 -4.238370460588376126e-04
4.912000000000000000e+03 -2.735564952354378309e-04
4.915199999999999818e+03 -5.463755013917250398e-05
4.918399999999999636e+03 2.296812952913884266e-04
4.921600000000000364e+03 5.746500091963951734e-04
4.924800000000000182e+03 9.741077461749327038e-04
4.928000000000000000e+03 1.420393505902752679e-03
4.931199999999999818e+03 1.904199125950013522e-03
4.934399999999999636e+03 2.414552224260364550e-03
4.937600000000000364e+03 2.939016564209583158e-03
4.940800000000000182e+03 3.464047004844630819e-03
4.944000000000000000e+03 3.975373093488577918e-03
4.947199999999999818e+03 4.458342853559542178e-03
4.950399999999999636e+03 4.898254149390397078e-03
4.953600000000000364e+03 5.280741250556600895e-03
4.956800000000000182e+03 5.592257409381168505e-03
4.960000000000000000e+03 5.820662379471583381e-03
4.963199999999999818e+03 5.955933244225689212e-03
4.966399999999999636e+03 5.991031049434472969e-03
4.969600000000000364e+03 5.922888244594188938e-03
4.972800000000000182e+03 5.753310289561542473e-03
4.976000000000000000e+03 5.489425463444297729e-03
4.979199999999999818e+03 5.143354829312153827e-03
4.982399999999999636e+03 4.731079880215476041e-03
4.985600000000000364e+03 4.270898242154374212e-03
4.988800000000000182e+03 3.782084924479069479e-03
4.992000000000000000e+03 3.284240087204766314e-03
4.995199999999999818e+03 2.797398830173707975e-03
4.998399999999999636e+03 2.342576507257990680e-03
5.001600000000000364e+03 1.942229689586119504e-03
5.004800000000000182e+03 1.620130921943299922e-03
5.008000000000000000e+03 1.400282349642166437e-03
5.011199999999999818e+03 1.304698949640436785e-03
5.014399999999999636e+03 1.350238611246821520e-03
5.017600000000000364e+03 1.545132702702947105e-03
5.020800000000000182e+03 1.886263818669660060e-03
5.024000000000000000e+03 2.358240159097458460e-03
5.027199999999999818e+03 2.934798115943055251e-03
5.030399999999999636e+03 3.582228859333333026e-03
5.033600000000000364e+03 4.263785486261415653e-03
5.036800000000000182e+03 4.943733878500240937e-03
5.040000000000000000e+03 5.589961788610880652e-03
5.043199999999999818e+03 6.174718296012162745e-03
5.046399999999999636e+03 6.673858696864844002e-03
5.049600000000000364e+03 7.065627534928188222e-03
5.052800000000000182e+03 7.330263083045540119e-03
5.056000000000000000e+03 7.451396745778957574e-03
5.059199999999999818e+03 7.419402243853605999e-03
5.062399999999999636e+03 7.235813521911947481e-03
5.065600000000000364e+03 6.917119156234779673e-03
5.068800000000000182e+03 6.496061181370030996e-03
5.072000000000000000e+03 6.019193417826930112e-03
5.075199999999999818e+03 5.540719391471627189e-03
5.078399999999999636e+03 5.114046278544439814e-03
5.081600000000000364e+03 4.783441292688398946e-03
5.084800000000000182e+03 4.578198050863049352e-03
5.088000000000000000e+03 4.510755258820854478e-03
5.091199999999999818e+03 4.578667269482668625e-03
5.094399999999999636e+03 4.768897455052814247e-03
5.097600000000000364e+03 5.062229585256499201e-03
5.100800000000000182e+03 5.435950484717684550e-03
5.104000000000000000e+03 5.864151341769039023e-03
5.107199999999999818e+03 6.316451803116540122e-03
5.110399999999999636e+03 6.756980061221052637e-03
5.113600000000000364e+03 7.145537477817383298e-03
5.116800000000000182e+03 7.441946225825805603e-03
5.120000000000000000e+03 7.613012418385274073e-03
5.123199999999999818e+03 7.640055898432470544e-03
5.126399999999999636e+03 7.524286234490920426e-03
5.129600000000000364e+03 7.287812535427426637e-03
5.132800000000000182e+03 6.969580947106575851e-03
5.136000000000000000e+03 6.617383892005016845e-03
5.139199999999999818e+03 6.278467653114335432e-03
5.142399999999999636e+03 5.991592058362462010e-03
5.145600000000000364e+03 5.782568874036120472e-03
5.148800000000000182e+03 5.663745942717307406e-03
5.152000000000000000e+03 5.636350773873211213e-03
5.155199999999999818e+03 5.693760155390963085e-03
5.158399999999999636e+03 5.823945135062231875e-03
5.161600000000000364e+03 6.010350153078289001e-03
5.164800000000000182e+03 6.231703896526114526e-03
5.168000000000000000e+03 6.462066895791430433e-03
5.171199999999999818e+03 6.672415007649951969e-03
5.174399999999999636e+03 6.834286435709388888e-03
5.177600000000000364e+03 6.924895588738095957e-03
5.180800000000000182e+03 6.932184934139141996e-03
5.184000000000000000e+03 6.858003011291980908e-03
5.187199999999999818e+03 6.718102992536344881e-03
5.190399999999999636e+03 6.538668465294903386e-03
5.193600000000000364e+03 6.350356474187812857e-03
5.196800000000000182e+03 6.181707191279368040e-03
5.200000000000000000e+03 6.053832525239589112e-03
5.203199999999999818e+03 5.977653003026610519e-03
5.206399999999999636e+03 5.953931792857805431e-03
5.209600000000000364e+03 5.975417396061458164e-03
5.212800000000000182e+03 6.029914349611748339e-03
5.216000000000000000e+03 6.103173572717232945e-03
5.219199999999999818e+03 6.180983438532654771e-03
5.222399999999999636e+03 6.250439302737501729e-03
5.225600000000000364e+03 6.300766370804979782e-03
5.228800000000000182e+03 6.324115347408415348e-03
5.232000000000000000e+03 6.316491633848357080e-03
5.235199999999999818e+03 6.278611151092720714e-03
5.238399999999999636e+03 6.216222443293416278e-03
5.241600000000000364e+03 6.139445934332126743e-03
5.244800000000000182e+03 6.060974107952530818e-03
5.248000000000000000e+03 5.993427015336717963e-03
5.251199999999999818e+03 5.946550443937731294e-03
5.254399999999999636e+03 5.925078492196364684e-03
5.257600000000000364e+03 5.927883659268711782e-03
5.260800000000000182e+03 5.948600837473011146e-03
5.264000000000000000e+03 5.977438180181555288e-03
5.267199999999999818e+03 6.003566855380998782e-03
5.270399999999999636e+03 6.017402683292387769e-03
5.273600000000000364e+03 6.012236742224921077e-03
5.276800000000000182e+03 5.984953484944328939e-03
5.280000000000000000e+03 5.935883738162683193e-03
5.283199999999999818e+03 5.868068823209738813e-03
5.286399999999999636e+03 5.786287232839571609e-03
5.289600000000000364e+03 5.696114105913531803e-03
5.292800000000000182e+03 5.603125183485436513e-03
5.296000000000000000e+03 5.512234282881562329e-03
5.299199999999999818e+03 5.427134314352952647e-03
5.302399999999999636e+03 5.349873927637892497e-03
5.305600000000000364e+03 5.280663170030516253e-03
5.308800000000000182e+03 5.217994670508145638e-03
5.312000000000000000e+03 5.159088283853323700e-03
5.315199999999999818e+03 5.100566708142581854e-03
5.318399999999999636e+03 5.039202919296444962e-03
5.321600000000000364e+03 4.972570014988316953e-03
5.324800000000000182e+03 4.899458975173566662e-03
5.328000000000000000e+03 4.819990165570692264e-03
5.331199999999999818e+03 4.735419562060365524e-03
5.334399999999999636e+03 4.647720019505407855e-03
5.337600000000000364e+03 4.559075566459105423e-03
5.340800000000000182e+03 4.471432305180551847e-03
5.344000000000000000e+03 4.386199773634771176e-03
5.347199999999999818e+03 4.304126466136167124e-03
5.350399999999999636e+03 4.225326152522969683e-03
5.353600000000000364e+03 4.149420915714505977e-03
5.356800000000000182e+03 4.075769741857712333e-03
5.360000000000000000e+03 4.003739410778727088e-03
5.363199999999999818e+03 3.932945171165081431e-03
5.366399999999999636e+03 3.863372281914784385e-03
5.369600000000000364e+03 3.795323337058840226e-03
5.372800000000000182e+03 3.729225675984571345e-03
5.376000000000000000e+03 3.665428125038571600e-03
5.379199999999999818e+03 3.604136171094265897e-03
5.382399999999999636e+03 3.545538186590329981e-03
5.385600000000000364e+03 3.490018507134684186e-03
5.388800000000000182e+03 3.438263944886772554e-03
5.392000000000000000e+03 3.391139541756524236e-03
5.395199999999999818e+03 3.349393979442212652e-03
5.398399999999999636e+03 3.313400592490498269e-03
5.401600000000000364e+03 3.283117136355736057e-03
5.404800000000000182e+03 3.258274716043315592e-03
5.408000000000000000e+03 3.238634075154454058e-03
5.411199999999999818e+03 3.224119759848364901e-03
5.414399999999999636e+03 3.214769560589679411e-03
5.417600000000000364e+03 3.210594687265660822e-03
5.420800000000000182e+03 3.211496997766038509e-03
5.424000000000000000e+03 3.217304353867587834e-03
5.427199999999999818e+03 3.227861678693961546e-03
5.430399999999999636e+03 3.243075817358446761e-03
5.433600000000000364e+03 3.262881136894825798e-03
5.436800000000000182e+03 3.287180950558116817e-03
5.440000000000000000e+03 3.315830965701929960e-03
5.443199999999999818e+03 3.348668223929141680e-03
5.446399999999999636e+03 3.385537522121803786e-03
5.449600000000000364e+03 3.426284231545512291e-03
5.452800000000000182e+03 3.470733424718839676e-03
