0.000000000000000000e+00 2.289973742040192582e-03
3.200000000000000178e+00 2.455780874988303889e-03
6.400000000000000355e+00 2.621035071014163591e-03
9.599999999999999645e+00 2.785592450687519785e-03
1.280000000000000071e+01 2.949309646259408620e-03
1.600000000000000000e+01 3.112039351970406851e-03
1.919999999999999929e+01 3.273632609904990939e-03
2.239999999999999858e+01 3.433937616117637131e-03
2.560000000000000142e+01 3.592800606829133544e-03
2.880000000000000071e+01 3.750065390001223065e-03
3.200000000000000000e+01 3.905573825732988787e-03
3.520000000000000284e+01 4.059165618040296020e-03
3.839999999999999858e+01 4.210678633712204057e-03
4.160000000000000142e+01 4.359948814400486927e-03
4.479999999999999716e+01 4.506810418860229470e-03
4.800000000000000000e+01 4.651096000574763724e-03
5.120000000000000284e+01 4.792636609628815603e-03
5.439999999999999858e+01 4.931261810414632255e-03
5.760000000000000142e+01 5.066799860796417088e-03
6.079999999999999716e+01 5.199077756685713952e-03
6.400000000000000000e+01 5.327921398013922387e-03
6.720000000000000284e+01 5.453155652328840579e-03
7.040000000000000568e+01 5.574604512774407501e-03
7.359999999999999432e+01 5.692091176131922232e-03
7.679999999999999716e+01 5.805438196369827088e-03
8.000000000000000000e+01 5.914467573808602704e-03
8.320000000000000284e+01 6.019000905920817573e-03
8.640000000000000568e+01 6.118859485865772892e-03
8.959999999999999432e+01 6.213864452262572377e-03
9.279999999999999716e+01 6.303836894367132598e-03
9.600000000000000000e+01 6.388598000044501402e-03
9.920000000000000284e+01 6.467969167320846043e-03
1.024000000000000057e+02 6.541772153583524756e-03
1.055999999999999943e+02 6.609829192175393012e-03
1.087999999999999972e+02 6.671963139575020317e-03
1.120000000000000000e+02 6.727997595399194675e-03
1.152000000000000028e+02 6.777757051813031869e-03
1.184000000000000057e+02 6.821067018539156424e-03
1.215999999999999943e+02 6.857754169537502720e-03
1.247999999999999972e+02 6.887646466565310564e-03
1.280000000000000000e+02 6.910573306327497806e-03
1.311999999999999886e+02 6.926365651140953088e-03
1.344000000000000057e+02 6.934856177335162707e-03
1.375999999999999943e+02 6.935879402063968753e-03
1.408000000000000114e+02 6.929271825394598024e-03
1.440000000000000000e+02 6.914872059270047930e-03
1.471999999999999886e+02 6.892520974143293878e-03
1.504000000000000057e+02 6.862061829843303477e-03
1.535999999999999943e+02 6.823340417028415927e-03
1.568000000000000114e+02 6.776205184652881949e-03
1.600000000000000000e+02 6.720507380773415966e-03
1.631999999999999886e+02 6.656101181491400239e-03
1.664000000000000057e+02 6.582843830346786669e-03
1.695999999999999943e+02 6.500595765482100087e-03
1.728000000000000114e+02 6.409220755333155592e-03
1.760000000000000000e+02 6.308586021156262214e-03
1.791999999999999886e+02 6.198562366311720882e-03
1.824000000000000057e+02 6.079024295110916319e-03
1.855999999999999943e+02 5.949850140965754278e-03
1.888000000000000114e+02 5.810922185476212996e-03
1.920000000000000000e+02 5.662126783522549757e-03
1.951999999999999886e+02 5.503354476869328979e-03
1.984000000000000057e+02 5.334500111888120129e-03
2.015999999999999943e+02 5.155462946328555861e-03
2.048000000000000114e+02 4.966146760452348936e-03
2.080000000000000000e+02 4.766459960023335801e-03
2.111999999999999886e+02 4.556315686039887243e-03
2.144000000000000057e+02 4.335631916586648107e-03
2.175999999999999943e+02 4.104331570012136575e-03
2.208000000000000114e+02 3.862342595288425703e-03
2.240000000000000000e+02 3.609598064068638736e-03
2.271999999999999886e+02 3.346036256476088780e-03
2.304000000000000057e+02 3.071600751479625340e-03
2.335999999999999943e+02 2.786240507688361994e-03
2.368000000000000114e+02 2.489909943993762718e-03
2.400000000000000000e+02 2.182569011775082300e-03
2.431999999999999886e+02 1.864183269638534099e-03
2.464000000000000057e+02 1.534723949331048224e-03
2.495999999999999943e+02 1.194168020571316361e-03
2.528000000000000114e+02 8.424982470914075660e-04
2.560000000000000000e+02 4.797032453632197029e-04
2.591999999999999886e+02 1.057775381718312099e-04
2.623999999999999773e+02 -2.792783910169303061e-04
2.656000000000000227e+02 -6.754580531195899813e-04
2.688000000000000114e+02 -1.082748909953135759e-03
2.720000000000000000e+02 -1.501132337150525020e-03
2.751999999999999886e+02 -1.930583585667472023e-03
2.783999999999999773e+02 -2.371071750979646293e-03
2.816000000000000227e+02 -2.822559746616932000e-03
2.848000000000000114e+02 -3.285004289524369112e-03
2.880000000000000000e+02 -3.758355886704322930e-03
2.911999999999999886e+02 -4.242558873778872613e-03
2.943999999999999773e+02 -4.737551840687611107e-03
2.976000000000000227e+02 -5.243268277762213117e-03
3.008000000000000114e+02 -5.759636704049133499e-03
3.040000000000000000e+02 -6.286580687816131253e-03
3.071999999999999886e+02 -6.824018865255370228e-03
3.103999999999999773e+02 -7.371864943978528699e-03
3.136000000000000227e+02 -7.930027706532860945e-03
3.168000000000000114e+02 -8.498411029005899231e-03
3.200000000000000000e+02 -9.076913924974868222e-03
3.231999999999999886e+02 -9.665430620075618484e-03
3.263999999999999773e+02 -1.026385064371350755e-02
3.296000000000000227e+02 -1.087205892429296550e-02
3.328000000000000114e+02 -1.148993586699415849e-02
3.360000000000000000e+02 -1.211735740774063340e-02
3.391999999999999886e+02 -1.275419503709782770e-02
3.423999999999999773e+02 -1.340031580596962209e-02
3.456000000000000227e+02 -1.405558232437399344e-02
3.488000000000000114e+02 -1.471985277618513728e-02
3.520000000000000000e+02 -1.539298096196119701e-02
3.551999999999999886e+02 -1.607481638799055507e-02
3.583999999999999773e+02 -1.676520441103479531e-02
3.616000000000000227e+02 -1.746398645341313421e-02
3.648000000000000114e+02 -1.817100028471948375e-02
3.680000000000000000e+02 -1.888608036960486708e-02
3.711999999999999886e+02 -1.960905826269893765e-02
3.743999999999999773e+02 -2.033976284903266790e-02
3.776000000000000227e+02 -2.107801944079286394e-02
3.808000000000000114e+02 -2.182364543055806058e-02
3.840000000000000000e+02 -2.257644093796438989e-02
3.871999999999999886e+02 -2.333618253428193859e-02
3.903999999999999773e+02 -2.410265213802494783e-02
3.936000000000000227e+02 -2.487575561200742330e-02
3.968000000000000114e+02 -2.565574649846933883e-02
4.000000000000000000e+02 -2.644339320993052342e-02
4.031999999999999886e+02 -2.723965538329988986e-02
4.063999999999999773e+02 -2.804439947347924303e-02
4.096000000000000227e+02 -2.885439692034325737e-02
4.128000000000000114e+02 -2.966232241652712667e-02
4.160000000000000000e+02 -3.045941927152995624e-02
4.191999999999999886e+02 -3.124280020279397718e-02
4.223999999999999773e+02 -3.202352573982974321e-02
4.256000000000000227e+02 -3.282726524216764835e-02
4.288000000000000114e+02 -3.368155406660651441e-02
4.320000000000000000e+02 -3.459425679955226846e-02
4.351999999999999886e+02 -3.553914879870823801e-02
4.383999999999999773e+02 -3.646398643950858609e-02
4.416000000000000227e+02 -3.732020944541089569e-02
4.448000000000000114e+02 -3.809433275643087785e-02
4.480000000000000000e+02 -3.881799767706847065e-02
4.511999999999999886e+02 -3.955058580629834675e-02
4.543999999999999773e+02 -4.034842339460783384e-02
4.576000000000000227e+02 -4.123929469425633570e-02
4.608000000000000114e+02 -4.221122437834182867e-02
4.640000000000000000e+02 -4.321619419977160148e-02
4.671999999999999886e+02 -4.418934651233057120e-02
4.703999999999999773e+02 -4.508150814458176253e-02
4.736000000000000227e+02 -4.588984740918290034e-02
4.768000000000000114e+02 -4.666196539596032672e-02
4.800000000000000000e+02 -4.746287884796748791e-02
4.831999999999999886e+02 -4.832702115215232325e-02
4.863999999999999773e+02 -4.923556354597033446e-02
4.896000000000000227e+02 -5.013893143980744510e-02
4.928000000000000114e+02 -5.100238133690010445e-02
4.960000000000000000e+02 -5.183197730828490585e-02
4.991999999999999886e+02 -5.266056345740771638e-02
5.023999999999999773e+02 -5.351352949669671566e-02
5.056000000000000227e+02 -5.438972425657501164e-02
5.088000000000000114e+02 -5.527110128832233432e-02
5.120000000000000000e+02 -5.614392348152377060e-02
5.152000000000000455e+02 -5.700801357306252426e-02
5.183999999999999773e+02 -5.786966437522145928e-02
5.216000000000000227e+02 -5.873176019415908555e-02
5.247999999999999545e+02 -5.959248305671435708e-02
5.280000000000000000e+02 -6.045009666994519137e-02
5.312000000000000455e+02 -6.130507146126311369e-02
5.343999999999999773e+02 -6.215718109536227248e-02
5.376000000000000227e+02 -6.300277532337164588e-02
5.407999999999999545e+02 -6.383653347384542209e-02
5.440000000000000000e+02 -6.465575551317069569e-02
5.472000000000000455e+02 -6.546237115468893364e-02
5.503999999999999773e+02 -6.626093323904100330e-02
5.536000000000000227e+02 -6.705514062936539232e-02
5.567999999999999545e+02 -6.784612289096984827e-02
5.600000000000000000e+02 -6.863309630010407114e-02
5.632000000000000455e+02 -6.941464935970279027e-02
5.663999999999999773e+02 -7.018913506451103512e-02
5.696000000000000227e+02 -7.095442679447094836e-02
5.727999999999999545e+02 -7.170816934841116319e-02
5.760000000000000000e+02 -7.244874075396282032e-02
5.792000000000000455e+02 -7.317583253889241302e-02
5.823999999999999773e+02 -7.388937465034044194e-02
5.856000000000000227e+02 -7.458616849960429673e-02
5.887999999999999545e+02 -7.525378973760024626e-02
5.920000000000000000e+02 -7.586102989588415502e-02
5.952000000000000455e+02 -7.634464524539484598e-02
5.983999999999999773e+02 -7.659410923250337122e-02
6.016000000000000227e+02 -7.643836630031532187e-02
6.047999999999999545e+02 -7.563974300113904259e-02
6.080000000000000000e+02 -7.389964777548650721e-02
6.112000000000000455e+02 -7.087871572350454286e-02
6.143999999999999773e+02 -6.623081924123506992e-02
6.176000000000000227e+02 -5.964626557054773792e-02
6.207999999999999545e+02 -5.089587412475846812e-02
6.240000000000000000e+02 -3.986632712115186633e-02
6.272000000000000455e+02 -2.657915192616027572e-02
6.303999999999999773e+02 -1.119016480954277727e-02
6.336000000000000227e+02 6.028643239114203460e-03
6.367999999999999545e+02 2.471880918955361023e-02
6.400000000000000000e+02 4.446917043450628743e-02
6.432000000000000455e+02 6.484748481934950182e-02
6.463999999999999773e+02 8.542702428653892177e-02
6.496000000000000227e+02 1.058087931783070756e-01
6.527999999999999545e+02 1.256417495679612029e-01
6.560000000000000000e+02 1.446425033357476853e-01
6.592000000000000455e+02 1.626131900459915069e-01
6.623999999999999773e+02 1.794533424291364643e-01
6.656000000000000227e+02 1.951603599075869555e-01
6.687999999999999545e+02 2.098145779044764958e-01
6.720000000000000000e+02 2.235487904159046968e-01
6.752000000000000455e+02 2.365071253915210503e-01
6.783999999999999773e+02 2.488024859489997853e-01
6.816000000000000227e+02 2.604834416154636623e-01
6.847999999999999545e+02 2.715194026412759420e-01
6.880000000000000000e+02 2.818075552305078779e-01
6.912000000000000455e+02 2.911983532710017419e-01
6.943999999999999773e+02 2.995309957243301180e-01
6.976000000000000227e+02 3.066681504454998319e-01
7.007999999999999545e+02 3.125204953748503267e-01
7.040000000000000000e+02 3.170554944108209261e-01
7.072000000000000455e+02 3.202899399445365280e-01
7.103999999999999773e+02 3.222708807780114704e-01
7.136000000000000227e+02 3.230530273461398316e-01
7.167999999999999545e+02 3.226809940641605645e-01
7.200000000000000000e+02 3.211814103778359297e-01
7.232000000000000455e+02 3.185647202483139484e-01
7.263999999999999773e+02 3.148324073145944979e-01
7.296000000000000227e+02 3.099845754063153547e-01
7.327999999999999545e+02 3.040249695691606968e-01
7.360000000000000000e+02 2.969633601629108610e-01
7.392000000000000455e+02 2.888165547063318295e-01
7.423999999999999773e+02 2.796087948819196423e-01
7.456000000000000227e+02 2.693712900858862835e-01
7.487999999999999545e+02 2.581405522813327025e-01
7.520000000000000000e+02 2.459560768122352192e-01
7.552000000000000455e+02 2.328585942839033196e-01
7.583999999999999773e+02 2.188896711395228178e-01
7.616000000000000227e+02 2.040922673087650629e-01
7.647999999999999545e+02 1.885112448355224790e-01
7.680000000000000000e+02 1.721934280100461678e-01
7.712000000000000455e+02 1.551878893016159222e-01
7.743999999999999773e+02 1.375473133781535129e-01
7.776000000000000227e+02 1.193301696137031437e-01
7.807999999999999545e+02 1.006021228280156582e-01
7.840000000000000000e+02 8.143513380977138172e-02
7.872000000000000455e+02 6.190426003428356472e-02
7.903999999999999773e+02 4.208385119399167540e-02
7.936000000000000227e+02 2.204504412648499931e-02
7.967999999999999545e+02 1.855098745856534857e-03
8.000000000000000000e+02 -1.842233172060326121e-02
8.032000000000000455e+02 -3.872698156522937085e-02
8.063999999999999773e+02 -5.900162434446730442e-02
8.096000000000000227e+02 -7.919051848508733282e-02
8.127999999999999545e+02 -9.923616378435333452e-02
8.160000000000000000e+02 -1.190755684894584526e-01
8.192000000000000455e+02 -1.386383662733624289e-01
8.223999999999999773e+02 -1.578485088575718731e-01
8.256000000000000227e+02 -1.766292807165720236e-01
8.287999999999999545e+02 -1.949095823950690587e-01
8.320000000000000000e+02 -2.126290122080673473e-01
8.352000000000000455e+02 -2.297401153150394337e-01
8.383999999999999773e+02 -2.462072383316079305e-01
8.416000000000000227e+02 -2.620020292586788258e-01
8.447999999999999545e+02 -2.770960221475177176e-01
8.480000000000000000e+02 -2.914515911690486183e-01
8.512000000000000455e+02 -3.050138377387894284e-01
8.543999999999999773e+02 -3.177067408675715021e-01
8.576000000000000227e+02 -3.294361065085796847e-01
8.607999999999999545e+02 -3.400994229314014961e-01
8.640000000000000000e+02 -3.495998094389298760e-01
8.672000000000000455e+02 -3.578594110514204951e-01
8.703999999999999773e+02 -3.648277955016956398e-01
8.736000000000000227e+02 -3.704829804535715310e-01
8.767999999999999545e+02 -3.748256007711615601e-01
8.800000000000000000e+02 -3.778691003443417906e-01
8.832000000000000455e+02 -3.796297520088637856e-01
8.863999999999999773e+02 -3.801195969347104242e-01
8.896000000000000227e+02 -3.793436648723760851e-01
8.927999999999999545e+02 -3.773010684947332161e-01
8.960000000000000000e+02 -3.739884901354673108e-01
8.992000000000000455e+02 -3.694043335576390197e-01
9.023999999999999773e+02 -3.635521008716549041e-01
9.056000000000000227e+02 -3.564420739414842498e-01
9.087999999999999545e+02 -3.480910414274168696e-01
9.120000000000000000e+02 -3.385205714100166796e-01
9.152000000000000455e+02 -3.277549294450080031e-01
9.183999999999999773e+02 -3.158197886465076154e-01
9.216000000000000227e+02 -3.027422438784569403e-01
9.247999999999999545e+02 -2.885517432333351562e-01
9.280000000000000000e+02 -2.732810897037186715e-01
9.312000000000000455e+02 -2.569670006921899175e-01
9.343999999999999773e+02 -2.396504801290073872e-01
9.376000000000000227e+02 -2.213776895202357597e-01
9.407999999999999545e+02 -2.022016536176065860e-01
9.440000000000000000e+02 -1.821843095271115098e-01
9.472000000000000455e+02 -1.613978745101018186e-01
9.503999999999999773e+02 -1.399247670122969744e-01
9.536000000000000227e+02 -1.178561235320114142e-01
9.567999999999999545e+02 -9.528957175582904171e-02
9.600000000000000000e+02 -7.232684611548224896e-02
9.632000000000000455e+02 -4.907128243321527694e-02
9.663999999999999773e+02 -2.562487855012165680e-02
9.696000000000000227e+02 -2.084881001347953233e-03
9.727999999999999545e+02 2.145946867725396015e-02
9.760000000000000000e+02 4.492890242218063740e-02
9.792000000000000455e+02 6.825376210223661755e-02
9.823999999999999773e+02 9.137089151360613948e-02
9.856000000000000227e+02 1.142183171181394424e-01
9.887999999999999545e+02 1.367291943513549435e-01
9.920000000000000000e+02 1.588270497232827927e-01
9.952000000000000455e+02 1.804241522181658508e-01
9.983999999999999773e+02 2.014238803326224292e-01
1.001600000000000023e+03 2.217266540719286527e-01
1.004799999999999955e+03 2.412379098450305182e-01
1.008000000000000000e+03 2.598758942316457543e-01
1.011200000000000045e+03 2.775766725336332175e-01
1.014399999999999977e+03 2.942938829546194457e-01
1.017600000000000023e+03 3.099919513627761858e-01
1.020799999999999955e+03 3.246338849254903347e-01
1.024000000000000000e+03 3.381674966903496782e-01
1.027200000000000045e+03 3.505153643974216471e-01
1.030400000000000091e+03 3.615729055702406880e-01
1.033599999999999909e+03 3.712160212968151352e-01
1.036799999999999955e+03 3.793163217658595543e-01
1.040000000000000000e+03 3.857594690748235577e-01
1.043200000000000045e+03 3.904612979128563865e-01
1.046400000000000091e+03 3.933770608618235576e-01
1.049599999999999909e+03 3.945011950191056882e-01
1.052799999999999955e+03 3.938581104666414867e-01
1.056000000000000000e+03 3.914878016015463369e-01
1.059200000000000045e+03 3.874321068034131677e-01
1.062400000000000091e+03 3.817269134960978305e-01
1.065599999999999909e+03 3.744025309826426451e-01
1.068799999999999955e+03 3.654903849463733145e-01
1.072000000000000000e+03 3.550312985525561071e-01
1.075200000000000045e+03 3.430803362096639386e-01
1.078400000000000091e+03 3.297053849939957648e-01
1.081599999999999909e+03 3.149799451496448910e-01
1.084799999999999955e+03 2.989732854587872080e-01
1.088000000000000000e+03 2.817421217572923520e-01
1.091200000000000045e+03 2.633272331850134429e-01
1.094400000000000091e+03 2.437565570088157108e-01
1.097599999999999909e+03 2.230540453177816129e-01
1.100799999999999955e+03 2.012515768987082065e-01
1.104000000000000000e+03 1.784001385106822324e-01
1.107200000000000045e+03 1.545768495152114175e-01
1.110400000000000091e+03 1.298861421138752525e-01
1.113599999999999909e+03 1.044556174686188249e-01
1.116799999999999955e+03 7.842855038509133347e-02
1.120000000000000000e+03 5.195515087939412552e-02
1.123200000000000045e+03 2.518403516894246116e-02
1.126400000000000091e+03 -1.745100821203580260e-03
1.129599999999999909e+03 -2.870646492778507197e-02
1.132799999999999955e+03 -5.558945684813006854e-02
1.136000000000000000e+03 -8.229544828547437352e-02
1.139200000000000045e+03 -1.087306235805100968e-01
1.142400000000000091e+03 -1.347968553269617287e-01
1.145599999999999909e+03 -1.603831867182154425e-01
1.148799999999999955e+03 -1.853602924617642478e-01
1.152000000000000000e+03 -2.095798495435409192e-01
1.155200000000000045e+03 -2.328801607015175967e-01
1.158400000000000091e+03 -2.550981087154534088e-01
1.161599999999999909e+03 -2.760854581457284351e-01
1.164799999999999955e+03 -2.957255823138709716e-01
1.168000000000000000e+03 -3.139459454385063464e-01
1.171200000000000045e+03 -3.307221734573738692e-01
1.174400000000000091e+03 -3.460707315979834608e-01
1.177599999999999909e+03 -3.600291867347230612e-01
1.180799999999999955e+03 -3.726264816220368203e-01
1.184000000000000000e+03 -3.838502210278091908e-01
1.187200000000000045e+03 -3.936213289896968170e-01
1.190400000000000091e+03 -4.017859124383574843e-01
1.193599999999999909e+03 -4.081292782245612982e-01
1.196799999999999955e+03 -4.124099916546820066e-01
1.200000000000000000e+03 -4.144055978606787094e-01
1.203200000000000045e+03 -4.139579893545168865e-01
1.206400000000000091e+03 -4.110060261520589453e-01
1.209599999999999909e+03 -4.055961612788280268e-01
1.212799999999999955e+03 -3.978682614980055265e-01
1.216000000000000000e+03 -3.880217708549441591e-01
1.219200000000000045e+03 -3.762735255932767031e-01
1.222400000000000091e+03 -3.628200122147802742e-01
1.225599999999999909e+03 -3.478134341772557980e-01
1.228799999999999955e+03 -3.313550142578724489e-01
1.232000000000000000e+03 -3.135033626235843029e-01
1.235200000000000045e+03 -2.942920103737994286e-01
1.238400000000000091e+03 -2.737487425800421148e-01
1.241599999999999909e+03 -2.519103655719934221e-01
1.244799999999999955e+03 -2.288298280307284049e-01
1.248000000000000000e+03 -2.045767621850238249e-01
1.251200000000000045e+03 -1.792352324780227546e-01
1.254400000000000091e+03 -1.529024034736904680e-01
1.257599999999999909e+03 -1.256896533442733166e-01
1.260799999999999955e+03 -9.772523534751194341e-02
1.264000000000000000e+03 -6.915626769016056108e-02
1.267200000000000045e+03 -4.014779472052007470e-02
1.270400000000000091e+03 -1.087755994120871358e-02
1.273599999999999909e+03 1.847334117729428071e-02
1.276799999999999955e+03 4.773199103867958176e-02
1.280000000000000000e+03 7.674409763598902257e-02
1.283200000000000045e+03 1.053798919449787513e-01
1.286400000000000091e+03 1.335331057919022513e-01
1.289599999999999909e+03 1.611126475924646861e-01
1.292799999999999955e+03 1.880288097097375377e-01
1.296000000000000000e+03 2.141777145625733680e-01
1.299200000000000045e+03 2.394287869929294654e-01
1.302400000000000091e+03 2.636199447752851643e-01
1.305599999999999909e+03 2.865637117218355345e-01
1.308799999999999955e+03 3.080646855596400613e-01
1.312000000000000000e+03 3.279451823225135176e-01
1.315200000000000045e+03 3.460722298580484746e-01
1.318400000000000091e+03 3.623766962191500851e-01
1.321599999999999909e+03 3.768558519664662598e-01
1.324799999999999955e+03 3.895550537980217998e-01
1.328000000000000000e+03 4.005315782831141425e-01
1.331200000000000045e+03 4.098110640226749757e-01
1.334400000000000091e+03 4.173512440385854227e-01
1.337599999999999909e+03 4.230266856888554861e-01
1.340799999999999955e+03 4.266421200626001609e-01
1.344000000000000000e+03 4.279724596987110607e-01
1.347200000000000045e+03 4.268179778487049547e-01
1.350400000000000091e+03 4.230571004415239478e-01
1.353599999999999909e+03 4.166795610790908766e-01
1.356799999999999955e+03 4.077894659860212823e-01
1.360000000000000000e+03 3.965784958556048956e-01
1.363200000000000045e+03 3.832798062849781529e-01
1.366400000000000091e+03 3.681191207387782272e-01
1.369599999999999909e+03 3.512788223842079338e-01
1.372799999999999955e+03 3.328842038235263479e-01
1.376000000000000000e+03 3.130117170410123828e-01
1.379200000000000045e+03 2.917112804529540804e-01
1.382400000000000091e+03 2.690313867425269678e-01
1.385599999999999909e+03 2.450374331576332942e-01
1.388799999999999955e+03 2.198187501676651112e-01
1.392000000000000000e+03 1.934855682503590912e-01
1.395200000000000045e+03 1.661611067530932295e-01
1.398400000000000091e+03 1.379746999820138098e-01
1.401599999999999909e+03 1.090596412798021525e-01
1.404799999999999955e+03 7.955581438680085771e-02
1.408000000000000000e+03 4.961418222282940743e-02
1.411200000000000045e+03 1.939921900531770688e-02
1.414400000000000091e+03 -1.091334854039832832e-02
1.417599999999999909e+03 -4.114349090831583011e-02
1.420799999999999955e+03 -7.111605221815191225e-02
1.424000000000000000e+03 -1.006686578167284574e-01
1.427200000000000045e+03 -1.296555862580540397e-01
1.430400000000000091e+03 -1.579467049236266962e-01
1.433599999999999909e+03 -1.854225448890474692e-01
1.436799999999999955e+03 -2.119678411294419473e-01
1.440000000000000000e+03 -2.374660525852235193e-01
1.443200000000000045e+03 -2.617966777334220230e-01
1.446400000000000091e+03 -2.848360674622079092e-01
1.449599999999999909e+03 -3.064613500590542827e-01
1.452799999999999955e+03 -3.265562322798697403e-01
1.456000000000000000e+03 -3.450168890506813413e-01
1.459200000000000045e+03 -3.617560070112788573e-01
1.462400000000000091e+03 -3.767034352107678785e-01
1.465599999999999909e+03 -3.898028012300953637e-01
1.468799999999999955e+03 -4.010046601726183768e-01
1.472000000000000000e+03 -4.102579833168527590e-01
1.475200000000000045e+03 -4.175027778361335984e-01
1.478400000000000091e+03 -4.226669617112197019e-01
1.481599999999999909e+03 -4.256698363122675133e-01
1.484799999999999955e+03 -4.264324589052695402e-01
1.488000000000000000e+03 -4.248924978305654854e-01
1.491200000000000045e+03 -4.210189791062071696e-01
1.494400000000000091e+03 -4.148219148198202810e-01
1.497599999999999909e+03 -4.063535397530420590e-01
1.500799999999999955e+03 -3.957010296069853883e-01
1.504000000000000000e+03 -3.829736528484894986e-01
1.507200000000000045e+03 -3.682889708270966622e-01
1.510400000000000091e+03 -3.517624242414966740e-01
1.513599999999999909e+03 -3.335028028532156519e-01
1.516799999999999955e+03 -3.136135592162309083e-01
1.520000000000000000e+03 -2.921976663651765227e-01
1.523200000000000045e+03 -2.693626048089043934e-01
1.526400000000000091e+03 -2.452226155261241769e-01
1.529599999999999909e+03 -2.198973407122343238e-01
1.532799999999999955e+03 -1.935082895269142622e-01
1.536000000000000000e+03 -1.661758272798352642e-01
1.539200000000000045e+03 -1.380189062900648300e-01
1.542400000000000091e+03 -1.091580328405749173e-01
1.545599999999999909e+03 -7.972020465550576362e-02
1.548799999999999955e+03 -4.984370574750646848e-02
1.552000000000000000e+03 -1.968082103444473985e-02
1.555200000000000045e+03 1.060276566842916456e-02
1.558400000000000091e+03 4.083232411922155247e-02
1.561599999999999909e+03 7.083167089866002075e-02
1.564799999999999955e+03 1.004322388290820878e-01
1.568000000000000000e+03 1.294806721518770021e-01
1.571200000000000045e+03 1.578418980069667410e-01
1.574400000000000091e+03 1.853963200622652796e-01
1.577599999999999909e+03 2.120325864949913763e-01
1.580799999999999955e+03 2.376394546177655887e-01
1.584000000000000000e+03 2.621002268427627957e-01
1.587200000000000045e+03 2.852914509541601973e-01
1.590400000000000091e+03 3.070856399478633647e-01
1.593599999999999909e+03 3.273567266894946148e-01
1.596799999999999955e+03 3.459866033769068983e-01
1.600000000000000000e+03 3.628708313738601698e-01
1.603200000000000045e+03 3.779215830333635950e-01
1.606400000000000091e+03 3.910666479404972251e-01
1.609599999999999909e+03 4.022448229550492638e-01
1.612799999999999955e+03 4.113993523458543966e-01
1.616000000000000000e+03 4.184716172983313776e-01
1.619200000000000045e+03 4.233971317107428911e-01
1.622400000000000091e+03 4.261054977037433411e-01
1.625599999999999909e+03 4.265252499225884453e-01
1.628799999999999955e+03 4.245931652064315887e-01
1.632000000000000000e+03 4.202658889517291163e-01
1.635200000000000045e+03 4.135305407097022989e-01
1.638400000000000091e+03 4.044110413682109328e-01
1.641599999999999909e+03 3.929681920986412558e-01
1.644799999999999955e+03 3.792934714589946688e-01
1.648000000000000000e+03 3.634985533837075677e-01
1.651200000000000045e+03 3.457040913713746999e-01
1.654400000000000091e+03 3.260315469810983746e-01
1.657599999999999909e+03 3.046002667308019274e-01
1.660799999999999955e+03 2.815293047107609858e-01
1.664000000000000000e+03 2.569413437680466150e-01
1.667200000000000045e+03 2.309658140320565434e-01
1.670400000000000091e+03 2.037397335132423160e-01
1.673599999999999909e+03 1.754065240534019021e-01
1.676799999999999955e+03 1.461139433360758577e-01
1.680000000000000000e+03 1.160122349140195325e-01
1.683200000000000045e+03 8.525318774173963610e-02
1.686400000000000091e+03 5.399038485181521796e-02
1.689599999999999909e+03 2.238048102560644473e-02
1.692799999999999955e+03 -9.415154428130149619e-03
1.696000000000000000e+03 -4.122942728977169874e-02
1.699200000000000045e+03 -7.288998852578661147e-02
1.702400000000000091e+03 -1.042213660827349675e-01
1.705599999999999909e+03 -1.350480956564079349e-01
1.708799999999999955e+03 -1.651976632192881655e-01
1.712000000000000000e+03 -1.945022110730167952e-01
1.715200000000000045e+03 -2.227987374677218024e-01
1.718400000000000091e+03 -2.499285058511728774e-01
1.721599999999999909e+03 -2.757369492896864505e-01
1.724799999999999955e+03 -3.000751174544110111e-01
1.728000000000000000e+03 -3.228028256928910378e-01
1.731200000000000045e+03 -3.437926924467254453e-01
1.734400000000000091e+03 -3.629336750777383824e-01
1.737599999999999909e+03 -3.801326365647318406e-01
1.740799999999999955e+03 -3.953127904717683161e-01
1.744000000000000000e+03 -4.084085620188857568e-01
1.747200000000000045e+03 -4.193574974928061527e-01
1.750400000000000091e+03 -4.280911350138378313e-01
1.753599999999999909e+03 -4.345276891441692269e-01
1.756799999999999955e+03 -4.385694736751644118e-01
1.760000000000000000e+03 -4.401070041363421836e-01
1.763200000000000045e+03 -4.390298986367939249e-01
1.766400000000000091e+03 -4.352425346531952344e-01
1.769599999999999909e+03 -4.286806149408916022e-01
1.772799999999999955e+03 -4.193240941824994961e-01
1.776000000000000000e+03 -4.072027902447034053e-01
1.779200000000000045e+03 -3.923932839598521238e-01
1.782400000000000091e+03 -3.750085545273617038e-01
1.785599999999999909e+03 -3.551840755101256519e-01
1.788799999999999955e+03 -3.330649497120912184e-01
1.792000000000000000e+03 -3.087978506097195930e-01
1.795200000000000045e+03 -2.825294734816551356e-01
1.798400000000000091e+03 -2.544107331205630596e-01
1.801599999999999909e+03 -2.246040199367678181e-01
1.804799999999999955e+03 -1.932900738530277662e-01
1.808000000000000000e+03 -1.606715221324523102e-01
1.811200000000000045e+03 -1.269714427254770850e-01
1.814400000000000091e+03 -9.242691678435069336e-02
1.817599999999999909e+03 -5.727901336336974764e-02
1.820799999999999955e+03 -2.176172666926045121e-02
1.824000000000000000e+03 1.390717443004888670e-02
1.827200000000000045e+03 4.953076534607980808e-02
1.830400000000000091e+03 8.493150472919765159e-02
1.833599999999999909e+03 1.199437428404652173e-01
1.836799999999999955e+03 1.544020777020168322e-01
1.840000000000000000e+03 1.881290190943441243e-01
1.843200000000000045e+03 2.209260649169368096e-01
1.846400000000000091e+03 2.525714731855833728e-01
1.849599999999999909e+03 2.828258938261456468e-01
1.852799999999999955e+03 3.114444866373642373e-01
1.856000000000000000e+03 3.381921681731835383e-01
1.859200000000000045e+03 3.628577382012009855e-01
1.862400000000000091e+03 3.852629938492255213e-01
1.865599999999999909e+03 4.052645179707033418e-01
1.868799999999999955e+03 4.227482128094935954e-01
1.872000000000000000e+03 4.376188629082409798e-01
1.875200000000000045e+03 4.497880577439309358e-01
1.878400000000000091e+03 4.591635528411934231e-01
1.881599999999999909e+03 4.656423668661998083e-01
1.884799999999999955e+03 4.691092776925636643e-01
1.888000000000000000e+03 4.694417244566694292e-01
1.891200000000000045e+03 4.665209059021520055e-01
1.894400000000000091e+03 4.602471542126884141e-01
1.897599999999999909e+03 4.505562473067460938e-01
1.900799999999999955e+03 4.374329060735068775e-01
1.904000000000000000e+03 4.209183700527252547e-01
1.907200000000000045e+03 4.011103739622492448e-01
1.910400000000000091e+03 3.781558491380918041e-01
1.913599999999999909e+03 3.522389017528582689e-01
1.916799999999999955e+03 3.235682035495810460e-01
1.920000000000000000e+03 2.923678355417406727e-01
1.923200000000000045e+03 2.588736339393281072e-01
1.926400000000000091e+03 2.233342624908328800e-01
1.929599999999999909e+03 1.860141897553691526e-01
1.932799999999999955e+03 1.471954332943784804e-01
1.936000000000000000e+03 1.071761121091025226e-01
1.939200000000000045e+03 6.626558886029014495e-02
1.942400000000000091e+03 2.477742779561726422e-02
1.945599999999999909e+03 -1.697787340284453994e-02
1.948799999999999955e+03 -5.869845710114090370e-02
1.952000000000000000e+03 -1.000937168497623292e-01
1.955200000000000045e+03 -1.408836290565881333e-01
1.958400000000000091e+03 -1.807953555992174721e-01
1.961599999999999909e+03 -2.195582414187548237e-01
1.964799999999999955e+03 -2.568986964784437110e-01
1.968000000000000000e+03 -2.925367609244401979e-01
1.971200000000000045e+03 -3.261862325666115003e-01
1.974400000000000091e+03 -3.575595877793815158e-01
1.977599999999999909e+03 -3.863773169344086322e-01
1.980799999999999955e+03 -4.123793209934095150e-01
1.984000000000000000e+03 -4.353348424483726165e-01
1.987200000000000045e+03 -4.550477885944234635e-01
1.990400000000000091e+03 -4.713559673514230997e-01
1.993599999999999909e+03 -4.841247839600568703e-01
1.996799999999999955e+03 -4.932376417697084126e-01
2.000000000000000000e+03 -4.985863960165519693e-01
2.003200000000000045e+03 -5.000654935242644372e-01
2.006400000000000091e+03 -4.975725359028581596e-01
2.009599999999999909e+03 -4.910159672895600402e-01
2.012799999999999955e+03 -4.803282471702317036e-01
2.016000000000000000e+03 -4.654813496604272016e-01
2.019200000000000045e+03 -4.465011876303320859e-01
2.022400000000000091e+03 -4.234781380619750402e-01
2.025599999999999909e+03 -3.965716202063495066e-01
2.028799999999999955e+03 -3.660075856494793833e-01
2.032000000000000000e+03 -3.320691361983904022e-01
2.035200000000000045e+03 -2.950822482840314009e-01
2.038400000000000091e+03 -2.554000473782724878e-01
2.041599999999999909e+03 -2.133893808303645168e-01
2.044799999999999955e+03 -1.694222898974060421e-01
2.048000000000000000e+03 -1.238729206916550085e-01
2.051199999999999818e+03 -7.711847849634971552e-02
2.054400000000000091e+03 -2.954193156720283722e-02
2.057599999999999909e+03 1.846546184803013121e-02
2.060800000000000182e+03 6.650268558108692052e-02
2.064000000000000000e+03 1.141586638279249444e-01
2.067199999999999818e+03 1.610132487988191752e-01
2.070400000000000091e+03 2.066401174380695371e-01
2.073599999999999909e+03 2.506123922851256069e-01
2.076800000000000182e+03 2.925111993073691852e-01
2.080000000000000000e+03 3.319361702037817441e-01
2.083199999999999818e+03 3.685157545793708023e-01
2.086400000000000091e+03 4.019147863059883141e-01
2.089599999999999909e+03 4.318373678732513876e-01
2.092800000000000182e+03 4.580246528362772462e-01
2.096000000000000000e+03 4.802489228205160110e-01
2.099199999999999818e+03 4.983066464959596265e-01
2.102400000000000091e+03 5.120133767122821977e-01
2.105599999999999909e+03 5.212024105911213789e-01
2.108800000000000182e+03 5.257276965115674772e-01
2.112000000000000000e+03 5.254702154627246546e-01
2.115199999999999818e+03 5.203463475105306602e-01
2.118400000000000091e+03 5.103165279679791055e-01
2.121599999999999909e+03 4.953926552995824295e-01
2.124800000000000182e+03 4.756431572339537839e-01
2.128000000000000000e+03 4.511952533207726490e-01
2.131199999999999818e+03 4.222345157755523215e-01
2.134400000000000091e+03 3.890020768168387377e-01
2.137599999999999909e+03 3.517898404344420582e-01
2.140800000000000182e+03 3.109342076398233790e-01
2.144000000000000000e+03 2.668092852904040413e-01
2.147199999999999818e+03 2.198209257155485929e-01
2.150400000000000091e+03 1.704026596335617427e-01
2.153599999999999909e+03 1.190136052186089033e-01
2.156800000000000182e+03 6.613742176344956925e-02
2.160000000000000000e+03 1.228102259137103108e-02
2.163199999999999818e+03 -4.202786531176715829e-02
2.166400000000000091e+03 -9.624459079526116734e-02
2.169599999999999909e+03 -1.498127833488797633e-01
2.172800000000000182e+03 -2.021705406674957906e-01
2.176000000000000000e+03 -2.527571815303420455e-01
2.179199999999999818e+03 -3.010202175619469123e-01
2.182400000000000091e+03 -3.464225326266704985e-01
2.185599999999999909e+03 -3.884501732978068445e-01
2.188800000000000182e+03 -4.266211448025399866e-01
2.192000000000000000e+03 -4.604948717993014862e-01
2.195199999999999818e+03 -4.896809164105385692e-01
2.198400000000000091e+03 -5.138450241515737371e-01
2.201599999999999909e+03 -5.327111603663174932e-01
2.204800000000000182e+03 -5.460596450717525308e-01
2.208000000000000000e+03 -5.537229603296048852e-01
2.211199999999999818e+03 -5.555815350258135332e-01
2.214400000000000091e+03 -5.515615332504044677e-01
2.217599999999999909e+03 -5.416356253524100550e-01
2.220800000000000182e+03 -5.258265021323845767e-01
2.224000000000000000e+03 -5.042121267834686060e-01
2.227199999999999818e+03 -4.769316102231553334e-01
2.230400000000000091e+03 -4.441907704805428403e-01
2.233599999999999909e+03 -4.062663950678943592e-01
2.236800000000000182e+03 -3.635079666312255875e-01
2.240000000000000000e+03 -3.163356656816956880e-01
2.243199999999999818e+03 -2.652342448870510516e-01
2.246400000000000091e+03 -2.107436474233206625e-01
2.249599999999999909e+03 -1.534483264769278543e-01
2.252800000000000182e+03 -9.396755282539206999e-02
2.256000000000000000e+03 -3.294845842418576282e-02
2.259199999999999818e+03 2.893762128773842007e-02
2.262400000000000091e+03 9.099638743382895689e-02
2.265599999999999909e+03 1.525114621970676265e-01
2.268800000000000182e+03 2.127473528794095459e-01
2.272000000000000000e+03 2.709562662525505372e-01
2.275199999999999818e+03 3.263891908561296629e-01
2.278400000000000091e+03 3.783103334884985181e-01
2.281599999999999909e+03 4.260131973090067747e-01
2.284800000000000182e+03 4.688363321058597322e-01
2.288000000000000000e+03 5.061768448573219503e-01
2.291199999999999818e+03 5.375000912653925544e-01
2.294400000000000091e+03 5.623447403897970931e-01
2.297599999999999909e+03 5.803236138596762350e-01
2.300800000000000182e+03 5.911219596721895009e-01
2.304000000000000000e+03 5.944955621911161003e-01
2.307199999999999818e+03 5.902709565440583672e-01
2.310400000000000091e+03 5.783490564195573613e-01
2.313599999999999909e+03 5.587121280385879407e-01
2.316800000000000182e+03 5.314328304496486188e-01
2.320000000000000000e+03 4.966834712488300552e-01
2.323199999999999818e+03 4.547438015650130949e-01
2.326400000000000091e+03 4.060062709102584266e-01
2.329599999999999909e+03 3.509781989744963360e-01
2.332800000000000182e+03 2.902805414840743947e-01
2.336000000000000000e+03 2.246429655215300691e-01
2.339199999999999818e+03 1.548951565885737236e-01
2.342400000000000091e+03 8.195487460921867251e-02
2.345599999999999909e+03 6.814103611087485475e-03
2.348800000000000182e+03 -6.947478216032461351e-02
2.352000000000000000e+03 -1.458110721819454725e-01
2.355199999999999818e+03 -2.210552668447421376e-01
2.358400000000000091e+03 -2.940369788114385874e-01
2.361599999999999909e+03 -3.635635402394529203e-01
2.364800000000000182e+03 -4.284323338677022974e-01
2.368000000000000000e+03 -4.874491636584462051e-01
2.371199999999999818e+03 -5.394528888910846698e-01
2.374400000000000091e+03 -5.833438508420301094e-01
2.377599999999999909e+03 -6.181117470389594359e-01
2.380800000000000182e+03 -6.428588167463746839e-01
2.384000000000000000e+03 -6.568166509958733856e-01
2.387199999999999818e+03 -6.593583994074663224e-01
2.390400000000000091e+03 -6.500106866116701632e-01
2.393599999999999909e+03 -6.284697470385152140e-01
2.396800000000000182e+03 -5.946240780181540897e-01
2.400000000000000000e+03 -5.485825852941524916e-01
2.403199999999999818e+03 -4.907045369076690755e-01
2.406400000000000091e+03 -4.216268200959255030e-01
2.409599999999999909e+03 -3.422849300479708368e-01
2.412800000000000182e+03 -2.539257290957976365e-01
2.416000000000000000e+03 -1.581111094994817612e-01
2.419199999999999818e+03 -5.671177761606288614e-02
2.422400000000000091e+03 4.811019099191086307e-02
2.425599999999999909e+03 1.539318480551326029e-01
2.428800000000000182e+03 2.581145562733309085e-01
2.432000000000000000e+03 3.578645384854451383e-01
2.435199999999999818e+03 4.503080104974224729e-01
2.438400000000000091e+03 5.325786153409722834e-01
2.441599999999999909e+03 6.019138373150689780e-01
2.444800000000000182e+03 6.557568554093220481e-01
2.448000000000000000e+03 6.918608881280737810e-01
2.451199999999999818e+03 7.083939894314612573e-01
2.454400000000000091e+03 7.040426823867347306e-01
2.457599999999999909e+03 6.781121231486583190e-01
2.460800000000000182e+03 6.306186188869401521e-01
2.464000000000000000e+03 5.623678918376296965e-01
2.467199999999999818e+03 4.750104268651780814e-01
2.470400000000000091e+03 3.710643236245914633e-01
2.473599999999999909e+03 2.538966028964446120e-01
2.476800000000000182e+03 1.276558477787315682e-01
2.480000000000000000e+03 -2.847758478633474147e-03
2.483199999999999818e+03 -1.323147844633587589e-01
2.486400000000000091e+03 -2.551766214653283793e-01
2.489599999999999909e+03 -3.658548952369334861e-01
2.492800000000000182e+03 -4.590497212270855387e-01
2.496000000000000000e+03 -5.300455618660252499e-01
2.499199999999999818e+03 -5.750226510992698659e-01
2.502400000000000091e+03 -5.913593761367708090e-01
2.505599999999999909e+03 -5.779059552011717171e-01
2.508800000000000182e+03 -5.352032813277816103e-01
2.512000000000000000e+03 -4.656153314343029481e-01
2.515199999999999818e+03 -3.733417866071419566e-01
2.518400000000000091e+03 -2.642815572783574485e-01
2.521599999999999909e+03 -1.457287317629008816e-01
2.524800000000000182e+03 -2.589979217058769809e-02
2.528000000000000000e+03 8.668680747886645110e-02
2.531199999999999818e+03 1.839332722816077181e-01
2.534400000000000091e+03 2.589193379616180901e-01
2.537599999999999909e+03 3.066090493984725551e-01
2.540800000000000182e+03 3.244169650754624712e-01
2.544000000000000000e+03 3.125500652558914627e-01
2.547199999999999818e+03 2.740618635736414843e-01
2.550400000000000091e+03 2.145872305108611211e-01
2.553599999999999909e+03 1.417668432829570779e-01
2.556800000000000182e+03 6.441429221265386473e-02
2.560000000000000000e+03 -8.479502117625365917e-03
2.563199999999999818e+03 -6.877865473535373086e-02
2.566400000000000091e+03 -1.101329206987355647e-01
2.569599999999999909e+03 -1.286794268002091346e-01
2.572800000000000182e+03 -1.234234065240513295e-01
2.576000000000000000e+03 -9.625706652742162250e-02
2.579199999999999818e+03 -5.163150974808347615e-02
2.582400000000000091e+03 4.055145605878662796e-03
2.585599999999999909e+03 6.325850880939480614e-02
2.588800000000000182e+03 1.181704883319292382e-01
2.592000000000000000e+03 1.615817860623198765e-01
2.595199999999999818e+03 1.876383585997060677e-01
2.598400000000000091e+03 1.924258458650639492e-01
2.601599999999999909e+03 1.743358642202107178e-01
2.604800000000000182e+03 1.341875502963621458e-01
2.608000000000000000e+03 7.509863111228377852e-02
2.611199999999999818e+03 2.123982215477300886e-03
2.614400000000000091e+03 -7.829477673779144942e-02
2.617599999999999909e+03 -1.590013094674292415e-01
2.620800000000000182e+03 -2.328345685074332816e-01
2.624000000000000000e+03 -2.932899535796767432e-01
2.627199999999999818e+03 -3.350575732904170212e-01
2.630400000000000091e+03 -3.543901903394549024e-01
2.633599999999999909e+03 -3.492870027145084655e-01
2.636800000000000182e+03 -3.195108290890694702e-01
2.640000000000000000e+03 -2.664778063612638914e-01
2.643199999999999818e+03 -1.930664835631709653e-01
2.646400000000000091e+03 -1.033876488119312848e-01
2.649599999999999909e+03 -2.541259356130502398e-03
2.652800000000000182e+03 1.036315284370466355e-01
2.656000000000000000e+03 2.088085281644095348e-01
2.659199999999999818e+03 3.064733949944873914e-01
2.662400000000000091e+03 3.902409632375055670e-01
2.665599999999999909e+03 4.542218913296269811e-01
2.668800000000000182e+03 4.934125865808363098e-01
2.672000000000000000e+03 5.040823332516352062e-01
2.675199999999999818e+03 4.841200908055808272e-01
2.678400000000000091e+03 4.333007216827579611e-01
2.681599999999999909e+03 3.534349192566176301e-01
2.684800000000000182e+03 2.483776630810620445e-01
2.688000000000000000e+03 1.238840658089193220e-01
2.691199999999999818e+03 -1.268418177860592029e-02
2.694400000000000091e+03 -1.527864870909964312e-01
2.697599999999999909e+03 -2.872410152130150940e-01
2.700800000000000182e+03 -4.068417267249059277e-01
2.704000000000000000e+03 -5.030183816767389571e-01
2.707199999999999818e+03 -5.684966738474986903e-01
2.710400000000000091e+03 -5.979088462725555830e-01
2.713599999999999909e+03 -5.882998602012985412e-01
2.716800000000000182e+03 -5.394734230378226414e-01
2.720000000000000000e+03 -4.541288531347053570e-01
2.723199999999999818e+03 -3.377555532836817309e-01
2.726400000000000091e+03 -1.982762195611288136e-01
2.729599999999999909e+03 -4.545957468868049023e-02
2.732800000000000182e+03 1.098470322570125057e-01
2.736000000000000000e+03 2.565913655919183078e-01
2.739199999999999818e+03 3.844097657070444374e-01
2.742400000000000091e+03 4.844531854049434760e-01
2.745599999999999909e+03 5.500691296453280588e-01
2.748800000000000182e+03 5.772811989470213456e-01
2.752000000000000000e+03 5.650306519198169397e-01
2.755199999999999818e+03 5.151684478574896087e-01
2.758400000000000091e+03 4.322093965722501041e-01
2.761599999999999909e+03 3.228807590051365750e-01
2.764800000000000182e+03 1.955146972383057513e-01
2.768000000000000000e+03 5.934625387143465519e-02
2.771199999999999818e+03 -7.621518425977127920e-02
2.774400000000000091e+03 -2.022740611577266145e-01
2.777599999999999909e+03 -3.110389189741631366e-01
2.780800000000000182e+03 -3.962741459611153760e-01
2.784000000000000000e+03 -4.535940858237573758e-01
2.787199999999999818e+03 -4.806014508982889288e-01
2.790400000000000091e+03 -4.768876454537468446e-01
2.793599999999999909e+03 -4.439202062686724015e-01
2.796800000000000182e+03 -3.848427400072368942e-01
2.800000000000000000e+03 -3.042085630355175763e-01
2.803199999999999818e+03 -2.076643813118206339e-01
2.806400000000000091e+03 -1.015973679880078778e-01
2.809599999999999909e+03 7.241299955061175631e-03
2.812800000000000182e+03 1.121218041913723679e-01
2.816000000000000000e+03 2.067134797751113418e-01
2.819199999999999818e+03 2.854379501130503982e-01
2.822400000000000091e+03 3.437815355218558633e-01
2.825599999999999909e+03 3.785528431967382645e-01
2.828800000000000182e+03 3.880731332355112917e-01
2.832000000000000000e+03 3.722876964598029192e-01
2.835199999999999818e+03 3.327865332199250736e-01
2.838400000000000091e+03 2.727237064466762617e-01
2.841599999999999909e+03 1.966287795187945109e-01
2.844800000000000182e+03 1.101118094613321718e-01
2.848000000000000000e+03 1.947487697040179572e-02
2.851199999999999818e+03 -6.874410458233938537e-02
2.854400000000000091e+03 -1.482586034847248602e-01
2.857599999999999909e+03 -2.135086447492761108e-01
2.860800000000000182e+03 -2.600806816250516018e-01
2.864000000000000000e+03 -2.850348111369428450e-01
2.867199999999999818e+03 -2.871125136486384899e-01
2.870400000000000091e+03 -2.668108985031939495e-01
2.873599999999999909e+03 -2.263220418464711170e-01
2.876800000000000182e+03 -1.693465219117485376e-01
2.880000000000000000e+03 -1.007978764546388767e-01
2.883199999999999818e+03 -2.641979358375005221e-02
2.886400000000000091e+03 4.765843749249563943e-02
2.889599999999999909e+03 1.153991601124537275e-01
2.892800000000000182e+03 1.713334353490679196e-01
2.896000000000000000e+03 2.110017927705313268e-01
2.899199999999999818e+03 2.313210799091887371e-01
2.902400000000000091e+03 2.308422076537032241e-01
2.905599999999999909e+03 2.098709246295693276e-01
2.908800000000000182e+03 1.704361067897344761e-01
2.912000000000000000e+03 1.161059799547488197e-01
2.915199999999999818e+03 5.166948770041167316e-02
2.918400000000000091e+03 -1.728553357791608180e-02
2.921599999999999909e+03 -8.485617949290182038e-02
2.924800000000000182e+03 -1.453254952021213464e-01
2.928000000000000000e+03 -1.936374131515239405e-01
2.931199999999999818e+03 -2.258072086644683507e-01
2.934400000000000091e+03 -2.392356143476009889e-01
2.937599999999999909e+03 -2.329023202423361749e-01
2.940800000000000182e+03 -2.074236097693248071e-01
2.944000000000000000e+03 -1.649699489581187284e-01
2.947199999999999818e+03 -1.090522962092678461e-01
2.950400000000000091e+03 -4.419932963079627880e-02
2.953599999999999909e+03 2.444063914992827130e-02
2.956800000000000182e+03 9.153200831520932890e-02
2.960000000000000000e+03 1.519760380129115407e-01
2.963199999999999818e+03 2.012891099753069679e-01
2.966400000000000091e+03 2.359070826039555702e-01
2.969599999999999909e+03 2.534000347473923109e-01
2.972800000000000182e+03 2.525937305410405620e-01
2.976000000000000000e+03 2.336032707966547439e-01
2.979199999999999818e+03 1.977891096006136606e-01
2.982400000000000091e+03 1.476461054543519447e-01
2.985599999999999909e+03 8.663431322235036480e-02
2.988800000000000182e+03 1.895824813611432166e-02
2.992000000000000000e+03 -5.069868215828250702e-02
2.995199999999999818e+03 -1.174752989567706130e-01
2.998400000000000091e+03 -1.766555259024307212e-01
3.001599999999999909e+03 -2.239942776721956796e-01
3.004800000000000182e+03 -2.560239063789874203e-01
3.008000000000000000e+03 -2.703173347976933205e-01
3.011199999999999818e+03 -2.656852092601721393e-01
3.014400000000000091e+03 -2.422879535671733087e-01
3.017599999999999909e+03 -2.016490851944008345e-01
3.020800000000000182e+03 -1.465633259996065030e-01
3.024000000000000000e+03 -8.090177800909292838e-02
3.027199999999999818e+03 -9.326369804030783944e-03
3.030400000000000091e+03 6.306408247982171755e-02
3.033599999999999909e+03 1.311251975980520235e-01
3.036800000000000182e+03 1.900595444270279655e-01
3.040000000000000000e+03 2.357739944123621867e-01
3.043199999999999818e+03 2.651707803650136253e-01
3.046400000000000091e+03 2.763505716840144455e-01
3.049599999999999909e+03 2.687171407350688601e-01
3.052800000000000182e+03 2.429835826924925946e-01
3.056000000000000000e+03 2.010876396792448118e-01
3.059199999999999818e+03 1.460280482957479753e-01
3.062400000000000091e+03 8.163602462159491591e-02
3.065599999999999909e+03 1.229772562733358506e-02
3.068800000000000182e+03 -5.735403981505466514e-02
3.072000000000000000e+03 -1.227576200562753711e-01
3.075199999999999818e+03 -1.797266049068005356e-01
3.078400000000000091e+03 -2.247175894474315039e-01
3.081599999999999909e+03 -2.550430609771415780e-01
3.084800000000000182e+03 -2.690174422147329492e-01
3.088000000000000000e+03 -2.660315579004411957e-01
3.091199999999999818e+03 -2.465568128101327527e-01
3.094400000000000091e+03 -2.120842761958781908e-01
3.097599999999999909e+03 -1.650059206772440390e-01
3.100800000000000182e+03 -1.084464615467867626e-01
3.104000000000000000e+03 -4.605564501524234827e-02
3.107199999999999818e+03 1.822705372033618654e-02
3.110400000000000091e+03 8.042091005038054519e-02
3.113599999999999909e+03 1.367494794455257900e-01
3.116800000000000182e+03 1.838671793238229601e-01
3.120000000000000000e+03 2.190532465796329042e-01
3.123199999999999818e+03 2.403631617671128651e-01
3.126400000000000091e+03 2.467314554929460613e-01
3.129599999999999909e+03 2.380225527244694550e-01
3.132800000000000182e+03 2.150277652346523072e-01
3.136000000000000000e+03 1.794075028199710320e-01
3.139199999999999818e+03 1.335794887836946332e-01
3.142400000000000091e+03 8.055716924509452592e-02
3.145599999999999909e+03 2.374758591795328791e-02
3.148800000000000182e+03 -3.327643675595756689e-02
3.152000000000000000e+03 -8.701080907086143623e-02
3.155199999999999818e+03 -1.342415370706628031e-01
3.158400000000000091e+03 -1.722360321027283647e-01
3.161599999999999909e+03 -1.988931864487079593e-01
3.164800000000000182e+03 -2.128472114605328147e-01
3.168000000000000000e+03 -2.135247024442367691e-01
3.171199999999999818e+03 -2.011562796739249370e-01
3.174400000000000091e+03 -1.767442083566217736e-01
3.177599999999999909e+03 -1.419873024304883213e-01
3.180800000000000182e+03 -9.916565086382715666e-02
3.184000000000000000e+03 -5.099072417750789843e-02
3.187199999999999818e+03 -4.304719176117707802e-04
3.190400000000000091e+03 4.947742938241931482e-02
3.193599999999999909e+03 9.580954006161176983e-02
3.196800000000000182e+03 1.359245748802289655e-01
3.200000000000000000e+03 1.676057543199371003e-01
3.203199999999999818e+03 1.891725265501879305e-01
3.206400000000000091e+03 1.995598574323818875e-01
3.209599999999999909e+03 1.983642987184354167e-01
3.212800000000000182e+03 1.858552764487488018e-01
3.216000000000000000e+03 1.629491649180988544e-01
3.219199999999999818e+03 1.311445272199000811e-01
3.222400000000000091e+03 9.242020581537085944e-02
3.225599999999999909e+03 4.910300762365234217e-02
3.228800000000000182e+03 3.716646858338104684e-03
3.232000000000000000e+03 -4.117370031686427151e-02
3.235199999999999818e+03 -8.310759572303379195e-02
3.238400000000000091e+03 -1.198564693445571677e-01
3.241599999999999909e+03 -1.495271107883440753e-01
3.244800000000000182e+03 -1.706415211272446775e-01
3.248000000000000000e+03 -1.821953852693539155e-01
3.251199999999999818e+03 -1.836969788247002910e-01
3.254400000000000091e+03 -1.751861164174616514e-01
3.257599999999999909e+03 -1.572305631294006190e-01
3.260800000000000182e+03 -1.308968303923192522e-01
3.264000000000000000e+03 -9.769407922179408621e-02
3.267199999999999818e+03 -5.949319731698804459e-02
3.270400000000000091e+03 -1.842636957640659406e-02
3.273599999999999909e+03 2.322587324245843632e-02
3.276800000000000182e+03 6.315356768495820894e-02
3.280000000000000000e+03 9.913742109510205458e-02
3.283199999999999818e+03 1.291669826162444301e-01
3.286400000000000091e+03 1.515538558949882930e-01
3.289599999999999909e+03 1.650350265298469732e-01
3.292800000000000182e+03 1.688584053628754966e-01
3.296000000000000000e+03 1.628405665015363324e-01
3.299199999999999818e+03 1.473872413738183951e-01
3.302400000000000091e+03 1.234710770527314289e-01
3.305599999999999909e+03 9.256746178209519782e-02
3.308800000000000182e+03 5.655563794043798331e-02
3.312000000000000000e+03 1.759654571920136329e-02
3.315199999999999818e+03 -2.200041297068044271e-02
3.318400000000000091e+03 -5.991190457987560780e-02
3.321599999999999909e+03 -9.393052908043907079e-02
3.324800000000000182e+03 -1.220870606832789723e-01
3.328000000000000000e+03 -1.427626552288869810e-01
3.331199999999999818e+03 -1.547866074949558191e-01
3.334400000000000091e+03 -1.575121875219344658e-01
3.337599999999999909e+03 -1.508613108255417723e-01
3.340800000000000182e+03 -1.353301198900349056e-01
3.344000000000000000e+03 -1.119522164759283595e-01
3.347199999999999818e+03 -8.222278534128144023e-02
3.350400000000000091e+03 -4.799274255828813590e-02
3.353599999999999909e+03 -1.134519619279063078e-02
3.356800000000000182e+03 2.553386514434964616e-02
3.360000000000000000e+03 6.048181363867022320e-02
3.363199999999999818e+03 9.147758801105961013e-02
3.366400000000000091e+03 1.167496168699910797e-01
3.369599999999999909e+03 1.348716853994824383e-01
3.372800000000000182e+03 1.448434284926762294e-01
3.376000000000000000e+03 1.461499326660095077e-01
3.379199999999999818e+03 1.387938309031541417e-01
3.382400000000000091e+03 1.232945064692322901e-01
3.385599999999999909e+03 1.006525848903581238e-01
3.388800000000000182e+03 7.228253456886264694e-02
3.392000000000000000e+03 3.992012003839098128e-02
3.395199999999999818e+03 5.513344363445056920e-03
3.398400000000000091e+03 -2.889478510674410583e-02
3.401599999999999909e+03 -6.128493987513351782e-02
3.404800000000000182e+03 -8.977652548356504503e-02
3.408000000000000000e+03 -1.127348261698245258e-01
3.411199999999999818e+03 -1.288656941576797055e-01
3.414400000000000091e+03 -1.372923562999691927e-01
3.417599999999999909e+03 -1.376082234600867482e-01
3.420800000000000182e+03 -1.298999752278493791e-01
3.424000000000000000e+03 -1.147372264663435032e-01
3.427199999999999818e+03 -9.312866813889363049e-02
3.430400000000000091e+03 -6.644882913647449929e-02
3.433599999999999909e+03 -3.634316370284022824e-02
3.436800000000000182e+03 -4.620846315151656142e-03
3.440000000000000000e+03 2.685590186939550497e-02
3.443199999999999818e+03 5.627923953031145621e-02
3.446400000000000091e+03 8.199551701688129191e-02
3.449599999999999909e+03 1.025945339530252576e-01
3.452800000000000182e+03 1.169854251822594893e-01
3.456000000000000000e+03 1.244556339444104903e-01
3.459199999999999818e+03 1.247087616310096764e-01
3.462400000000000091e+03 1.178772958273516386e-01
3.465599999999999909e+03 1.045077378840400389e-01
3.468800000000000182e+03 8.551837396711083061e-02
3.472000000000000000e+03 6.213323413364797709e-02
3.475199999999999818e+03 3.579868237717333257e-02
3.478400000000000091e+03 8.090611854949721418e-03
3.481599999999999909e+03 -1.938009884149571177e-02
3.484800000000000182e+03 -4.505807391420173919e-02
3.488000000000000000e+03 -6.752646855066313236e-02
3.491199999999999818e+03 -8.558081991422036849e-02
3.494400000000000091e+03 -9.829221729827090914e-02
3.497599999999999909e+03 -1.050571917556895329e-01
3.500800000000000182e+03 -1.056303563839330328e-01
3.504000000000000000e+03 -1.001354657607113341e-01
3.507199999999999818e+03 -8.905192656215712987e-02
3.510400000000000091e+03 -7.317662756106815825e-02
3.513599999999999909e+03 -5.356428008311385491e-02
3.516800000000000182e+03 -3.145218538342311326e-02
3.520000000000000000e+03 -8.176802005368981677e-03
3.523199999999999818e+03 1.491047497100824945e-02
3.526400000000000091e+03 3.652207018005233785e-02
3.529599999999999909e+03 5.550317176429777483e-02
3.532800000000000182e+03 7.088852849469917672e-02
3.536000000000000000e+03 8.194620186238173176e-02
3.539199999999999818e+03 8.820781808218686182e-02
3.542400000000000091e+03 8.948449922516446553e-02
3.545599999999999909e+03 8.586724255642039227e-02
3.548800000000000182e+03 7.771092523684020037e-02
3.552000000000000000e+03 6.560265964670472516e-02
3.555199999999999818e+03 5.031741149049596962e-02
3.558400000000000091e+03 3.276561444237693216e-02
3.561599999999999909e+03 1.393812827434046976e-02
3.564800000000000182e+03 -5.146903653071215577e-03
3.568000000000000000e+03 -2.349248605764798700e-02
3.571199999999999818e+03 -4.016563401487861784e-02
3.574400000000000091e+03 -5.433527893940720555e-02
3.577599999999999909e+03 -6.530635106862119066e-02
3.580800000000000182e+03 -7.255057377504643690e-02
3.584000000000000000e+03 -7.573305643315861313e-02
3.587199999999999818e+03 -7.473220518006117030e-02
3.590400000000000091e+03 -6.964969802056183990e-02
3.593599999999999909e+03 -6.080784016207153170e-02
3.596800000000000182e+03 -4.873332247254084926e-02
3.600000000000000000e+03 -3.412843241715388110e-02
3.603199999999999818e+03 -1.783224363130492263e-02
3.606400000000000091e+03 -7.748279997582509715e-04
3.609599999999999909e+03 1.607275456945793726e-02
3.612800000000000182e+03 3.175055745996330919e-02
3.616000000000000000e+03 4.536227167023294121e-02
3.619199999999999818e+03 5.612646196977264662e-02
3.622400000000000091e+03 6.342416918188201191e-02
3.625599999999999909e+03 6.683957527531278475e-02
3.628800000000000182e+03 6.618973613542525336e-02
3.632000000000000000e+03 6.153958812179956966e-02
3.635199999999999818e+03 5.319977769831308462e-02
3.638400000000000091e+03 4.170699711086318234e-02
3.641599999999999909e+03 2.778867752880156625e-02
3.644800000000000182e+03 1.231541179906276567e-02
3.648000000000000000e+03 -3.754881693087102311e-03
3.651199999999999818e+03 -1.943706759280742699e-02
3.654400000000000091e+03 -3.377950419315790126e-02
3.657599999999999909e+03 -4.592203988045625435e-02
3.660800000000000182e+03 -5.514827988820364402e-02
3.664000000000000000e+03 -6.092931455850782857e-02
3.667199999999999818e+03 -6.295619918051049979e-02
3.670400000000000091e+03 -6.115860054723112893e-02
3.673599999999999909e+03 -5.570751052466729053e-02
3.676800000000000182e+03 -4.700109055345488146e-02
3.680000000000000000e+03 -3.563450812343930268e-02
3.683199999999999818e+03 -2.235653834955217065e-02
3.686400000000000091e+03 -8.017045734080012476e-03
3.689599999999999909e+03 6.490141258920054286e-03
3.692800000000000182e+03 2.028483870924149141e-02
3.696000000000000000e+03 3.255515940735398406e-02
3.699199999999999818e+03 4.260632463644219159e-02
3.702400000000000091e+03 4.990105879248780268e-02
3.705599999999999909e+03 5.408919900397986952e-02
3.708800000000000182e+03 5.502450285853917322e-02
3.712000000000000000e+03 5.276732264968651137e-02
3.715199999999999818e+03 4.757291327829384076e-02
3.718400000000000091e+03 3.986656908894248286e-02
3.721599999999999909e+03 3.020826162933533052e-02
3.724800000000000182e+03 1.925055477468283482e-02
3.728000000000000000e+03 7.693925330410853088e-03
3.731199999999999818e+03 -3.756904201898380972e-03
3.734400000000000091e+03 -1.443315611172312635e-02
3.737599999999999909e+03 -2.373747866058566539e-02
3.740800000000000182e+03 -3.117427154562023295e-02
3.744000000000000000e+03 -3.637450207166040284e-02
3.747199999999999818e+03 -3.911422107615528804e-02
3.750400000000000091e+03 -3.932546835674457369e-02
3.753599999999999909e+03 -3.709811622719643570e-02
3.756800000000000182e+03 -3.267166564088241909e-02
3.760000000000000000e+03 -2.641698619350523955e-02
3.763199999999999818e+03 -1.880913667896882968e-02
3.766400000000000091e+03 -1.039333235032782569e-02
3.769599999999999909e+03 -1.746636336573954666e-03
3.772800000000000182e+03 6.561888395044214450e-03
3.776000000000000000e+03 1.400982350585236978e-02
3.779199999999999818e+03 2.015613555289125572e-02
3.782400000000000091e+03 2.466948513061984968e-02
3.785599999999999909e+03 2.734801259055722605e-02
3.788800000000000182e+03 2.812919839844138514e-02
3.792000000000000000e+03 2.708919862565504350e-02
3.795199999999999818e+03 2.443184257172319532e-02
3.798400000000000091e+03 2.046823050515601816e-02
3.801599999999999909e+03 1.558859499070299436e-02
3.804800000000000182e+03 1.022871521410446613e-02
3.808000000000000000e+03 4.833569129670501133e-03
3.811199999999999818e+03 -1.789799526670056483e-04
3.814400000000000091e+03 -4.451754883659123779e-03
3.817599999999999909e+03 -7.716557632412220438e-03
3.820800000000000182e+03 -9.814878125765322606e-03
3.824000000000000000e+03 -1.070909718978281695e-02
3.827199999999999818e+03 -1.048289809596889693e-02
3.830400000000000091e+03 -9.330494895248274759e-03
3.833599999999999909e+03 -7.535341301791474711e-03
3.836800000000000182e+03 -5.440067143483976256e-03
3.840000000000000000e+03 -3.410367836881053258e-03
3.843199999999999818e+03 -1.796305951178647992e-03
3.846400000000000091e+03 -8.948249444322551758e-04
3.849599999999999909e+03 -9.171304415464610112e-04
3.852800000000000182e+03 -1.964007004648597732e-03
3.856000000000000000e+03 -4.011289059930494942e-03
3.859199999999999818e+03 -6.906808127646724312e-03
3.862400000000000091e+03 -1.037932140909182850e-02
3.865599999999999909e+03 -1.405918349104159047e-02
3.868800000000000182e+03 -1.750975449813296780e-02
3.872000000000000000e+03 -2.026762832507799511e-02
3.875199999999999818e+03 -2.188867240633965081e-02
3.878400000000000091e+03 -2.199572094400952665e-02
3.881599999999999909e+03 -2.032287194300260585e-02
3.884800000000000182e+03 -1.675110083552953238e-02
3.888000000000000000e+03 -1.133059456568135705e-02
3.891199999999999818e+03 -4.286822336119389294e-03
3.894400000000000091e+03 3.990421205964230118e-03
3.897599999999999909e+03 1.297346065109806004e-02
3.900800000000000182e+03 2.203531306206164830e-02
3.904000000000000000e+03 3.049611535093149639e-02
3.907199999999999818e+03 3.767321364002017975e-02
3.910400000000000091e+03 4.293149996669565205e-02
3.913599999999999909e+03 4.573148491989742492e-02
3.916800000000000182e+03 4.567307719562611196e-02
3.920000000000000000e+03 4.253287719919011944e-02
3.923199999999999818e+03 3.629220479006966399e-02
3.926400000000000091e+03 2.715261653731449593e-02
3.929599999999999909e+03 1.553588266062131372e-02
3.932800000000000182e+03 2.066546456427079560e-03
3.936000000000000000e+03 -1.246289076903319901e-02
3.939199999999999818e+03 -2.714192250484562252e-02
3.942400000000000091e+03 -4.100300026858931524e-02
3.945599999999999909e+03 -5.308822455556892056e-02
3.948800000000000182e+03 -6.251622609066673220e-02
3.952000000000000000e+03 -6.854423572811584042e-02
3.955199999999999818e+03 -7.062135319541930356e-02
3.958400000000000091e+03 -6.843012105935486478e-02
3.961599999999999909e+03 -6.191437923327502285e-02
3.964800000000000182e+03 -5.129192090892344125e-02
3.968000000000000000e+03 -3.705084329375325780e-02
3.971199999999999818e+03 -1.992896590776037716e-02
3.974400000000000091e+03 -8.764877583231244678e-04
3.977599999999999909e+03 1.899681492817837172e-02
3.980800000000000182e+03 3.848725274965712068e-02
3.984000000000000000e+03 5.637191352033137093e-02
3.987199999999999818e+03 7.148754562833470327e-02
3.990400000000000091e+03 8.280816383968300776e-02
3.993599999999999909e+03 8.951572258772860780e-02
3.996800000000000182e+03 9.105855212792014763e-02
4.000000000000000000e+03 8.719318226350182555e-02
4.003199999999999818e+03 7.800662249247235225e-02
4.006400000000000091e+03 6.391789159076795290e-02
4.009599999999999909e+03 4.565921494805583875e-02
4.012800000000000182e+03 2.423846943558753686e-02
4.016000000000000000e+03 8.850217348450285185e-04
4.019199999999999818e+03 -2.301870342297988176e-02
4.022400000000000091e+03 -4.601731487804787413e-02
4.025599999999999909e+03 -6.667084377339699275e-02
4.028800000000000182e+03 -8.364679349951256726e-02
4.032000000000000000e+03 -9.580979885715362743e-02
4.035199999999999818e+03 -1.023018791935097344e-01
4.038400000000000091e+03 -1.026062605385271442e-01
4.041599999999999909e+03 -9.658887200919492877e-02
4.044800000000000182e+03 -8.451372396364877082e-02
4.048000000000000000e+03 -6.703101089027559134e-02
4.051199999999999818e+03 -4.513937563208402642e-02
4.054400000000000091e+03 -2.012578587057181970e-02
4.057599999999999909e+03 6.512384886983358691e-03
4.060800000000000182e+03 3.315811893823038259e-02
4.064000000000000000e+03 5.817340195068996384e-02
4.067199999999999818e+03 8.000066556377270766e-02
4.070400000000000091e+03 9.726143999129696627e-02
4.073599999999999909e+03 1.088459640373805326e-01
4.076800000000000182e+03 1.139871587346003995e-01
4.080000000000000000e+03 1.123128781399831411e-01
4.083199999999999818e+03 1.038719446967216464e-01
4.086400000000000091e+03 8.913195415588301418e-02
4.089599999999999909e+03 6.894962391512110544e-02
4.092800000000000182e+03 4.451686997626677633e-02
4.096000000000000000e+03 1.728732568804173392e-02
4.099199999999999818e+03 -1.111145860113216428e-02
4.102399999999999636e+03 -3.897507590093395730e-02
4.105600000000000364e+03 -6.462386106213015291e-02
4.108800000000000182e+03 -8.650429178231607008e-02
4.112000000000000000e+03 -1.032849186066604891e-01
4.115199999999999818e+03 -1.139407783723247192e-01
4.118399999999999636e+03 -1.178198589601397450e-01
4.121600000000000364e+03 -1.146857906052812792e-01
4.124800000000000182e+03 -1.047327819778143543e-01
4.128000000000000000e+03 -8.857160699946799165e-02
4.131199999999999818e+03 -6.718847251990528457e-02
4.134399999999999636e+03 -4.188105286336774036e-02
4.137600000000000364e+03 -1.417731932633277403e-02
4.140800000000000182e+03 1.425704052903727266e-02
4.144000000000000000e+03 4.171740284653257386e-02
4.147199999999999818e+03 6.656062717785403426e-02
4.150399999999999636e+03 8.730270175262228038e-02
4.153600000000000364e+03 1.027087030485261399e-01
4.156800000000000182e+03 1.118694106397486732e-01
4.160000000000000000e+03 1.142586226904403202e-01
4.163199999999999818e+03 1.097659845349361341e-01
4.166399999999999636e+03 9.870213954554236946e-02
4.169600000000000364e+03 8.177585232969258877e-02
4.172800000000000182e+03 6.004567363282482112e-02
4.176000000000000000e+03 3.485092134959406202e-02
4.179199999999999818e+03 7.727782824880374823e-03
4.182399999999999636e+03 -1.968373261854661563e-02
4.185600000000000364e+03 -4.573692481003377441e-02
4.188800000000000182e+03 -6.887513731664304806e-02
4.192000000000000000e+03 -8.772369374730190628e-02
4.195199999999999818e+03 -1.011722338219597367e-01
4.198399999999999636e+03 -1.084422095448038664e-01
4.201600000000000364e+03 -1.091344050347707317e-01
4.204800000000000182e+03 -1.032523745904165846e-01
4.208000000000000000e+03 -9.119964932087409881e-02
4.211199999999999818e+03 -7.375105997464979912e-02
4.214399999999999636e+03 -5.200096797869838833e-02
4.217600000000000364e+03 -2.729301173530612745e-02
4.220800000000000182e+03 -1.136821395826689883e-03
4.224000000000000000e+03 2.488292092200883668e-02
4.227199999999999818e+03 4.920027461335680502e-02
4.230399999999999636e+03 7.036038883881326478e-02
4.233600000000000364e+03 8.710615093891230232e-02
4.236800000000000182e+03 9.845450442828862503e-02
4.240000000000000000e+03 1.037574241320168428e-01
4.243199999999999818e+03 1.027426761268151745e-01
4.246399999999999636e+03 9.553050429876876193e-02
4.249600000000000364e+03 8.262428692709497535e-02
4.252800000000000182e+03 6.487566697457092246e-02
4.256000000000000000e+03 4.342713094862121065e-02
4.259199999999999818e+03 1.963693004914043513e-02
4.262399999999999636e+03 -5.007755372306807798e-03
4.265600000000000364e+03 -2.898342222101053453e-02
4.268800000000000182e+03 -5.082315115040914738e-02
4.272000000000000000e+03 -6.920498720747608745e-02
4.275199999999999818e+03 -8.303138964137184164e-02
4.278399999999999636e+03 -9.149548886702654760e-02
4.281600000000000364e+03 -9.412999584893905203e-02
4.284800000000000182e+03 -9.083505389131568686e-02
4.288000000000000000e+03 -8.188239785542793248e-02
4.291199999999999818e+03 -6.789494892262928905e-02
4.294399999999999636e+03 -4.980319151334937355e-02
4.297600000000000364e+03 -2.878188923424214798e-02
4.300800000000000182e+03 -6.172377114177310560e-03
4.304000000000000000e+03 1.660353271311479362e-02
4.307199999999999818e+03 3.813209147155346979e-02
4.310399999999999636e+03 5.709334504778587616e-02
4.313600000000000364e+03 7.233962589262886433e-02
4.316800000000000182e+03 8.296299726092976057e-02
4.320000000000000000e+03 8.834818749770927127e-02
4.323199999999999818e+03 8.820782521487145755e-02
4.326399999999999636e+03 8.259733006619746076e-02
4.329600000000000364e+03 7.190791216301410660e-02
4.332800000000000182e+03 5.683783484475453396e-02
4.336000000000000000e+03 3.834413970228768564e-02
4.339199999999999818e+03 1.757892341482953855e-02
4.342399999999999636e+03 -4.184521502884809389e-03
4.345600000000000364e+03 -2.563010890316904170e-02
4.348800000000000182e+03 -4.547686270252446206e-02
4.352000000000000000e+03 -6.255225557264182390e-02
4.355199999999999818e+03 -7.585784693342564888e-02
4.358399999999999636e+03 -8.462467414674780530e-02
4.361600000000000364e+03 -8.835606340024523830e-02
4.364800000000000182e+03 -8.685555472431245871e-02
4.368000000000000000e+03 -8.023780636825991741e-02
4.371199999999999818e+03 -6.892098296804555213e-02
4.374399999999999636e+03 -5.360038780269206493e-02
4.377600000000000364e+03 -3.520480934264729606e-02
4.380800000000000182e+03 -1.483877094988111586e-02
4.384000000000000000e+03 6.284913402190781158e-03
4.387199999999999818e+03 2.691747068680356084e-02
4.390399999999999636e+03 4.584692787741925790e-02
4.393600000000000364e+03 6.196756972914526512e-02
4.396800000000000182e+03 7.434303200406688905e-02
4.400000000000000000e+03 8.226028111683168775e-02
4.403199999999999818e+03 8.527170668410492815e-02
4.406399999999999636e+03 8.322247263575854870e-02
4.409600000000000364e+03 7.626053322813425295e-02
4.412800000000000182e+03 6.482762888913652655e-02
4.416000000000000000e+03 4.963117006527425351e-02
4.419199999999999818e+03 3.159889383461429724e-02
4.422399999999999636e+03 1.181999639615605169e-02
4.425600000000000364e+03 -8.522431847262437743e-03
4.428800000000000182e+03 -2.822266712404943034e-02
4.432000000000000000e+03 -4.612291108511545196e-02
4.435199999999999818e+03 -6.117964040360061861e-02
4.438399999999999636e+03 -7.252291151080764164e-02
4.441600000000000364e+03 -7.950601874122635582e-02
4.444800000000000182e+03 -8.174286250845108626e-02
4.448000000000000000e+03 -7.913044480213639320e-02
4.451199999999999818e+03 -7.185440100628882887e-02
4.454399999999999636e+03 -6.037651111744874594e-02
4.457600000000000364e+03 -4.540460051512535539e-02
4.460800000000000182e+03 -2.784689124192607848e-02
4.464000000000000000e+03 -8.754375185091877593e-03
4.467199999999999818e+03 1.074419929864121881e-02
4.470399999999999636e+03 2.950987498174260579e-02
4.473600000000000364e+03 4.645923242140485854e-02
4.476800000000000182e+03 6.062497112799591220e-02
4.480000000000000000e+03 7.120886106506735258e-02
4.483199999999999818e+03 7.762504820043290843e-02
4.486399999999999636e+03 7.953172232542399245e-02
4.489600000000000364e+03 7.684914989330443591e-02
4.492800000000000182e+03 6.976247282020209273e-02
4.496000000000000000e+03 5.870863468089124876e-02
4.499199999999999818e+03 4.434813686923905901e-02
4.502399999999999636e+03 2.752369604962597027e-02
4.505600000000000364e+03 9.208954270477321194e-03
4.508800000000000182e+03 -9.548997173452818121e-03
4.512000000000000000e+03 -2.768942999676436353e-02
4.515199999999999818e+03 -4.419664601481252536e-02
4.518399999999999636e+03 -5.815466729451495426e-02
4.521600000000000364e+03 -6.879578202445169044e-02
4.524800000000000182e+03 -7.554120472675968090e-02
4.528000000000000000e+03 -7.803220016536256687e-02
4.531199999999999818e+03 -7.614992167263648359e-02
4.534399999999999636e+03 -7.002225560313521391e-02
4.537600000000000364e+03 -6.001646182076603164e-02
4.540800000000000182e+03 -4.671744956553165046e-02
4.544000000000000000e+03 -3.089291395547059602e-02
4.547199999999999818e+03 -1.344786249234406796e-02
4.550399999999999636e+03 4.628108617023884812e-03
4.553600000000000364e+03 2.231722900123434342e-02
4.556800000000000182e+03 3.863039494823560654e-02
4.560000000000000000e+03 5.266164878332853932e-02
4.563199999999999818e+03 6.363788903074803216e-02
4.566399999999999636e+03 7.096159125139543666e-02
4.569600000000000364e+03 7.424440009189729739e-02
4.572800000000000182e+03 7.332957788509450459e-02
4.576000000000000000e+03 6.830158476922065791e-02
4.579199999999999818e+03 5.948160202091409832e-02
4.582399999999999636e+03 4.740865645986487575e-02
4.585600000000000364e+03 3.280715420724730075e-02
4.588800000000000182e+03 1.654292452537291236e-02
4.592000000000000000e+03 -4.290136873673438774e-04
4.595199999999999818e+03 -1.712114967723938827e-02
4.598399999999999636e+03 -3.257086886366561407e-02
4.601600000000000364e+03 -4.589527022723641214e-02
4.604800000000000182e+03 -5.634079172031043747e-02
4.608000000000000000e+03 -6.332548499285278742e-02
4.611199999999999818e+03 -6.647198053594215172e-02
4.614399999999999636e+03 -6.562926533058541234e-02
4.617600000000000364e+03 -6.088160555683638786e-02
4.620800000000000182e+03 -5.254348254034197502e-02
4.624000000000000000e+03 -4.114031906056994647e-02
4.627199999999999818e+03 -2.737594448142589496e-02
4.630399999999999636e+03 -1.208895420663905901e-02
4.633600000000000364e+03 3.798904968090232193e-03
4.636800000000000182e+03 1.933865326848677180e-02
4.640000000000000000e+03 3.361058277297650221e-02
4.643199999999999818e+03 4.577795982165533406e-02
4.646399999999999636e+03 5.513503602722498453e-02
4.649600000000000364e+03 6.114698308530780446e-02
4.652800000000000182e+03 6.347981458358904761e-02
4.656000000000000000e+03 6.201877556579685896e-02
4.659199999999999818e+03 5.687412490778839813e-02
4.662399999999999636e+03 4.837376877462516711e-02
4.665600000000000364e+03 3.704288673074197097e-02
4.668800000000000182e+03 2.357155071607403701e-02
4.672000000000000000e+03 8.772297331022802999e-03
4.675199999999999818e+03 -6.469514523608664233e-03
4.678399999999999636e+03 -2.124916716848466655e-02
4.681600000000000364e+03 -3.469634029801643010e-02
4.684800000000000182e+03 -4.602586794240168255e-02
4.688000000000000000e+03 -5.458265307566923658e-02
4.691199999999999818e+03 -5.987841699960192582e-02
4.694399999999999636e+03 -6.161849544065000489e-02
4.697600000000000364e+03 -5.971743704433647715e-02
4.700800000000000182e+03 -5.430270529741151875e-02
4.704000000000000000e+03 -4.570632240313490108e-02
4.707199999999999818e+03 -3.444484605631650820e-02
4.710399999999999636e+03 -2.118868459654965966e-02
4.713600000000000364e+03 -6.722434782085969993e-03
4.716800000000000182e+03 8.101425728487593805e-03
4.720000000000000000e+03 2.241268931374401294e-02
4.723199999999999818e+03 3.537440868256828963e-02
4.726399999999999636e+03 4.623176274441424816e-02
4.729600000000000364e+03 5.435602923269467618e-02
4.732800000000000182e+03 5.928118494615149114e-02
4.736000000000000000e+03 6.073103692504931012e-02
4.739199999999999818e+03 5.863527984135233351e-02
4.742399999999999636e+03 5.313347118727955454e-02
4.745600000000000364e+03 4.456659098692152682e-02
4.748800000000000182e+03 3.345658149966440620e-02
4.752000000000000000e+03 2.047501741809962597e-02
4.755199999999999818e+03 6.402781489379350162e-03
4.758399999999999636e+03 -7.916783193326627430e-03
4.761600000000000364e+03 -2.162839978802212279e-02
4.764800000000000182e+03 -3.391608817717171875e-02
4.768000000000000000e+03 -4.405215914261235988e-02
4.771199999999999818e+03 -5.144113615758347940e-02
4.774399999999999636e+03 -5.565593355784734936e-02
4.777600000000000364e+03 -5.646393531089555912e-02
4.780800000000000182e+03 -5.384116649778776520e-02
4.784000000000000000e+03 -4.797350443298396133e-02
4.787199999999999818e+03 -3.924472799334790402e-02
4.790399999999999636e+03 -2.821206110066080963e-02
4.793600000000000364e+03 -1.557070432571427618e-02
4.796800000000000182e+03 -2.109648533613936016e-03
4.800000000000000000e+03 1.133825966723219295e-02
4.803199999999999818e+03 2.394861341508219138e-02
4.806399999999999636e+03 3.495663939917332402e-02
4.809600000000000364e+03 4.370405881565593564e-02
4.812800000000000182e+03 4.967880367396615426e-02
4.816000000000000000e+03 5.254527925131288746e-02
4.819199999999999818e+03 5.216341778783779859e-02
4.822399999999999636e+03 4.859539110374892779e-02
4.825600000000000364e+03 4.209955035035369691e-02
4.828800000000000182e+03 3.311192828949440642e-02
4.832000000000000000e+03 2.221646181882058757e-02
4.835199999999999818e+03 1.010594842524035510e-02
4.838399999999999636e+03 -2.463446582822605060e-03
4.841600000000000364e+03 -1.472074022458039547e-02
4.844800000000000182e+03 -2.592818695326787673e-02
4.848000000000000000e+03 -3.542560053381006019e-02
4.851199999999999818e+03 -4.266836166116924622e-02
4.854399999999999636e+03 -4.725728426497531609e-02
4.857600000000000364e+03 -4.895916215876224692e-02
4.860800000000000182e+03 -4.771730476830642054e-02
4.864000000000000000e+03 -4.365176062612417807e-02
4.867199999999999818e+03 -3.704931183022586866e-02
4.870399999999999636e+03 -2.834376324386716009e-02
4.873600000000000364e+03 -1.808758427653503822e-02
4.876800000000000182e+03 -6.916600046915972154e-03
4.880000000000000000e+03 4.489901421477342745e-03
4.883199999999999818e+03 1.545078188564016387e-02
4.886399999999999636e+03 2.532344057067855911e-02
4.889600000000000364e+03 3.354045403766857392e-02
4.892800000000000182e+03 3.964067757335117126e-02
4.896000000000000000e+03 4.329369902842886836e-02
4.899199999999999818e+03 4.431690524833244854e-02
4.902399999999999636e+03 4.268449696825196010e-02
4.905600000000000364e+03 3.852781260070389097e-02
4.908800000000000182e+03 3.212654434559032018e-02
4.912000000000000000e+03 2.389093989887482519e-02
4.915199999999999818e+03 1.433580311571563612e-02
4.918399999999999636e+03 4.047892871495800855e-03
4.921600000000000364e+03 -6.350977519138445611e-03
4.924800000000000182e+03 -1.624237793665645954e-02
4.928000000000000000e+03 -2.504841833988816560e-02
4.931199999999999818e+03 -3.226521766350957249e-02
4.934399999999999636e+03 -3.749099912340572716e-02
4.937600000000000364e+03 -4.044781839777632226e-02
4.940800000000000182e+03 -4.099628759920463661e-02
4.944000000000000000e+03 -3.914264905701347885e-02
4.947199999999999818e+03 -3.503746041132396738e-02
4.950399999999999636e+03 -2.896534806893686503e-02
4.953600000000000364e+03 -2.132594126782576607e-02
4.956800000000000182e+03 -1.260706957222209462e-02
4.960000000000000000e+03 -3.352260047615985075e-03
4.963199999999999818e+03 5.874787966808158075e-03
4.966399999999999636e+03 1.452586768123234097e-02
4.969600000000000364e+03 2.210139472279518819e-02
4.972800000000000182e+03 2.817885686126462425e-02
4.976000000000000000e+03 3.243515999901328689e-02
4.979199999999999818e+03 3.466217999955999857e-02
4.982399999999999636e+03 3.477536844878197780e-02
4.985600000000000364e+03 3.281548188006526423e-02
4.988800000000000182e+03 2.894348067279235368e-02
4.992000000000000000e+03 2.342862755505980416e-02
4.995199999999999818e+03 1.663006954671743601e-02
4.998399999999999636e+03 8.972788551498262627e-03
5.001600000000000364e+03 9.195800426507562192e-04
5.004800000000000182e+03 -7.058648992867822512e-03
5.008000000000000000e+03 -1.451174866891246154e-02
5.011199999999999818e+03 -2.103611623642041850e-02
5.014399999999999636e+03 -2.629580793888699683e-02
5.017600000000000364e+03 -3.003815575074440802e-02
5.020800000000000182e+03 -3.210373992526653619e-02
5.024000000000000000e+03 -3.243095879229695305e-02
5.027199999999999818e+03 -3.105553454520663600e-02
5.030399999999999636e+03 -2.810521622918285556e-02
5.033600000000000364e+03 -2.378986751207038189e-02
5.036800000000000182e+03 -1.838720616263689669e-02
5.040000000000000000e+03 -1.222475565755409659e-02
5.043199999999999818e+03 -5.659034292220230071e-03
5.046399999999999636e+03 9.464940154684180857e-04
5.049600000000000364e+03 7.242853117837946483e-03
5.052800000000000182e+03 1.291455292643656910e-02
5.056000000000000000e+03 1.769480733479927848e-02
5.059199999999999818e+03 2.137640171444928072e-02
5.062399999999999636e+03 2.381839554394853120e-02
5.065600000000000364e+03 2.494925483451914186e-02
5.068800000000000182e+03 2.476695369761574422e-02
5.072000000000000000e+03 2.333623771875739314e-02
5.075199999999999818e+03 2.078293798525817498e-02
5.078399999999999636e+03 1.728521877824494915e-02
5.081600000000000364e+03 1.306195615511710796e-02
5.084800000000000182e+03 8.358907423589473015e-03
5.088000000000000000e+03 3.433735624531006163e-03
5.091199999999999818e+03 -1.458829117611312211e-03
5.094399999999999636e+03 -6.080424864124873291e-03
5.097600000000000364e+03 -1.022008092495726127e-02
5.100800000000000182e+03 -1.370228739323966528e-02
5.104000000000000000e+03 -1.639212899864882569e-02
5.107199999999999818e+03 -1.819795220500967925e-02
5.110399999999999636e+03 -1.907219328241308368e-02
5.113600000000000364e+03 -1.901082001454947740e-02
5.116800000000000182e+03 -1.805147834262373421e-02
5.120000000000000000e+03 -1.627013968480747405e-02
5.123199999999999818e+03 -1.377601274749784034e-02
5.126399999999999636e+03 -1.070474261432328468e-02
5.129600000000000364e+03 -7.210331529175969048e-03
5.132800000000000182e+03 -3.456579123467516581e-03
5.136000000000000000e+03 3.910014712321515317e-04
5.139199999999999818e+03 4.171948143782403494e-03
5.142399999999999636e+03 7.735818097768456733e-03
5.145600000000000364e+03 1.094540740624269648e-02
5.148800000000000182e+03 1.367878162882133451e-02
5.152000000000000000e+03 1.583097432485060241e-02
5.155199999999999818e+03 1.731614692803401176e-02
5.158399999999999636e+03 1.807058600406298912e-02
5.161600000000000364e+03 1.805631865002589251e-02
5.164800000000000182e+03 1.726461825224833921e-02
5.168000000000000000e+03 1.571847290984177900e-02
5.171199999999999818e+03 1.347327620838934155e-02
5.174399999999999636e+03 1.061548154916397771e-02
5.177600000000000364e+03 7.259512063944147803e-03
5.180800000000000182e+03 3.543574478227913722e-03
5.184000000000000000e+03 -3.749887657945284117e-04
5.187199999999999818e+03 -4.324539723643150251e-03
5.190399999999999636e+03 -8.124401478956077768e-03
5.193600000000000364e+03 -1.159107662235222234e-02
5.196800000000000182e+03 -1.454592467047849218e-02
5.200000000000000000e+03 -1.682438312437431471e-02
5.203199999999999818e+03 -1.828622015547504837e-02
5.206399999999999636e+03 -1.882576655610475325e-02
5.209600000000000364e+03 -1.838079540397912284e-02
5.212800000000000182e+03 -1.693881489599352932e-02
5.216000000000000000e+03 -1.454000002888024279e-02
5.219199999999999818e+03 -1.127664701728504047e-02
5.222399999999999636e+03 -7.289614027086875961e-03
5.225600000000000364e+03 -2.762460700266736961e-03
5.228800000000000182e+03 2.086152845273639683e-03
5.232000000000000000e+03 7.011633207458782546e-03
5.235199999999999818e+03 1.175433817413610270e-02
5.238399999999999636e+03 1.605235683733749474e-02
5.241600000000000364e+03 1.965604400053876100e-02
5.244800000000000182e+03 2.234363543178877892e-02
5.248000000000000000e+03 2.393674016716687905e-02
5.251199999999999818e+03 2.431416487462923284e-02
5.254399999999999636e+03 2.342248897591434065e-02
5.257600000000000364e+03 2.128211814276175992e-02
5.260800000000000182e+03 1.798814828653309134e-02
5.264000000000000000e+03 1.370610886917638521e-02
5.267199999999999818e+03 8.663278342961809944e-03
5.270399999999999636e+03 3.136565140185660402e-03
5.273600000000000364e+03 -2.562123365911998102e-03
5.276800000000000182e+03 -8.102396357566994667e-03
5.280000000000000000e+03 -1.315341406779411276e-02
5.283199999999999818e+03 -1.740308286991070277e-02
5.286399999999999636e+03 -2.057773101089091505e-02
5.289600000000000364e+03 -2.246105027653822958e-02
5.292800000000000182e+03 -2.291059752633741592e-02
5.296000000000000000e+03 -2.186998061013402037e-02
5.299199999999999818e+03 -1.937516478495437955e-02
5.302399999999999636e+03 -1.555407963857700568e-02
5.305600000000000364e+03 -1.061964169715764669e-02
5.308800000000000182e+03 -4.857116420021165282e-03
5.312000000000000000e+03 1.392816738743603245e-03
5.315199999999999818e+03 7.753916127216336010e-03
5.318399999999999636e+03 1.383603088342976080e-02
5.321600000000000364e+03 1.925773248591646988e-02
5.324800000000000182e+03 2.366919828559243058e-02
5.328000000000000000e+03 2.677443138040024387e-02
5.331199999999999818e+03 2.835151661010271509e-02
5.334399999999999636e+03 2.826925713408971058e-02
5.337600000000000364e+03 2.649846267356559260e-02
5.340800000000000182e+03 2.311651492796752347e-02
5.344000000000000000e+03 1.830456371452596903e-02
5.347199999999999818e+03 1.233757001435152600e-02
5.350399999999999636e+03 5.568120230595512490e-03
5.353600000000000364e+03 -1.594681715103023591e-03
5.356800000000000182e+03 -8.709853346432438331e-03
5.360000000000000000e+03 -1.533135885050009896e-02
5.363199999999999818e+03 -2.103578311601973436e-02
5.366399999999999636e+03 -2.544941503096280824e-02
5.369600000000000364e+03 -2.827312632024821942e-02
5.372800000000000182e+03 -2.930328730521433028e-02
5.376000000000000000e+03 -2.844696997300113009e-02
5.379199999999999818e+03 -2.572996859203285566e-02
5.382399999999999636e+03 -2.129676796346861856e-02
5.385600000000000364e+03 -1.540241953274520958e-02
5.388800000000000182e+03 -8.397115644325159334e-03
5.392000000000000000e+03 -7.048324854070241088e-04
5.395199999999999818e+03 7.202364174679436876e-03
5.398399999999999636e+03 1.483279305740535167e-02
5.401600000000000364e+03 2.170495146973121930e-02
5.404800000000000182e+03 2.737718195921865633e-02
5.408000000000000000e+03 3.147567457648274558e-02
5.411199999999999818e+03 3.371914871965326493e-02
5.414399999999999636e+03 3.393850224043083730e-02
5.417600000000000364e+03 3.208980704250518484e-02
5.420800000000000182e+03 2.825935113410265112e-02
5.424000000000000000e+03 2.266002115605685388e-02
5.427199999999999818e+03 1.561912988379588960e-02
5.430399999999999636e+03 7.558632077608993041e-03
5.433600000000000364e+03 -1.030701555122034464e-03
5.436800000000000182e+03 -9.619317106157045452e-03
5.440000000000000000e+03 -1.767132235823261344e-02
5.443199999999999818e+03 -2.467767674182308121e-02
5.446399999999999636e+03 -3.018845233035653830e-02
5.449600000000000364e+03 -3.384230386167082216e-02
5.452800000000000182e+03 -3.539107560459579110e-02
5.456000000000000000e+03 -3.471749117063501616e-02
5.459199999999999818e+03 -3.184427600995594354e-02
5.462399999999999636e+03 -2.693382733875222118e-02
5.465600000000000364e+03 -2.027848090684042370e-02
5.468800000000000182e+03 -1.228229817038141436e-02
5.472000000000000000e+03 -3.435925613996158434e-03
5.475199999999999818e+03 5.713589368311671780e-03
5.478399999999999636e+03 1.459608699093590221e-02
5.481600000000000364e+03 2.265282840188846680e-02
5.484800000000000182e+03 2.937066669953562054e-02
5.488000000000000000e+03 3.431469333527248367e-02
5.491199999999999818e+03 3.715724552808830072e-02
5.494399999999999636e+03 3.770075436383682477e-02
5.497600000000000364e+03 3.589251869833576941e-02
5.500800000000000182e+03 3.182979460692415830e-02
5.504000000000000000e+03 2.575436239920147682e-02
5.507199999999999818e+03 1.803687434681516127e-02
5.510399999999999636e+03 9.152388793244210785e-03
5.513600000000000364e+03 -3.507738330154190924e-04
5.516800000000000182e+03 -9.886479276657849508e-03
5.520000000000000000e+03 -1.886824148208612537e-02
5.523199999999999818e+03 -2.674654496326864944e-02
5.526399999999999636e+03 -3.304390695249390109e-02
5.529600000000000364e+03 -3.738552011047920759e-02
5.532800000000000182e+03 -3.952334935396265708e-02
5.536000000000000000e+03 -3.935179669218519943e-02
5.539199999999999818e+03 -3.691356309151175991e-02
5.542399999999999636e+03 -3.239511709767536191e-02
5.545600000000000364e+03 -2.611214041076555595e-02
5.548800000000000182e+03 -1.848629407458089388e-02
5.552000000000000000e+03 -1.001542092276911863e-02
5.555199999999999818e+03 -1.239698053069604716e-03
5.558399999999999636e+03 7.293751256899403020e-03
5.561600000000000364e+03 1.506554510705637902e-02
5.564800000000000182e+03 2.161610395805762738e-02
5.568000000000000000e+03 2.657336937352890865e-02
5.571199999999999818e+03 2.967457532394977837e-02
5.574399999999999636e+03 3.078061587800143273e-02
5.577600000000000364e+03 2.988190373058456292e-02
5.580800000000000182e+03 2.709524160100471729e-02
5.584000000000000000e+03 2.265206448443564738e-02
5.587199999999999818e+03 1.687926409744754108e-02
5.590399999999999636e+03 1.017445061891887950e-02
5.593600000000000364e+03 2.977796380699125871e-03
5.596800000000000182e+03 -4.257442111415677202e-03
5.600000000000000000e+03 -1.109385943318784255e-02
5.603199999999999818e+03 -1.713667063274622662e-02
5.606399999999999636e+03 -2.205686135928736080e-02
5.609600000000000364e+03 -2.560940193164725279e-02
5.612800000000000182e+03 -2.764540717696058886e-02
5.616000000000000000e+03 -2.811746129199522645e-02
5.619199999999999818e+03 -2.707782314144324340e-02
5.622399999999999636e+03 -2.466984156438428027e-02
5.625600000000000364e+03 -2.111354549273022560e-02
5.628800000000000182e+03 -1.668689435703065924e-02
5.632000000000000000e+03 -1.170445146674904680e-02
5.635199999999999818e+03 -6.495223846214667404e-03
5.638399999999999636e+03 -1.381162866346699689e-03
5.641600000000000364e+03 3.342501579472959960e-03
5.644800000000000182e+03 7.424164635160196597e-03
5.648000000000000000e+03 1.066917916486330442e-02
5.651199999999999818e+03 1.294888239917031322e-02
5.654399999999999636e+03 1.420473768014063852e-02
5.657600000000000364e+03 1.444733470737454006e-02
5.660800000000000182e+03 1.375046140825489198e-02
5.664000000000000000e+03 1.224097306838277215e-02
5.667199999999999818e+03 1.008560507049200382e-02
5.670399999999999636e+03 7.476100847937349955e-03
5.673600000000000364e+03 4.614022210456090664e-03
5.676800000000000182e+03 1.696419011132746643e-03
5.680000000000000000e+03 -1.096745542029893940e-03
5.683199999999999818e+03 -3.612790762412615951e-03
5.686399999999999636e+03 -5.733724247066531235e-03
5.689600000000000364e+03 -7.380602660222490390e-03
5.692800000000000182e+03 -8.514740050036139971e-03
5.696000000000000000e+03 -9.135841345887107598e-03
5.699199999999999818e+03 -9.277376134861540710e-03
5.702399999999999636e+03 -8.999766881550862879e-03
5.705600000000000364e+03 -8.382183943748323929e-03
5.708800000000000182e+03 -7.513851231502292373e-03
5.712000000000000000e+03 -6.485735345785118705e-03
5.715199999999999818e+03 -5.383329578450287735e-03
5.718399999999999636e+03 -4.281007594010707677e-03
5.721600000000000364e+03 -3.238179439413403551e-03
5.724800000000000182e+03 -2.297285167771495520e-03
5.728000000000000000e+03 -1.483520701848913079e-03
5.731199999999999818e+03 -8.060884088595174747e-04
5.734399999999999636e+03 -2.606773657008377878e-04
5.737600000000000364e+03 1.672020613857446076e-04
5.740800000000000182e+03 4.984649319560754662e-04
5.744000000000000000e+03 7.567340474793451174e-04
5.747199999999999818e+03 9.650730797772380867e-04
5.750399999999999636e+03 1.143490220686677094e-03
5.753600000000000364e+03 1.307395091951079821e-03
5.756800000000000182e+03 1.467044301029346229e-03
5.760000000000000000e+03 1.627875026350450232e-03
5.763199999999999818e+03 1.791530048024987578e-03
5.766399999999999636e+03 1.957305081204378187e-03
5.769600000000000364e+03 2.123745618561896382e-03
