0.000000000000000000e+00 1.836105340672851242e-03
3.200000000000000178e+00 1.982340738525950000e-03
6.400000000000000355e+00 2.128254327386937001e-03
9.599999999999999645e+00 2.273715375983757954e-03
1.280000000000000071e+01 2.418587374921108302e-03
1.600000000000000000e+01 2.562733189739660813e-03
1.919999999999999929e+01 2.706012804690455156e-03
2.239999999999999858e+01 2.848284651514625208e-03
2.560000000000000142e+01 2.989404927432000314e-03
2.880000000000000071e+01 3.129228161412675718e-03
3.200000000000000000e+01 3.267606957649620784e-03
3.520000000000000284e+01 3.404392315887303302e-03
3.839999999999999858e+01 3.539433538006963014e-03
4.160000000000000142e+01 3.672578447372237907e-03
4.479999999999999716e+01 3.803673372518780182e-03
4.800000000000000000e+01 3.932563318774865910e-03
5.120000000000000284e+01 4.059091994063258706e-03
5.439999999999999858e+01 4.183101956061103383e-03
5.760000000000000142e+01 4.304434663708427838e-03
6.079999999999999716e+01 4.422930611164125649e-03
6.400000000000000000e+01 4.538429396179695895e-03
6.720000000000000284e+01 4.650769846975480112e-03
7.040000000000000568e+01 4.759790102858243478e-03
7.359999999999999432e+01 4.865327737272341288e-03
7.679999999999999716e+01 4.967219846996983115e-03
8.000000000000000000e+01 5.065303173250422855e-03
8.320000000000000284e+01 5.159414198198413598e-03
8.640000000000000568e+01 5.249389265497222436e-03
8.959999999999999432e+01 5.335064681760742084e-03
9.279999999999999716e+01 5.416276836674708932e-03
9.600000000000000000e+01 5.492862309321192189e-03
9.920000000000000284e+01 5.564657988994259515e-03
1.024000000000000057e+02 5.631501184659278014e-03
1.055999999999999943e+02 5.693229745470172742e-03
1.087999999999999972e+02 5.749682173025149647e-03
1.120000000000000000e+02 5.800697742442249664e-03
1.152000000000000028e+02 5.846116616639107991e-03
1.184000000000000057e+02 5.885779967463319363e-03
1.215999999999999943e+02 5.919530091956845888e-03
1.247999999999999972e+02 5.947210533863179875e-03
1.280000000000000000e+02 5.968666200433251669e-03
1.311999999999999886e+02 5.983743482554123097e-03
1.344000000000000057e+02 5.992290371714226183e-03
1.375999999999999943e+02 5.994156580583191382e-03
1.408000000000000114e+02 5.989193661055136272e-03
1.440000000000000000e+02 5.977255123149494836e-03
1.471999999999999886e+02 5.958196550795352708e-03
1.504000000000000057e+02 5.931875719439741804e-03
1.535999999999999943e+02 5.898152713393749712e-03
1.568000000000000114e+02 5.856890044101876677e-03
1.600000000000000000e+02 5.807952765641029649e-03
1.631999999999999886e+02 5.751208589177976213e-03
1.664000000000000057e+02 5.686527996199027164e-03
1.695999999999999943e+02 5.613784351501440936e-03
1.728000000000000114e+02 5.532854014770912168e-03
1.760000000000000000e+02 5.443616451012524282e-03
1.791999999999999886e+02 5.345954339873336923e-03
1.824000000000000057e+02 5.239753682866559945e-03
1.855999999999999943e+02 5.124903907869401282e-03
1.888000000000000114e+02 5.001297971090881353e-03
1.920000000000000000e+02 4.868832458802522904e-03
1.951999999999999886e+02 4.727407688131408069e-03
1.984000000000000057e+02 4.576927806377160089e-03
2.015999999999999943e+02 4.417300886925224108e-03
2.048000000000000114e+02 4.248439023858107018e-03
2.080000000000000000e+02 4.070258423636858441e-03
2.111999999999999886e+02 3.882679493798087047e-03
2.144000000000000057e+02 3.685626927262443918e-03
2.175999999999999943e+02 3.479029786158225127e-03
2.208000000000000114e+02 3.262821584827258620e-03
2.240000000000000000e+02 3.036940372093320691e-03
2.271999999999999886e+02 2.801328808239449391e-03
2.304000000000000057e+02 2.555934237848527055e-03
2.335999999999999943e+02 2.300708757529688984e-03
2.368000000000000114e+02 2.035609282013131887e-03
2.400000000000000000e+02 1.760597608170309282e-03
2.431999999999999886e+02 1.475640479185634599e-03
2.464000000000000057e+02 1.180709644856680262e-03
2.495999999999999943e+02 8.757819180367001086e-04
2.528000000000000114e+02 5.608392252342275786e-04
2.560000000000000000e+02 2.358686550075615349e-04
2.591999999999999886e+02 -9.913749707923801035e-05
2.623999999999999773e+02 -4.441816846651779407e-04
2.656000000000000227e+02 -7.992610696577691397e-04
2.688000000000000114e+02 -1.164367481198789285e-03
2.720000000000000000e+02 -1.539487377198863046e-03
2.751999999999999886e+02 -1.924601809420725717e-03
2.783999999999999773e+02 -2.319686396979220820e-03
2.816000000000000227e+02 -2.724711306555575516e-03
2.848000000000000114e+02 -3.139641238611157181e-03
2.880000000000000000e+02 -3.564435416610772268e-03
2.911999999999999886e+02 -3.999047582478113851e-03
2.943999999999999773e+02 -4.443426002023678420e-03
2.976000000000000227e+02 -4.897513480253566989e-03
3.008000000000000114e+02 -5.361247383704190357e-03
3.040000000000000000e+02 -5.834559648920709281e-03
3.071999999999999886e+02 -6.317376845665978631e-03
3.103999999999999773e+02 -6.809620636785745397e-03
3.136000000000000227e+02 -7.311208183441671171e-03
3.168000000000000114e+02 -7.822052208992553643e-03
3.200000000000000000e+02 -8.342061034997771615e-03
3.231999999999999886e+02 -8.871138649959909445e-03
3.263999999999999773e+02 -9.409184794214854597e-03
3.296000000000000227e+02 -9.956095049934332586e-03
3.328000000000000114e+02 -1.051176091338018072e-02
3.360000000000000000e+02 -1.107606984003207083e-02
3.391999999999999886e+02 -1.164890526121156906e-02
3.423999999999999773e+02 -1.223014658719529489e-02
3.456000000000000227e+02 -1.281966921037109262e-02
3.488000000000000114e+02 -1.341734452442062617e-02
3.520000000000000000e+02 -1.402303996859606203e-02
3.551999999999999886e+02 -1.463661911227258014e-02
3.583999999999999773e+02 -1.525794179311519214e-02
3.616000000000000227e+02 -1.588686432217862807e-02
3.648000000000000114e+02 -1.652323975357421551e-02
3.680000000000000000e+02 -1.716691821865276926e-02
3.711999999999999886e+02 -1.781774730096965034e-02
3.743999999999999773e+02 -1.847557216687985282e-02
3.776000000000000227e+02 -1.914023421835514896e-02
3.808000000000000114e+02 -1.981156574044198176e-02
3.840000000000000000e+02 -2.048937977854798503e-02
3.871999999999999886e+02 -2.117346682258699694e-02
3.903999999999999773e+02 -2.186363614083930082e-02
3.936000000000000227e+02 -2.255985612236927063e-02
3.968000000000000114e+02 -2.326248594917052978e-02
4.000000000000000000e+02 -2.397238357521972590e-02
4.031999999999999886e+02 -2.469041548165563926e-02
4.063999999999999773e+02 -2.541598013627702907e-02
4.096000000000000227e+02 -2.614506784130350356e-02
4.128000000000000114e+02 -2.686988484350174081e-02
4.160000000000000000e+02 -2.758257778882493641e-02
4.191999999999999886e+02 -2.828309289960623946e-02
4.223999999999999773e+02 -2.898605841657179299e-02
4.256000000000000227e+02 -2.971836524481189304e-02
4.288000000000000114e+02 -3.050355715802027454e-02
4.320000000000000000e+02 -3.134089256745789531e-02
4.351999999999999886e+02 -3.219617573668437371e-02
4.383999999999999773e+02 -3.301651796561223123e-02
4.416000000000000227e+02 -3.376247636284962494e-02
4.448000000000000114e+02 -3.443474756743167275e-02
4.480000000000000000e+02 -3.507557621151664168e-02
4.511999999999999886e+02 -3.574517567362830300e-02
4.543999999999999773e+02 -3.649076631152557704e-02
4.576000000000000227e+02 -3.732550873256211543e-02
4.608000000000000114e+02 -3.822330778804055446e-02
4.640000000000000000e+02 -3.912890252010237796e-02
4.671999999999999886e+02 -3.998248580658966822e-02
4.703999999999999773e+02 -4.075244428220634735e-02
4.736000000000000227e+02 -4.145701392380225087e-02
4.768000000000000114e+02 -4.215367791133888681e-02
4.800000000000000000e+02 -4.289759969853529364e-02
4.831999999999999886e+02 -4.370073482043854846e-02
4.863999999999999773e+02 -4.452747732884580062e-02
4.896000000000000227e+02 -4.533038795697473533e-02
4.928000000000000114e+02 -4.609161829565023433e-02
4.960000000000000000e+02 -4.683215259537819308e-02
4.991999999999999886e+02 -4.758530179137666904e-02
5.023999999999999773e+02 -4.836533241566712965e-02
5.056000000000000227e+02 -4.916114133352196547e-02
5.088000000000000114e+02 -4.995430053920541652e-02
5.120000000000000000e+02 -5.073733213436570910e-02
5.152000000000000455e+02 -5.151478963719986759e-02
5.183999999999999773e+02 -5.229252134882080016e-02
5.216000000000000227e+02 -5.307078138384308669e-02
5.247999999999999545e+02 -5.384691139706405949e-02
5.280000000000000000e+02 -5.462028239989539374e-02
5.312000000000000455e+02 -5.539201472539981297e-02
5.343999999999999773e+02 -5.616105536214514166e-02
5.376000000000000227e+02 -5.692287810328248987e-02
5.407999999999999545e+02 -5.767276594063703438e-02
5.440000000000000000e+02 -5.840971326929085550e-02
5.472000000000000455e+02 -5.913678790517316874e-02
5.503999999999999773e+02 -5.985818978341014146e-02
5.536000000000000227e+02 -6.057636279257364725e-02
5.567999999999999545e+02 -6.129148117063667328e-02
5.600000000000000000e+02 -6.200265537182785003e-02
5.632000000000000455e+02 -6.270884721039629572e-02
5.663999999999999773e+02 -6.340869331873236203e-02
5.696000000000000227e+02 -6.410019425116265934e-02
5.727999999999999545e+02 -6.478132981666463730e-02
5.760000000000000000e+02 -6.545122353255224124e-02
5.792000000000000455e+02 -6.611039942339619335e-02
5.823999999999999773e+02 -6.675899815465269338e-02
5.856000000000000227e+02 -6.739260522979731438e-02
5.887999999999999545e+02 -6.799542203730145340e-02
5.920000000000000000e+02 -6.853033387918207320e-02
5.952000000000000455e+02 -6.892629155507332128e-02
5.983999999999999773e+02 -6.906541799595629361e-02
6.016000000000000227e+02 -6.877402444200428344e-02
6.047999999999999545e+02 -6.782206730059396615e-02
6.080000000000000000e+02 -6.593437461933930599e-02
6.112000000000000455e+02 -6.281455543484788795e-02
6.143999999999999773e+02 -5.817913894942321196e-02
6.176000000000000227e+02 -5.179590925096917708e-02
6.207999999999999545e+02 -4.351817337458107476e-02
6.240000000000000000e+02 -3.330726240608227612e-02
6.272000000000000455e+02 -2.123891636540850905e-02
6.303999999999999773e+02 -7.493836844359971945e-03
6.336000000000000227e+02 7.663325494124942697e-03
6.367999999999999545e+02 2.391033782993165838e-02
6.400000000000000000e+02 4.089350044744884116e-02
6.432000000000000455e+02 5.825055692146173525e-02
6.463999999999999773e+02 7.563064296363758432e-02
6.496000000000000227e+02 9.271337497428928931e-02
6.527999999999999545e+02 1.092285951069770084e-01
6.560000000000000000e+02 1.249757026314808617e-01
6.592000000000000455e+02 1.398385560117432480e-01
6.623999999999999773e+02 1.537904336742405009e-01
6.656000000000000227e+02 1.668845616483675687e-01
6.687999999999999545e+02 1.792292105316124762e-01
6.720000000000000000e+02 1.909512399877710542e-01
6.752000000000000455e+02 2.021564327060028088e-01
6.783999999999999773e+02 2.128971034243790084e-01
6.816000000000000227e+02 2.231560167711690301e-01
6.847999999999999545e+02 2.328506855308511425e-01
6.880000000000000000e+02 2.418554132367999876e-01
6.912000000000000455e+02 2.500328284104161303e-01
6.943999999999999773e+02 2.572645040692680962e-01
6.976000000000000227e+02 2.634720408947541781e-01
7.007999999999999545e+02 2.686242604376258281e-01
7.040000000000000000e+02 2.727308713004452656e-01
7.072000000000000455e+02 2.758267797155809498e-01
7.103999999999999773e+02 2.779534622918343190e-01
7.136000000000000227e+02 2.791439580092248685e-01
7.167999999999999545e+02 2.794157545819478949e-01
7.200000000000000000e+02 2.787719092299429935e-01
7.232000000000000455e+02 2.772071908404584173e-01
7.263999999999999773e+02 2.747148718720562321e-01
7.296000000000000227e+02 2.712913423683807057e-01
7.327999999999999545e+02 2.669382933187297580e-01
7.360000000000000000e+02 2.616636944083002847e-01
7.392000000000000455e+02 2.554824289110235180e-01
7.423999999999999773e+02 2.484162904943827410e-01
7.456000000000000227e+02 2.404926411456911051e-01
7.487999999999999545e+02 2.317418459260264796e-01
7.520000000000000000e+02 2.221946943259446583e-01
7.552000000000000455e+02 2.118811461830394927e-01
7.583999999999999773e+02 2.008306983284556535e-01
7.616000000000000227e+02 1.890734862585276566e-01
7.647999999999999545e+02 1.766410721180560472e-01
7.680000000000000000e+02 1.635667799660647237e-01
7.712000000000000455e+02 1.498863113209266962e-01
7.743999999999999773e+02 1.356391471005964910e-01
7.776000000000000227e+02 1.208701151634083565e-01
7.807999999999999545e+02 1.056297811319556745e-01
7.840000000000000000e+02 8.997297054672301342e-02
7.872000000000000455e+02 7.395621770817062401e-02
7.903999999999999773e+02 5.763572435544431910e-02
7.936000000000000227e+02 4.106665364030899490e-02
7.967999999999999545e+02 2.430311215271492575e-02
8.000000000000000000e+02 7.397611632578273734e-03
8.032000000000000455e+02 -9.600218916335064023e-03
8.063999999999999773e+02 -2.664446434222525126e-02
8.096000000000000227e+02 -4.369184384577613073e-02
8.127999999999999545e+02 -6.069865374917929324e-02
8.160000000000000000e+02 -7.761744036903182875e-02
8.192000000000000455e+02 -9.439559404286529398e-02
8.223999999999999773e+02 -1.109767942782337730e-01
8.256000000000000227e+02 -1.273043725636792411e-01
8.287999999999999545e+02 -1.433247238927587708e-01
8.320000000000000000e+02 -1.589893659385264169e-01
8.352000000000000455e+02 -1.742553060405347964e-01
8.383999999999999773e+02 -1.890839752878647750e-01
8.416000000000000227e+02 -2.034389040549512695e-01
8.447999999999999545e+02 -2.172821857045470761e-01
8.480000000000000000e+02 -2.305702275641325072e-01
8.512000000000000455e+02 -2.432501606681443662e-01
8.543999999999999773e+02 -2.552587502074351589e-01
8.576000000000000227e+02 -2.665250466559786480e-01
8.607999999999999545e+02 -2.769764928541174620e-01
8.640000000000000000e+02 -2.865466311014884249e-01
8.672000000000000455e+02 -2.951818409463524695e-01
8.703999999999999773e+02 -3.028449972822354064e-01
8.736000000000000227e+02 -3.095152248078808510e-01
8.767999999999999545e+02 -3.151843759094010711e-01
8.800000000000000000e+02 -3.198518515927448735e-01
8.832000000000000455e+02 -3.235195646239054645e-01
8.863999999999999773e+02 -3.261882725618818202e-01
8.896000000000000227e+02 -3.278556442519872105e-01
8.927999999999999545e+02 -3.285158011626784225e-01
8.960000000000000000e+02 -3.281598959080416211e-01
8.992000000000000455e+02 -3.267773605797082981e-01
9.023999999999999773e+02 -3.243575315507118972e-01
9.056000000000000227e+02 -3.208914174264387298e-01
9.087999999999999545e+02 -3.163735026777858006e-01
9.120000000000000000e+02 -3.108035807347760970e-01
9.152000000000000455e+02 -3.041884817405280383e-01
9.183999999999999773e+02 -2.965432127084897118e-01
9.216000000000000227e+02 -2.878908117164940550e-01
9.247999999999999545e+02 -2.782605146885240854e-01
9.280000000000000000e+02 -2.676846413745710973e-01
9.312000000000000455e+02 -2.561954528385353425e-01
9.343999999999999773e+02 -2.438234867171809039e-01
9.376000000000000227e+02 -2.305982211826757278e-01
9.407999999999999545e+02 -2.165506507804932368e-01
9.440000000000000000e+02 -2.017162874543825257e-01
9.472000000000000455e+02 -1.861370078334358968e-01
9.503999999999999773e+02 -1.698611478744772585e-01
9.536000000000000227e+02 -1.529425361745456180e-01
9.567999999999999545e+02 -1.354397351318458731e-01
9.600000000000000000e+02 -1.174162296833949071e-01
9.632000000000000455e+02 -9.894121598526969819e-02
9.663999999999999773e+02 -8.008992060059631768e-02
9.696000000000000227e+02 -6.094248646796157631e-02
9.727999999999999545e+02 -4.158114719987330427e-02
9.760000000000000000e+02 -2.208616746116296575e-02
9.792000000000000455e+02 -2.531569603007172847e-03
9.823999999999999773e+02 1.701806560597624376e-02
9.856000000000000227e+02 3.650853335174342185e-02
9.887999999999999545e+02 5.589406028973483570e-02
9.920000000000000000e+02 7.513281117818376709e-02
9.952000000000000455e+02 9.418109745690131374e-02
9.983999999999999773e+02 1.129880597588546476e-01
1.001600000000000023e+03 1.314925877368431639e-01
1.004799999999999955e+03 1.496237169488876528e-01
1.008000000000000000e+03 1.673047172800959381e-01
1.011200000000000045e+03 1.844597244264147562e-01
1.014399999999999977e+03 2.010205905223953482e-01
1.017600000000000023e+03 2.169313084708392736e-01
1.020799999999999955e+03 2.321481425663047549e-01
1.024000000000000000e+03 2.466350632549114963e-01
1.027200000000000045e+03 2.603555770813900105e-01
1.030400000000000091e+03 2.732632011295700880e-01
1.033599999999999909e+03 2.852935927071874045e-01
1.036799999999999955e+03 2.963615085926932236e-01
1.040000000000000000e+03 3.063648453764898361e-01
1.043200000000000045e+03 3.151957547575772733e-01
1.046400000000000091e+03 3.227558916625497543e-01
1.049599999999999909e+03 3.289707313230064156e-01
1.052799999999999955e+03 3.337979411237006477e-01
1.056000000000000000e+03 3.372271714807397180e-01
1.059200000000000045e+03 3.392721129344067887e-01
1.062400000000000091e+03 3.399584985140720050e-01
1.065599999999999909e+03 3.393127343814708596e-01
1.068799999999999955e+03 3.373549236465741563e-01
1.072000000000000000e+03 3.340979202496277001e-01
1.075200000000000045e+03 3.295516496179909383e-01
1.078400000000000091e+03 3.237300432921026982e-01
1.081599999999999909e+03 3.166571007185406961e-01
1.084799999999999955e+03 3.083691077669511449e-01
1.088000000000000000e+03 2.989118148177617451e-01
1.091200000000000045e+03 2.883337465854098891e-01
1.094400000000000091e+03 2.766786584091223689e-01
1.097599999999999909e+03 2.639804721238379615e-01
1.100799999999999955e+03 2.502626868941914551e-01
1.104000000000000000e+03 2.355421802459633229e-01
1.107200000000000045e+03 2.198357473920332372e-01
1.110400000000000091e+03 2.031672871316697049e-01
1.113599999999999909e+03 1.855739167106085497e-01
1.116799999999999955e+03 1.671098610560377840e-01
1.120000000000000000e+03 1.478474822347989881e-01
1.123200000000000045e+03 1.278754450061233561e-01
1.126400000000000091e+03 1.072947476691997332e-01
1.129599999999999909e+03 8.621378783000784030e-02
1.132799999999999955e+03 6.474344261235416564e-02
1.136000000000000000e+03 4.299258411882932174e-02
1.139200000000000045e+03 2.106421167171674755e-02
1.142400000000000091e+03 -9.472551498993684541e-04
1.145599999999999909e+03 -2.295660641022746751e-02
1.148799999999999955e+03 -4.488590104440071810e-02
1.152000000000000000e+03 -6.666059090265658016e-02
1.155200000000000045e+03 -8.820515528102634839e-02
1.158400000000000091e+03 -1.094394843118751681e-01
1.161599999999999909e+03 -1.302765645521648807e-01
1.164799999999999955e+03 -1.506218402304444204e-01
1.168000000000000000e+03 -1.703749467271851170e-01
1.171200000000000045e+03 -1.894343863634410374e-01
1.174400000000000091e+03 -2.077046973886231829e-01
1.177599999999999909e+03 -2.251045050217243548e-01
1.180799999999999955e+03 -2.415733823710895511e-01
1.184000000000000000e+03 -2.570755012088700164e-01
1.187200000000000045e+03 -2.715980176269386370e-01
1.190400000000000091e+03 -2.851423706316831286e-01
1.193599999999999909e+03 -2.977083367928392565e-01
1.196799999999999955e+03 -3.092740093798398981e-01
1.200000000000000000e+03 -3.197781273308981098e-01
1.203200000000000045e+03 -3.291119242016014579e-01
1.206400000000000091e+03 -3.371249637687674383e-01
1.209599999999999909e+03 -3.436446239629943333e-01
1.212799999999999955e+03 -3.485043085586182476e-01
1.216000000000000000e+03 -3.515727112473887028e-01
1.219200000000000045e+03 -3.527760579846881961e-01
1.222400000000000091e+03 -3.521073233451155748e-01
1.225599999999999909e+03 -3.496207205801472040e-01
1.228799999999999955e+03 -3.454149097411444158e-01
1.232000000000000000e+03 -3.396117868346517632e-01
1.235200000000000045e+03 -3.323374962070133609e-01
1.238400000000000091e+03 -3.237091147695803639e-01
1.241599999999999909e+03 -3.138270119897217936e-01
1.244799999999999955e+03 -3.027713313305722131e-01
1.248000000000000000e+03 -2.906012519037685649e-01
1.251200000000000045e+03 -2.773563202233707004e-01
1.254400000000000091e+03 -2.630594799203612721e-01
1.257599999999999909e+03 -2.477216782852851296e-01
1.260799999999999955e+03 -2.313481612193719339e-01
1.264000000000000000e+03 -2.139463491741109558e-01
1.267200000000000045e+03 -1.955343774145069657e-01
1.270400000000000091e+03 -1.761486251986898177e-01
1.273599999999999909e+03 -1.558485955834347236e-01
1.276799999999999955e+03 -1.347183338499987060e-01
1.280000000000000000e+03 -1.128645215312532590e-01
1.283200000000000045e+03 -9.041190041721997028e-02
1.286400000000000091e+03 -6.749677010453948578e-02
1.289599999999999909e+03 -4.425929678905415193e-02
1.292799999999999955e+03 -2.083550727495283444e-02
1.296000000000000000e+03 2.649885820728109000e-03
1.299200000000000045e+03 2.608842764809781584e-02
1.302400000000000091e+03 4.938922859416608468e-02
1.305599999999999909e+03 7.247574987790161849e-02
1.308799999999999955e+03 9.527833700310704701e-02
1.312000000000000000e+03 1.177242379070856243e-01
1.315200000000000045e+03 1.397279607612371133e-01
1.318400000000000091e+03 1.611851038270268599e-01
1.321599999999999909e+03 1.819721802581494297e-01
1.324799999999999955e+03 2.019535994164369797e-01
1.328000000000000000e+03 2.209949627258656901e-01
1.331200000000000045e+03 2.389795780560888538e-01
1.334400000000000091e+03 2.558234744509470526e-01
1.337599999999999909e+03 2.714840391800538155e-01
1.340799999999999955e+03 2.859587858759369272e-01
1.344000000000000000e+03 2.992731533178571990e-01
1.347200000000000045e+03 3.114590948336182774e-01
1.350400000000000091e+03 3.225291342981854714e-01
1.353599999999999909e+03 3.324528171801217624e-01
1.356799999999999955e+03 3.411430239668388209e-01
1.360000000000000000e+03 3.484576978648994405e-01
1.363200000000000045e+03 3.542183406019840941e-01
1.366400000000000091e+03 3.582413323705792019e-01
1.369599999999999909e+03 3.603736461094985133e-01
1.372799999999999955e+03 3.605228226770140765e-01
1.376000000000000000e+03 3.586730920505624143e-01
1.379200000000000045e+03 3.548843826649943911e-01
1.382400000000000091e+03 3.492763961245444748e-01
1.385599999999999909e+03 3.420037551724761649e-01
1.388799999999999955e+03 3.332294867079126366e-01
1.392000000000000000e+03 3.231030428311150726e-01
1.395200000000000045e+03 3.117465809600312165e-01
1.398400000000000091e+03 2.992503250873058684e-01
1.401599999999999909e+03 2.856753832509806301e-01
1.404799999999999955e+03 2.710609893057216446e-01
1.408000000000000000e+03 2.554330021533596229e-01
1.411200000000000045e+03 2.388114683224378809e-01
1.414400000000000091e+03 2.212165482806194849e-01
1.417599999999999909e+03 2.026732911760295297e-01
1.420799999999999955e+03 1.832160319835240969e-01
1.424000000000000000e+03 1.628926723191080062e-01
1.427200000000000045e+03 1.417684108090429274e-01
1.430400000000000091e+03 1.199281434966637111e-01
1.433599999999999909e+03 9.747681439798103198e-02
1.436799999999999955e+03 7.453721978828109496e-02
1.440000000000000000e+03 5.124502198156966754e-02
1.443200000000000045e+03 2.774112204540702536e-02
1.446400000000000091e+03 4.162242342114281374e-03
1.449599999999999909e+03 -1.936849516818625605e-02
1.452799999999999955e+03 -4.274847774528847677e-02
1.456000000000000000e+03 -6.589753953623446459e-02
1.459200000000000045e+03 -8.875359734707974346e-02
1.462400000000000091e+03 -1.112625287623102005e-01
1.465599999999999909e+03 -1.333647359220983541e-01
1.468799999999999955e+03 -1.549821223888425137e-01
1.472000000000000000e+03 -1.760095820300484892e-01
1.475200000000000045e+03 -1.963144622872216583e-01
1.478400000000000091e+03 -2.157457527134248876e-01
1.481599999999999909e+03 -2.341520596757953598e-01
1.484799999999999955e+03 -2.514043218701038640e-01
1.488000000000000000e+03 -2.674167723698628318e-01
1.491200000000000045e+03 -2.821590306027823569e-01
1.494400000000000091e+03 -2.956540257980672104e-01
1.497599999999999909e+03 -3.079603444349121033e-01
1.500799999999999955e+03 -3.191423344681196261e-01
1.504000000000000000e+03 -3.292353914292897032e-01
1.507200000000000045e+03 -3.382160989403266704e-01
1.510400000000000091e+03 -3.459865938832426546e-01
1.513599999999999909e+03 -3.523794175984288346e-01
1.516799999999999955e+03 -3.571835559104080682e-01
1.520000000000000000e+03 -3.601857329084695580e-01
1.523200000000000045e+03 -3.612156779272807094e-01
1.526400000000000091e+03 -3.601824271030812930e-01
1.529599999999999909e+03 -3.570916824960628788e-01
1.532799999999999955e+03 -3.520405608227840100e-01
1.536000000000000000e+03 -3.451929982723729307e-01
1.539200000000000045e+03 -3.367441017516508150e-01
1.542400000000000091e+03 -3.268836595102020404e-01
1.545599999999999909e+03 -3.157679682656577835e-01
1.548799999999999955e+03 -3.035058218666667473e-01
1.552000000000000000e+03 -2.901598350141866844e-01
1.555200000000000045e+03 -2.757594792594285638e-01
1.558400000000000091e+03 -2.603189672347543948e-01
1.561599999999999909e+03 -2.438528910383638282e-01
1.564799999999999955e+03 -2.263853599830505658e-01
1.568000000000000000e+03 -2.079525127236237225e-01
1.571200000000000045e+03 -1.886012249714041633e-01
1.574400000000000091e+03 -1.683873239970278823e-01
1.577599999999999909e+03 -1.473753486998442830e-01
1.580799999999999955e+03 -1.256403714843188635e-01
1.584000000000000000e+03 -1.032713180097512978e-01
1.587200000000000045e+03 -8.037427402660096698e-02
1.590400000000000091e+03 -5.707338301418862087e-02
1.593599999999999909e+03 -3.350697707687771976e-02
1.596799999999999955e+03 -9.818339922817470589e-03
1.600000000000000000e+03 1.385668525272343819e-02
1.603200000000000045e+03 3.740102267401064495e-02
1.606400000000000091e+03 6.072251805961061816e-02
1.609599999999999909e+03 8.375268618453028668e-02
1.612799999999999955e+03 1.064381698571485457e-01
1.616000000000000000e+03 1.287270402093646515e-01
1.619200000000000045e+03 1.505536309357827229e-01
1.622400000000000091e+03 1.718265140793986123e-01
1.625599999999999909e+03 1.924239015924430196e-01
1.628799999999999955e+03 2.121989103428662260e-01
1.632000000000000000e+03 2.309943317759801384e-01
1.635200000000000045e+03 2.486637778079304195e-01
1.638400000000000091e+03 2.650939799296454513e-01
1.641599999999999909e+03 2.802219366579694060e-01
1.644799999999999955e+03 2.940410028992520020e-01
1.648000000000000000e+03 3.065923294289065182e-01
1.651200000000000045e+03 3.179419932292837925e-01
1.654400000000000091e+03 3.281485137278014053e-01
1.657599999999999909e+03 3.372288432843655315e-01
1.660799999999999955e+03 3.451324264764036864e-01
1.664000000000000000e+03 3.517319817467094989e-01
1.667200000000000045e+03 3.568359133047273035e-01
1.670400000000000091e+03 3.602211033296839338e-01
1.673599999999999909e+03 3.616780780974581666e-01
1.676799999999999955e+03 3.610559605395392557e-01
1.680000000000000000e+03 3.582943396200603536e-01
1.683200000000000045e+03 3.534333550831427195e-01
1.686400000000000091e+03 3.466001791390712627e-01
1.689599999999999909e+03 3.379771517160189420e-01
1.692799999999999955e+03 3.277618246338574459e-01
1.696000000000000000e+03 3.161306437194911778e-01
1.699200000000000045e+03 3.032156456867646233e-01
1.702400000000000091e+03 2.890983724565482915e-01
1.705599999999999909e+03 2.738192216165830084e-01
1.708799999999999955e+03 2.573958733256773157e-01
1.712000000000000000e+03 2.398427764416719565e-01
1.715200000000000045e+03 2.211852099412691675e-01
1.718400000000000091e+03 2.014651519597060181e-01
1.721599999999999909e+03 1.807402503492709367e-01
1.724799999999999955e+03 1.590797640553098802e-01
1.728000000000000000e+03 1.365615165088213123e-01
1.731200000000000045e+03 1.132720817151530446e-01
1.734400000000000091e+03 8.930992527798775615e-02
1.737599999999999909e+03 6.478934516306043834e-02
1.740799999999999955e+03 3.984244282608777332e-02
1.744000000000000000e+03 1.461700723111122001e-02
1.747200000000000045e+03 -1.073020998285398146e-02
1.750400000000000091e+03 -3.604335490275987347e-02
1.753599999999999909e+03 -6.117741467751219159e-02
1.756799999999999955e+03 -8.600486559680088627e-02
1.760000000000000000e+03 -1.104168622629245755e-01
1.763200000000000045e+03 -1.343189690060384855e-01
1.766400000000000091e+03 -1.576234497354866981e-01
1.769599999999999909e+03 -1.802411283968788913e-01
1.772799999999999955e+03 -2.020756060110066310e-01
1.776000000000000000e+03 -2.230215179721979357e-01
1.779200000000000045e+03 -2.429670735224166989e-01
1.782400000000000091e+03 -2.617998088618708752e-01
1.785599999999999909e+03 -2.794136115704003442e-01
1.788799999999999955e+03 -2.957147671109710552e-01
1.792000000000000000e+03 -3.106250501362082250e-01
1.795200000000000045e+03 -3.240806930529957497e-01
1.798400000000000091e+03 -3.360272875240389312e-01
1.801599999999999909e+03 -3.464120104504251341e-01
1.804799999999999955e+03 -3.551755677374958675e-01
1.808000000000000000e+03 -3.622465444863825490e-01
1.811200000000000045e+03 -3.675403459067136946e-01
1.814400000000000091e+03 -3.709637739035121506e-01
1.817599999999999909e+03 -3.724247728701818305e-01
1.820799999999999955e+03 -3.718453024842077181e-01
1.824000000000000000e+03 -3.691740832584869958e-01
1.827200000000000045e+03 -3.643956286061501015e-01
1.830400000000000091e+03 -3.575328649395979053e-01
1.833599999999999909e+03 -3.486426130179401395e-01
1.836799999999999955e+03 -3.378055926853734681e-01
1.840000000000000000e+03 -3.251144587561614063e-01
1.843200000000000045e+03 -3.106638280435016219e-01
1.846400000000000091e+03 -2.945450310145916184e-01
1.849599999999999909e+03 -2.768460036219166365e-01
1.852799999999999955e+03 -2.576545899330999756e-01
1.856000000000000000e+03 -2.370626798699848048e-01
1.859200000000000045e+03 -2.151692034566492218e-01
1.862400000000000091e+03 -1.920812168463384428e-01
1.865599999999999909e+03 -1.679132532842917691e-01
1.868799999999999955e+03 -1.427855800090405414e-01
1.872000000000000000e+03 -1.168222784064333608e-01
1.875200000000000045e+03 -9.015017087247181871e-02
1.878400000000000091e+03 -6.289921760355400571e-02
1.881599999999999909e+03 -3.520406859148864781e-02
1.884799999999999955e+03 -7.205621239488108759e-03
1.888000000000000000e+03 2.094858198123727977e-02
1.891200000000000045e+03 4.910550676574063772e-02
1.894400000000000091e+03 7.710887023101511972e-02
1.897599999999999909e+03 1.048016564222263858e-01
1.900799999999999955e+03 1.320281756453842992e-01
1.904000000000000000e+03 1.586351860129959768e-01
1.907200000000000045e+03 1.844719818966366331e-01
1.910400000000000091e+03 2.093899796784401690e-01
1.913599999999999909e+03 2.332429149460372164e-01
1.916799999999999955e+03 2.558886976404193825e-01
1.920000000000000000e+03 2.771930144378882410e-01
1.923200000000000045e+03 2.970334962636312359e-01
1.926400000000000091e+03 3.153026085249686639e-01
1.929599999999999909e+03 3.319077813381786646e-01
1.932799999999999955e+03 3.467682949229886624e-01
1.936000000000000000e+03 3.598094420134379523e-01
1.939200000000000045e+03 3.709552472793439803e-01
1.942400000000000091e+03 3.801216323318339363e-01
1.945599999999999909e+03 3.872123371164565842e-01
1.948799999999999955e+03 3.921197424596597481e-01
1.952000000000000000e+03 3.947316085340972780e-01
1.955200000000000045e+03 3.949428534846944894e-01
1.958400000000000091e+03 3.926696500008853841e-01
1.961599999999999909e+03 3.878621541042958643e-01
1.964799999999999955e+03 3.805124472211610098e-01
1.968000000000000000e+03 3.706556217238621831e-01
1.971200000000000045e+03 3.583639926905199946e-01
1.974400000000000091e+03 3.437366106992948422e-01
1.977599999999999909e+03 3.268877606901116062e-01
1.980799999999999955e+03 3.079381959641921407e-01
1.984000000000000000e+03 2.870114099578887079e-01
1.987200000000000045e+03 2.642351184039495315e-01
1.990400000000000091e+03 2.397463658892091121e-01
1.993599999999999909e+03 2.136977592954745486e-01
1.996799999999999955e+03 1.862621384810433933e-01
2.000000000000000000e+03 1.576333940827639168e-01
2.003200000000000045e+03 1.280222520329515334e-01
2.006400000000000091e+03 9.764757502263296529e-02
2.009599999999999909e+03 6.672541426197607650e-02
2.012799999999999955e+03 3.545884678125622858e-02
2.016000000000000000e+03 4.031305082431546616e-03
2.019200000000000045e+03 -2.739489952216402763e-02
2.022400000000000091e+03 -5.867432091835532437e-02
2.025599999999999909e+03 -8.966910328249992623e-02
2.028799999999999955e+03 -1.202368773607627173e-01
2.032000000000000000e+03 -1.502194199213480186e-01
2.035200000000000045e+03 -1.794361475740520462e-01
2.038400000000000091e+03 -2.076853318743180077e-01
2.041599999999999909e+03 -2.347532298699653019e-01
2.044799999999999955e+03 -2.604282949319661200e-01
2.048000000000000000e+03 -2.845157630052600473e-01
2.051199999999999818e+03 -3.068480679947054868e-01
2.054400000000000091e+03 -3.272884613925766684e-01
2.057599999999999909e+03 -3.457277591488832069e-01
2.060800000000000182e+03 -3.620761101905245471e-01
2.064000000000000000e+03 -3.762525384900635705e-01
2.067199999999999818e+03 -3.881749912340010100e-01
2.070400000000000091e+03 -3.977532261010345294e-01
2.073599999999999909e+03 -4.048862958943670876e-01
2.076800000000000182e+03 -4.094655239089128318e-01
2.080000000000000000e+03 -4.113826709263828096e-01
2.083199999999999818e+03 -4.105417563029986616e-01
2.086400000000000091e+03 -4.068721105296140839e-01
2.089599999999999909e+03 -4.003399062108154438e-01
2.092800000000000182e+03 -3.909556286041112050e-01
2.096000000000000000e+03 -3.787756994677229927e-01
2.099199999999999818e+03 -3.638978048774461627e-01
2.102400000000000091e+03 -3.464512504577971774e-01
2.105599999999999909e+03 -3.265853127494992014e-01
2.108800000000000182e+03 -3.044592697085595767e-01
2.112000000000000000e+03 -2.802370696209600665e-01
2.115199999999999818e+03 -2.540876679500264079e-01
2.118400000000000091e+03 -2.261898042353059912e-01
2.121599999999999909e+03 -1.967383619652806892e-01
2.124800000000000182e+03 -1.659489690929532302e-01
2.128000000000000000e+03 -1.340581643739019724e-01
2.131199999999999818e+03 -1.013179946652653096e-01
2.134400000000000091e+03 -6.798586766360349698e-02
2.137599999999999909e+03 -3.431224314344314547e-02
2.140800000000000182e+03 -5.296841858561297410e-04
2.144000000000000000e+03 3.315340509796521618e-02
2.147199999999999818e+03 6.655226445029353843e-02
2.150400000000000091e+03 9.949834839636917394e-02
2.153599999999999909e+03 1.318270826088808467e-01
2.156800000000000182e+03 1.633647743291332111e-01
2.160000000000000000e+03 1.939193304735135903e-01
2.163199999999999818e+03 2.232783988408090503e-01
2.166400000000000091e+03 2.512160305586796372e-01
2.169599999999999909e+03 2.775059798240812614e-01
2.172800000000000182e+03 3.019375136140100002e-01
2.176000000000000000e+03 3.243288648869273594e-01
2.179199999999999818e+03 3.445343368210124768e-01
2.182400000000000091e+03 3.624431563578845439e-01
2.185599999999999909e+03 3.779707948967161446e-01
2.188800000000000182e+03 3.910457936442565674e-01
2.192000000000000000e+03 4.015963944780412964e-01
2.195199999999999818e+03 4.095411239006478410e-01
2.198400000000000091e+03 4.147861298092536675e-01
2.201599999999999909e+03 4.172301285247867475e-01
2.204800000000000182e+03 4.167758405221543838e-01
2.208000000000000000e+03 4.133451210945994769e-01
2.211199999999999818e+03 4.068939456963228674e-01
2.214400000000000091e+03 3.974233969823104951e-01
2.217599999999999909e+03 3.849840246264396582e-01
2.220800000000000182e+03 3.696730408294328085e-01
2.224000000000000000e+03 3.516259440975025852e-01
2.227199999999999818e+03 3.310055722692620828e-01
2.230400000000000091e+03 3.079919438251768615e-01
2.233599999999999909e+03 2.827755691768080726e-01
2.236800000000000182e+03 2.555553869409918355e-01
2.240000000000000000e+03 2.265405322120794540e-01
2.243199999999999818e+03 1.959535273795805776e-01
2.246400000000000091e+03 1.640319861337845020e-01
2.249599999999999909e+03 1.310268096006365346e-01
2.252800000000000182e+03 9.719663131191902394e-02
2.256000000000000000e+03 6.279998635453618028e-02
2.259199999999999818e+03 2.808755687940124590e-02
2.262400000000000091e+03 -6.703328007999135793e-03
2.265599999999999909e+03 -4.135066028602246702e-02
2.268800000000000182e+03 -7.564602144972060183e-02
2.272000000000000000e+03 -1.093899298849177054e-01
2.275199999999999818e+03 -1.423857043783016696e-01
2.278400000000000091e+03 -1.744336605287490904e-01
2.281599999999999909e+03 -2.053275203033523566e-01
2.284800000000000182e+03 -2.348545298828391970e-01
2.288000000000000000e+03 -2.627998511001038429e-01
2.291199999999999818e+03 -2.889544528804040002e-01
2.294400000000000091e+03 -3.131244133869741098e-01
2.297599999999999909e+03 -3.351388155323003493e-01
2.300800000000000182e+03 -3.548536774693439311e-01
2.304000000000000000e+03 -3.721506115409428661e-01
2.307199999999999818e+03 -3.869307310495863628e-01
2.310400000000000091e+03 -3.991060337590677798e-01
2.313599999999999909e+03 -4.085913913380078699e-01
2.316800000000000182e+03 -4.152999813260464523e-01
2.320000000000000000e+03 -4.191436639643321138e-01
2.323199999999999818e+03 -4.200380769582826024e-01
2.326400000000000091e+03 -4.179108779539748575e-01
2.329599999999999909e+03 -4.127110565253058194e-01
2.332800000000000182e+03 -4.044174683862959974e-01
2.336000000000000000e+03 -3.930452794457813259e-01
2.339199999999999818e+03 -3.786494999286127427e-01
2.342400000000000091e+03 -3.613252315962325323e-01
2.345599999999999909e+03 -3.412048297566825927e-01
2.348800000000000182e+03 -3.184529089059039419e-01
2.352000000000000000e+03 -2.932606580411651342e-01
2.355199999999999818e+03 -2.658408334746412138e-01
2.358400000000000091e+03 -2.364239746957728927e-01
2.361599999999999909e+03 -2.052553257348176396e-01
2.364800000000000182e+03 -1.725913927282719251e-01
2.368000000000000000e+03 -1.386954524941077793e-01
2.371199999999999818e+03 -1.038323791733631041e-01
2.374400000000000091e+03 -6.826410752965027251e-02
2.377599999999999909e+03 -3.224720115483401678e-02
2.380800000000000182e+03 3.966819649733844752e-03
2.384000000000000000e+03 4.012907002806780088e-02
2.387199999999999818e+03 7.599059382988239408e-02
2.390400000000000091e+03 1.113013547364537920e-01
2.393599999999999909e+03 1.458120544103774785e-01
2.396800000000000182e+03 1.792783725751035395e-01
2.400000000000000000e+03 2.114658833146975947e-01
2.403199999999999818e+03 2.421535587171120829e-01
2.406400000000000091e+03 2.711346319289667517e-01
2.409599999999999909e+03 2.982151006352560807e-01
2.412800000000000182e+03 3.232113592837941307e-01
2.416000000000000000e+03 3.459486495440880494e-01
2.419199999999999818e+03 3.662611988825706932e-01
2.422400000000000091e+03 3.839937074271292383e-01
2.425599999999999909e+03 3.990030492204612034e-01
2.428800000000000182e+03 4.111591140276917300e-01
2.432000000000000000e+03 4.203444739956784804e-01
2.435199999999999818e+03 4.264534760328952956e-01
2.438400000000000091e+03 4.293919261765148931e-01
2.441599999999999909e+03 4.290785284155995694e-01
2.444800000000000182e+03 4.254487257749086093e-01
2.448000000000000000e+03 4.184607711946644604e-01
2.451199999999999818e+03 4.081030134224535866e-01
2.454400000000000091e+03 3.944008422091157540e-01
2.457599999999999909e+03 3.774217374117126433e-01
2.460800000000000182e+03 3.572773982261553405e-01
2.464000000000000000e+03 3.341227093331491926e-01
2.467199999999999818e+03 3.081519670053146087e-01
2.470400000000000091e+03 2.795931331080241389e-01
2.473599999999999909e+03 2.487009309859654071e-01
2.476800000000000182e+03 2.157494986162601380e-01
2.480000000000000000e+03 1.810252308171781677e-01
2.483199999999999818e+03 1.448204596693487833e-01
2.486400000000000091e+03 1.074286953344744250e-01
2.489599999999999909e+03 6.914209661901025983e-02
2.492800000000000182e+03 3.025147500933857841e-02
2.496000000000000000e+03 -8.951533494772311028e-03
2.499199999999999818e+03 -4.817121458220141594e-02
2.502400000000000091e+03 -8.710498425390146571e-02
2.505599999999999909e+03 -1.254426294143241583e-01
2.508800000000000182e+03 -1.628687112885301991e-01
2.512000000000000000e+03 -1.990683784929525302e-01
2.515199999999999818e+03 -2.337356294866075324e-01
2.518400000000000091e+03 -2.665819177556530972e-01
2.521599999999999909e+03 -2.973425046916681191e-01
2.524800000000000182e+03 -3.257785755954038520e-01
2.528000000000000000e+03 -3.516747297102026937e-01
2.531199999999999818e+03 -3.748333189957786526e-01
2.534400000000000091e+03 -3.950683011130139421e-01
2.537599999999999909e+03 -4.122011887312472811e-01
2.540800000000000182e+03 -4.260604596824490442e-01
2.544000000000000000e+03 -4.364842552698974254e-01
2.547199999999999818e+03 -4.433252441229197371e-01
2.550400000000000091e+03 -4.464564796904171295e-01
2.553599999999999909e+03 -4.457775037657824013e-01
2.556800000000000182e+03 -4.412202359533335394e-01
2.560000000000000000e+03 -4.327541766730310102e-01
2.563199999999999818e+03 -4.203904159347991443e-01
2.566400000000000091e+03 -4.041840788117290750e-01
2.569599999999999909e+03 -3.842350125468316224e-01
2.572800000000000182e+03 -3.606865805769873812e-01
2.576000000000000000e+03 -3.337225486317541012e-01
2.579199999999999818e+03 -3.035624812492204172e-01
2.582400000000000091e+03 -2.704566527326366931e-01
2.585599999999999909e+03 -2.346816705889698818e-01
2.588800000000000182e+03 -1.965375142355518523e-01
2.592000000000000000e+03 -1.563458718871104658e-01
2.595199999999999818e+03 -1.144491600365311890e-01
2.598400000000000091e+03 -7.120965922273654602e-02
2.601599999999999909e+03 -2.700846936789458655e-02
2.604800000000000182e+03 1.775588364424379034e-02
2.608000000000000000e+03 6.266936158264710399e-02
2.611199999999999818e+03 1.073049755783910125e-01
2.614400000000000091e+03 1.512260648691081955e-01
2.617599999999999909e+03 1.939904583219257406e-01
2.620800000000000182e+03 2.351558756747255119e-01
2.624000000000000000e+03 2.742868810129605595e-01
2.627199999999999818e+03 3.109632327083075021e-01
2.630400000000000091e+03 3.447888022415124265e-01
2.633599999999999909e+03 3.753997421228823517e-01
2.636800000000000182e+03 4.024704564217510550e-01
2.640000000000000000e+03 4.257161833209182067e-01
2.643199999999999818e+03 4.448917185126270990e-01
2.646400000000000091e+03 4.597870385954799799e-01
2.649599999999999909e+03 4.702219488951686066e-01
2.652800000000000182e+03 4.760425497664779737e-01
2.656000000000000000e+03 4.771216450151249400e-01
2.659199999999999818e+03 4.733634602982746964e-01
2.662400000000000091e+03 4.647112834993211705e-01
2.665599999999999909e+03 4.511558990368588762e-01
2.668800000000000182e+03 4.327430636311245804e-01
2.672000000000000000e+03 4.095790131976375092e-01
2.675199999999999818e+03 3.818333746324812372e-01
2.678400000000000091e+03 3.497389034085633397e-01
2.681599999999999909e+03 3.135877622676384036e-01
2.684800000000000182e+03 2.737249304533102001e-01
2.688000000000000000e+03 2.305403757691923683e-01
2.691199999999999818e+03 1.844620450866947814e-01
2.694400000000000091e+03 1.359511467194984835e-01
2.697599999999999909e+03 8.549997394764451142e-02
2.700800000000000182e+03 3.363139174003897114e-02
2.704000000000000000e+03 -1.910143184065028754e-02
2.707199999999999818e+03 -7.211644015523147044e-02
2.710400000000000091e+03 -1.248063273722903460e-01
2.713599999999999909e+03 -1.765450587477893074e-01
2.716800000000000182e+03 -2.266973550574030716e-01
2.720000000000000000e+03 -2.746304877137461520e-01
2.723199999999999818e+03 -3.197270684897007276e-01
2.726400000000000091e+03 -3.613972920990236593e-01
2.729599999999999909e+03 -3.990894063180045470e-01
2.732800000000000182e+03 -4.322977423149566012e-01
2.736000000000000000e+03 -4.605680708069455620e-01
2.739199999999999818e+03 -4.835003523334504005e-01
2.742400000000000091e+03 -5.007494076670013783e-01
2.745599999999999909e+03 -5.120247064828428174e-01
2.748800000000000182e+03 -5.170909272382082644e-01
2.752000000000000000e+03 -5.157706639446534291e-01
2.755199999999999818e+03 -5.079496685917955778e-01
2.758400000000000091e+03 -4.935839463553168271e-01
2.761599999999999909e+03 -4.727075050182709681e-01
2.764800000000000182e+03 -4.454396824353613060e-01
2.768000000000000000e+03 -4.119912938987390083e-01
2.771199999999999818e+03 -3.726689143026263862e-01
2.774400000000000091e+03 -3.278764312642226675e-01
2.777599999999999909e+03 -2.781129494674954294e-01
2.780800000000000182e+03 -2.239665464991495991e-01
2.784000000000000000e+03 -1.661042775876391264e-01
2.787199999999999818e+03 -1.052598582454575687e-01
2.790400000000000091e+03 -4.222117323619950513e-02
2.793599999999999909e+03 2.218018707328817465e-02
2.796800000000000182e+03 8.707597402015375410e-02
2.800000000000000000e+03 1.515651499037020955e-01
2.803199999999999818e+03 2.147167781562702438e-01
2.806400000000000091e+03 2.755754899076374720e-01
2.809599999999999909e+03 3.331728676551831692e-01
2.812800000000000182e+03 3.865460233409027668e-01
2.816000000000000000e+03 4.347615634154493036e-01
2.819199999999999818e+03 4.769406071938045999e-01
2.822400000000000091e+03 5.122799408273001065e-01
2.825599999999999909e+03 5.400660740257028358e-01
2.828800000000000182e+03 5.596820263266671924e-01
2.832000000000000000e+03 5.706095885960186243e-01
2.835199999999999818e+03 5.724313264338860563e-01
2.838400000000000091e+03 5.648362780195806954e-01
2.841599999999999909e+03 5.476315236051884083e-01
2.844800000000000182e+03 5.207593844171876096e-01
2.848000000000000000e+03 4.843178353630028243e-01
2.851199999999999818e+03 4.385805148557323507e-01
2.854400000000000091e+03 3.840128487455634620e-01
2.857599999999999909e+03 3.212820825716901085e-01
2.860800000000000182e+03 2.512606995946761734e-01
2.864000000000000000e+03 1.750238820728527434e-01
2.867199999999999818e+03 9.384185050294086006e-02
2.870400000000000091e+03 9.167336189953823392e-03
2.873599999999999909e+03 -7.738214559234020407e-02
2.876800000000000182e+03 -1.640475658992737729e-01
2.880000000000000000e+03 -2.489570530681599336e-01
2.883199999999999818e+03 -3.301594393038699837e-01
2.886400000000000091e+03 -4.056623521928588993e-01
2.889599999999999909e+03 -4.734751198382187165e-01
2.892800000000000182e+03 -5.316571061731881764e-01
2.896000000000000000e+03 -5.783717134295057738e-01
2.899199999999999818e+03 -6.119453738477110827e-01
2.902400000000000091e+03 -6.309300749889754645e-01
2.905599999999999909e+03 -6.341677948878368110e-01
2.908800000000000182e+03 -6.208554317359221697e-01
2.912000000000000000e+03 -5.906086422213655540e-01
2.915199999999999818e+03 -5.435219126282757607e-01
2.918400000000000091e+03 -4.802204619602248314e-01
2.921599999999999909e+03 -4.018982218388695848e-01
2.924800000000000182e+03 -3.103361492195777505e-01
2.928000000000000000e+03 -2.078967776552937685e-01
2.931199999999999818e+03 -9.749357237377900831e-02
2.934400000000000091e+03 1.746386697559051265e-02
2.937599999999999909e+03 1.331466188437624709e-01
2.940800000000000182e+03 2.454040990642135378e-01
2.944000000000000000e+03 3.498841730345506607e-01
2.947199999999999818e+03 4.421806417656202193e-01
2.950400000000000091e+03 5.180149680655128375e-01
2.953599999999999909e+03 5.734578006215005352e-01
2.956800000000000182e+03 6.051901179523001550e-01
2.960000000000000000e+03 6.107937018014161223e-01
2.963199999999999818e+03 5.890476880820971761e-01
2.966400000000000091e+03 5.401950209278986170e-01
2.969599999999999909e+03 4.661334561244336316e-01
2.972800000000000182e+03 3.704839832055067395e-01
2.976000000000000000e+03 2.584977653006325093e-01
2.979199999999999818e+03 1.367814445777594257e-01
2.982400000000000091e+03 1.284755256025759025e-02
2.985599999999999909e+03 -1.054734266429870615e-01
2.988800000000000182e+03 -2.106967939588736405e-01
2.992000000000000000e+03 -2.963444163846564172e-01
2.995199999999999818e+03 -3.575206954763550660e-01
2.998400000000000091e+03 -3.913320707579785451e-01
3.001599999999999909e+03 -3.970997496670538029e-01
3.004800000000000182e+03 -3.763443139436442042e-01
3.008000000000000000e+03 -3.325529399827977239e-01
3.011199999999999818e+03 -2.707698237518240680e-01
3.014400000000000091e+03 -1.970722998492533962e-01
3.017599999999999909e+03 -1.180043151460683504e-01
3.020800000000000182e+03 -4.003321109956988616e-02
3.024000000000000000e+03 3.092300223142294482e-02
3.027199999999999818e+03 8.987643880179368994e-02
3.030400000000000091e+03 1.330603480867869337e-01
3.033599999999999909e+03 1.581448454696302575e-01
3.036800000000000182e+03 1.643879621434165550e-01
3.040000000000000000e+03 1.527147735369864812e-01
3.043199999999999818e+03 1.256953523063269185e-01
3.046400000000000091e+03 8.737959049804711054e-02
3.049599999999999909e+03 4.295447202300847755e-02
3.052800000000000182e+03 -1.780163022908071244e-03
3.056000000000000000e+03 -4.107557639189916149e-02
3.059199999999999818e+03 -6.995029303569660906e-02
3.062400000000000091e+03 -8.484204094495512161e-02
3.065599999999999909e+03 -8.407858729939247933e-02
3.068800000000000182e+03 -6.808057410399344367e-02
3.072000000000000000e+03 -3.926170743363718157e-02
3.075199999999999818e+03 -1.651092529168381694e-03
3.078400000000000091e+03 3.968724578900618971e-02
3.081599999999999909e+03 7.933358831251956234e-02
3.084800000000000182e+03 1.121828020953444388e-01
3.088000000000000000e+03 1.340159999492989973e-01
3.091199999999999818e+03 1.419146353568587204e-01
3.094400000000000091e+03 1.344915654199620170e-01
3.097599999999999909e+03 1.119421716945394329e-01
3.100800000000000182e+03 7.593844445658688713e-02
3.104000000000000000e+03 2.939973859285607491e-02
3.107199999999999818e+03 -2.382232316342640377e-02
3.110400000000000091e+03 -7.930786907179820933e-02
3.113599999999999909e+03 -1.324474344811754356e-01
3.116800000000000182e+03 -1.788047610556006972e-01
3.120000000000000000e+03 -2.144384504570475691e-01
3.123199999999999818e+03 -2.361644315992129928e-01
3.126400000000000091e+03 -2.417502798821621890e-01
3.129599999999999909e+03 -2.300416764908868872e-01
3.132800000000000182e+03 -2.010281440508324691e-01
3.136000000000000000e+03 -1.558575163323816237e-01
3.139199999999999818e+03 -9.680593577947047002e-02
3.142400000000000091e+03 -2.720404803227855633e-02
3.145599999999999909e+03 4.868667442167230741e-02
3.148800000000000182e+03 1.258578782143266461e-01
3.152000000000000000e+03 1.988087321654765927e-01
3.155199999999999818e+03 2.618755208525601619e-01
3.158400000000000091e+03 3.096311458344553902e-01
3.161599999999999909e+03 3.373362622572603220e-01
3.164800000000000182e+03 3.414098008388941619e-01
3.168000000000000000e+03 3.198738110558310699e-01
3.171199999999999818e+03 2.727182866310916554e-01
3.174400000000000091e+03 2.021285001642608437e-01
3.177599999999999909e+03 1.125227725403300100e-01
3.180800000000000182e+03 1.036383632295057554e-02
3.184000000000000000e+03 -9.626864366082411861e-02
3.187199999999999818e+03 -1.983261665751187564e-01
3.190400000000000091e+03 -2.866095812677140198e-01
3.193599999999999909e+03 -3.526781606029808502e-01
3.196800000000000182e+03 -3.897501613417615474e-01
3.200000000000000000e+03 -3.934873876448990448e-01
3.203199999999999818e+03 -3.625623210609154046e-01
3.206400000000000091e+03 -2.989266432668570284e-01
3.209599999999999909e+03 -2.077325924179870553e-01
3.212800000000000182e+03 -9.689989516810380843e-02
3.216000000000000000e+03 2.363411023723076265e-02
3.219199999999999818e+03 1.429011996625534353e-01
3.222400000000000091e+03 2.500125230465161663e-01
3.225599999999999909e+03 3.352606047957623070e-01
3.228800000000000182e+03 3.910816978731652682e-01
3.232000000000000000e+03 4.127671706586859557e-01
3.235199999999999818e+03 3.988490611116968232e-01
3.238400000000000091e+03 3.511308865153226488e-01
3.241599999999999909e+03 2.743815496368587903e-01
3.244800000000000182e+03 1.757497837606272761e-01
3.248000000000000000e+03 6.398390211771465275e-02
3.251199999999999818e+03 -5.144503705416045986e-02
3.254400000000000091e+03 -1.612182812933251885e-01
3.257599999999999909e+03 -2.569549931119056163e-01
3.260800000000000182e+03 -3.318399768450328025e-01
3.264000000000000000e+03 -3.810501321803639319e-01
3.267199999999999818e+03 -4.019639952922451354e-01
3.270400000000000091e+03 -3.941654693514165531e-01
3.273599999999999909e+03 -3.592746004498052481e-01
3.276800000000000182e+03 -3.006516428405668351e-01
3.280000000000000000e+03 -2.230240639072786080e-01
3.283199999999999818e+03 -1.320805437811823635e-01
3.286400000000000091e+03 -3.406477175483493131e-02
3.289599999999999909e+03 6.461072530925598967e-02
3.292800000000000182e+03 1.577207439479608175e-01
3.296000000000000000e+03 2.395496775013462587e-01
3.299199999999999818e+03 3.051779236623035629e-01
3.302400000000000091e+03 3.507292230250660392e-01
3.305599999999999909e+03 3.735728319978908751e-01
3.308800000000000182e+03 3.724712469638874479e-01
3.312000000000000000e+03 3.476619171826464405e-01
3.315199999999999818e+03 3.008611075850827210e-01
3.318400000000000091e+03 2.351807196144225232e-01
3.321599999999999909e+03 1.549548106714252749e-01
3.324800000000000182e+03 6.548109047058514598e-02
3.328000000000000000e+03 -2.730801953745874353e-02
3.331199999999999818e+03 -1.172225307076543016e-01
3.334400000000000091e+03 -1.982139959539235274e-01
3.337599999999999909e+03 -2.647705353618568513e-01
3.340800000000000182e+03 -3.122849537702785394e-01
3.344000000000000000e+03 -3.373770709870554385e-01
3.347199999999999818e+03 -3.381538465102629787e-01
3.350400000000000091e+03 -3.143909924007721735e-01
3.353599999999999909e+03 -2.676185619858011400e-01
3.356800000000000182e+03 -2.010929332440052897e-01
3.360000000000000000e+03 -1.196412773929386164e-01
3.363199999999999818e+03 -2.937336196479227793e-02
3.366400000000000091e+03 6.273131812850607503e-02
3.369599999999999909e+03 1.493380728029499172e-01
3.372800000000000182e+03 2.233365322482867843e-01
3.376000000000000000e+03 2.784386986056281432e-01
3.379199999999999818e+03 3.097442781192631389e-01
3.382400000000000091e+03 3.142218018603611940e-01
3.385599999999999909e+03 2.910574001268429467e-01
3.388800000000000182e+03 2.418295152867836195e-01
3.392000000000000000e+03 1.704778044004023885e-01
3.395199999999999818e+03 8.304919105343622210e-02
3.398400000000000091e+03 -1.277568375374249672e-02
3.401599999999999909e+03 -1.083472467925946092e-01
3.404800000000000182e+03 -1.948477414222530846e-01
3.408000000000000000e+03 -2.641488939888853582e-01
3.411199999999999818e+03 -3.096322780255441609e-01
3.414400000000000091e+03 -3.268758589195196462e-01
3.417599999999999909e+03 -3.141225052082439739e-01
3.420800000000000182e+03 -2.724717987169834044e-01
3.424000000000000000e+03 -2.057711683273709957e-01
3.427199999999999818e+03 -1.202203848094668959e-01
3.430400000000000091e+03 -2.373858939740238622e-02
3.433599999999999909e+03 7.482994230039696770e-02
3.436800000000000182e+03 1.665795201234217537e-01
3.440000000000000000e+03 2.433815310792414588e-01
3.443199999999999818e+03 2.986120351981036425e-01
3.446400000000000091e+03 3.277016843803985946e-01
3.449599999999999909e+03 3.284666081602197751e-01
3.452800000000000182e+03 3.012066786233741356e-01
3.456000000000000000e+03 2.485832029096615436e-01
3.459199999999999818e+03 1.753078785571368925e-01
3.462400000000000091e+03 8.768688174966139670e-02
3.465599999999999909e+03 -6.931437692969554497e-03
3.468800000000000182e+03 -1.007576355075412433e-01
3.472000000000000000e+03 -1.861672942939733011e-01
3.475199999999999818e+03 -2.562735395659704318e-01
3.478400000000000091e+03 -3.054326915046498558e-01
3.481599999999999909e+03 -3.296552535218805757e-01
3.484800000000000182e+03 -3.268999587222923275e-01
3.488000000000000000e+03 -2.972341532572565503e-01
3.491199999999999818e+03 -2.428494116823706472e-01
3.494400000000000091e+03 -1.679272053701972855e-01
3.497599999999999909e+03 -7.835627017707946784e-02
3.500800000000000182e+03 1.868820519538197042e-02
3.504000000000000000e+03 1.152829035918900569e-01
3.507199999999999818e+03 2.033794102931697212e-01
3.510400000000000091e+03 2.754670282221695632e-01
3.513599999999999909e+03 3.252208354226944209e-01
3.516800000000000182e+03 3.480759074389608854e-01
3.520000000000000000e+03 3.416709808184381081e-01
3.523199999999999818e+03 3.061143849476457013e-01
3.526400000000000091e+03 2.440404663134358998e-01
3.529599999999999909e+03 1.604435393861342041e-01
3.532800000000000182e+03 6.229617510992437740e-02
3.536000000000000000e+03 -4.202222193575429199e-02
3.539199999999999818e+03 -1.434428293490795370e-01
3.542400000000000091e+03 -2.330113357322056988e-01
3.545599999999999909e+03 -3.027065128309747166e-01
3.548800000000000182e+03 -3.461947878145272828e-01
3.552000000000000000e+03 -3.594434074799655598e-01
3.555199999999999818e+03 -3.411254406415596963e-01
3.558400000000000091e+03 -2.927695525177576030e-01
3.561599999999999909e+03 -2.186339567165272169e-01
3.564800000000000182e+03 -1.253137185119989339e-01
3.568000000000000000e+03 -2.111979562199611110e-02
3.571199999999999818e+03 8.470668590608024240e-02
3.574400000000000091e+03 1.828633490786289173e-01
3.577599999999999909e+03 2.648482888288928305e-01
3.580800000000000182e+03 3.237259852923001224e-01
3.584000000000000000e+03 3.547212715601307798e-01
3.587199999999999818e+03 3.555869908776912447e-01
3.590400000000000091e+03 3.267190214777100921e-01
3.593599999999999909e+03 2.710223789719155563e-01
3.596800000000000182e+03 1.935593636072803769e-01
3.600000000000000000e+03 1.010310681094739593e-01
3.603199999999999818e+03 1.154593512958002662e-03
3.606400000000000091e+03 -9.800005041120939120e-02
3.609599999999999909e+03 -1.886552057985317332e-01
3.612800000000000182e+03 -2.639051813245461009e-01
3.616000000000000000e+03 -3.181945948799527191e-01
3.619199999999999818e+03 -3.476720452376593218e-01
3.622400000000000091e+03 -3.504070236417164419e-01
3.625599999999999909e+03 -3.264677977591620150e-01
3.628800000000000182e+03 -2.778658943969473660e-01
3.632000000000000000e+03 -2.083785652349388617e-01
3.635199999999999818e+03 -1.232644829566779399e-01
3.638400000000000091e+03 -2.889059134854116140e-02
3.641599999999999909e+03 6.770958648607301733e-02
3.644800000000000182e+03 1.593231326203888853e-01
3.648000000000000000e+03 2.390641234155194417e-01
3.651199999999999818e+03 3.008696452627249163e-01
3.654400000000000091e+03 3.399533395356842957e-01
3.657599999999999909e+03 3.531835338547592018e-01
3.660800000000000182e+03 3.393545820533789281e-01
3.664000000000000000e+03 2.993244700446884288e-01
3.667199999999999818e+03 2.359992424154991053e-01
3.670400000000000091e+03 1.541553209766838295e-01
3.673599999999999909e+03 6.010395456068480524e-02
3.676800000000000182e+03 -3.878305730466718310e-02
3.680000000000000000e+03 -1.346522525463077768e-01
3.683199999999999818e+03 -2.198051571915932978e-01
3.686400000000000091e+03 -2.873377065743065728e-01
3.689599999999999909e+03 -3.317254489112206883e-01
3.692800000000000182e+03 -3.493018465564913799e-01
3.696000000000000000e+03 -3.385864292790687902e-01
3.699199999999999818e+03 -3.004323604875368536e-01
3.702400000000000091e+03 -2.379776247693757840e-01
3.705599999999999909e+03 -1.563996861431957430e-01
3.708800000000000182e+03 -6.248976103541307309e-02
3.712000000000000000e+03 3.592063594995799358e-02
3.715199999999999818e+03 1.306326461919103399e-01
3.718400000000000091e+03 2.137918070279533067e-01
3.721599999999999909e+03 2.785711361207880432e-01
3.724800000000000182e+03 3.197593339225533460e-01
3.728000000000000000e+03 3.341976173886259116e-01
3.731199999999999818e+03 3.210254752671319323e-01
3.734400000000000091e+03 2.817164275178131727e-01
3.737599999999999909e+03 2.199063195503098422e-01
3.740800000000000182e+03 1.410361676336718828e-01
3.744000000000000000e+03 5.184757156746056667e-02
3.747199999999999818e+03 -4.021953773858975845e-02
3.750400000000000091e+03 -1.276700561995343375e-01
3.753599999999999909e+03 -2.035792658268391342e-01
3.756800000000000182e+03 -2.621461136103397371e-01
3.760000000000000000e+03 -2.991287352649366627e-01
3.763199999999999818e+03 -3.121303547355628871e-01
3.766400000000000091e+03 -3.007198371233595902e-01
3.769599999999999909e+03 -2.663874587250177339e-01
3.772800000000000182e+03 -2.123506371408224458e-01
3.776000000000000000e+03 -1.432350782110870246e-01
3.779199999999999818e+03 -6.466385243376687741e-02
3.782400000000000091e+03 1.720909816524816838e-02
3.785599999999999909e+03 9.618297871431050194e-02
3.788800000000000182e+03 1.664744275803022866e-01
3.792000000000000000e+03 2.231282450933060046e-01
3.795199999999999818e+03 2.623469960648558974e-01
3.798400000000000091e+03 2.817204492642076952e-01
3.801599999999999909e+03 2.803452907165440156e-01
3.804800000000000182e+03 2.588343809568695586e-01
3.808000000000000000e+03 2.192219391790862781e-01
3.811199999999999818e+03 1.647762613770996643e-01
3.814400000000000091e+03 9.973548086685328495e-02
3.817599999999999909e+03 2.898519377134385275e-02
3.820800000000000182e+03 -4.230013989402240521e-02
3.824000000000000000e+03 -1.090275048709650058e-01
3.827199999999999818e+03 -1.665414778674666196e-01
3.830400000000000091e+03 -2.109411090719159332e-01
3.833599999999999909e+03 -2.393357926543130121e-01
3.836800000000000182e+03 -2.500240019580548534e-01
3.840000000000000000e+03 -2.425855455021482532e-01
3.843199999999999818e+03 -2.178845891086512998e-01
3.846400000000000091e+03 -1.779862082088780884e-01
3.849599999999999909e+03 -1.259936615456503095e-01
3.852800000000000182e+03 -6.581749655824392642e-02
3.856000000000000000e+03 -1.891514456999777820e-03
3.859199999999999818e+03 6.114557457951663721e-02
3.862400000000000091e+03 1.187810064897128759e-01
3.865599999999999909e+03 1.669482069485626607e-01
3.868800000000000182e+03 2.023139860694407044e-01
3.872000000000000000e+03 2.225126621306759422e-01
3.875199999999999818e+03 2.263105901685078802e-01
3.878400000000000091e+03 2.136886085011777126e-01
3.881599999999999909e+03 1.858344435732734445e-01
3.884800000000000182e+03 1.450426251567841773e-01
3.888000000000000000e+03 9.452658871144198338e-02
3.891199999999999818e+03 3.815641145292571895e-02
3.894400000000000091e+03 -1.985511744183541399e-02
3.897599999999999909e+03 -7.528792792589322769e-02
3.900800000000000182e+03 -1.242382467185468575e-01
3.904000000000000000e+03 -1.633994909445945776e-01
3.907199999999999818e+03 -1.902774474792284509e-01
3.910400000000000091e+03 -2.033275483462932132e-01
3.913599999999999909e+03 -2.020128341006152128e-01
3.916800000000000182e+03 -1.867892531632381892e-01
3.920000000000000000e+03 -1.590290890442636329e-01
3.923199999999999818e+03 -1.208941365430592357e-01
3.926400000000000091e+03 -7.516954232953040882e-02
3.929599999999999909e+03 -2.506876954958218301e-02
3.932800000000000182e+03 2.597930657848984345e-02
3.936000000000000000e+03 7.454913078136447824e-02
3.939199999999999818e+03 1.174305931400652647e-01
3.942400000000000091e+03 1.518231084191145885e-01
3.945599999999999909e+03 1.755023786923827767e-01
3.948800000000000182e+03 1.869529480445689396e-01
3.952000000000000000e+03 1.854612789460932942e-01
3.955199999999999818e+03 1.711646588397601476e-01
3.958400000000000091e+03 1.450513726381364721e-01
3.961599999999999909e+03 1.089083465973920417e-01
3.964800000000000182e+03 6.521482734000182135e-02
3.968000000000000000e+03 1.698484078914735962e-02
3.971199999999999818e+03 -3.243348639431188618e-02
3.974400000000000091e+03 -7.958845385316552778e-02
3.977599999999999909e+03 -1.211681141841935982e-01
3.980800000000000182e+03 -1.542377916439842955e-01
3.984000000000000000e+03 -1.764537665106657716e-01
3.987199999999999818e+03 -1.862371461063487277e-01
3.990400000000000091e+03 -1.828946905783818966e-01
3.993599999999999909e+03 -1.666764571523211835e-01
3.996800000000000182e+03 -1.387638057235202060e-01
4.000000000000000000e+03 -1.011860930547410359e-01
4.003199999999999818e+03 -5.667048668575105919e-02
4.006400000000000091e+03 -8.436183013716220744e-03
4.009599999999999909e+03 4.004942021289085302e-02
4.012800000000000182e+03 8.533091914176510473e-02
4.016000000000000000e+03 1.242188168565843964e-01
4.019199999999999818e+03 1.540167020114698027e-01
4.022400000000000091e+03 1.727056796943628458e-01
4.025599999999999909e+03 1.790753409366489801e-01
4.028800000000000182e+03 1.727955020757668270e-01
4.032000000000000000e+03 1.544269233595174651e-01
4.035199999999999818e+03 1.253723142638460408e-01
4.038400000000000091e+03 8.777166822337773011e-02
4.041599999999999909e+03 4.434881704096804711e-02
4.044800000000000182e+03 -1.780897543461820070e-03
4.048000000000000000e+03 -4.732919086704841238e-02
4.051199999999999818e+03 -8.906508230478415999e-02
4.054400000000000091e+03 -1.240415060229020233e-01
4.057599999999999909e+03 -1.498032775225472679e-01
4.060800000000000182e+03 -1.645624332508389687e-01
4.064000000000000000e+03 -1.673284256934715053e-01
4.067199999999999818e+03 -1.579826152902749359e-01
4.070400000000000091e+03 -1.372893571593605533e-01
4.073599999999999909e+03 -1.068402153371247887e-01
4.076800000000000182e+03 -6.893355086497514328e-02
4.080000000000000000e+03 -2.639828931122288613e-02
4.083199999999999818e+03 1.762323109188485351e-02
4.086400000000000091e+03 5.991424749467690741e-02
4.089599999999999909e+03 9.742393088548326197e-02
4.092800000000000182e+03 1.274899828690124193e-01
4.096000000000000000e+03 1.480274877435091285e-01
4.099199999999999818e+03 1.576718546925068021e-01
4.102399999999999636e+03 1.558673854174344175e-01
4.105600000000000364e+03 1.428964471170905692e-01
4.108800000000000182e+03 1.198477728348823768e-01
4.112000000000000000e+03 8.852643783343436268e-02
4.115199999999999818e+03 5.131253737701670092e-02
4.118399999999999636e+03 1.097991052849348753e-02
4.121600000000000364e+03 -2.951050314688044574e-02
4.124800000000000182e+03 -6.722664174315676200e-02
4.128000000000000000e+03 -9.947505096847082673e-02
4.131199999999999818e+03 -1.239905523862217945e-01
4.134399999999999636e+03 -1.390942408192990254e-01
4.137600000000000364e+03 -1.438101798267013010e-01
4.140800000000000182e+03 -1.379328545175439458e-01
4.144000000000000000e+03 -1.220393756162115872e-01
4.147199999999999818e+03 -9.744335586885864708e-02
4.150399999999999636e+03 -6.609173153036043691e-02
4.153600000000000364e+03 -3.041129977436198006e-02
4.156800000000000182e+03 6.882626282716233432e-03
4.160000000000000000e+03 4.299864314213177469e-02
4.163199999999999818e+03 7.528389489024350789e-02
4.166399999999999636e+03 1.014226672009834462e-01
4.169600000000000364e+03 1.196034577159632711e-01
4.172800000000000182e+03 1.286429590470341278e-01
4.176000000000000000e+03 1.280594688594080544e-01
4.179199999999999818e+03 1.180919890210562900e-01
4.182399999999999636e+03 9.966476132636838126e-02
4.185600000000000364e+03 7.430056580592918347e-02
4.188800000000000182e+03 4.398999211589119107e-02
4.192000000000000000e+03 1.102783906841619047e-02
4.195199999999999818e+03 -2.216891540976948655e-02
4.198399999999999636e+03 -5.324537647073799423e-02
4.201600000000000364e+03 -8.007937751979153640e-02
4.204800000000000182e+03 -1.009250628899781566e-01
4.208000000000000000e+03 -1.145197833982042612e-01
4.211199999999999818e+03 -1.201490154452826975e-01
4.214399999999999636e+03 -1.176680822101339452e-01
4.217600000000000364e+03 -1.074828243447463610e-01
4.220800000000000182e+03 -9.049396944837365120e-02
4.224000000000000000e+03 -6.801193164911682743e-02
4.227199999999999818e+03 -4.165027151376431841e-02
4.230399999999999636e+03 -1.320700183237647624e-02
4.233600000000000364e+03 1.545692785289358440e-02
4.236800000000000182e+03 4.253354467680033058e-02
4.240000000000000000e+03 6.637164700129075112e-02
4.243199999999999818e+03 8.556438466980083313e-02
4.246399999999999636e+03 9.901874569571990359e-02
4.249600000000000364e+03 1.060064757938236485e-01
4.252800000000000182e+03 1.061963498807874801e-01
4.256000000000000000e+03 9.966736637062098558e-02
4.259199999999999818e+03 8.690194016163801938e-02
4.262399999999999636e+03 6.875815156669941308e-02
4.265600000000000364e+03 4.642090889459644931e-02
4.268800000000000182e+03 2.133339371029966541e-02
4.272000000000000000e+03 -4.888099341673318027e-03
4.275199999999999818e+03 -3.055138696098865653e-02
4.278399999999999636e+03 -5.399230287718698174e-02
4.281600000000000364e+03 -7.367952497467857020e-02
4.284800000000000182e+03 -8.831431572553433140e-02
4.288000000000000000e+03 -9.691884239418724345e-02
4.291199999999999818e+03 -9.890649754099133106e-02
4.294399999999999636e+03 -9.412793171193377384e-02
4.297600000000000364e+03 -8.288779233623426446e-02
4.300800000000000182e+03 -6.592954569052071612e-02
4.304000000000000000e+03 -4.438885339507880196e-02
4.307199999999999818e+03 -1.971902850745166011e-02
4.310399999999999636e+03 6.405635407000588415e-03
4.313600000000000364e+03 3.220172105284051928e-02
4.316800000000000182e+03 5.589652792859986508e-02
4.320000000000000000e+03 7.584873392657386082e-02
4.323199999999999818e+03 9.066256770542657772e-02
4.326399999999999636e+03 9.928781966635144562e-02
4.329600000000000364e+03 1.010978977345874247e-01
4.332800000000000182e+03 9.593888248605517144e-02
4.336000000000000000e+03 8.414454371079631290e-02
4.339199999999999818e+03 6.651541509777771088e-02
4.342399999999999636e+03 4.426363086710533717e-02
4.345600000000000364e+03 1.892842022797134108e-02
4.348800000000000182e+03 -7.730746804384820182e-03
4.352000000000000000e+03 -3.385549769903969941e-02
4.355199999999999818e+03 -5.761645184026463473e-02
4.358399999999999636e+03 -7.733986425594621683e-02
4.361600000000000364e+03 -9.162514524585056719e-02
4.364800000000000182e+03 -9.944524734129923937e-02
4.368000000000000000e+03 -1.002222021375243216e-01
4.371199999999999818e+03 -9.387132554614151247e-02
4.374399999999999636e+03 -8.080998509437627153e-02
4.377600000000000364e+03 -6.193004358364502526e-02
4.380800000000000182e+03 -3.853646420806181028e-02
4.384000000000000000e+03 -1.225729220176434431e-02
4.387199999999999818e+03 1.506816624279885657e-02
4.390399999999999636e+03 4.151557321252662830e-02
4.393600000000000364e+03 6.520867663207079168e-02
4.396800000000000182e+03 8.445148118958611949e-02
4.400000000000000000e+03 9.785093164074638861e-02
4.403199999999999818e+03 1.044208880340071616e-01
4.406399999999999636e+03 1.036582944351558677e-01
4.409600000000000364e+03 9.558399675270995433e-02
4.412800000000000182e+03 8.074373674335059980e-02
4.416000000000000000e+03 6.016890269321890222e-02
4.419199999999999818e+03 3.530074051663713297e-02
4.422399999999999636e+03 7.885031904662678781e-03
4.425600000000000364e+03 -2.015378861281817355e-02
4.428800000000000182e+03 -4.684946550266873982e-02
4.432000000000000000e+03 -7.033232622400029110e-02
4.435199999999999818e+03 -8.896040746117049591e-02
4.438399999999999636e+03 -1.014349123060168945e-01
4.441600000000000364e+03 -1.068920732604922708e-01
4.444800000000000182e+03 -1.049643986605654361e-01
4.448000000000000000e+03 -9.580607420096809435e-02
4.451199999999999818e+03 -8.008010199826900988e-02
4.454399999999999636e+03 -5.890822749914401135e-02
4.457600000000000364e+03 -3.378811613327793728e-02
4.460800000000000182e+03 -6.484867889012649149e-03
4.464000000000000000e+03 2.109458646705498347e-02
4.467199999999999818e+03 4.703525307781243614e-02
4.470399999999999636e+03 6.954719812373726107e-02
4.473600000000000364e+03 8.708945587843273939e-02
4.476800000000000182e+03 9.847638811453426899e-02
4.480000000000000000e+03 1.029587267056636113e-01
4.483199999999999818e+03 1.002729042251108288e-01
4.486399999999999636e+03 9.065470542005649168e-02
4.489600000000000364e+03 7.481654212753660604e-02
4.492800000000000182e+03 5.389113389506908214e-02
4.496000000000000000e+03 2.934728708803775732e-02
4.499199999999999818e+03 2.885233191726046132e-03
4.502399999999999636e+03 -2.368049698826739380e-02
4.505600000000000364e+03 -4.854304824182039541e-02
4.508800000000000182e+03 -7.002307518219415272e-02
4.512000000000000000e+03 -8.667984786639512662e-02
4.515199999999999818e+03 -9.740712706285517553e-02
4.518399999999999636e+03 -1.015073947167165896e-01
4.521600000000000364e+03 -9.873862448385453683e-02
4.524800000000000182e+03 -8.932929443857381968e-02
4.528000000000000000e+03 -7.395984487284250342e-02
4.531199999999999818e+03 -5.371190845475732473e-02
4.534399999999999636e+03 -2.998970615720344610e-02
4.537600000000000364e+03 -4.420291120370403552e-03
4.540800000000000182e+03 2.125956980878617592e-02
4.544000000000000000e+03 4.532204028712356891e-02
4.547199999999999818e+03 6.616502415914418678e-02
4.550399999999999636e+03 8.242020598112631546e-02
4.553600000000000364e+03 9.304554713112048181e-02
4.556800000000000182e+03 9.739562803596582552e-02
4.560000000000000000e+03 9.526395166700921124e-02
4.563199999999999818e+03 8.689305635559146923e-02
4.566399999999999636e+03 7.295106709449805660e-02
4.569600000000000364e+03 5.447670516895870840e-02
4.572800000000000182e+03 3.279803424822975988e-02
4.576000000000000000e+03 9.432615022125228829e-03
4.579199999999999818e+03 -1.402215265316883105e-02
4.582399999999999636e+03 -3.599986969128107783e-02
4.585600000000000364e+03 -5.506952609486862743e-02
4.588800000000000182e+03 -7.002711963904806325e-02
4.592000000000000000e+03 -7.996944745121467579e-02
4.595199999999999818e+03 -8.434614199167798920e-02
4.598399999999999636e+03 -8.298719093041016792e-02
4.601600000000000364e+03 -7.610461959715165980e-02
4.604800000000000182e+03 -6.426881290111739753e-02
4.608000000000000000e+03 -4.836193686752188886e-02
4.611199999999999818e+03 -2.951269512712124607e-02
4.614399999999999636e+03 -9.017809632024203700e-03
4.617600000000000364e+03 1.174404367840806325e-02
4.620800000000000182e+03 3.140044070209384308e-02
4.624000000000000000e+03 4.867077563402375656e-02
4.627199999999999818e+03 6.244496490381871295e-02
4.630399999999999636e+03 7.185140493769509584e-02
4.633600000000000364e+03 7.631050897011988632e-02
4.636800000000000182e+03 7.557045559899949749e-02
4.640000000000000000e+03 6.972242417138695136e-02
4.643199999999999818e+03 5.919370355250343912e-02
4.646399999999999636e+03 4.471860391845457194e-02
4.649600000000000364e+03 2.728885665665222587e-02
4.652800000000000182e+03 8.086831918294628760e-03
4.656000000000000000e+03 -1.159384338214216464e-02
4.659199999999999818e+03 -3.043493174723032116e-02
4.662399999999999636e+03 -4.718183278065322256e-02
4.665600000000000364e+03 -6.072771457777813991e-02
4.668800000000000182e+03 -7.018793725155175744e-02
4.672000000000000000e+03 -7.495952598197597183e-02
4.675199999999999818e+03 -7.476116239413113651e-02
4.678399999999999636e+03 -6.965037542691321359e-02
4.681600000000000364e+03 -6.001635649413154111e-02
4.684800000000000182e+03 -4.654895127176759961e-02
4.688000000000000000e+03 -3.018657012136002904e-02
4.691199999999999818e+03 -1.204761177602600188e-02
4.694399999999999636e+03 6.648805844171695040e-03
4.697600000000000364e+03 2.466657128134601071e-02
4.700800000000000182e+03 4.083472278046092890e-02
4.704000000000000000e+03 5.412258789307936718e-02
4.707199999999999818e+03 6.370335095177732943e-02
4.710399999999999636e+03 6.900247498654531186e-02
4.713600000000000364e+03 6.972851148363248819e-02
4.716800000000000182e+03 6.588503277569927874e-02
4.720000000000000000e+03 5.776368955579244679e-02
4.723199999999999818e+03 4.591967261321063670e-02
4.726399999999999636e+03 3.113202903831336146e-02
4.729600000000000364e+03 1.435217793110547639e-02
4.732800000000000182e+03 -3.355569545574628963e-03
4.736000000000000000e+03 -2.087769990347363921e-02
4.739199999999999818e+03 -3.711599240693006646e-02
4.742399999999999636e+03 -5.104993847940630936e-02
4.745600000000000364e+03 -6.179465289757393037e-02
4.748800000000000182e+03 -6.865208582444705387e-02
4.752000000000000000e+03 -7.115336614538451954e-02
4.755199999999999818e+03 -6.909001730718043743e-02
4.758399999999999636e+03 -6.253179040467153615e-02
4.761600000000000364e+03 -5.182916768328203749e-02
4.764800000000000182e+03 -3.759930687761015716e-02
4.768000000000000000e+03 -2.069525479903860585e-02
4.771199999999999818e+03 -2.159462113270772116e-03
4.774399999999999636e+03 1.683622972853961175e-02
4.777600000000000364e+03 3.506101838158446476e-02
4.780800000000000182e+03 5.130216800021741852e-02
4.784000000000000000e+03 6.444428996246043262e-02
4.787199999999999818e+03 7.354611197889023011e-02
4.790399999999999636e+03 7.790962328978483231e-02
4.793600000000000364e+03 7.713630626891603004e-02
4.796800000000000182e+03 7.116538227523278026e-02
4.800000000000000000e+03 6.028984840022714314e-02
4.803199999999999818e+03 4.514764069892201331e-02
4.806399999999999636e+03 2.668735946061965431e-02
4.809600000000000364e+03 6.110275684208490293e-03
4.812800000000000182e+03 -1.520758045504438070e-02
4.816000000000000000e+03 -3.580783658606572634e-02
4.819199999999999818e+03 -5.425024158852962547e-02
4.822399999999999636e+03 -6.921419504812532930e-02
4.825600000000000364e+03 -7.959427043659499101e-02
4.828800000000000182e+03 -8.458292690849024409e-02
4.832000000000000000e+03 -8.373423101398064228e-02
4.835199999999999818e+03 -7.700345851064968605e-02
4.838399999999999636e+03 -6.475897874053469783e-02
4.841600000000000364e+03 -4.776480725886215334e-02
4.844800000000000182e+03 -2.713446659304644126e-02
4.848000000000000000e+03 -4.259027729355303882e-03
4.851199999999999818e+03 1.928587474840923535e-02
4.854399999999999636e+03 4.184782383542747647e-02
4.857600000000000364e+03 6.181302134143320387e-02
4.860800000000000182e+03 7.772157778776735138e-02
4.864000000000000000e+03 8.837470476834401178e-02
4.867199999999999818e+03 9.292589811728944882e-02
4.870399999999999636e+03 9.094878668729106108e-02
4.873600000000000364e+03 8.247566175403066302e-02
4.876800000000000182e+03 6.800289870718720375e-02
4.880000000000000000e+03 4.846232783099437696e-02
4.883199999999999818e+03 2.516060016143561312e-02
4.886399999999999636e+03 -3.088428712278289026e-04
4.889600000000000364e+03 -2.617479629799568039e-02
4.892800000000000182e+03 -5.061087972279113001e-02
4.896000000000000000e+03 -7.186369980923350276e-02
4.899199999999999818e+03 -8.837825518248140777e-02
4.902399999999999636e+03 -9.891204206201030524e-02
4.905600000000000364e+03 -1.026294296965126335e-01
4.908800000000000182e+03 -9.916862839413265185e-02
4.912000000000000000e+03 -8.867522534255165012e-02
4.915199999999999818e+03 -7.179882656455434387e-02
4.918399999999999636e+03 -4.965252026042663719e-02
4.921600000000000364e+03 -2.373813491932280292e-02
4.924800000000000182e+03 4.156975288587255041e-03
4.928000000000000000e+03 3.208401957149871475e-02
4.931199999999999818e+03 5.806920044536575259e-02
4.934399999999999636e+03 8.025363262515987361e-02
4.937600000000000364e+03 9.702776048340396031e-02
4.940800000000000182e+03 1.071511036326957822e-01
4.944000000000000000e+03 1.098481548127476920e-01
4.947199999999999818e+03 1.048719857476512612e-01
4.950399999999999636e+03 9.252910347249991563e-02
4.953600000000000364e+03 7.366239094171640744e-02
4.956800000000000182e+03 4.959300392305490690e-02
4.960000000000000000e+03 2.202598514067489674e-02
4.963199999999999818e+03 -7.072663559843775372e-03
4.966399999999999636e+03 -3.561792593588292838e-02
4.969600000000000364e+03 -6.155643290948419055e-02
4.972800000000000182e+03 -8.301538430435978499e-02
4.976000000000000000e+03 -9.843944717407052125e-02
4.979199999999999818e+03 -1.067058265390320032e-01
4.982399999999999636e+03 -1.072087032017738500e-01
4.985600000000000364e+03 -9.990603362028602219e-02
4.988800000000000182e+03 -8.532444459761248656e-02
4.992000000000000000e+03 -6.452145851574986324e-02
4.995199999999999818e+03 -3.900805446072596466e-02
4.998399999999999636e+03 -1.063794677462396969e-02
5.001600000000000364e+03 1.852759499788040470e-02
5.004800000000000182e+03 4.636923781257744348e-02
5.008000000000000000e+03 7.086283718846790591e-02
5.011199999999999818e+03 9.022602460899410703e-02
5.014399999999999636e+03 1.030480848782701214e-01
5.017600000000000364e+03 1.083937420605586149e-01
5.020800000000000182e+03 1.058727245070107681e-01
5.024000000000000000e+03 9.566914685325640655e-02
5.027199999999999818e+03 7.852788402197924400e-02
5.030399999999999636e+03 5.569885955412490902e-02
5.033600000000000364e+03 2.884387623437810813e-02
5.036800000000000182e+03 -8.635756458533936318e-05
5.040000000000000000e+03 -2.899535244193412672e-02
5.043199999999999818e+03 -5.579346206690157656e-02
5.046399999999999636e+03 -7.854911481495258085e-02
5.049600000000000364e+03 -9.562804722565025617e-02
5.052800000000000182e+03 -1.058106847976400672e-01
5.056000000000000000e+03 -1.083791313018163949e-01
5.059199999999999818e+03 -1.031672389343279150e-01
5.062399999999999636e+03 -9.056994805318813180e-02
5.065600000000000364e+03 -7.151131094031332180e-02
5.068800000000000182e+03 -4.737397198292265382e-02
5.072000000000000000e+03 -1.989592579943385425e-02
5.075199999999999818e+03 8.957246291560734194e-03
5.078399999999999636e+03 3.713493855931584292e-02
5.081600000000000364e+03 6.264849274685939384e-02
5.084800000000000182e+03 8.371225164550244457e-02
5.088000000000000000e+03 9.886898867852376982e-02
5.091199999999999818e+03 1.070910805387818854e-01
5.094399999999999636e+03 1.078503166412775605e-01
5.097600000000000364e+03 1.011513055181163662e-01
5.100800000000000182e+03 8.752607978569473812e-02
5.104000000000000000e+03 6.799055754481907188e-02
5.107199999999999818e+03 4.396660865801774870e-02
5.110399999999999636e+03 1.717614214138152642e-02
5.113600000000000364e+03 -1.048445376948067484e-02
5.116800000000000182e+03 -3.708012178875070425e-02
5.120000000000000000e+03 -6.077349931053067228e-02
5.123199999999999818e+03 -7.995246447292737868e-02
5.126399999999999636e+03 -9.334032813118564587e-02
5.129600000000000364e+03 -1.000813997548194723e-01
5.132800000000000182e+03 -9.979629166472982205e-02
5.136000000000000000e+03 -9.260329520309860951e-02
5.139199999999999818e+03 -7.910443028182498337e-02
5.142399999999999636e+03 -6.033726133967872579e-02
5.145600000000000364e+03 -3.769612265987316857e-02
5.148800000000000182e+03 -1.282875025669654237e-02
5.152000000000000000e+03 1.248380318225316039e-02
5.155199999999999818e+03 3.645491469831513981e-02
5.158399999999999636e+03 5.741838354638468395e-02
5.161600000000000364e+03 7.394370635083387377e-02
5.164800000000000182e+03 8.493280271469794140e-02
5.168000000000000000e+03 8.969195542144663136e-02
5.171199999999999818e+03 8.797458049104231459e-02
5.174399999999999636e+03 7.999241964705812447e-02
5.177600000000000364e+03 6.639480620413999723e-02
5.180800000000000182e+03 4.821775744620105525e-02
5.184000000000000000e+03 2.680668849461520509e-02
5.187199999999999818e+03 3.718356106583296360e-03
5.190399999999999636e+03 -1.939094165972111983e-02
5.193600000000000364e+03 -4.088297151911483157e-02
5.196800000000000182e+03 -5.925267844750444629e-02
5.200000000000000000e+03 -7.323271942597130157e-02
5.203199999999999818e+03 -8.188012064442029558e-02
5.206399999999999636e+03 -8.463910796216088384e-02
5.209600000000000364e+03 -8.137597033499895105e-02
5.212800000000000182e+03 -7.238391465921356627e-02
5.216000000000000000e+03 -5.835804159901999966e-02
5.219199999999999818e+03 -4.034262411223404898e-02
5.222399999999999636e+03 -1.965467884909401566e-02
5.225600000000000364e+03 2.210683325077222264e-03
5.228800000000000182e+03 2.368650797151935009e-02
5.232000000000000000e+03 4.324450911412603543e-02
5.235199999999999818e+03 5.950223619993268154e-02
5.238399999999999636e+03 7.131949008992652383e-02
5.241600000000000364e+03 7.787724534323700598e-02
5.244800000000000182e+03 7.873345892286075232e-02
5.248000000000000000e+03 7.385172725322672327e-02
5.251199999999999818e+03 6.360075586342947562e-02
5.254399999999999636e+03 4.872489513570384817e-02
5.257600000000000364e+03 3.028832022903784477e-02
5.260800000000000182e+03 9.597474931332275125e-03
5.264000000000000000e+03 -1.189211459364596622e-02
5.267199999999999818e+03 -3.267774209854572287e-02
5.270399999999999636e+03 -5.131304283732759930e-02
5.273600000000000364e+03 -6.650631959323578812e-02
5.276800000000000182e+03 -7.720744293082201781e-02
5.280000000000000000e+03 -8.267789503305630894e-02
5.283199999999999818e+03 -8.253953746759082333e-02
5.286399999999999636e+03 -7.679894526749485306e-02
5.289600000000000364e+03 -6.584568472736629374e-02
5.292800000000000182e+03 -5.042466797685160595e-02
5.296000000000000000e+03 -3.158454187204393082e-02
5.299199999999999818e+03 -1.060574402403943045e-02
5.302399999999999636e+03 1.108680995643076053e-02
5.305600000000000364e+03 3.202054209649636551e-02
5.308800000000000182e+03 5.077515816374064683e-02
5.312000000000000000e+03 6.607916461447756185e-02
5.315199999999999818e+03 7.689650555999423542e-02
5.318399999999999636e+03 8.249733332779508876e-02
5.321600000000000364e+03 8.250783754272000836e-02
5.324800000000000182e+03 7.693545621910855004e-02
5.328000000000000000e+03 6.616760971478011233e-02
5.331199999999999818e+03 5.094414991562295353e-02
5.334399999999999636e+03 3.230574056789439069e-02
5.337600000000000364e+03 1.152211511073603263e-02
5.340800000000000182e+03 -9.994584219487652813e-03
5.344000000000000000e+03 -3.078543344203426083e-02
5.347199999999999818e+03 -4.944303713080600016e-02
5.350399999999999636e+03 -6.470620588793235539e-02
5.353600000000000364e+03 -7.554489719147378102e-02
5.356800000000000182e+03 -8.122981500620519990e-02
5.360000000000000000e+03 -8.138192239493897973e-02
5.363199999999999818e+03 -7.599836357049115365e-02
5.366399999999999636e+03 -6.545286006286797631e-02
5.369600000000000364e+03 -5.047041905040949156e-02
5.372800000000000182e+03 -3.207801576740722249e-02
5.376000000000000000e+03 -1.153461938942695712e-02
5.379199999999999818e+03 9.754631864194118762e-03
5.382399999999999636e+03 3.033424594291296225e-02
5.385600000000000364e+03 4.879769310968329332e-02
5.388800000000000182e+03 6.388352125718824159e-02
5.392000000000000000e+03 7.456175132805735462e-02
5.395199999999999818e+03 8.010461182035881478e-02
5.398399999999999636e+03 8.013665912253531420e-02
5.401600000000000364e+03 7.466071394505319203e-02
5.404800000000000182e+03 6.405774355397797493e-02
5.408000000000000000e+03 4.906069105375301942e-02
5.411199999999999818e+03 3.070412479443310541e-02
5.414399999999999636e+03 1.025329203592531026e-02
5.417600000000000364e+03 -1.088242340064521189e-02
5.420800000000000182e+03 -3.124562906466959653e-02
5.424000000000000000e+03 -4.943009732255983224e-02
5.427199999999999818e+03 -6.417640691660859986e-02
5.430399999999999636e+03 -7.445785204670544999e-02
5.433600000000000364e+03 -7.955107519124124393e-02
5.436800000000000182e+03 -7.908672360352103636e-02
5.440000000000000000e+03 -7.307648757172238718e-02
5.443199999999999818e+03 -6.191426465593329043e-02
5.446399999999999636e+03 -4.635096020779783804e-02
5.449600000000000364e+03 -2.744443993119540307e-02
5.452800000000000182e+03 -6.488080936071738587e-03
5.456000000000000000e+03 1.507709520173801387e-02
5.459199999999999818e+03 3.576073022059503281e-02
5.462399999999999636e+03 5.412539375326799740e-02
5.465600000000000364e+03 6.888614779646838604e-02
5.468800000000000182e+03 7.900081273842188279e-02
5.472000000000000000e+03 8.374464786730093091e-02
5.475199999999999818e+03 8.276384277763253194e-02
5.478399999999999636e+03 7.610340618334095197e-02
5.481600000000000364e+03 6.420678721783162901e-02
5.484800000000000182e+03 4.788676804390413350e-02
5.488000000000000000e+03 2.826955642573168032e-02
5.491199999999999818e+03 6.716224454302661268e-03
5.494399999999999636e+03 -1.527263083705640914e-02
5.497600000000000364e+03 -3.616204890204970102e-02
5.500800000000000182e+03 -5.449028376080712610e-02
5.504000000000000000e+03 -6.897144118860724926e-02
5.507199999999999818e+03 -7.858621889241995673e-02
5.510399999999999636e+03 -8.265448172207728872e-02
5.513600000000000364e+03 -8.088441617097165415e-02
5.516800000000000182e+03 -7.339443735798999169e-02
5.520000000000000000e+03 -6.070591315552358730e-02
5.523199999999999818e+03 -4.370702279539213225e-02
5.526399999999999636e+03 -2.359040660034830011e-02
5.529600000000000364e+03 -1.769323957976365932e-03
5.532800000000000182e+03 2.022148016501498433e-02
5.536000000000000000e+03 4.083319068934106871e-02
5.539199999999999818e+03 5.861135430532354862e-02
5.542399999999999636e+03 7.229814562826450408e-02
5.545600000000000364e+03 8.092157884905396004e-02
5.548800000000000182e+03 8.386533176248253674e-02
5.552000000000000000e+03 8.091384609861280997e-02
5.555199999999999818e+03 7.226895267603787587e-02
5.558399999999999636e+03 5.853640905591196014e-02
5.561600000000000364e+03 4.068318662928332302e-02
5.564800000000000182e+03 1.996873798541414988e-02
5.568000000000000000e+03 -2.144523913104244735e-03
5.571199999999999818e+03 -2.409489361830954510e-02
5.574399999999999636e+03 -4.433176000969213382e-02
5.577600000000000364e+03 -6.142503688711333648e-02
5.580800000000000182e+03 -7.416613801728384747e-02
5.584000000000000000e+03 -8.165351571140501419e-02
5.587199999999999818e+03 -8.335664295059153073e-02
5.590399999999999636e+03 -7.915360148974068255e-02
5.593600000000000364e+03 -6.933922865960472082e-02
5.596800000000000182e+03 -5.460304799665976344e-02
5.600000000000000000e+03 -3.597873659064158847e-02
5.603199999999999818e+03 -1.476927119646340679e-02
5.606399999999999636e+03 7.546258312978860842e-03
5.609600000000000364e+03 2.941710346522102143e-02
5.612800000000000182e+03 4.932917422517823364e-02
5.616000000000000000e+03 6.590997559026885722e-02
5.619199999999999818e+03 7.802333418176671254e-02
5.622399999999999636e+03 8.484764559853687216e-02
5.625600000000000364e+03 8.593217919982017172e-02
5.628800000000000182e+03 8.122722872542824379e-02
5.632000000000000000e+03 7.108571322651451030e-02
5.635199999999999818e+03 5.623610698302085320e-02
5.638399999999999636e+03 3.772897874510116462e-02
5.641600000000000364e+03 1.686153093824271920e-02
5.644800000000000182e+03 -4.913971243293297451e-03
5.648000000000000000e+03 -2.609120332757981081e-02
5.651199999999999818e+03 -4.521334865905893285e-02
5.654399999999999636e+03 -6.097254610628415061e-02
5.657600000000000364e+03 -7.229891787877990028e-02
5.660800000000000182e+03 -7.843340945689838972e-02
5.664000000000000000e+03 -7.897944759821608207e-02
5.667199999999999818e+03 -7.392958937717497570e-02
5.670399999999999636e+03 -6.366498089232978941e-02
5.673600000000000364e+03 -4.892748840055359538e-02
5.676800000000000182e+03 -3.076654510677556340e-02
5.680000000000000000e+03 -1.046472918056392913e-02
5.683199999999999818e+03 1.055242298046208879e-02
5.686399999999999636e+03 3.081595524027886182e-02
5.689600000000000364e+03 4.891556487998748731e-02
5.692800000000000182e+03 6.359735453287811147e-02
5.696000000000000000e+03 7.385065619954468696e-02
5.699199999999999818e+03 7.897789245420842874e-02
5.702399999999999636e+03 7.864243679698085243e-02
5.705600000000000364e+03 7.289091602750683019e-02
5.708800000000000182e+03 6.214829302328227917e-02
5.712000000000000000e+03 4.718616700060750124e-02
5.715199999999999818e+03 2.906675906443867419e-02
5.718399999999999636e+03 9.066789023176369255e-03
5.721600000000000364e+03 -1.141321172821085916e-02
5.724800000000000182e+03 -3.094768344039625085e-02
5.728000000000000000e+03 -4.818593909479314957e-02
5.731199999999999818e+03 -6.194614080899411152e-02
5.734399999999999636e+03 -7.129673483363239972e-02
5.737600000000000364e+03 -7.561965166964199070e-02
5.740800000000000182e+03 -7.465093651324720969e-02
5.744000000000000000e+03 -6.849616173026290555e-02
5.747199999999999818e+03 -5.761984499651681690e-02
5.750399999999999636e+03 -4.280998937399346088e-02
5.753600000000000364e+03 -2.512059299708647650e-02
5.756800000000000182e+03 -5.796401778402349159e-03
5.760000000000000000e+03 1.381476716776430455e-02
5.763199999999999818e+03 3.235610843888073185e-02
5.766399999999999636e+03 4.855592164094049701e-02
5.769600000000000364e+03 6.131529416362600099e-02
5.772800000000000182e+03 6.978328478260670265e-02
5.776000000000000000e+03 7.341450297028132010e-02
5.779199999999999818e+03 7.200596286623461850e-02
5.782399999999999636e+03 6.570972554495679852e-02
5.785600000000000364e+03 5.501876968656141398e-02
5.788800000000000182e+03 4.072815432998261320e-02
5.792000000000000000e+03 2.387484280248599808e-02
5.795199999999999818e+03 5.660798255081395114e-03
5.798399999999999636e+03 -1.263485077420619350e-02
5.801600000000000364e+03 -2.974807406288216063e-02
5.804800000000000182e+03 -4.451983275405937968e-02
5.808000000000000000e+03 -5.597703769244351951e-02
5.811199999999999818e+03 -6.339874066904808980e-02
5.814399999999999636e+03 -6.636292061889469129e-02
5.817600000000000364e+03 -6.477074867690593707e-02
5.820800000000000182e+03 -5.884696074407363281e-02
5.824000000000000000e+03 -4.911678726358686964e-02
5.827199999999999818e+03 -3.636164179619938430e-02
5.830399999999999636e+03 -2.155728059546663938e-02
5.833600000000000364e+03 -5.799308260708154264e-03
5.836800000000000182e+03 9.778318492721017885e-03
5.840000000000000000e+03 2.408572236774712827e-02
5.843199999999999818e+03 3.615436439456270329e-02
5.846399999999999636e+03 4.520341258449277894e-02
5.849600000000000364e+03 5.069039717916653393e-02
5.852800000000000182e+03 5.234270593425875695e-02
5.856000000000000000e+03 5.016817914279467217e-02
5.859199999999999818e+03 4.444484691391086678e-02
5.862399999999999636e+03 3.569146950019899678e-02
5.865600000000000364e+03 2.462184485076229778e-02
5.868800000000000182e+03 1.208680642362254878e-02
5.872000000000000000e+03 -9.915165831924891045e-04
5.875199999999999818e+03 -1.368823133405689708e-02
5.878399999999999636e+03 -2.514197828967443260e-02
5.881600000000000364e+03 -3.461421287528507890e-02
5.884800000000000182e+03 -4.153729016816528480e-02
5.888000000000000000e+03 -4.554809461047762409e-02
5.891199999999999818e+03 -4.650515079217118486e-02
5.894399999999999636e+03 -4.448853602705509641e-02
5.897600000000000364e+03 -3.978336969815835650e-02
5.900800000000000182e+03 -3.284899639855332065e-02
5.904000000000000000e+03 -2.427701797164120642e-02
5.907199999999999818e+03 -1.474195192686522833e-02
5.910399999999999636e+03 -4.948524163787242601e-03
5.913600000000000364e+03 4.420450590273450157e-03
5.916800000000000182e+03 1.275189619961081960e-02
5.920000000000000000e+03 1.954273356982259846e-02
5.923199999999999818e+03 2.442992374284620391e-02
5.926399999999999636e+03 2.720848446594671677e-02
5.929600000000000364e+03 2.783665769220744837e-02
5.932800000000000182e+03 2.642846243442541904e-02
5.936000000000000000e+03 2.323489470672141996e-02
5.939199999999999818e+03 1.861593181501768057e-02
5.942399999999999636e+03 1.300615949351733094e-02
5.945600000000000364e+03 6.877191058281664597e-03
5.948800000000000182e+03 7.000664928342842895e-04
5.952000000000000000e+03 -5.089449706135886972e-03
5.955199999999999818e+03 -1.012022653811471551e-02
5.958399999999999636e+03 -1.410792818036821217e-02
5.961600000000000364e+03 -1.686878660250702711e-02
5.964800000000000182e+03 -1.832449625283458228e-02
5.968000000000000000e+03 -1.849847545846170296e-02
5.971199999999999818e+03 -1.750445741022653087e-02
5.974399999999999636e+03 -1.552899220500897175e-02
5.977600000000000364e+03 -1.280986480801204162e-02
5.980800000000000182e+03 -9.612606912189203615e-03
5.984000000000000000e+03 -6.207214228937114019e-03
5.987199999999999818e+03 -2.846935390482385232e-03
5.990399999999999636e+03 2.493588828704163484e-04
5.993600000000000364e+03 2.910141629308303154e-03
5.996800000000000182e+03 5.018912368167886308e-03
6.000000000000000000e+03 6.516466688546609758e-03
6.003199999999999818e+03 7.398102462948635306e-03
6.006399999999999636e+03 7.706541565701940932e-03
6.009600000000000364e+03 7.521678862948960945e-03
6.012800000000000182e+03 6.948466666393425181e-03
6.016000000000000000e+03 6.104282738496343876e-03
6.019199999999999818e+03 5.107019355295856940e-03
6.022399999999999636e+03 4.064903468290814899e-03
6.025600000000000364e+03 3.068759356131322679e-03
6.028800000000000182e+03 2.187101242430487900e-03
6.032000000000000000e+03 1.464127101091734990e-03
6.035199999999999818e+03 9.204002841581235012e-04
6.038399999999999636e+03 5.557671843233965864e-04
6.041600000000000364e+03 3.538824922436404046e-04
6.044800000000000182e+03 2.876105013007183224e-04
6.048000000000000000e+03 3.245559179593062501e-04
6.051199999999999818e+03 4.320515780140684399e-04
6.054399999999999636e+03 5.810864034078140703e-04
6.057600000000000364e+03 7.488623159435118994e-04
6.060800000000000182e+03 9.198944744078463255e-04
6.064000000000000000e+03 1.085771524325851748e-03
6.067199999999999818e+03 1.243862589853551078e-03
6.070399999999999636e+03 1.395360230546104563e-03
6.073600000000000364e+03 1.543117208058913080e-03
6.076800000000000182e+03 1.689688196856510430e-03
