# M(M_sol)  R(km)   nb_c(fm^-3)   Alpha_C(MeV^-1)     cs2_c   mu_c(MeV)
1.023735911233381590e-01 2.000000000000000000e+01 1.449732068154136744e-01 3.436184634555575733e-03 4.808218755885902695e-02 9.769817672901100423e+02 2.581965621826292040e-05 4.315689221646379359e+00 2.510054577342507934e-02 -9.850995525709901704e+05
1.072756581490595940e-01 2.000000000000000000e+01 1.469963540164570259e-01 3.379605891183570451e-03 5.034272247079444457e-02 9.776485365977376887e+02 2.719488602537471964e-05 4.243934870373523793e+00 2.644755410659767325e-02 -1.048946687181583839e+06
1.126048084510884034e-01 2.000000000000000000e+01 1.490516207421623274e-01 3.324762070413088758e-03 5.270663669294305825e-02 9.783492174334701303e+02 2.862239262322590431e-05 4.176196014808830625e+00 2.784698503807332345e-02 -1.116230576088096248e+06
1.183760414946665868e-01 2.000000000000000000e+01 1.511412735462346890e-01 3.282019818912860869e-03 5.509884403061966057e-02 9.790845612223885155e+02 3.010250055991052845e-05 4.112644689423009758e+00 2.929932547374628632e-02 -1.185265635835251305e+06
1.246043445526414245e-01 1.988999242404143430e+01 1.532671317314731330e-01 3.239095831847207431e-03 5.763595302417491573e-02 9.798570003053976052e+02 3.163709360551766702e-05 4.050648706219956985e+00 3.080661058380187306e-02 -1.256142952071691165e+06
1.313050152240011204e-01 1.868622267254211167e+01 1.554331594174540865e-01 3.223572711206509987e-03 6.021984923909443760e-02 9.806678862790037101e+02 3.323222286433891143e-05 3.989762835454264689e+00 3.237490764578493385e-02 -1.327795808953192551e+06
1.384941134479223401e-01 1.767075474782268429e+01 1.576375900038378963e-01 3.207043910016234810e-03 6.297114569689155061e-02 9.815192241960802448e+02 3.488914361003177543e-05 3.929145773218077675e+00 3.400571381902330048e-02 -1.405556393850937020e+06
1.461897065359260284e-01 1.683689740949736802e+01 1.598787990501464584e-01 3.158023357535930803e-03 6.581318862829085847e-02 9.824132447111619513e+02 3.661015030019107907e-05 3.868447689197254125e+00 3.570151724766763152e-02 -1.483906318959556753e+06
1.544110112841592941e-01 1.611858543160028034e+01 1.621600740813683994e-01 3.102851065087996844e-03 6.883106900659868854e-02 9.833514406113018822e+02 3.839848184555612472e-05 3.807837122505899785e+00 3.746575728119866389e-02 -1.564355652673563454e+06
1.631782183335732661e-01 1.551702235493257120e+01 1.644830173687707175e-01 3.050310945247224331e-03 7.179350461525153826e-02 9.843368502038845236e+02 4.025853120476879774e-05 3.747378723192730909e+00 3.930304657617503250e-02 -1.645787252940830542e+06
1.725123519165128738e-01 1.499072510277439285e+01 1.668503933289511298e-01 2.996295091240045415e-03 7.486990102292841176e-02 9.853706220331296208e+02 4.219099961311182945e-05 3.687369688012019697e+00 4.121440036349292846e-02 -1.727780127935339697e+06
1.824348572404124458e-01 1.455061592010611982e+01 1.692671572356881926e-01 2.978421968642918239e-03 7.809522650873539085e-02 9.864564102592701147e+02 4.419913743037533606e-05 3.628185695457871063e+00 4.320335781678821818e-02 -1.807423295448169112e+06
1.929672059984002264e-01 1.416948506099778093e+01 1.717348412443886196e-01 2.982251693972103306e-03 8.150045583155698936e-02 9.875951954381581572e+02 4.628666749469173900e-05 3.570834065785937650e+00 4.527398123467123170e-02 -1.894607162565272301e+06
2.041329993928557018e-01 1.384182778266525382e+01 1.742448046003518825e-01 2.963454105554886794e-03 8.506462977712866969e-02 9.887911626666493703e+02 4.845518163069464527e-05 3.516322225769347831e+00 4.742826511020178937e-02 -1.988617852184937801e+06
2.159575683666917212e-01 1.355935228485489219e+01 1.768003359112406137e-01 2.922989987201562220e-03 8.880458755533233994e-02 9.900453426146453921e+02 5.070665579130902520e-05 3.464220801398709249e+00 4.966861663098076640e-02 -2.081593224642889574e+06
2.284659053648620264e-01 1.331139672288326814e+01 1.794060928120622400e-01 2.885812405427620048e-03 9.262999764569609940e-02 9.913623317007832156e+02 5.304710523534498330e-05 3.413537436186294460e+00 5.200149987064345974e-02 -2.173540060863255057e+06
2.416826363368389519e-01 1.310216269429889913e+01 1.820654415337008836e-01 2.853671950039870890e-03 9.650557472528187297e-02 9.927432854014513168e+02 5.548175879618803249e-05 3.364382933120494190e+00 5.443262698865263677e-02 -2.268691363050562795e+06
2.556329984828377144e-01 1.292707354677446041e+01 1.847771072951354676e-01 2.832560894184802617e-03 1.006110021677809607e-01 9.941931170911884692e+02 5.801192542985016696e-05 3.317271303915773739e+00 5.696389820655006070e-02 -2.366012866114716977e+06
2.703423558330142473e-01 1.277165081995820728e+01 1.875447783768637022e-01 2.831648201570240511e-03 1.049474801824012288e-01 9.957132015630398882e+02 6.063848134168970305e-05 3.272537988636579076e+00 5.959685140274051385e-02 -2.466529801856795326e+06
2.858366470919037061e-01 1.264198666860774800e+01 1.903633814754044085e-01 2.825676757235277142e-03 1.094858749852731239e-01 9.973088056698205719e+02 6.336567513065533399e-05 3.229830062096697763e+00 6.233641015396670926e-02 -2.574565838410728611e+06
3.021430167221549334e-01 1.253230498551650562e+01 1.932349269581829787e-01 2.809276389981031716e-03 1.141595650522356509e-01 9.989815968121697551e+02 6.620083374912058886e-05 3.189170160897787376e+00 6.519065573900115207e-02 -2.682285369633936789e+06
3.192879154867472868e-01 1.244677329331663529e+01 1.961615653793490621e-01 2.795881951629906013e-03 1.190843885274857766e-01 1.000737234842379507e+03 6.914828298006664843e-05 3.150600579335351537e+00 6.816476703554923133e-02 -2.790993652098123450e+06
3.372967768373022479e-01 1.236218395794085545e+01 1.991479842867802941e-01 2.790909594762426213e-03 1.242103201688425640e-01 1.002577630613512156e+03 7.221045561290849999e-05 3.114297987045041793e+00 7.126211320254213777e-02 -2.903452075644676574e+06
3.561952387549541799e-01 1.230711171878533428e+01 2.021876518711146764e-01 2.783397597758527527e-03 1.296111023340695001e-01 1.004508884689828847e+03 7.539138487975024616e-05 3.080061340777767054e+00 7.448770946263792714e-02 -3.026651215928253252e+06
3.760102018161541881e-01 1.225678237001877768e+01 2.052820818653946777e-01 2.770025929749971201e-03 1.352230920151539506e-01 1.006533206497945116e+03 7.869771223027234065e-05 3.047883723586727545e+00 7.784933677845401467e-02 -3.149222636600370985e+06
3.967671712762624314e-01 1.221742394448160596e+01 2.084332510011537021e-01 2.756305607209186704e-03 1.411164651175008944e-01 1.008657273402509418e+03 8.213464762810427147e-05 3.017629596151730986e+00 8.135345813837442652e-02 -3.274214299002349842e+06
4.184900185650758941e-01 1.219052826591009442e+01 2.116457809580270799e-01 2.742942638116153183e-03 1.471937597990336521e-01 1.010883490118044733e+03 8.570777705403458645e-05 2.989480720382956758e+00 8.500702880296896746e-02 -3.402861090233623050e+06
4.412019109737655986e-01 1.217720713468039762e+01 2.149147400472856129e-01 2.733520129759742148e-03 1.535958364365409556e-01 1.013219181621414009e+03 8.942182290360233920e-05 2.963952858873839524e+00 8.881616827360852562e-02 -3.542141056189965457e+06
4.649260576334301454e-01 1.216741019920147870e+01 2.182429152366215097e-01 2.734370821310532027e-03 1.602565594964517892e-01 1.015666968022658239e+03 9.328068530248655329e-05 2.941169248127610381e+00 9.278638654938038688e-02 -3.683423495530260261e+06
4.896838563345807804e-01 1.216043954930232296e+01 2.216291764463155234e-01 2.734560475371125739e-03 1.672881121274033267e-01 1.018234986075054621e+03 9.729050159451666652e-05 2.920643033742400974e+00 9.692555426858723289e-02 -3.830969368928476702e+06
5.154949647230380183e-01 1.216733125555093231e+01 2.250779936771393763e-01 2.733299385813146853e-03 1.746512227300694720e-01 1.020926000683264647e+03 1.014600904382076846e-04 2.902313026120275197e+00 1.012444763068440223e-01 -3.983713696610963903e+06
5.423778018866884931e-01 1.217724173874173843e+01 2.285824067483579747e-01 2.724627222443285444e-03 1.823824348340066237e-01 1.023749094760546654e+03 1.057940447730113860e-04 2.885845810059251004e+00 1.057497778153168588e-01 -4.150298763285793830e+06
5.703507390527207122e-01 1.219148550329417979e+01 2.321452815312403939e-01 2.702296371258476951e-03 1.904198833622800235e-01 1.026707207169421736e+03 1.102972353507960531e-04 2.870827726351581344e+00 1.104486191944546725e-01 -4.317033799548855983e+06
5.994286396176874421e-01 1.221689820756176914e+01 2.357681482065823730e-01 2.683649485865181612e-03 1.987859212490960259e-01 1.029810455213316118e+03 1.149772967223350372e-04 2.856283827315786894e+00 1.153511700179117583e-01 -4.485490606897335500e+06
6.296227813219826830e-01 1.223752203435012298e+01 2.394559375831397663e-01 2.671696240515321081e-03 2.073980730393152894e-01 1.033061933215063391e+03 1.198432916138860582e-04 2.842511948440328506e+00 1.204693481126457716e-01 -4.659328805488441139e+06
6.609421151312597775e-01 1.226742340791899899e+01 2.432038482743669461e-01 2.658044859385615653e-03 2.164859178598303735e-01 1.036472843519594790e+03 1.248953828115762236e-04 2.830536889211797913e+00 1.258061892181304431e-01 -4.842214152195928618e+06
6.933931156253839712e-01 1.229806375003360763e+01 2.470164018341783063e-01 2.642308886725108167e-03 2.260556583669838526e-01 1.040046473623598558e+03 1.301429292582282835e-04 2.820400221311150091e+00 1.313743082741593571e-01 -5.031534109514492564e+06
7.269792957669278799e-01 1.233809671227027138e+01 2.508886237448131329e-01 2.619761532821415859e-03 2.359213641562250274e-01 1.043795260019891657e+03 1.355944297866921327e-04 2.811986279062091310e+00 1.371855487007397345e-01 -5.231608106825891882e+06
7.617015031577486495e-01 1.237172237340634950e+01 2.548251206874547203e-01 2.589468631219434078e-03 2.460746359502912761e-01 1.047722800426259710e+03 1.412493141596937046e-04 2.804428683231702912e+00 1.432428340646378362e-01 -5.431811041931647807e+06
7.975551109881309220e-01 1.241169906352723018e+01 2.588289042887641500e-01 2.561026000851710730e-03 2.566652360053245374e-01 1.051842709246187269e+03 1.471144877429266418e-04 2.796128572465630402e+00 1.495573233364183852e-01 -5.626266373074050061e+06
8.345293639422038945e-01 1.245832020683477381e+01 2.629046729832602014e-01 2.534155016225639930e-03 2.677445385562727265e-01 1.056158930390941578e+03 1.532021961642198110e-04 2.787586404079189339e+00 1.561460714250692272e-01 -5.831004031298554502e+06
8.726114054936645603e-01 1.249892580253783336e+01 2.670433653876794766e-01 2.493829638264287267e-03 2.791001782609811022e-01 1.060686295241145217e+03 1.595082390603743251e-04 2.779778388903322739e+00 1.630092568643066453e-01 -6.046630973822794855e+06
9.117856866059537158e-01 1.254746505312503935e+01 2.712509324415958711e-01 2.442399449831207485e-03 2.908714563038347634e-01 1.065429419767386207e+03 1.660351432672838110e-04 2.772249318988318390e+00 1.701540925829087558e-01 -6.254360280797408894e+06
9.520281126725788079e-01 1.258873920633188526e+01 2.755357962033239128e-01 2.396635111747653056e-03 3.028020315757100622e-01 1.070404162901572818e+03 1.727947443833749940e-04 2.764508155021158764e+00 1.775981469369796173e-01 -6.450333938193043694e+06
9.933065303552761627e-01 1.263922916526821716e+01 2.799012153966181082e-01 2.353052808490875385e-03 3.151604318740680033e-01 1.075615933071556810e+03 1.797825852607613166e-04 2.755958321015643087e+00 1.853423137594370218e-01 -6.654947278685135767e+06
1.035585963135918552e+00 1.268103131473252354e+01 2.843417364882783738e-01 2.295522847297126051e-03 3.278383111213254431e-01 1.081081472856233859e+03 1.869953093856407717e-04 2.745880256971682698e+00 1.933892562458157383e-01 -6.855569120757293887e+06
1.078826802798394935e+00 1.272931744229962625e+01 2.888637789164177905e-01 2.229530598394370046e-03 3.411327211525017611e-01 1.086807476054955941e+03 1.944391472548573959e-04 2.734250950653468681e+00 2.017519728946986501e-01 -7.044016880888202228e+06
1.122981373767500735e+00 1.277890560885001925e+01 2.934722212203787484e-01 2.153379589925081411e-03 3.539978766085359330e-01 1.092811242167572118e+03 2.021138933702462637e-04 2.721031997733851071e+00 2.104372272855145054e-01 -7.220069452552289702e+06
1.167995193768267770e+00 1.282148808856970312e+01 2.981730680640233833e-01 2.070591065912162545e-03 3.673227345542118272e-01 1.099101242956247233e+03 2.100059108206291840e-04 2.705585817315876440e+00 2.194373947224958210e-01 -7.376106251248629764e+06
1.213804667771963608e+00 1.286942978805915594e+01 3.029760189892404254e-01 2.004317917444552438e-03 3.805667741708176899e-01 1.105694580873002678e+03 2.181184858345127579e-04 2.687507798162021011e+00 2.287643116475607807e-01 -7.509742733231082559e+06
1.260339335862547205e+00 1.291784095506613106e+01 3.078822794040571020e-01 1.937228758662339588e-03 3.945187839570430954e-01 1.112602272721736881e+03 2.264430650412147645e-04 2.667086813110367771e+00 2.384168677356590382e-01 -7.636840888696646318e+06
1.307525163867304441e+00 1.295942711643610501e+01 3.128911867305259054e-01 1.855704285706161324e-03 4.079072564707414417e-01 1.119840532986512926e+03 2.349663975197671575e-04 2.644331850765148761e+00 2.483895637859318828e-01 -7.744313102981084026e+06
1.355282714743380801e+00 1.300022917502149511e+01 3.180142192546647761e-01 1.769648038073950644e-03 4.219565022953581379e-01 1.127424193178231235e+03 2.436790935739233045e-04 2.618933028382757211e+00 2.586810296945012966e-01 -7.811739305143312551e+06
1.403521412871759022e+00 1.304102446575465812e+01 3.232629219330988568e-01 1.689030127369398884e-03 4.353019117133620219e-01 1.135367361755242655e+03 2.525792104512910056e-04 2.590630616467699099e+00 2.692995571493593254e-01 -7.857130046640897170e+06
1.452145997458770932e+00 1.308078903312441810e+01 3.286396832794157286e-01 1.605916022091377973e-03 4.491379573655153723e-01 1.143689142230914285e+03 2.616459544495415026e-04 2.558867167324797354e+00 2.802323294430871248e-01 -7.877358472787437961e+06
1.501057258505971159e+00 1.311981384368494119e+01 3.341487673188017760e-01 1.526398917488919465e-03 4.626385868569863891e-01 1.152401821577980400e+03 2.708614736583197678e-04 2.523456064885311267e+00 2.914707018142579931e-01 -7.865213257162323222e+06
1.550150937431031162e+00 1.315871262257681451e+01 3.398033125043991576e-01 1.444511899673993826e-03 4.762335031262033280e-01 1.161528380214836943e+03 2.802109456990425971e-04 2.484355506599450703e+00 3.030101237977909645e-01 -7.811147989578193985e+06
1.599316046200547126e+00 1.318983632207041801e+01 3.456107140384022669e-01 1.361394345594133535e-03 4.895661041624174703e-01 1.171080207544916675e+03 2.896804356703133613e-04 2.441702758761371772e+00 3.148477485471199433e-01 -7.728123877325758338e+06
1.648438996299776749e+00 1.321996808857005234e+01 3.515786938897950131e-01 1.278013430597694806e-03 5.026399807207826420e-01 1.181082403437719222e+03 2.992459564643168857e-04 2.395990979679798460e+00 3.269695888220639501e-01 -7.615601720935591497e+06
1.697404052949043063e+00 1.325005991067979672e+01 3.577151116699892608e-01 1.192482735793804057e-03 5.158480827092157828e-01 1.191547985575061830e+03 3.088806228685195493e-04 2.346862406437979942e+00 3.393578468878337140e-01 -7.462734132491189055e+06
1.746091165698521630e+00 1.327681572775629526e+01 3.640349437205033234e-01 1.108737256984880688e-03 5.280642238060362370e-01 1.202501098798991961e+03 3.185714267016459371e-04 2.293832242600836402e+00 3.520127611532125056e-01 -7.278667156934357248e+06
1.794379173418374940e+00 1.329995775419657100e+01 3.705477233307942209e-01 1.024623106767801745e-03 5.404982229186308107e-01 1.213959807385996555e+03 3.282797530847000747e-04 2.236820123180972342e+00 3.649053392155552356e-01 -7.055279491748378612e+06
1.842144573714166844e+00 1.331971093052994526e+01 3.772652311418914772e-01 9.605126686715577487e-04 5.520035637460721789e-01 1.225943378249958641e+03 3.379783089692669010e-04 2.175880577751389655e+00 3.780213962011453321e-01 -6.805627350779518485e+06
1.889265305593422539e+00 1.333154458174730017e+01 3.842003145380251672e-01 8.963386221717382788e-04 5.636214261927390279e-01 1.238476985603341973e+03 3.476403771499262784e-04 2.111668651367271998e+00 3.913455418590749968e-01 -6.523805758227959275e+06
1.935619754673894688e+00 1.334956935797954714e+01 3.913624643865195041e-01 8.332350718436479882e-04 5.751829710946171348e-01 1.251577122258607687e+03 3.572207810470072334e-04 2.044197870287260077e+00 4.048421374022778130e-01 -6.221046927201288752e+06
1.981090535840279276e+00 1.335964674645302530e+01 3.987587975357553827e-01 7.612488908191950617e-04 5.858447922923598616e-01 1.265271068826565170e+03 3.666833951659533714e-04 1.973161232026959588e+00 4.184885179511848019e-01 -5.900228239485899918e+06
2.025564807398275935e+00 1.336165806840341830e+01 4.064078860389301884e-01 6.900069207603146256e-04 5.963846277744428992e-01 1.279579417927447139e+03 3.759997666294250516e-04 1.899151956786607087e+00 4.322710074696391458e-01 -5.546401603880004026e+06
2.068928278647528707e+00 1.336919499240353382e+01 4.143313248664082238e-01 6.441022235659903941e-04 6.058928784240755760e-01 1.294523804781001445e+03 3.851141069881539448e-04 1.822576925690861271e+00 4.461421825441942435e-01 -5.185052040415717289e+06
2.111072908889203514e+00 1.336892942443803278e+01 4.225358387333955079e-01 5.988926645564690565e-04 6.155957660511990337e-01 1.310131986677148461e+03 3.939821960279509482e-04 1.743164433872420593e+00 4.600673350191962219e-01 -4.814679880744026974e+06
2.151898312582491091e+00 1.336159265084758552e+01 4.310320785358033868e-01 5.518860628223341619e-04 6.254805173824741216e-01 1.326424983871434279e+03 4.025558753520438581e-04 1.661757188271774321e+00 4.740115998881618276e-01 -4.440179029078932479e+06
2.191312207660196076e+00 1.335857066941904669e+01 4.398293807475552319e-01 4.868976479745302849e-04 6.339204726131423273e-01 1.343428161454976816e+03 4.107673545848657885e-04 1.579240712913347222e+00 4.879123269949871000e-01 -4.066421018461617175e+06
2.229227742320747829e+00 1.334821748333295588e+01 4.489620811609993933e-01 4.380974042367444233e-04 6.419155860015026693e-01 1.361169313977963611e+03 4.185991641416421946e-04 1.496255020706025451e+00 5.017656413138359417e-01 -3.689437828063692898e+06
2.265561060786247971e+00 1.333061598584481189e+01 4.584443567711551371e-01 4.021425239695279488e-04 6.496086211284459733e-01 1.379671399727973494e+03 4.259795935838055301e-04 1.412545588639973815e+00 5.154985676926018279e-01 -3.327030816363691352e+06
2.300239270874508080e+00 1.331758673773330237e+01 4.682833578630018478e-01 3.695315933326802252e-04 6.571964134823706782e-01 1.398960359975163783e+03 4.328455233881276583e-04 1.328087327902762516e+00 5.290523647861572476e-01 -2.975283419943402056e+06
2.333198804915199265e+00 1.329194459681346352e+01 4.785007483230949155e-01 3.349798279450309541e-04 6.641160170549987862e-01 1.419065366083784056e+03 4.391530975659667141e-04 1.244496637558025309e+00 5.423856761912765334e-01 -2.639457674794759601e+06
2.364384184356561835e+00 1.326816691716343044e+01 4.891155542233981968e-01 3.019780243446690770e-04 6.707153673186895260e-01 1.440011796814296304e+03 4.448567819209395474e-04 1.162090162095802404e+00 5.554466603329146768e-01 -2.321813606304578483e+06
2.393747760059254492e+00 1.323960503980669046e+01 5.001475082308461939e-01 2.761695250764637454e-04 6.771784683701080887e-01 1.461825858643243009e+03 4.499085210890204603e-04 1.081133843798124383e+00 5.681857269005994304e-01 -2.026594090462627122e+06
2.421252159337771825e+00 1.320812745678507838e+01 5.116072439315264564e-01 2.437469187020879086e-04 6.829571254829798210e-01 1.484537403145852295e+03 4.542587802998100904e-04 1.002010636128707777e+00 5.805382740288552723e-01 -1.754539034823853523e+06
2.446868938847880148e+00 1.317741840219951044e+01 5.235256637752565556e-01 2.165328873955859614e-04 6.882771613141759337e-01 1.508174733861221739e+03 4.578870367516997488e-04 9.252372918181371864e-01 5.924771237351011965e-01 -1.504378002028250601e+06
2.470576393080035960e+00 1.313227705731892847e+01 5.359232242555990178e-01 1.935844375278538809e-04 6.932692364598848078e-01 1.532765495221628044e+03 4.607652148863821502e-04 8.515629675176017432e-01 6.039604289198101661e-01 -1.280740951613643439e+06
2.492362223767960572e+00 1.309719089296666361e+01 5.488170095225025635e-01 1.703735810670829623e-04 6.982196438273620132e-01 1.558338016951810459e+03 4.628705641166342560e-04 7.819339425919558106e-01 6.149395033456921400e-01 -1.082772609975614119e+06
2.512222463730256816e+00 1.304869220323302059e+01 5.622315014286805024e-01 1.474367207133721227e-04 7.021184355181063763e-01 1.584922501552752919e+03 4.642159965715951303e-04 7.166876660413312727e-01 6.254104347271950415e-01 -9.099484760304493830e+05
2.530160614047808565e+00 1.300237512051208455e+01 5.761996851109421058e-01 1.329687679183416454e-04 7.059355234065783913e-01 1.612548934580407149e+03 4.648106375067577413e-04 6.541461303652896797e-01 6.353637813245905930e-01 -7.574830178294762736e+05
2.546186662762852659e+00 1.295188421657323374e+01 5.907356160235944786e-01 1.185509282937166571e-04 7.095779761810231401e-01 1.641246737739477794e+03 4.646359266213430502e-04 5.945144591068850515e-01 6.447470723147677996e-01 -6.257677815599119058e+05
2.560319776527814284e+00 1.289940690320635142e+01 6.058638547583594658e-01 1.017168168780480737e-04 7.128925289282139754e-01 1.671045976495285004e+03 4.637135994532345928e-04 5.395690167898766765e-01 6.535632760171676825e-01 -5.135542742746988079e+05
2.572584581582562535e+00 1.284752654721351917e+01 6.216191254229584962e-01 8.697221062082498690e-05 7.157421953550168192e-01 1.701977045239526660e+03 4.620900288440951513e-04 4.891184910164952937e-01 6.618259971085501681e-01 -4.196970037372714723e+05
2.583012090042199116e+00 1.278733642024384132e+01 6.380203970566252769e-01 7.732197806600599362e-05 7.184013407846585597e-01 1.734070861688409423e+03 4.597958650901721165e-04 4.405964610224619715e-01 6.695427050698764537e-01 -3.391298534490017919e+05
2.591639175686774710e+00 1.272772327415194127e+01 6.551026181222853184e-01 6.137684070455230972e-05 7.207699321354749111e-01 1.767359196170429186e+03 4.568040422089299267e-04 3.948450909889841265e-01 6.766487597923572794e-01 -2.713353548773112125e+05
2.598507703389474344e+00 1.266734975995241008e+01 6.728883367911246971e-01 4.635640664365054352e-05 7.224989957123850726e-01 1.801873612157328353e+03 4.532045734304070194e-04 3.550389016086383798e-01 6.832128293993174895e-01 -2.175563538749746804e+05
2.603664374377356872e+00 1.259960761731270473e+01 6.914281641797558331e-01 4.125044103578960804e-05 7.239314624639773266e-01 1.837645625078140256e+03 4.490639614786189776e-04 3.179760678693177578e-01 6.892840858374713608e-01 -1.730148454708182253e+05
2.607158551459359597e+00 1.253721678730300759e+01 7.107394800674251556e-01 3.489321376352353749e-05 7.254736913313277746e-01 1.874706809825896244e+03 4.443805727537669106e-04 2.828831546040310174e-01 6.948210576954416684e-01 -1.364062735945144086e+05
2.609045148059556674e+00 1.247003359115533527e+01 7.308505347699935095e-01 2.036542748998164168e-05 7.266139887477438553e-01 1.913089776397876221e+03 4.392121705776632365e-04 2.503740807262400114e-01 6.998582861505443509e-01 -1.065508774391670886e+05
2.609381734407902886e+00 1.239779780862761527e+01 7.518132594905654331e-01 8.140161984307318547e-06 7.269954294199676426e-01 1.952827139391328501e+03 4.335900305111488654e-04 2.195988184981968738e-01 7.044007646586857296e-01 -8.222447195440791256e+04
2.608227820961442234e+00 1.232728262892394433e+01 7.736703733611081102e-01 6.739193614798141058e-06 7.272580160926501724e-01 1.993951066035559961e+03 4.275357401280312827e-04 1.909889730787258655e-01 7.084436244673414373e-01 -6.284104421941702458e+04
2.605645129916660085e+00 1.225729989041440327e+01 7.964501144874874816e-01 3.902787968258614098e-06 7.275647442457403580e-01 2.036494290057079297e+03 4.211136515430863336e-04 1.651441233282370524e-01 7.120239480468038007e-01 -4.770222987078068400e+04
2.601698072706895903e+00 1.218801203269448230e+01 8.201888046471461635e-01 -7.364151160917121974e-06 7.276069782402995179e-01 2.080490107976488162e+03 4.143628713124086586e-04 1.410848943546355316e-01 7.151629452674512777e-01 -3.573616580489860644e+04
2.596452104222694679e+00 1.211003820926766750e+01 8.449363991644682770e-01 -1.717803563540904268e-05 7.268760731555387045e-01 2.125972079835368731e+03 4.073135809475067568e-04 1.190084062585360924e-01 7.178669327006529377e-01 -2.648274144285295915e+04
2.589974086494068573e+00 1.203245451488688822e+01 8.707589816149264861e-01 -1.901816327326370375e-05 7.260140220979565129e-01 2.172973065720083014e+03 4.000199145797459681e-04 9.830113700565114299e-02 7.201786181918151675e-01 -1.933694036852723730e+04
2.582330942591152922e+00 1.196086686941918487e+01 8.976797984532934871e-01 -2.456333671281003722e-05 7.250546141505177511e-01 2.221526407711637148e+03 3.924918199537340540e-04 7.796984229130199395e-02 7.220751321465207484e-01 -1.362332014814773174e+04
2.573590588417227210e+00 1.188885712805071648e+01 9.257701775940425648e-01 -3.042672396255507582e-05 7.235763031555205727e-01 2.271665494400663192e+03 3.847602427464248990e-04 5.900830707100893080e-02 7.235669831537251406e-01 -9.316486876015622329e+03
