# M(M_sol)  R(km)   nb_c(fm^-3)   Alpha_C(MeV^-1)     cs2_c   mu_c(MeV)
1.564479282030371288e-01 2.000000000000000000e+01 1.234600725386267445e-01 2.218833819547211261e-03 3.391976150005612811e-02 9.732663028398377492e+02 2.314729921261050955e-05 1.785100280519614557e+00 2.240660231069604297e-02 -5.134691024404116324e+05
1.625889374556526157e-01 2.000000000000000000e+01 1.263470938348582873e-01 2.262410344466620881e-03 3.569139792027405111e-02 9.740416402944958918e+02 2.416248766288610979e-05 1.819731064863270742e+00 2.340246621103357280e-02 -5.397734669903687900e+05
1.690376457434454027e-01 2.000000000000000000e+01 1.292558125710590311e-01 2.308810017163077932e-03 3.757781153832326360e-02 9.748514099048996968e+02 2.523094283968227422e-05 1.855408596597603044e+00 2.445176277538436971e-02 -5.718182092848954489e+05
1.758137829139168884e-01 2.000000000000000000e+01 1.321680534117513628e-01 2.357729688952652121e-03 3.958511150553994246e-02 9.757021562458533026e+02 2.635442864969484282e-05 1.892073872073593455e+00 2.555618789887583245e-02 -6.108445811823430704e+05
1.829389115322296033e-01 2.000000000000000000e+01 1.351069581493714034e-01 2.384470843494738545e-03 4.165326265607905559e-02 9.765887666722753693e+02 2.754084251440401404e-05 1.929714392838540293e+00 2.672362785549857109e-02 -6.394968876710785553e+05
1.904276636066347117e-01 2.000000000000000000e+01 1.380999754214041753e-01 2.412944449881960010e-03 4.385540100119235396e-02 9.775045565981249638e+02 2.879459642965279988e-05 1.967797466077277013e+00 2.795858395610855904e-02 -6.725458504566254560e+05
1.982948767310396820e-01 2.000000000000000000e+01 1.411363375954256538e-01 2.443262746701133949e-03 4.620020703229609643e-02 9.784541237366944415e+02 3.011605625166567998e-05 2.005921741035325834e+00 2.926160551327237902e-02 -7.107533632432242157e+05
2.065585138735041293e-01 2.000000000000000000e+01 1.442034902258051143e-01 2.475545244025676838e-03 4.869692361493097033e-02 9.794431109016715027e+02 3.150760612260488790e-05 2.043905885567897318e+00 3.063526089647357689e-02 -7.551669238643380813e+05
2.152402133993134015e-01 2.000000000000000000e+01 1.472870005344261712e-01 2.509919194505970137e-03 5.135539242271964372e-02 9.804784049308597105e+02 3.297194083040938149e-05 2.081627636160371608e+00 3.208246513481342876e-02 -8.071512339006377151e+05
2.243658707968556876e-01 2.000000000000000000e+01 1.503705020486604538e-01 2.546259751211007831e-03 5.418408816586847698e-02 9.815683749028112288e+02 3.451193088071627570e-05 2.119006455103239261e+00 3.360634801248484765e-02 -8.682761068404098041e+05
2.339629662778587582e-01 2.000000000000000000e+01 1.534787393587985493e-01 2.556896597071127257e-03 5.698000534099158243e-02 9.827064569526957030e+02 3.613768237972269038e-05 2.156027037002178570e+00 3.521715046813200106e-02 -9.148165360731893452e+05
2.440505317972318788e-01 2.000000000000000000e+01 1.566411176807491201e-01 2.568222561391250540e-03 5.995705874421810438e-02 9.838834198644283333e+02 3.785105040025368010e-05 2.192285359206962436e+00 3.691701047875834557e-02 -9.668749708957182011e+05
2.546474015705015304e-01 1.497223053812664340e+01 1.598483236963696708e-01 2.580282289384645301e-03 6.312698346320498588e-02 9.851048398111803408e+02 3.964981412971200250e-05 2.227419214818398441e+00 3.870409031679590550e-02 -1.025141946928743273e+06
2.657754134159602266e-01 1.475060832607045924e+01 1.630901500798537518e-01 2.593123318648376044e-03 6.650227485473785005e-02 9.863774790877910164e+02 4.153692557261583483e-05 2.261227242407776838e+00 4.058170041164060188e-02 -1.090501033714765916e+06
2.774597045272234608e-01 1.454959923113636933e+01 1.663556938680223474e-01 2.606796266549216059e-03 7.009623779950992228e-02 9.877094843241494573e+02 4.351633535246642623e-05 2.293581618590806226e+00 4.255420555258212362e-02 -1.163981023960729828e+06
2.897289256641453759e-01 1.435967532211744846e+01 1.696336631309145471e-01 2.621355029749539330e-03 7.392303914791990838e-02 9.891106138415061650e+02 4.559306630173512741e-05 2.324405555668733303e+00 4.462710181863261544e-02 -1.246728050657949643e+06
3.026148020055078880e-01 1.419140970628237852e+01 1.729239320316451056e-01 2.626263331080463601e-03 7.772034936187563470e-02 9.905862256718605749e+02 4.777523081716198984e-05 2.353684951064822783e+00 4.680901408301493816e-02 -1.323616707590571837e+06
3.161428199115344229e-01 1.403940466873852699e+01 1.762703796460876882e-01 2.622799774470082126e-03 8.153611274464461767e-02 9.921162120517151379e+02 5.007257201445817043e-05 2.381389451935084445e+00 4.911011412345193256e-02 -1.394851072086187080e+06
3.303329193218701443e-01 1.390840602303954476e+01 1.796719885321183541e-01 2.619111827957949952e-03 8.559908408930883006e-02 9.937031908841406675e+02 5.247399019403031024e-05 2.407485231898332856e+00 5.151996510381660899e-02 -1.472894937715796288e+06
3.452074219770866481e-01 1.377887491760531269e+01 1.831203721575981602e-01 2.615184954224869691e-03 8.992527900540535357e-02 9.953547641089309082e+02 5.498031155462384107e-05 2.431812186184256319e+00 5.404004463081455573e-02 -1.558362138328147586e+06
3.607913831073119582e-01 1.366836641558686871e+01 1.866070030222657106e-01 2.611003674137202853e-03 9.453175068939563552e-02 9.970800347096961787e+02 5.759555180450223093e-05 2.454247048361376304e+00 5.667510566916308251e-02 -1.651841269512787694e+06
3.771125242210722761e-01 1.356833957481257791e+01 1.901236722617677954e-01 2.606551505730502968e-03 9.943665714574875802e-02 9.988898279077288862e+02 6.032559587403126547e-05 2.474708390449050111e+00 5.943188369395004805e-02 -1.753786499179279199e+06
3.942009405908485364e-01 1.347873767182397131e+01 1.936631277090698211e-01 2.601810899240141091e-03 1.046593327630088027e-01 1.000796931294020851e+03 6.317818286484964334e-05 2.493141934581724062e+00 6.231910058322322199e-02 -1.864327205560472328e+06
4.120874876400409947e-01 1.340052763925337409e+01 1.972346071458145056e-01 2.585560670602767529e-03 1.096431367673058460e-01 1.002803213888106825e+03 6.616573145794841094e-05 2.509507448540572838e+00 6.535026165094284800e-02 -1.960206918552423595e+06
4.307942098163827227e-01 1.333075852135229766e+01 2.008739695284719462e-01 2.563528902923808018e-03 1.147061643796979669e-01 1.004883913957396771e+03 6.929341851094717266e-05 2.523770732327318633e+00 6.853142625483008010e-02 -2.053362150788470171e+06
4.503391107538410876e-01 1.326843375745727016e+01 2.045768450241052527e-01 2.540069785632590067e-03 1.200972051867055523e-01 1.007045256150175419e+03 7.254516290946517825e-05 2.536150945805510482e+00 7.184746790342151634e-02 -2.153300251059135422e+06
4.707419731139702024e-01 1.321784342592402517e+01 2.083364715647123555e-01 2.515090846488787692e-03 1.258375098438807571e-01 1.009297114112968757e+03 7.592286397778195918e-05 2.546504180927007699e+00 7.530148055683390240e-02 -2.259958257125142030e+06
4.920241251136687199e-01 1.316998781583896516e+01 2.121467153012798756e-01 2.488493622347564150e-03 1.319497057512749594e-01 1.011651175696729410e+03 7.943192647362640614e-05 2.554696944958775084e+00 7.890028674739688053e-02 -2.372928325675121043e+06
5.142078413099113732e-01 1.313160687245495062e+01 2.160027764081049184e-01 2.460173271032965129e-03 1.384578862471775029e-01 1.014121169039538017e+03 8.308067919057403241e-05 2.560615488353281677e+00 8.265386884113533339e-02 -2.491227083767037839e+06
5.373153425205617895e-01 1.309808964304020940e+01 2.199021378499541046e-01 2.430018158066149080e-03 1.453877055803579899e-01 1.016723088417054669e+03 8.688008933807186084e-05 2.564154071610338814e+00 8.657513630334612298e-02 -2.612958633407099172e+06
5.613668906838081840e-01 1.307222394214890571e+01 2.238528302878530496e-01 2.407073814033835590e-03 1.517347492789930252e-01 1.019464453709814393e+03 9.084494840760428162e-05 2.565234813452637042e+00 9.068112985835129203e-02 -2.718654171078685205e+06
5.863740212785524264e-01 1.305028418792497469e+01 2.278858861593614227e-01 2.389537583138231017e-03 1.577167978636734302e-01 1.022312365835182845e+03 9.497358056653968099e-05 2.564128426639634029e+00 9.497163939769276420e-02 -2.815607674988516141e+06
6.123430084996240863e-01 1.303844759750845128e+01 2.319991644816024601e-01 2.370865250376717834e-03 1.640863993152992251e-01 1.025271925074408955e+03 9.923794042374573844e-05 2.561600634025943624e+00 9.941972632743270588e-02 -2.917765337617411744e+06
6.392806106117584486e-01 1.302758714916008564e+01 2.361867077402832471e-01 2.350983212279007372e-03 1.708686616253136115e-01 1.028355657962771375e+03 1.036333245069301047e-04 2.557761575193632897e+00 1.040225630389515210e-01 -3.024890111985167954e+06
6.671936695748182933e-01 1.301796203433732302e+01 2.404433878134290270e-01 2.329813096902015948e-03 1.780903194309366722e-01 1.031578312941325294e+03 1.081621223441397414e-04 2.552613265918752816e+00 1.087849200622752338e-01 -3.136135761824011337e+06
6.960881897039089550e-01 1.301104414828121314e+01 2.447656833389036113e-01 2.307271454899693063e-03 1.857798393990026387e-01 1.034957117669401669e+03 1.128305796915103317e-04 2.546139822376494610e+00 1.137158678498584458e-01 -3.249892999200108461e+06
7.259679237390107565e-01 1.301091801970167516e+01 2.491527205076092544e-01 2.283269430578505673e-03 1.939675324371919474e-01 1.038512026198494596e+03 1.176484991734642101e-04 2.538302545716475844e+00 1.188285429261535381e-01 -3.363417609252176248e+06
7.568323359420948693e-01 1.301815385413254234e+01 2.536090152670522069e-01 2.238546382684958921e-03 2.024657210155126341e-01 1.042261461695673916e+03 1.226300464670192886e-04 2.529015591220564740e+00 1.241410309676954510e-01 -3.466187730205195025e+06
7.886737743658370769e-01 1.301874484416945599e+01 2.581566404274528437e-01 2.150683298234947177e-03 2.110526429537874504e-01 1.046167666666971400e+03 1.277922897308811855e-04 2.517516036824583470e+00 1.296739853723481717e-01 -3.554174920255909674e+06
8.214794015313061637e-01 1.302802927518001397e+01 2.627987898236975872e-01 2.057127917944265045e-03 2.201958770263261755e-01 1.050227084408467363e+03 1.331268914561291154e-04 2.503401432145480054e+00 1.354210222360464899e-01 -3.641802939152683131e+06
8.552340956037438602e-01 1.303809284430220572e+01 2.675336531268845963e-01 1.957511460860815542e-03 2.299314644587221457e-01 1.054455860663858175e+03 1.386367288582457901e-04 2.486254145145793348e+00 1.413885588788890701e-01 -3.725818104115127120e+06
8.899192472685947264e-01 1.304912453861921406e+01 2.723621439347433948e-01 1.851441254197917817e-03 2.402977814426105196e-01 1.058872577034946289e+03 1.443337139369502370e-04 2.465570446391031290e+00 1.475932984344217047e-01 -3.801499983224791940e+06
9.255107223352143642e-01 1.306809170292287980e+01 2.772892650044040952e-01 1.738499185478439586e-03 2.513356904087268862e-01 1.063498369086820503e+03 1.502335700569981843e-04 2.440875664542104584e+00 1.540567116830343641e-01 -3.862821013398669194e+06
9.619760841441007404e-01 1.307827816456550174e+01 2.823258885314509636e-01 1.618240054399577247e-03 2.630887011003383291e-01 1.068356950103829831e+03 1.563566539721824699e-04 2.411691694847637013e+00 1.608060503249900686e-01 -3.902203990489327349e+06
9.992709422171075495e-01 1.309880209235742576e+01 2.874900824531269605e-01 1.484819343730515691e-03 2.744219067773814857e-01 1.073473910090775917e+03 1.627280184789596323e-04 2.377503742755840310e+00 1.678746200620446771e-01 -3.923890586683391593e+06
1.037355344382391742e+00 1.310994769526818615e+01 2.927107121369982301e-01 1.297302433586992225e-03 2.764920922453416030e-01 1.078818675000102530e+03 1.692513777734330424e-04 2.337536185656924115e+00 1.751643533380902451e-01 -4.021888301967442501e+06
1.076230279810253654e+00 1.312836993049910639e+01 2.979561979437156394e-01 1.097637057061406646e-03 2.786963967031192424e-01 1.084378191760253003e+03 1.757689228178308059e-04 2.291079093306582326e+00 1.825076227300505005e-01 -4.075549064482620917e+06
1.115881070921010743e+00 1.314884650000576372e+01 3.032812649907383751e-01 8.850361638801449837e-04 2.810435091806143815e-01 1.090176853431735026e+03 1.822343118683287459e-04 2.237392486523329893e+00 1.898578258404663710e-01 -4.061527103182566818e+06
1.156253967571870600e+00 1.316720729189196604e+01 3.087709819654027577e-01 6.586617139480187072e-04 2.835426816350253842e-01 1.096236379957367490e+03 1.886440277506715982e-04 2.175372478790530195e+00 1.972165092619464211e-01 -3.953980326851212885e+06
1.197240895618561840e+00 1.318020579144626048e+01 3.145503925484737784e-01 4.176213739228134669e-04 2.862037654206445736e-01 1.102572603794090128e+03 1.950259318472417414e-04 2.103718888162496192e+00 2.046213729710282259e-01 -3.733173531859479379e+06
1.238661333094543071e+00 1.319880815226144399e+01 3.207966418715727519e-01 1.609649997742054663e-04 2.890372501213849810e-01 1.109190885735097709e+03 2.014384712995684822e-04 2.020740449166279262e+00 2.121470309795323028e-01 -3.394411296070376411e+06
1.280241962597766348e+00 1.321757374190308276e+01 3.277506621431078848e-01 -5.854401962013552034e-05 2.909555582513721483e-01 1.116080905351639558e+03 2.079666466414834632e-04 1.924104834818735732e+00 2.199030236553474460e-01 -2.971774442004663404e+06
1.321634371648338080e+00 1.322758337824715191e+01 3.354867397808626861e-01 -1.972526648100203766e-05 2.874293560403907710e-01 1.123261487169176689e+03 2.145458809414465672e-04 1.814489250897429962e+00 2.278329435555964955e-01 -2.626355198020939715e+06
1.362534559033491188e+00 1.323908979135462616e+01 3.439133445305322390e-01 2.160839753813362436e-05 2.836747053711681232e-01 1.130740059779429430e+03 2.210370047001202756e-04 1.694754557652130122e+00 2.357855342222579809e-01 -2.322572224346318282e+06
1.402706976107644721e+00 1.324972123296801385e+01 3.529381555030562390e-01 6.561990339777102905e-05 2.796768059869547129e-01 1.138508857989478201e+03 2.273039470614967867e-04 1.565868608641590942e+00 2.436183493835604175e-01 -2.057817016510008369e+06
1.441995302213042063e+00 1.325768424160896508e+01 3.624108870090014256e-01 1.124827377000028482e-04 2.754198987818957667e-01 1.146572241149075580e+03 2.331623088375895910e-04 1.428597613776301012e+00 2.511344074575064256e-01 -1.830445555704273516e+06
1.480338423264144998e+00 1.326018772470090745e+01 3.721064072974961112e-01 1.659285778008649077e-04 2.715501109740970920e-01 1.154953409744584633e+03 2.383763475748128127e-04 1.284370108075234329e+00 2.580719166885282467e-01 -1.636412208725864301e+06
1.517744650023082453e+00 1.325955442432587716e+01 3.820631348092994317e-01 2.854062422814687434e-04 2.791234985415137482e-01 1.163643441811648245e+03 2.428822195513101662e-04 1.133895529704782579e+00 2.643699801225221635e-01 -1.377858044566310709e+06
1.554160607351368295e+00 1.324941721414186091e+01 3.924453376268957072e-01 4.126243840834974814e-04 2.871875354279206372e-01 1.172627949020494498e+03 2.467500575627357812e-04 9.836951513935806579e-01 2.701297328763788141e-01 -1.136938762824271107e+06
1.589525470607282109e+00 1.324116749725339304e+01 4.032198743909665706e-01 5.480844775990406171e-04 2.957740088292170055e-01 1.181932197133461841e+03 2.498652292526487052e-04 8.382060252104470699e-01 2.752369592560952594e-01 -9.190397624002462253e+05
1.623798804714326804e+00 1.322903826242016301e+01 4.143368431530862761e-01 6.923204857290312817e-04 3.049167653058705851e-01 1.191589586946383633e+03 2.520435654957269857e-04 7.011607828032739853e-01 2.794946999133006704e-01 -7.249062031815715600e+05
1.656963368966754446e+00 1.321776188050747791e+01 4.257308800166590412e-01 7.996489573410104192e-04 3.137609822326536402e-01 1.201639505616717770e+03 2.530602712531860839e-04 5.775587287088680410e-01 2.826501219168217061e-01 -5.532882839122718433e+05
1.689013829597000305e+00 1.319795182581580661e+01 4.374578118025128637e-01 7.718569869035187773e-04 3.204416902031935743e-01 1.212032551123020312e+03 2.529475969011132832e-04 4.708733071146082860e-01 2.847346644262708781e-01 -4.008953524806575151e+05
1.719933017716456902e+00 1.317074511547679627e+01 4.495559523855808814e-01 7.422644864855965649e-04 3.275552143721571774e-01 1.222766884708208408e+03 2.527287655075501679e-04 3.887719645505602895e-01 2.868942071130514138e-01 -2.816756375452148495e+05
1.749703655624750942e+00 1.314821922833972145e+01 4.620229354296779833e-01 7.107548069918615376e-04 3.351295951601770962e-01 1.233883247362633938e+03 2.525263791231301212e-04 3.425985148837812910e-01 2.892414902981262914e-01 -2.020420790606000228e+05
1.778310289969034619e+00 1.311855338031542395e+01 4.748580039149958854e-01 6.772037421012244663e-04 3.431946896139552727e-01 1.245427995290697027e+03 2.523803141101055672e-04 3.433383023470191753e-01 2.917553654666312779e-01 -1.660709464041218162e+05
1.805738308789358371e+00 1.308208204796611973e+01 4.880703889658939421e-01 6.545283044033648519e-04 3.510567099875449570e-01 1.257431690387212484e+03 2.523750588109577807e-04 3.943094990564938174e-01 2.944428728906893222e-01 -1.706571301808032440e+05
1.831974359141532283e+00 1.304958224563191038e+01 5.017016917609696813e-01 6.429538543670800486e-04 3.587291464533400309e-01 1.269823238596058900e+03 2.528563876979069607e-04 4.719463752261808254e-01 2.976617398768474643e-01 -1.947258924477566325e+05
1.857007996548144968e+00 1.300939902538443427e+01 5.157574262171359392e-01 6.306295422674269889e-04 3.668986492178591963e-01 1.282627922202240143e+03 2.542360423789118726e-04 5.453085862901252412e-01 3.019429805969248148e-01 -2.160331294512705936e+05
1.880830918425533849e+00 1.296763704721869104e+01 5.302388874791987838e-01 6.175067875573976399e-04 3.755974212073083240e-01 1.295894877910127889e+03 2.564860638884241704e-04 6.141731176660728542e-01 3.072987735555531286e-01 -2.343830123721216805e+05
1.903435847062249220e+00 1.291220193138261507e+01 5.451512346330429359e-01 6.035338623517432464e-04 3.848597516459562051e-01 1.309679152374597834e+03 2.596255550359698573e-04 6.789004491042683886e-01 3.137999700479994214e-01 -2.498965952301680518e+05
1.924815734948504664e+00 1.287111158333232552e+01 5.605215156692197054e-01 5.878546497877897231e-04 3.926665100847483991e-01 1.323977016101867548e+03 2.637282422689208195e-04 7.400160342047421569e-01 3.215928736720122805e-01 -2.620873314715811866e+05
1.944966559414277318e+00 1.282188387154182863e+01 5.763846202469513624e-01 5.710016883576356662e-04 4.005736873917433716e-01 1.338726975902781078e+03 2.680631780762900672e-04 7.906695750217914709e-01 3.298423380205327549e-01 -2.677960331462608883e+05
1.963887775625725363e+00 1.276779746649119218e+01 5.927418544861257077e-01 5.530568913420099786e-04 4.089931389123944716e-01 1.353978681483775972e+03 2.722132074845091108e-04 8.261453786273068589e-01 3.380532495155246786e-01 -2.655911181791392737e+05
1.981580675212702980e+00 1.270982624626719293e+01 6.095971482888774551e-01 5.339495231048853969e-04 4.179580528325473887e-01 1.369790382766342418e+03 2.761557111445517082e-04 8.448531637074706557e-01 3.462050021956935564e-01 -2.559565933300193865e+05
1.998047299124964926e+00 1.265208096196667675e+01 6.269611561459523807e-01 5.151534180176324095e-04 4.270012482010906441e-01 1.386221912858401311e+03 2.798708405441489204e-04 8.448285269764029826e-01 3.542855965370442783e-01 -2.390990992601636099e+05
2.013290798491262912e+00 1.259071899882302681e+01 6.448810818025467739e-01 5.009003069067487993e-04 4.347616350792132267e-01 1.403205084789872672e+03 2.833710571597667554e-04 8.276728940783131261e-01 3.623218168840138809e-01 -2.166132918455666513e+05
2.027318325641956687e+00 1.252772677204902685e+01 6.633753719971278162e-01 4.857237940555217729e-04 4.430247862095224587e-01 1.420736170086880520e+03 2.868006980844115981e-04 8.096477383225205715e-01 3.704894722132321405e-01 -1.956895352060497389e+05
2.040139650760906420e+00 1.246125903681650726e+01 6.824467482831849674e-01 4.695640559792793774e-04 4.518232736657108450e-01 1.438876959244103546e+03 2.901529718673338527e-04 7.930020829178201502e-01 3.787804981586624931e-01 -1.768942298795714742e+05
2.051765914566041626e+00 1.239771034976073771e+01 7.021026083685297792e-01 4.523573934703981015e-04 4.611917797351150483e-01 1.457696012288892462e+03 2.934027084923886250e-04 7.780479798694448501e-01 3.871661559963453514e-01 -1.600500176422337536e+05
2.062208826166683551e+00 1.232773154387052195e+01 7.223693108519876338e-01 4.372781026258073579e-04 4.695131111685804104e-01 1.477221278695769570e+03 2.965235050622928034e-04 7.651341182368527338e-01 3.956156688417737932e-01 -1.447460320435549365e+05
2.071482482764909872e+00 1.225775178712095048e+01 7.432986444095724954e-01 4.230261206235036561e-04 4.774530318592999367e-01 1.497361566467179728e+03 2.995125118422359550e-04 7.529515119457148575e-01 4.041334343721293410e-01 -1.307911306909875857e+05
2.079604317581324580e+00 1.218151407361124328e+01 7.648972580214721262e-01 4.078508100312599701e-04 4.859073480758075991e-01 1.518169453205687660e+03 3.023669779069501715e-04 7.400872296477496448e-01 4.127242203932852127e-01 -1.179090619028537039e+05
2.086593361289889259e+00 1.210754344962666629e+01 7.871722945458313747e-01 3.916923521035246846e-04 4.949093854352295541e-01 1.539717896620858482e+03 3.050545992765380313e-04 7.265639656662477019e-01 4.213433107055887805e-01 -1.060056879049468262e+05
2.092469359093966030e+00 1.203721122427315215e+01 8.101386180785749014e-01 3.752375786730738133e-04 5.041418052832757901e-01 1.562084416949635624e+03 3.075437010479799413e-04 7.123941663649735467e-01 4.299474259356676487e-01 -9.495603050124940637e+04
2.097252749875516020e+00 1.195035341472335411e+01 8.338528922294778933e-01 3.626509518131509793e-04 5.116527892372916275e-01 1.585202171413512360e+03 3.098149619871779577e-04 6.976885024815894232e-01 4.385077777910399432e-01 -8.461098549115943024e+04
2.100966835861102222e+00 1.187996731244460058e+01 8.583445919002103963e-01 3.492488880246106338e-04 5.196503796311838785e-01 1.609054735738794079e+03 3.119375611145470029e-04 6.828355050327717946e-01 4.471317563071829926e-01 -7.525278351191295951e+04
2.103636863628275844e+00 1.179802796274374188e+01 8.836204685146850091e-01 3.349785584286788312e-04 5.281661017389750468e-01 1.633719946880445150e+03 3.138965168718791505e-04 6.680179235605103738e-01 4.557955794006905981e-01 -6.680729267205455108e+04
2.105288946759751756e+00 1.171794639914197944e+01 9.096938759792019269e-01 3.197837115760130897e-04 5.372335232303914188e-01 1.659282801584820845e+03 3.156612543493781059e-04 6.533816916143796449e-01 4.644508638054509198e-01 -5.919410792463489634e+04
2.105949463477015726e+00 1.163757868379258653e+01 9.366022726423512967e-01 3.065134666653859244e-04 5.451152597259112387e-01 1.685774374080882581e+03 3.171995136741276983e-04 6.390922004977876991e-01 4.730444682159763992e-01 -5.226429164004925406e+04
2.105646042307530497e+00 1.155772413888134942e+01 9.644087713136904050e-01 2.938264071541412011e-04 5.526281271084978464e-01 1.713092087529192213e+03 3.185427677151558249e-04 6.248409616016576962e-01 4.816294776210153228e-01 -4.602585339265150833e+04
2.104408313479053660e+00 1.146830393691191219e+01 9.931251112127508218e-01 2.803174040867572529e-04 5.606277229507226068e-01 1.741305791435636820e+03 3.197147149797391731e-04 6.103505660805196298e-01 4.902465640248036549e-01 -4.042931128207721486e+04
2.102266776506473978e+00 1.139063884105268798e+01 1.022765906000633773e+00 2.659332070462344763e-04 5.691455804317773204e-01 1.770506246584170185e+03 3.206856119621952976e-04 5.957316413882006723e-01 4.988407091021699880e-01 -3.541646528982796735e+04
2.099252128358533032e+00 1.130810604476601355e+01 1.053366085179070932e+00 2.530241550329008189e-04 5.774327803863690267e-01 1.800774759973863638e+03 3.214258138944165095e-04 5.811006667681349880e-01 5.073573353804547992e-01 -3.086152645999490414e+04
2.095394823485139835e+00 1.121969656224804979e+01 1.085115108422771257e+00 2.460508386882520300e-04 5.840553710606919413e-01 1.831924694514407975e+03 3.219271385628367241e-04 5.665701508831830768e-01 5.157914234738557591e-01 -2.671199944566790873e+04
2.090725419522646789e+00 1.113896061280100369e+01 1.117980279948285860e+00 2.386257492255436255e-04 5.911070127475746006e-01 1.864019318356362191e+03 3.222471427704170772e-04 5.520168611105424894e-01 5.242418370846106956e-01 -2.315857277538395647e+04
2.085275979130971624e+00 1.105790881881200960e+01 1.151792029183498878e+00 2.307196180815678313e-04 5.986155019364018948e-01 1.897300274361486117e+03 3.223615400553168854e-04 5.377032046507905783e-01 5.326279164040740310e-01 -2.015343227627890883e+04
2.079080637787025676e+00 1.096855716399874936e+01 1.186313397740597075e+00 2.223012805006298017e-04 6.066104359393035272e-01 1.932081661416272027e+03 3.222425975170198397e-04 5.239356181254144484e-01 5.408489285126285573e-01 -1.765653515163839984e+04
2.072175658340885018e+00 1.088820971524946835e+01 1.221223145980920854e+00 2.133375526878637579e-04 6.151233295592161143e-01 1.968769012708925857e+03 3.218746148761600671e-04 5.109903350341260531e-01 5.488130971931282076e-01 -1.563402815612495760e+04
2.064599262359557041e+00 1.080220188656016589e+01 1.256095056765771600e+00 2.037931010038052733e-04 6.241877393164010357e-01 2.007884645025372265e+03 3.213325902500195077e-04 4.985520118329111461e-01 5.566232162940375483e-01 -1.404111604804238777e+04
