# M(M_sol)  R(km)   nb_c(fm^-3)   Alpha_C(MeV^-1)     cs2_c   mu_c(MeV)
1.642006811497959684e-01 1.839709999187271450e+01 1.228363743012506337e-01 2.359122140882492693e-03 3.492055192330788954e-02 9.725845953873630378e+02 2.134058738602491977e-05 2.304683228915516136e+00 2.065922989547224267e-02 -5.434211292763119563e+05
1.701551238324912063e-01 1.791647164949114313e+01 1.257164225861850670e-01 2.268956244060238089e-03 3.620937648400690545e-02 9.733650827190830341e+02 2.270133609277948363e-05 2.412085384063439086e+00 2.198840397419853446e-02 -5.992497703467626125e+05
1.764219839811690949e-01 1.746880283438988712e+01 1.286581441750189458e-01 2.172948861446033497e-03 3.758169880411357106e-02 9.741744950956031062e+02 2.412489787287805547e-05 2.492659834070540370e+00 2.337974423114426437e-02 -6.530747010846826015e+05
1.830123081912486682e-01 1.705198627927206445e+01 1.316523784851561518e-01 2.070721546670907954e-03 3.904292836761714958e-02 9.750172853618399813e+02 2.559349496250547791e-05 2.547450954775273058e+00 2.481620177842440780e-02 -7.050709301696382463e+05
1.899396646483013373e-01 1.667734018939024310e+01 1.346883479147961415e-01 1.961871335347820707e-03 4.059882511721667891e-02 9.758988540279124209e+02 2.702075364541994115e-05 2.575121932227575350e+00 2.621425443310890224e-02 -7.534484376153480262e+05
1.972205764935106853e-01 1.632093119030048101e+01 1.377535687509764684e-01 1.845969156647888276e-03 4.225552215913120496e-02 9.768257244062382370e+02 2.840395065140760252e-05 2.579349449184003884e+00 2.757140241148954909e-02 -7.993897869780904148e+05
2.048730920374500220e-01 1.599912227766341744e+01 1.408632037955442895e-01 1.856893235329562346e-03 4.407165215701360633e-02 9.777925812366434002e+02 2.976435981934095367e-05 2.564671605207339500e+00 2.890844251538272902e-02 -8.275090635783565231e+05
2.129099019397601433e-01 1.570068298791377259e+01 1.440422312838058050e-01 1.872897474839939390e-03 4.600713777254070852e-02 9.787900429707995045e+02 3.112524393318517218e-05 2.535749581459072033e+00 3.024811536460697906e-02 -8.506965783535802038e+05
2.213429556111600749e-01 1.542731261666653708e+01 1.472863941188243264e-01 1.889938564656315489e-03 4.806801571623278702e-02 9.798223678620887540e+02 3.250837409595614525e-05 2.494024193049817040e+00 3.161186887961132952e-02 -8.694791830593850464e+05
2.301855425020873924e-01 1.517027363275190055e+01 1.505917956165211957e-01 1.908083678139620935e-03 5.026240965268150701e-02 9.808946163120815527e+02 3.394972725548427145e-05 2.437826253260240161e+00 3.303525331903219009e-02 -8.827916021426465595e+05
2.394521835101218743e-01 1.493185722810031635e+01 1.539554225162564904e-01 1.927404340542658058e-03 5.259896954603270058e-02 9.820127288372874546e+02 3.550554227844938509e-05 2.363963097137320446e+00 3.457398541278175474e-02 -8.887810066853121389e+05
2.491583413669652969e-01 1.472060586676839478e+01 1.573758145260572006e-01 1.947976710951670500e-03 5.508690575681744750e-02 9.831836153454249825e+02 3.713627477014130992e-05 2.290949428077006633e+00 3.618969144854768810e-02 -8.937245192643246846e+05
2.593198972665038404e-01 1.452056071708896390e+01 1.608539620293278627e-01 1.969131693702531882e-03 5.772368191743095650e-02 9.844152293953369508e+02 3.883883428394781023e-05 2.222202734677444891e+00 3.787988718002730654e-02 -8.978738677649145247e+05
2.699512167881807367e-01 1.434013698839691919e+01 1.644094746262131090e-01 1.956014218043419534e-03 5.994482256451339613e-02 9.856989509901251267e+02 4.061752966284838537e-05 2.158029810458416797e+00 3.964942602201199789e-02 -8.938028309062025510e+05
2.810622645353554327e-01 1.418016169692870498e+01 1.680549105885216499e-01 1.942046913897157176e-03 6.230986198030027956e-02 9.870247262573763010e+02 4.246017089620498700e-05 2.099023101209750664e+00 4.148684263311189224e-02 -8.912160568730729865e+05
2.926633758409142860e-01 1.402960710526407340e+01 1.717849114548633538e-01 1.927174724294223370e-03 6.482812278722964450e-02 9.883978825417809730e+02 4.433972445893732202e-05 2.047018894352826468e+00 4.336602452207171526e-02 -8.906742443014110904e+05
3.047665864244226697e-01 1.388889449538295118e+01 1.755938504231875363e-01 1.911339025345489126e-03 6.750953158295018575e-02 9.898247896386699267e+02 4.621557609396317358e-05 2.004257034132295168e+00 4.524713478046407666e-02 -8.931049970776611008e+05
3.173856456488362010e-01 1.375956154349509042e+01 1.794761518657380650e-01 1.894477395155845208e-03 7.036465806944557089e-02 9.913130029608687437e+02 4.806881044506977954e-05 1.971140779319788594e+00 4.711126228706276342e-02 -8.993776286695775343e+05
3.305358883586452801e-01 1.364915146389562395e+01 1.834267442390802583e-01 1.876523367766669281e-03 7.340475671717792971e-02 9.928714178133252517e+02 4.998714878268639450e-05 1.943079042662315015e+00 4.904496983923695153e-02 -9.092669420915241353e+05
3.442339213502826900e-01 1.353849799001966048e+01 1.874416841204616657e-01 1.857406171157218421e-03 7.664181112848304778e-02 9.945104314555477458e+02 5.198684698652941509e-05 1.919476330317392287e+00 5.106492154177465909e-02 -9.224323125990813132e+05
3.584953506860786288e-01 1.344798738060043242e+01 1.915408262757868907e-01 1.849703488812165725e-03 7.954549422165185790e-02 9.962207139331209191e+02 5.407421161062645300e-05 1.900363332700808261e+00 5.317802427318320951e-02 -9.282486225939560682e+05
3.733290842097516937e-01 1.335857625305014196e+01 1.957442780583839304e-01 1.841779471841476683e-03 8.262537635058600505e-02 9.979874968462315792e+02 5.625041296685679500e-05 1.886030727628691173e+00 5.538591956756273166e-02 -9.373096391995219747e+05
3.887434539105556475e-01 1.327837080072796105e+01 2.000467007168731104e-01 1.833342089683052609e-03 8.590479165482381441e-02 9.998177095720110401e+02 5.851646487238062105e-05 1.876854530775482033e+00 5.769027048987870193e-02 -9.499173905477459775e+05
4.047482904470086074e-01 1.320100004355000323e+01 2.044427399142365043e-01 1.824358083471225691e-03 8.939666708623551783e-02 1.001719608064943600e+03 6.087653019009528894e-05 1.873258132050184654e+00 6.009603523580905188e-02 -9.661255218112368602e+05
4.213547497732901270e-01 1.313807557272658677e+01 2.089274875850194446e-01 1.814792039632194629e-03 9.311476708190855045e-02 1.003702933269634741e+03 6.333434314114466299e-05 1.874831915265763982e+00 6.260795571507941915e-02 -9.855899027821046766e+05
4.385749245820766973e-01 1.307801554198101712e+01 2.134971074658626733e-01 1.804606250289150999e-03 9.707374782144624625e-02 1.005779085713445511e+03 6.587744262781647223e-05 1.876027054857372756e+00 6.521473114039721963e-02 -1.005915265290335868e+06
4.564211816034429714e-01 1.302050082726013969e+01 2.181496826067566563e-01 1.793760564623615369e-03 1.012892149993787350e-01 1.007961300166223623e+03 6.850696854765770945e-05 1.875750424779408121e+00 6.791866668572860144e-02 -1.026088359107973636e+06
4.749039612970275548e-01 1.297205285496964144e+01 2.229033166755537421e-01 1.782449490897645419e-03 1.050324433418258901e-01 1.010242780708778696e+03 7.122906875399044840e-05 1.873946579983271299e+00 7.072709263330853591e-02 -1.036922875634975382e+06
4.940259873985226036e-01 1.292792224372274745e+01 2.277827490402363486e-01 1.770439567559837406e-03 1.089115300822650761e-01 1.012600222630690837e+03 7.404122501591612877e-05 1.870530495243541536e+00 7.363829647502762032e-02 -1.046882988091870677e+06
5.137884778734376212e-01 1.288799368334496975e+01 2.327823550016855925e-01 1.757651569595005975e-03 1.130419272502452138e-01 1.015042130923620448e+03 7.693828485972281997e-05 1.865383493717830410e+00 7.664814480670219254e-02 -1.057100606123578269e+06
5.341939890297543458e-01 1.285771599173148871e+01 2.378959868699922764e-01 1.744035088677620051e-03 1.174399162375517336e-01 1.017579108018416946e+03 7.991757678642674007e-05 1.858380765712340121e+00 7.975517784821417600e-02 -1.067377796792915091e+06
5.552461948971427752e-01 1.282095119159246188e+01 2.431177791332619909e-01 1.729536450729488289e-03 1.221228332418572149e-01 1.020223674418527366e+03 8.297834249574543241e-05 1.849551170482225837e+00 8.296004147349672619e-02 -1.077550446094277315e+06
5.769494180314337362e-01 1.279767347672534683e+01 2.484427849977977609e-01 1.714098504344779969e-03 1.271091376033522957e-01 1.022990500182759433e+03 8.613654750384465983e-05 1.840426664154241276e+00 8.628002191622380357e-02 -1.088558935541096609e+06
5.993078512930827273e-01 1.276788604936572646e+01 2.538678461254225138e-01 1.697660395507953786e-03 1.324184845686316170e-01 1.025896640177149720e+03 8.940070144455164458e-05 1.831435016532385385e+00 8.972545655521882435e-02 -1.100198965738527942e+06
6.223234824076805394e-01 1.274792113203084654e+01 2.594083690476539084e-01 1.684206968918566848e-03 1.372272081202795535e-01 1.028939597153376326e+03 9.277777995575034486e-05 1.822574047075992354e+00 9.330541408380289836e-02 -1.103715158088376047e+06
6.459893015202415878e-01 1.272792192050765969e+01 2.650973011774813703e-01 1.671102035055402205e-03 1.420930079218284403e-01 1.032084965465918003e+03 9.626627533316634412e-05 1.813896538798812630e+00 9.701974001710791939e-02 -1.105851284869942581e+06
6.702951778958938789e-01 1.270792244748056810e+01 2.709295932412451036e-01 1.657148085237602131e-03 1.472740433214133338e-01 1.035342522248553905e+03 9.986009457591495304e-05 1.805469761850565735e+00 1.008638533756802264e-01 -1.109011608040253632e+06
6.952319398708566300e-01 1.269197780644789830e+01 2.768986502179459630e-01 1.642290115136357939e-03 1.527907371654977642e-01 1.038726001577383840e+03 1.035569261039038060e-04 1.797347570171623721e+00 1.048374869880172450e-01 -1.113016912383591058e+06
7.207910522436805634e-01 1.267800685136496242e+01 2.829982765536471767e-01 1.626469556913634528e-03 1.586648354146232287e-01 1.042251585766202197e+03 1.073564522528287399e-04 1.789552751860964408e+00 1.089426996116836244e-01 -1.117602579013612587e+06
7.469639618114916058e-01 1.266802181257059523e+01 2.892234242163113644e-01 1.609624048356740741e-03 1.649194928626487033e-01 1.045938188930305387e+03 1.112675375859552203e-04 1.781614951995476037e+00 1.131908343665884303e-01 -1.122644725811568554e+06
7.737410779955116169e-01 1.265821435083052471e+01 2.955712125521630651e-01 1.591687187056056892e-03 1.715793644093946413e-01 1.049807740113515138e+03 1.152970634570428201e-04 1.773337859378509851e+00 1.175918086353890946e-01 -1.127620023255598499e+06
8.011097108415520252e-01 1.264813512748418489e+01 3.020560397498923688e-01 1.576105879927885717e-03 1.776547784218616144e-01 1.053862623827138123e+03 1.194518982835954078e-04 1.764703969188027077e+00 1.221560266702042680e-01 -1.124875688847943908e+06
8.290477895972291345e-01 1.263876714462928419e+01 3.087173171070035638e-01 1.561125123597376270e-03 1.836588085280582427e-01 1.058055770930410972e+03 1.237285299496965717e-04 1.755738982547812688e+00 1.268821107930698244e-01 -1.119484314136133296e+06
8.575292795055730055e-01 1.262807210222250021e+01 3.155506516153711027e-01 1.545173824319461160e-03 1.900518155955657207e-01 1.062397960978443052e+03 1.281159251310683123e-04 1.746474524318629262e+00 1.317610797012598034e-01 -1.114637580737663899e+06
8.865289643661889984e-01 1.261815384058871103e+01 3.225485138941651120e-01 1.528189104520273622e-03 1.968589998771731742e-01 1.066907016705305750e+03 1.326074884704005208e-04 1.736925069485147688e+00 1.367892655430221482e-01 -1.110135014919587178e+06
9.160221163562517477e-01 1.260917299157815563e+01 3.297037116371175913e-01 1.510104013040840069e-03 2.041071942486883117e-01 1.071603913900817361e+03 1.371986312600820723e-04 1.727100644033799037e+00 1.419654942584062385e-01 -1.105709318054056494e+06
9.459837498843755021e-01 1.260175020858860506e+01 3.370102104277067911e-01 1.490847261225886414e-03 2.118249699800158203e-01 1.076513142235268333e+03 1.419052954538018363e-04 1.717053614373562187e+00 1.473097801707284049e-01 -1.101548225034531206e+06
9.763874871835858116e-01 1.259842461440042882e+01 3.444642573101922012e-01 1.470342941914899726e-03 2.200427493587186201e-01 1.081663064777443196e+03 1.467383059734010925e-04 1.706799633750596401e+00 1.528378265108097933e-01 -1.097324342644763645e+06
1.007203512760939557e+00 1.258829513946057688e+01 3.520804698532470911e-01 1.452926370560966027e-03 2.275419717157295962e-01 1.087059736608039884e+03 1.517037234311256809e-04 1.696328434734091450e+00 1.585612443899017399e-01 -1.086011478278772440e+06
1.038392975429294429e+00 1.257854363966047018e+01 3.599057932791837611e-01 1.436746613580062873e-03 2.348570618345786065e-01 1.092641754189954781e+03 1.567959542607544191e-04 1.685692055165704861e+00 1.644776693027416026e-01 -1.071857080044927308e+06
1.069913246086198422e+00 1.256908709460919837e+01 3.679360792969929572e-01 1.419518635222207772e-03 2.426460672196431023e-01 1.098422036677916822e+03 1.619991467798532645e-04 1.674957942407870659e+00 1.705738958827095753e-01 -1.058307413440599805e+06
1.101722807915240354e+00 1.255949213588838731e+01 3.761626790175542911e-01 1.401174525440519259e-03 2.509396909348504123e-01 1.104423868311395836e+03 1.673027706611827968e-04 1.664171557520433220e+00 1.768434918787369081e-01 -1.045171983327415190e+06
1.133780903957592789e+00 1.254944191433130563e+01 3.845772777553851940e-01 1.381641974569325707e-03 2.597706251721462190e-01 1.110674590953818779e+03 1.726989308947071765e-04 1.653364471036937511e+00 1.832834621704482747e-01 -1.032198188695929828e+06
1.166046713117194100e+00 1.253911659114340260e+01 3.931728295364923520e-01 1.360843988290557282e-03 2.691736801190989792e-01 1.117206054037559170e+03 1.782072209247185385e-04 1.642396191356952251e+00 1.899198621994920289e-01 -1.019480557773363427e+06
1.198478138357141898e+00 1.252901441422827489e+01 4.019448386284327768e-01 1.338698584133962049e-03 2.791859211753168202e-01 1.124055057721235016e+03 1.838390579108564618e-04 1.631191198838336742e+00 1.967715422515668444e-01 -1.006686876388779609e+06
1.231029758676333907e+00 1.251781251807718753e+01 4.109115104786224548e-01 1.320263277077767319e-03 2.881843502125278622e-01 1.131227373307508060e+03 1.895987651188125143e-04 1.619741806282691376e+00 2.038511019132618896e-01 -9.872409438310707919e+05
1.263648628174775856e+00 1.249955944054733514e+01 4.201272046700202378e-01 1.303117541368882569e-03 2.969631109613504738e-01 1.138645708903756258e+03 1.954757858855339441e-04 1.608114062508996245e+00 2.111522162677183234e-01 -9.655658750494306441e+05
1.296279842733562004e+00 1.248798414414767777e+01 4.295862915720914388e-01 1.284861002406596829e-03 3.063106123093629618e-01 1.146328402663423503e+03 2.014478054671401135e-04 1.596387243806340450e+00 2.186555818185124400e-01 -9.446096076719879638e+05
1.328870599864889313e+00 1.246928594906393428e+01 4.392783281476243529e-01 1.265421695715969507e-03 3.162637006724113298e-01 1.154306011471517877e+03 2.074980554071877603e-04 1.584617362364134641e+00 2.263495380128923706e-01 -9.242098175441346830e+05
1.361369815878637146e+00 1.244961562666356159e+01 4.491930601947595192e-01 1.244722994533181909e-03 3.268616095974221092e-01 1.162614342223280119e+03 2.136135426759047044e-04 1.572843295667639696e+00 2.342272853429807900e-01 -9.041708319487817353e+05
1.393727283452439014e+00 1.242981927885440285e+01 4.593214562516014787e-01 1.222683307754593961e-03 3.381461144150225140e-01 1.171295022557257198e+03 2.198237359650134998e-04 1.560930084208304702e+00 2.423284386612232222e-01 -8.846364786704587750e+05
1.425892454139466414e+00 1.240960079156073625e+01 4.696571328748715413e-01 1.199215758317135000e-03 3.501616969114833555e-01 1.180396060219771698e+03 2.261397451257458381e-04 1.548820748335505204e+00 2.506748422317016667e-01 -8.653216707967084367e+05
1.457812482844115465e+00 1.238943903990664097e+01 4.802268612836601558e-01 1.180684357291578472e-03 3.606076876759221062e-01 1.189913597517933567e+03 2.325628943631757363e-04 1.536516642767044694e+00 2.592792784866377875e-01 -8.397985212365530897e+05
1.489429615604617174e+00 1.236065158897325844e+01 4.910920599887704796e-01 1.162998050399791051e-03 3.709864863510135558e-01 1.199755582067940168e+03 2.390758218545010094e-04 1.524108292913031848e+00 2.681290521152679962e-01 -8.133656477154954337e+05
1.520686827477435221e+00 1.233857117666493153e+01 5.022434479739429358e-01 1.144165918821935576e-03 3.820376856469024918e-01 1.209951009801894543e+03 2.456494986748475285e-04 1.511693085853988316e+00 2.771980460420819803e-01 -7.879245992377472576e+05
1.551530506485189198e+00 1.231008100257941784e+01 5.136681207252841164e-01 1.124113729185310592e-03 3.938048476952962784e-01 1.220540200878681389e+03 2.522604662597964791e-04 1.499345986700759026e+00 2.864684772398789492e-01 -7.633395113762872061e+05
1.581909985661555496e+00 1.228008085584030518e+01 5.253531942784998021e-01 1.102762438835577438e-03 4.063343568432011832e-01 1.231570267587263061e+03 2.588930478550493532e-04 1.487104830288302759e+00 2.959321636325392135e-01 -7.394694937559886603e+05
1.611776663916435259e+00 1.225001786004287752e+01 5.372869703029016231e-01 1.080027884262746906e-03 4.196756024928995354e-01 1.243095829693562564e+03 2.655892788385355347e-04 1.474741061617335314e+00 3.056467231956969122e-01 -7.164235104383982252e+05
1.641082801757226761e+00 1.221706040497681300e+01 5.494605497510604009e-01 1.055820449341537352e-03 4.338811737873951024e-01 1.255179707854740627e+03 2.723550596792049410e-04 1.462197590374683331e+00 3.156320804362415244e-01 -6.939265507509218296e+05
1.669779734195032006e+00 1.218027596083805797e+01 5.619195328318472571e-01 1.038160201307582577e-03 4.455721880419329928e-01 1.267789049472640954e+03 2.791880370152875746e-04 1.449487467432502452e+00 3.259007586490079711e-01 -6.657404248114799848e+05
1.697817191315281304e+00 1.214131375301124649e+01 5.747266562028833237e-01 1.020255445969902577e-03 4.576398482719388761e-01 1.280827990934368017e+03 2.860612076878803461e-04 1.436725630718902025e+00 3.364290625473204122e-01 -6.382039004057345446e+05
1.725148179021003481e+00 1.210667720199664110e+01 5.878672060348107964e-01 1.001190713549983098e-03 4.704893236699855819e-01 1.294340840895938300e+03 2.929387710316567811e-04 1.424020503705327734e+00 3.471828492078046779e-01 -6.119193973330131266e+05
1.751730207976867293e+00 1.206232828593560313e+01 6.013246642453994317e-01 9.808908537982982245e-04 4.841712648962119836e-01 1.308380957664571042e+03 2.997899444175775203e-04 1.411461217232340637e+00 3.581361895911179816e-01 -5.867709410846636165e+05
1.777524709510734935e+00 1.202098173872653319e+01 6.150822014768523305e-01 9.592758477829239341e-04 4.987396040633009786e-01 1.323010500124755708e+03 3.066020191993061019e-04 1.399057561530890004e+00 3.692850950122474885e-01 -5.626702605822378537e+05
1.802496125337911925e+00 1.198069629856081164e+01 6.291239723605835943e-01 9.362604924671859112e-04 5.142517673285921243e-01 1.338301328087562979e+03 3.134311976406280674e-04 1.386521453162431916e+00 3.807088938827335456e-01 -5.396727848658730509e+05
1.826610763974122253e+00 1.193144368219691209e+01 6.434374485791353182e-01 9.124820457761326090e-04 5.304019088622782263e-01 1.354334837301076959e+03 3.202742882645372440e-04 1.373821660407812839e+00 3.924204565115147481e-01 -5.170688218761766911e+05
1.849835360728182110e+00 1.188847978555652674e+01 6.581029752587741477e-01 8.956161567795604831e-04 5.433369618485436314e-01 1.371016710055092517e+03 3.271248329230332596e-04 1.360988000520438890e+00 4.044314273781438596e-01 -4.903929015703654732e+05
1.872137982496712150e+00 1.183880185235243054e+01 6.731712379701213500e-01 8.776575946724854112e-04 5.571100248907209229e-01 1.388275207975392959e+03 3.339448771987523022e-04 1.348155667189151696e+00 4.167025332273791571e-01 -4.651878932227056939e+05
1.893491215215099555e+00 1.178860815021467623e+01 6.886228359767728735e-01 8.585355695590020722e-04 5.717753892897083912e-01 1.406170825955647388e+03 3.406935049495899933e-04 1.335439398605399841e+00 4.291916155395149035e-01 -4.413600820317582111e+05
1.913872330889493156e+00 1.173159029731817427e+01 7.044367725832818561e-01 8.381747053505787413e-04 5.873908636614202372e-01 1.424774271435488117e+03 3.473333708348607740e-04 1.322940860925622131e+00 4.418630234966754999e-01 -4.187996075640304480e+05
1.933262611848626245e+00 1.168795197971714650e+01 7.205914971641306233e-01 8.164947426450846080e-04 6.040180018094786218e-01 1.444167559894078295e+03 3.538669309276089693e-04 1.310592773680718359e+00 4.547312908396424214e-01 -3.974430360380234197e+05
1.951646440544756445e+00 1.162839868792236331e+01 7.370664146795465888e-01 7.934102223565414180e-04 6.217223453608629047e-01 1.464445101401996681e+03 3.603574419958163635e-04 1.298065076729719269e+00 4.678907370540418276e-01 -3.772666107562246616e+05
1.969010207482881025e+00 1.157122025097972617e+01 7.538516791812560625e-01 7.714421733763113589e-04 6.390375870121637325e-01 1.485699249382812013e+03 3.667925723141498011e-04 1.285350350322851387e+00 4.813455375546379367e-01 -3.569003145132486825e+05
1.985341580187649058e+00 1.151227567283726572e+01 7.710686402901079095e-01 7.549529406503690436e-04 6.534156215920168265e-01 1.507758562822101794e+03 3.731585206878656070e-04 1.272507381789357961e+00 4.951007728257163509e-01 -3.348225891659504268e+05
2.000631260404047040e+00 1.145723811316963392e+01 7.887466725817818824e-01 7.373954368587198362e-04 6.687251512013037136e-01 1.530595796180878096e+03 3.794083318715052900e-04 1.259688133814089062e+00 5.090996951938339121e-01 -3.141615031423606561e+05
2.014874268396853463e+00 1.139726669353173349e+01 8.068613512085258677e-01 7.187004530157911804e-04 6.850265236563438664e-01 1.554291293986407481e+03 3.854966912757698452e-04 1.247016639406421490e+00 5.232893186369874661e-01 -2.948218943085324718e+05
2.028069565663756180e+00 1.133717345786909370e+01 8.253862929617853395e-01 6.987942963642068076e-04 7.023839964657463408e-01 1.578938459104315598e+03 3.913811329116802500e-04 1.234608530999517617e+00 5.376218269051702414e-01 -2.767002553967887652e+05
2.040219368824139679e+00 1.127031113760924974e+01 8.442944062659931692e-01 6.775984998892449745e-04 7.208659901236480483e-01 1.604645051436141785e+03 3.970948265650706913e-04 1.222267198530541998e+00 5.521516954315053294e-01 -2.597429374697198509e+05
2.051328300438128860e+00 1.120816249555048394e+01 8.635597020755704234e-01 6.550295130139079450e-04 7.405453578128018410e-01 1.631534433454120744e+03 4.026938870771741693e-04 1.209690986742988805e+00 5.669698033976617868e-01 -2.438725658087159682e+05
2.061402485097646231e+00 1.114705452416332676e+01 8.831869995032537446e-01 6.348321210355945205e-04 7.584387714426984450e-01 1.659689839160750125e+03 4.081607215254108925e-04 1.196886490435622230e+00 5.820742995971204259e-01 -2.276087114933234407e+05
2.070449608521494067e+00 1.107819078708476646e+01 9.033328329907066578e-01 6.176194213025660998e-04 7.740636960244028364e-01 1.688868377847123384e+03 4.134730462423728088e-04 1.183917289299969422e+00 5.974591622814650060e-01 -2.110861805562818481e+05
2.078480506113900894e+00 1.101038091570154975e+01 9.240027777979004098e-01 5.992915799863536000e-04 7.907008966235491432e-01 1.719097995717261483e+03 4.185801552853798718e-04 1.170914603795974118e+00 6.130518163345176630e-01 -1.957702823620284034e+05
2.085509151653059057e+00 1.094779168072849629e+01 9.451669654891693417e-01 5.797763515490792895e-04 8.084159545317540774e-01 1.750484882174449695e+03 4.234357100986009602e-04 1.157988825420825707e+00 6.287883736395071255e-01 -1.815676909922668710e+05
2.091552141533816744e+00 1.087800974767982787e+01 9.667934801160442682e-01 5.589968099550502671e-04 8.272786997887393579e-01 1.783151630600179942e+03 4.279971141051841792e-04 1.145241074723446495e+00 6.446105696324114787e-01 -1.683839217571334739e+05
2.096628098265479689e+00 1.080871011195773512e+01 9.888499563983794705e-01 5.368710454401310044e-04 8.473634864416312862e-01 1.817238660424090767e+03 4.323374814408910915e-04 1.132307832431916683e+00 6.606315803083644411e-01 -1.561651531236949377e+05
2.100756949601446433e+00 1.073956075800011689e+01 1.011305874759860890e+00 5.133118416360234800e-04 8.687494856372039997e-01 1.852905480898220503e+03 4.364953157972561982e-04 1.118944743175852574e+00 6.769209340209930703e-01 -1.448188938831138075e+05
2.103959082361302801e+00 1.066992428559835560e+01 1.034257921974865324e+00 4.981559419255839885e-04 8.859141953804841041e-01 1.890150333060857974e+03 4.404582749093195011e-04 1.105143242065032450e+00 6.935000043349383025e-01 -1.320814875259377877e+05
2.106253180380970758e+00 1.059978082901986340e+01 1.058058946070442818e+00 4.873386929255516019e-04 9.011866687456283609e-01 1.928538690344496445e+03 4.442037702980731052e-04 1.091092739273763934e+00 7.104012876823689870e-01 -1.197329260003871459e+05
2.107658265267420283e+00 1.053240119273202069e+01 1.082618528947065561e+00 4.758206378716936785e-04 9.174485842315143191e-01 1.968204086767261288e+03 4.476612817967881835e-04 1.077097349639739132e+00 7.274885348049682232e-01 -1.090138123314976110e+05
2.108197259894394548e+00 1.046096307301363204e+01 1.107758752445824779e+00 4.635563743585483431e-04 9.347640438134341423e-01 2.009394574600493570e+03 4.507622826449914554e-04 1.063437747822352453e+00 7.446103967379721356e-01 -9.990890959499472228e+04
