# M(M_sol)  R(km)   nb_c(fm^-3)   Alpha_C(MeV^-1)     cs2_c   mu_c(MeV)
1.624677939591346043e-01 2.000000000000000000e+01 1.231618561362511910e-01 1.928595513714221514e-03 3.475444754082088888e-02 9.748500717420730552e+02 2.129813950908004749e-05 2.404477388489454359e+00 2.066795757549734144e-02 -5.789810043066157959e+05
1.683751965651507088e-01 2.000000000000000000e+01 1.260244001740759290e-01 1.916574931539667768e-03 3.601817688545237012e-02 9.756322577535607934e+02 2.265206353758861813e-05 2.523215957219437033e+00 2.199351557377696512e-02 -6.351101591172885383e+05
1.745941464829570966e-01 1.996682477244879195e+01 1.289808297424623607e-01 1.903775584194929323e-03 3.736377817137986890e-02 9.764429718915174590e+02 2.405947746830414645e-05 2.609402112797079454e+00 2.337232081860298946e-02 -6.880198486437896499e+05
1.811302556961751353e-01 1.931763046289015406e+01 1.320099016604519282e-01 1.890147018616961496e-03 3.879655555237652986e-02 9.772858490773171525e+02 2.549067989672892487e-05 2.664417920607139223e+00 2.477560606703341564e-02 -7.392569051751050865e+05
1.879945618085463455e-01 1.873114593126163996e+01 1.350822169242077153e-01 1.875635513091695279e-03 4.032215681700423299e-02 9.781658001111312615e+02 2.687702762131972153e-05 2.684034920758528564e+00 2.613681044564939229e-02 -7.882279022465097951e+05
1.952055133281927202e-01 1.820317939852537137e+01 1.381654702227338161e-01 1.875424480184562570e-03 4.202143919428141111e-02 9.790877538946680261e+02 2.823167118685057580e-05 2.676359363721811935e+00 2.746887605982906849e-02 -8.309867386659291806e+05
2.027829535545637163e-01 1.771302277202736164e+01 1.412936271913116104e-01 1.898724513886903588e-03 4.394633642372686166e-02 9.800432701729458813e+02 2.959178278795229170e-05 2.647978862798718414e+00 2.880821375476907975e-02 -8.557694078507485101e+05
2.107410671430600124e-01 1.727722344548650923e+01 1.444777224385548065e-01 1.923534063055967530e-03 4.599594000239137781e-02 9.810334624823942704e+02 3.100072465633759599e-05 2.600499194341626907e+00 3.019744242320042404e-02 -8.729594483644514112e+05
2.190942757765365623e-01 1.687658667454923389e+01 1.477169694916182496e-01 1.949950923127306140e-03 4.817832915304993968e-02 9.820635838655248335e+02 3.251567910408970400e-05 2.532034987166470685e+00 3.169288415110040752e-02 -8.807484716433617286e+05
2.278573476418340182e-01 1.651244216459886616e+01 1.510130941136978988e-01 1.978079225309388976e-03 5.050210651882497404e-02 9.831396679269192873e+02 3.407377383514638322e-05 2.458518027856866350e+00 3.323373089094720789e-02 -8.843840445610668976e+05
2.370446352630589948e-01 1.616742742890467710e+01 1.543720425784550765e-01 1.994322028414753385e-03 5.283504624331801514e-02 9.842677236547705206e+02 3.566333850853823766e-05 2.382367594615519835e+00 3.480901402601607741e-02 -8.826423322982179234e+05
2.466684465615208433e-01 1.586009912838666303e+01 1.578092050022455728e-01 1.974430183443303191e-03 5.493557231288347803e-02 9.854390857744989489e+02 3.728072697884943573e-05 2.301916773508225766e+00 3.641560365934740084e-02 -8.752785451427656226e+05
2.567396880573803997e-01 1.557993991579378346e+01 1.613245190302284859e-01 1.953249625844666673e-03 5.717218301780917222e-02 9.866532180242422783e+02 3.890921565977736559e-05 2.215669247175050760e+00 3.803744604568830290e-02 -8.659307531289493199e+05
2.672706652637733549e-01 1.532764189776759167e+01 1.649124748566792587e-01 1.930696865111158900e-03 5.955369473426364718e-02 9.879159785455284464e+02 4.053316141638688900e-05 2.124639382989205405e+00 3.965974194955630000e-02 -8.549196421640912304e+05
2.782753655962186268e-01 1.508703400946994577e+01 1.685676067494976671e-01 1.906683001720914372e-03 6.208949501596641024e-02 9.892343121949543274e+02 4.222184178971118010e-05 2.042532889377722150e+00 4.135023089344180142e-02 -8.476594599667651346e+05
2.897693758488069649e-01 1.487345826624910927e+01 1.722850731865547547e-01 1.883193987614276404e-03 6.476434986433429741e-02 9.906162807375992543e+02 4.399698909867677250e-05 1.974926087183823453e+00 4.313078762706130248e-02 -8.455206058953101747e+05
3.017679299432681206e-01 1.467698981202963004e+01 1.760809283420430860e-01 1.879427177413291444e-03 6.735489099342857611e-02 9.920548316077483832e+02 4.585432418839939717e-05 1.924591161652235982e+00 4.499772599381245825e-02 -8.431356968480813084e+05
3.142823320371767037e-01 1.449728449302160804e+01 1.799646824740767648e-01 1.875416330730160681e-03 7.011326286266279795e-02 9.935454117460807311e+02 4.777470613989175173e-05 1.894738577731563733e+00 4.693240118144140216e-02 -8.490439342058348702e+05
3.273244064115887753e-01 1.434244590935050034e+01 1.839312077979695370e-01 1.871145637422763717e-03 7.305033855064578530e-02 9.950949339723102867e+02 4.972825891517518391e-05 1.886705143431611331e+00 4.890531824994535925e-02 -8.639865440578336129e+05
3.409074427050725609e-01 1.418704934897508885e+01 1.879757342500342765e-01 1.866598263073463316e-03 7.617769555901593437e-02 9.967115627300754568e+02 5.173298674809815993e-05 1.886610720179650702e+00 5.093449532864201962e-02 -8.833701437436225824e+05
3.550459371331146086e-01 1.404759246178312360e+01 1.920944079179460195e-01 1.861756282630414950e-03 7.950766144917607858e-02 9.984048651725615855e+02 5.381388616927863149e-05 1.886854975635255061e+00 5.304534113944216894e-02 -9.043111581214703619e+05
3.697542921900067170e-01 1.391706709694155464e+01 1.962970618654368005e-01 1.851270150944920971e-03 8.261778446487012817e-02 1.000173410232607239e+03 5.597927385423442204e-05 1.887447296596391988e+00 5.524685011132859924e-02 -9.202482686675792793e+05
3.850424427908457070e-01 1.380293362719408812e+01 2.006004617744655272e-01 1.839214142422977965e-03 8.585663087039467622e-02 1.002005425076442521e+03 5.823529903854270811e-05 1.888324372883869451e+00 5.754578102531242301e-02 -9.366523582069335971e+05
4.009196389118174775e-01 1.369725331634762533e+01 2.049998706617554844e-01 1.826377073600294384e-03 8.930530910732077665e-02 1.003908682854453673e+03 6.059118859524872827e-05 1.889485791844711438e+00 5.995220828941005137e-02 -9.543638630173486890e+05
4.173963528140744450e-01 1.359742788912750378e+01 2.094906764958520129e-01 1.812708342721547437e-03 9.297741333602421721e-02 1.005892719192342952e+03 6.304497385857557004e-05 1.890044944746060551e+00 6.246528104353434724e-02 -9.728355056238977704e+05
4.344839089882981953e-01 1.351248612165004737e+01 2.140693417556508438e-01 1.798154069747216841e-03 9.688741842785346392e-02 1.007968691524325436e+03 6.557935667869393504e-05 1.888641822814997040e+00 6.506883464397342220e-02 -9.912937665365887806e+05
4.521935385780705974e-01 1.343052341698802365e+01 2.187404164840486831e-01 1.785710206887228734e-03 1.006976859565797411e-01 1.010142198155056803e+03 6.819767793683191397e-05 1.885149868551278418e+00 6.776731717653537712e-02 -1.004744371828362462e+06
4.705318639056953467e-01 1.335696414457679992e+01 2.235265899826041347e-01 1.774526993289974371e-03 1.045158201771339279e-01 1.012395221121954478e+03 7.089972408063358652e-05 1.879492470895835377e+00 7.056142011827516713e-02 -1.015194859551812871e+06
4.895029656323852674e-01 1.329275550845559017e+01 2.284249699574565085e-01 1.762619264264614523e-03 1.085813159566274694e-01 1.014734198315074650e+03 7.367966404277108471e-05 1.871575040031960180e+00 7.344621076639468171e-02 -1.025555724880468450e+06
5.091119965825476879e-01 1.322944394743227647e+01 2.334300226741044815e-01 1.749940081370691394e-03 1.129101988555322178e-01 1.017170271780641087e+03 7.653801851056502026e-05 1.861917396148374149e+00 7.642325237749066080e-02 -1.036008830548009486e+06
5.293649162831981503e-01 1.317759893587707154e+01 2.385369750775688247e-01 1.736439465214984152e-03 1.175195326659252693e-01 1.019716518144870861e+03 7.949228196498764440e-05 1.852645812506207967e+00 7.951117136702255672e-02 -1.047681299652579473e+06
5.502677830455789953e-01 1.312624245068817075e+01 2.437449204485054588e-01 1.722953230020792936e-03 1.221835885790844567e-01 1.022385306781765280e+03 8.254827913043212984e-05 1.843972641609838536e+00 8.271740836064273017e-02 -1.057499879967055051e+06
5.718226450863409527e-01 1.308094860095967960e+01 2.490794821834966533e-01 1.710343530349071970e-03 1.266696428012131503e-01 1.025156516087763521e+03 8.571018303979822072e-05 1.835938040376786873e+00 8.604760463617111554e-02 -1.063252433424376883e+06
5.940265335381252898e-01 1.304341872777156652e+01 2.545434033817283725e-01 1.696916898954059982e-03 1.314463304326910220e-01 1.028031399182291125e+03 8.897468734473786760e-05 1.828622041832509648e+00 8.949977855743675159e-02 -1.070309051144847646e+06
6.168769213177998090e-01 1.301106213501798159e+01 2.601307237406694228e-01 1.682620410115248308e-03 1.365324804431308214e-01 1.031023036263788299e+03 9.234097130707621948e-05 1.822000846639098448e+00 9.307479676141901248e-02 -1.078463420624346705e+06
6.403717877361572164e-01 1.298267188472944156e+01 2.658362009611858201e-01 1.667397709267573859e-03 1.419481416553532160e-01 1.034146782833667430e+03 9.581129421378193972e-05 1.815132823262476824e+00 9.677673178601922666e-02 -1.087266354437515838e+06
6.645088965541293691e-01 1.294340110384008291e+01 2.716563113159822240e-01 1.651446252306761195e-03 1.476317019026016364e-01 1.037420277367365543e+03 9.938914664097055912e-05 1.807756160707316484e+00 1.006113314365581213e-01 -1.095442355556874070e+06
6.892828678794888919e-01 1.292628978706585485e+01 2.776131887034892776e-01 1.637078274435805171e-03 1.528402499185421981e-01 1.040828377457787383e+03 1.030793104263152347e-04 1.799848550902796163e+00 1.045857291270584910e-01 -1.096601675947394222e+06
7.146816374414595163e-01 1.288769597033719450e+01 2.837187754366032322e-01 1.621779453069135219e-03 1.583862388107352692e-01 1.044361637788379994e+03 1.068762509733941915e-04 1.791407273575299719e+00 1.086960506361247941e-01 -1.098179224602111615e+06
7.406924459090087343e-01 1.287772943784439583e+01 2.899669326244915246e-01 1.605489482600680647e-03 1.642915300163065306e-01 1.048035435785389382e+03 1.107757188845991158e-04 1.782423619180941055e+00 1.129402245807452909e-01 -1.099917322579563130e+06
7.673026610954174487e-01 1.285304482078055166e+01 2.963523206609610106e-01 1.588144150466713625e-03 1.705794012869623621e-01 1.051867804826844349e+03 1.147851910512292189e-04 1.773158835281439138e+00 1.173282615806021389e-01 -1.101983420658721123e+06
7.944989434908142911e-01 1.282690103132464543e+01 3.028712964023022036e-01 1.569675084029777037e-03 1.772746384463149416e-01 1.055879719885348322e+03 1.189119204466815885e-04 1.763766830732132807e+00 1.218705131204396303e-01 -1.104159952552842209e+06
8.222651652916186382e-01 1.280323910703542545e+01 3.095391486735865061e-01 1.555047679005311986e-03 1.834409167733326296e-01 1.060068547754950941e+03 1.231605142367492181e-04 1.754254197488646527e+00 1.265750804167896926e-01 -1.099705321461794665e+06
8.505778788898196163e-01 1.279293050495204120e+01 3.163792700006731740e-01 1.540331439193533356e-03 1.898425779439840144e-01 1.064409343273156310e+03 1.275255910598231516e-04 1.744695342771487745e+00 1.314389098557419977e-01 -1.094850479299619328e+06
8.794117926888770365e-01 1.276704809470752799e+01 3.233846034236451117e-01 1.524661793395665644e-03 1.966589769932697296e-01 1.068919485178998457e+03 1.319986177101113657e-04 1.735154896800267910e+00 1.364560947891565734e-01 -1.090538270875713322e+06
9.087420174375793192e-01 1.275167773177126485e+01 3.305479365618559928e-01 1.507976974272637674e-03 2.039169831201975980e-01 1.073620230511300861e+03 1.365823843620302960e-04 1.725565162006451825e+00 1.416328250759666119e-01 -1.086705921875910601e+06
9.385433633619386651e-01 1.274250975204221348e+01 3.378631848797330473e-01 1.490211212827918449e-03 2.116452062711063897e-01 1.078536391441968362e+03 1.412865060837925374e-04 1.715798329836029534e+00 1.469828203463316163e-01 -1.083216928650368704e+06
9.687888598176019883e-01 1.272781523350544219e+01 3.453373999409669048e-01 1.470654292759606329e-03 2.190450766520281589e-01 1.083678101313677189e+03 1.461142697768657271e-04 1.705846134103875755e+00 1.525142362202270008e-01 -1.074755529451140901e+06
9.994449562520933972e-01 1.271352634480370014e+01 3.530035153542080972e-01 1.449478627718607917e-03 2.264688679688237061e-01 1.089007863550300954e+03 1.510626156325955050e-04 1.695651168694140454e+00 1.582275359328640663e-01 -1.064038638786121504e+06
1.030474709180232207e+00 1.268920047405382867e+01 3.608576732429888412e-01 1.426931076511868662e-03 2.343736168652344187e-01 1.094542166563237288e+03 1.561208710462953027e-04 1.685183734449709148e+00 1.641153063054724137e-01 -1.053507920765067684e+06
1.061841156827408872e+00 1.266990321968674849e+01 3.688936211371887652e-01 1.402922760152678673e-03 2.427904826483470724e-01 1.100306143838931121e+03 1.612883965806131753e-04 1.674394760085988310e+00 1.701814044393180902e-01 -1.042944799729048973e+06
1.093506503643748129e+00 1.264745990681446841e+01 3.771069700787896828e-01 1.377359041542266247e-03 2.517526433114266604e-01 1.106328971778149253e+03 1.665791010012119568e-04 1.663184572143802997e+00 1.764455125556323167e-01 -1.032233825215405785e+06
1.125430680704188502e+00 1.261688490162427279e+01 3.855027416474384738e-01 1.361619440733993248e-03 2.603040212915475049e-01 1.112632619446543004e+03 1.719956829956399529e-04 1.651529621802196202e+00 1.829169189754203118e-01 -1.017649245669552125e+06
1.157567771763854170e+00 1.257757100760416691e+01 3.941196205335066316e-01 1.357959281735168994e-03 2.682782035811415722e-01 1.119171860507269002e+03 1.775284959717117104e-04 1.639735379642275115e+00 1.895903934949729475e-01 -9.998492873347364366e+05
1.189868675757913108e+00 1.258710651210838094e+01 4.029557012886577638e-01 1.354061995756616855e-03 2.767690010677086865e-01 1.125958490560625478e+03 1.831546024967044522e-04 1.628146651838848324e+00 1.964457100606935291e-01 -9.827053503721533343e+05
1.222285605730118574e+00 1.248180499702061574e+01 4.120005571597755156e-01 1.349912220295087064e-03 2.858098831719430577e-01 1.133022214762592284e+03 1.888632736940516321e-04 1.616967669973902622e+00 2.034766982080919995e-01 -9.662456396868247539e+05
1.254771786022079061e+00 1.246211605154304713e+01 4.212440864261957074e-01 1.345493597572534764e-03 2.954364876636857984e-01 1.140397793477710366e+03 1.946684103073467742e-04 1.606292547318925568e+00 2.107041929866357299e-01 -9.507201647189036012e+05
1.287280482241091040e+00 1.245088359198800276e+01 4.306821658900337191e-01 1.327125248871144358e-03 3.057203913110056459e-01 1.148118615681324854e+03 2.005684434248070536e-04 1.596233662778363538e+00 2.181341764630574387e-01 -9.332053876702059060e+05
1.319760536823640029e+00 1.243061896451472670e+01 4.403650652084926675e-01 1.279652828595587372e-03 3.167392531876884743e-01 1.156134784703310288e+03 2.065807871945008725e-04 1.586294406181065320e+00 2.257943255654516201e-01 -9.114919919604324969e+05
1.352156339118297135e+00 1.241061024056129014e+01 4.502967590902329786e-01 1.229104861152837368e-03 3.284719828055526758e-01 1.164450494918220784e+03 2.127089370000737327e-04 1.575827706220913393e+00 2.336955913253868089e-01 -8.910220242510050302e+05
1.384415052601575713e+00 1.239055950678700313e+01 4.604605531729309975e-01 1.175282094212325807e-03 3.409648287842471648e-01 1.173101421575535369e+03 2.189523358146825262e-04 1.564426872260374690e+00 2.418454559564076622e-01 -8.715675496468333295e+05
1.416487132152348227e+00 1.236990851868573138e+01 4.708379752484952441e-01 1.117972366686415453e-03 3.542670360054678280e-01 1.182129725531614440e+03 2.253403651506544582e-04 1.551530289836850818e+00 2.502848335956488479e-01 -8.531076812816982856e+05
1.448325902653445407e+00 1.234922799383113912e+01 4.814059825367785761e-01 1.039627702087960251e-03 3.664527861009145848e-01 1.191581076239786626e+03 2.318776023372265535e-04 1.536771792008184478e+00 2.590292102820018205e-01 -8.376905790622174973e+05
1.479899665667904873e+00 1.232065601672096911e+01 4.920780218504224313e-01 8.938469850668158845e-04 3.723061788347923340e-01 1.201404662180462537e+03 2.384712246416882274e-04 1.518922939415062956e+00 2.679737677180467625e-01 -8.258483508103101049e+05
1.511193719475212527e+00 1.229876931065664891e+01 5.029009511984389169e-01 7.386217217456682912e-04 3.785387893405183779e-01 1.211601693582187863e+03 2.450294598455813331e-04 1.496081047172438394e+00 2.770164198110937059e-01 -8.030076732947230339e+05
1.542164810422602672e+00 1.226912439098582119e+01 5.140253403637841112e-01 5.733400379573733380e-04 3.851751856122500040e-01 1.222214317363470627e+03 2.515371283189095624e-04 1.466825628353819244e+00 2.861530545180929752e-01 -7.649086192476132419e+05
1.572723818493005465e+00 1.223915967533988258e+01 5.256745062767554932e-01 3.973504186685625824e-04 3.922415273056690799e-01 1.233273785431800206e+03 2.580437190178169206e-04 1.429914718966918352e+00 2.954610358507664403e-01 -7.088825485310527729e+05
1.602722885817722709e+00 1.220877711156035872e+01 5.381641710185570693e-01 2.289995743886461509e-04 3.987414375366339359e-01 1.244792203665244642e+03 2.646091846495527149e-04 1.383896225298317573e+00 3.050424317485362913e-01 -6.369593433432405582e+05
1.631969966989911480e+00 1.217830406343280281e+01 5.515430130933017816e-01 2.169425559637273913e-04 3.966683235880022473e-01 1.256763149641534710e+03 2.711352208564951323e-04 1.329205793247164147e+00 3.147942464724376443e-01 -5.793718816266143695e+05
1.660314247430952461e+00 1.213981957113212573e+01 5.656803804834354965e-01 2.041044118105160088e-04 3.944609009250691911e-01 1.269192174268466943e+03 2.774032447632976428e-04 1.268384162066831689e+00 3.244501930859947092e-01 -5.236647101522119483e+05
1.687635820037782786e+00 1.210228758172027597e+01 5.805596494345555136e-01 1.904345359349018582e-04 3.921104682264486274e-01 1.282092184876443525e+03 2.832885884090375608e-04 1.202073145905484752e+00 3.338634483670585018e-01 -4.702615041090309387e+05
1.713837964801308011e+00 1.206810963502128686e+01 5.961436940494673209e-01 1.758790437839622561e-04 3.896077604471399614e-01 1.295481582782316764e+03 2.887632069978945059e-04 1.128859804359469088e+00 3.429967503366957993e-01 -4.189415774536288227e+05
1.738845786835439888e+00 1.202226241700979870e+01 6.124696795698958418e-01 2.477432107644747506e-04 3.935682050328582204e-01 1.309373487355391717e+03 2.937618427829907699e-04 1.048534852723834065e+00 3.517804280917722348e-01 -3.630204718552108970e+05
1.762573445180873222e+00 1.198184836303260425e+01 6.297452967294320247e-01 3.699001108366814050e-04 4.012461847701412343e-01 1.323745860827810247e+03 2.983393600379447745e-04 9.626256376692895467e-01 3.603112656220849863e-01 -3.091647614244826837e+05
1.784950492285993340e+00 1.193817314829155585e+01 6.477740858994914808e-01 4.999710651279363430e-04 4.094215899324120667e-01 1.338617747207626280e+03 3.024044062481454076e-04 8.735207836454078612e-01 3.684736116770457315e-01 -2.615005658870505576e+05
1.805961346258124989e+00 1.188979453204024317e+01 6.662231843680950227e-01 6.384687933793652430e-04 4.181266467122225494e-01 1.354042371611318231e+03 3.057651779082368594e-04 7.887495556395526242e-01 3.760182853974705641e-01 -2.223948247807341977e+05
1.825650584040922064e+00 1.183910196727237008e+01 6.847661222991199281e-01 7.092963253845636874e-04 4.297412230062590544e-01 1.370073131235018536e+03 3.083031131502370157e-04 7.129468351648243774e-01 3.827734173207319457e-01 -1.868177959952612000e+05
1.844074053022905613e+00 1.178844612305053019e+01 7.037069777313341712e-01 7.264943770982123031e-04 4.438899485916305565e-01 1.386616840272001809e+03 3.100445181496390683e-04 6.446764025633356932e-01 3.888074039947588822e-01 -1.523047440935370396e+05
1.861264080600319559e+00 1.173181186903185491e+01 7.230684843359536096e-01 7.448066214087860652e-04 4.589553131990045665e-01 1.403725174631259051e+03 3.109554216141692702e-04 5.840808730146325178e-01 3.940865275925600764e-01 -1.219451311169404798e+05
1.877252550705235112e+00 1.167838389086725392e+01 7.428058337138783163e-01 7.643052423731607750e-04 4.749967021837328551e-01 1.421484017220349415e+03 3.115978310369378786e-04 5.406464259315960641e-01 3.993284277474767330e-01 -9.796583384807067341e+04
1.892072504300439606e+00 1.161955152843883354e+01 7.628775880753680960e-01 7.616361666139560274e-04 4.898791230171437028e-01 1.439973839787134466e+03 3.122464707679033571e-04 5.225529647258178034e-01 4.048626245727511841e-01 -8.148580672505394614e+04
1.905758227197458465e+00 1.155954360351366539e+01 7.833420070342606012e-01 7.182235355388488741e-04 5.019194914564567567e-01 1.459088288518482386e+03 3.128818377655880642e-04 5.332889888396153966e-01 4.106054119974907879e-01 -7.236275008636813436e+04
1.918342606417213769e+00 1.149866643833511759e+01 8.042455539313335677e-01 6.719983747096565721e-04 5.147399069384640535e-01 1.478857869526018249e+03 3.135015324082507252e-04 5.737346241964832450e-01 4.164582265473041889e-01 -7.028497693746589357e+04
1.929852474926907924e+00 1.143783733353896537e+01 8.256412034839615277e-01 6.227784716361033741e-04 5.283909055735748206e-01 1.499371469711305053e+03 3.145177865828942482e-04 6.307696901249971733e-01 4.229285771796071347e-01 -7.187520297022799787e+04
1.940306256121541395e+00 1.136957808571416884e+01 8.476181900151991133e-01 5.718564809540769471e-04 5.426494503065379948e-01 1.520720214609612412e+03 3.163900597929817076e-04 6.896443437311443603e-01 4.306901443871158364e-01 -7.387128367957768205e+04
1.949714857846760019e+00 1.130777925053102173e+01 8.702374806893627968e-01 5.446980352712717244e-04 5.527921714126642350e-01 1.542854518204143460e+03 3.191093179850580815e-04 7.498098865325162343e-01 4.397608721936051568e-01 -7.639142039688113437e+04
1.958092983188910230e+00 1.123806762023062156e+01 8.934867684544208766e-01 5.157801031287441223e-04 5.635919986234403378e-01 1.565742516057487592e+03 3.226399138581894786e-04 8.112637103878779232e-01 4.501033027149211607e-01 -7.921121074460829550e+04
1.965457754503867172e+00 1.116826225377924153e+01 9.173743981367453726e-01 4.849886944757335382e-04 5.750915032003897087e-01 1.589469746330089492e+03 3.268151107910193648e-04 8.705182266000215385e-01 4.615193182902597724e-01 -8.161515147794198128e+04
1.971825800426689312e+00 1.109826833305178084e+01 9.419213407731971133e-01 4.522024343045793517e-04 5.873360144258408244e-01 1.614129712883442153e+03 3.310388435675659224e-04 9.146541148480780148e-01 4.732357488884322838e-01 -8.163571148980106227e+04
1.977212493330995358e+00 1.102813238888583314e+01 9.671740138405787723e-01 4.300365632413252846e-04 5.979103078456562415e-01 1.639749574423540935e+03 3.352600810064518570e-04 9.421383596543879690e-01 4.852258393386678637e-01 -7.929794599456255673e+04
1.981634791303352294e+00 1.095792382906833495e+01 9.931768927357028653e-01 4.111213905938015207e-04 6.082637275101642205e-01 1.666236719378769067e+03 3.394827610635314232e-04 9.523931917781853773e-01 4.975356255075571998e-01 -7.503595410230127163e+04
1.985112270899804576e+00 1.088049016579093831e+01 1.019935637771248071e+00 3.909807799906102679e-04 6.192879035914531372e-01 1.693672268511187212e+03 3.437177654427158325e-04 9.443472174925244822e-01 5.102486779652930515e-01 -6.909167611403479532e+04
1.987665188620350909e+00 1.080870659273083056e+01 1.047463832119621463e+00 3.695353402355322850e-04 6.310262916998647942e-01 1.722155142981196150e+03 3.476818315563755908e-04 9.275323342657270098e-01 5.229810683643544289e-01 -6.272580689513380639e+04
1.989313643570876033e+00 1.073808541332003763e+01 1.075816096292747659e+00 3.524543588262564519e-04 6.416991797336695225e-01 1.751749462748868382e+03 3.512412587278765461e-04 9.049623696522868244e-01 5.355439095005514183e-01 -5.610588930481267744e+04
1.990077163327112819e+00 1.065926367170795253e+01 1.105170834979302352e+00 3.414341352621043575e-04 6.507889482439294104e-01 1.782274409438083694e+03 3.543366005308052225e-04 8.761142244746086272e-01 5.478619007778782191e-01 -4.949916825930232881e+04
1.989976682583611156e+00 1.058805840224067474e+01 1.135430408326373541e+00 3.296999557385168404e-04 6.604676062953142024e-01 1.813854645359914684e+03 3.568747447751231643e-04 8.404126615527188759e-01 5.597680432771479087e-01 -4.328905175259629323e+04
1.989036717916874419e+00 1.050925642305827523e+01 1.166391770756925350e+00 3.172055659205389832e-04 6.707733056725758702e-01 1.846739239863179364e+03 3.589698694272184230e-04 8.028229193567437694e-01 5.714058250197853184e-01 -3.783769126678699831e+04
1.987285956253697972e+00 1.043770486371043127e+01 1.197777131506964077e+00 3.039017148408970637e-04 6.817466698611471809e-01 1.881254556295627935e+03 3.607092708670920668e-04 7.679906117099266627e-01 5.828582358271250374e-01 -3.338601145777032070e+04
1.984757355532644985e+00 1.035850960610947880e+01 1.229215363683967777e+00 2.897359607602445855e-04 6.934309541786864983e-01 1.917825710052843078e+03 3.620428390622366021e-04 7.368196861034431722e-01 5.939660778956609155e-01 -2.990638164461155247e+04
1.981488042125737481e+00 1.028091171002807158e+01 1.260219228066412622e+00 2.746524644498718037e-04 7.058722162809037970e-01 1.957005537422822727e+03 3.629367549231889123e-04 7.101256288900533731e-01 6.045629061557100670e-01 -2.740603673513266767e+04
