# M(M_sol)  R(km)   nb_c(fm^-3)   Alpha_C(MeV^-1)     cs2_c   mu_c(MeV)
1.554034938319695247e-01 2.000000000000000000e+01 1.237813903452031628e-01 2.261409077481428640e-03 3.391926527121379847e-02 9.737501691889506219e+02 2.310537224357617987e-05 1.781820638920755595e+00 2.237786400646909341e-02 -5.021639724817813840e+05
1.615106464517978568e-01 2.000000000000000000e+01 1.266517107249664209e-01 2.305490514109592021e-03 3.569646894540876025e-02 9.745281956685386149e+02 2.411425980461068955e-05 1.820307934033310371e+00 2.336833808139742244e-02 -5.284521768475826830e+05
1.679286574210571703e-01 2.000000000000000000e+01 1.295530071673948735e-01 2.347331608486228662e-03 3.758140578850544672e-02 9.753380339533404140e+02 2.517914164416122755e-05 1.860524525521437100e+00 2.441473250971080630e-02 -5.577197197818075074e+05
1.746736996351955784e-01 2.000000000000000000e+01 1.324845979767486637e-01 2.386095067725655348e-03 3.957695737426848714e-02 9.761811586547776187e+02 2.630335039059026957e-05 1.901823955722735437e+00 2.552045868862718586e-02 -5.896374569273081142e+05
1.817628068562908428e-01 2.000000000000000000e+01 1.354456088413678594e-01 2.422517646226220438e-03 4.168914961758899557e-02 9.770591782876977049e+02 2.749004123125434830e-05 1.943556749715581233e+00 2.668876638523370870e-02 -6.246837649753253208e+05
1.892139803922254504e-01 2.000000000000000000e+01 1.384351588693729374e-01 2.456247335108025908e-03 4.392080994067169147e-02 9.779738281838631337e+02 2.874222070326903556e-05 1.985246728885180945e+00 2.792280118727604593e-02 -6.625831534966063919e+05
1.970461076754151108e-01 2.000000000000000000e+01 1.414534357809104914e-01 2.487596610048110023e-03 4.627658206799595969e-02 9.789268012930365330e+02 3.006309968674575589e-05 2.026652524644539710e+00 2.922590396931924739e-02 -7.033479344017379917e+05
2.052788502237930246e-01 2.000000000000000000e+01 1.445004773418407384e-01 2.516932501506385401e-03 4.876334802514081801e-02 9.799200100111796701e+02 3.145581035921620898e-05 2.067608139727182603e+00 3.060142952837701519e-02 -7.473980062844256172e+05
2.139326511459153646e-01 2.000000000000000000e+01 1.475763381688745823e-01 2.543793064272077600e-03 5.138399263886578305e-02 9.809554578862954486e+02 3.292359504842406451e-05 2.107954545381587774e+00 3.205277195567923787e-02 -7.946263946893409593e+05
2.230287083250679647e-01 2.000000000000000000e+01 1.506814255603614316e-01 2.568080121820513675e-03 5.414312692787896092e-02 9.820351162289276772e+02 3.446988061100114367e-05 2.147538232997449281e+00 3.358360870679979321e-02 -8.451498221397144953e+05
2.325889818871628711e-01 2.000000000000000000e+01 1.538158261431658569e-01 2.590071221635117590e-03 5.704854917918215224e-02 9.831611697772118532e+02 3.609775596311145580e-05 2.186207081628830817e+00 3.519728052460200513e-02 -8.994330494790147059e+05
2.426361940041006082e-01 2.000000000000000000e+01 1.569795787626229733e-01 2.609593808896096701e-03 6.010570753458981119e-02 9.843359315883365070e+02 3.781053671347546036e-05 2.223814053475640762e+00 3.689739635556175956e-02 -9.576244955750021618e+05
2.531937935476960000e-01 2.000000000000000000e+01 1.601732332898424815e-01 2.625635857773377796e-03 6.331295372905011709e-02 9.855617487677480995e+02 3.961170148656340082e-05 2.260220869104703656e+00 3.868771244803807102e-02 -1.019154601692445576e+06
2.642858021477003105e-01 1.503060636906622172e+01 1.633978926039491020e-01 2.638453894810190159e-03 6.667984344611591063e-02 9.868410475400240784e+02 4.150467624056925978e-05 2.295291001027828681e+00 4.057215504664282713e-02 -1.084508929617311107e+06
2.759367254460887153e-01 1.480051773364698242e+01 1.666544997778230952e-01 2.647973992223975372e-03 7.021124136869537347e-02 9.881764665424840359e+02 4.349304732965718681e-05 2.328879976174457855e+00 4.255458666892268649e-02 -1.153826435606184183e+06
2.881715201881048238e-01 1.459948361036390807e+01 1.699439949236442315e-01 2.654077557677447536e-03 7.391119536787436883e-02 9.895707693537605110e+02 4.558034444846789077e-05 2.360844281378186693e+00 4.463902917515102237e-02 -1.227183917471852619e+06
3.010155532878044937e-01 1.440944196274536182e+01 1.732673505463946106e-01 2.656383714373112756e-03 7.777814794471150928e-02 9.910268326229602280e+02 4.777012745012281436e-05 2.391037499521780241e+00 4.682940884447722024e-02 -1.304331560407468351e+06
3.144945457460132099e-01 1.423935718803692119e+01 1.766256870938829049e-01 2.654838947726633359e-03 8.181427474584358761e-02 9.925475846872727743e+02 5.006540968867611408e-05 2.419313509493306480e+00 4.912971765003933816e-02 -1.385274314717363100e+06
3.286345214176164542e-01 1.408873926251219366e+01 1.800199540067015380e-01 2.649911688037290356e-03 8.602710970283897196e-02 9.941361816914555902e+02 5.246988093697753532e-05 2.445540999351679012e+00 5.154384328337570376e-02 -1.470295568878502352e+06
3.434617043678917514e-01 1.394903706013899303e+01 1.834514184264902925e-01 2.642389993869940536e-03 9.041997693882676546e-02 9.957959289582461224e+02 5.498664668129129879e-05 2.469634813045609167e+00 5.407570889217964277e-02 -1.559051924221951514e+06
3.590022625249374433e-01 1.382831929531588777e+01 1.869219752468953555e-01 2.632832929676125894e-03 9.499738153489543924e-02 9.975302553215119588e+02 5.761901246724746120e-05 2.491560457855976463e+00 5.672936965863463465e-02 -1.651300881208769744e+06
3.752820961877388894e-01 1.371874021574820901e+01 1.904336460144030740e-01 2.621280645646779667e-03 9.976400853622138798e-02 9.993427462092954556e+02 6.037032410866885799e-05 2.511309479314554061e+00 5.950898902911958693e-02 -1.746928431365556316e+06
3.923267080129808626e-01 1.361825696462986279e+01 1.939884881601703359e-01 2.607563268272444865e-03 1.047144976069504380e-01 1.001237132703551538e+03 6.324399707128095796e-05 2.528885177005285811e+00 6.241887744343618122e-02 -1.845441974407428643e+06
4.101610742331563420e-01 1.352803102138971880e+01 1.975886251954212247e-01 2.591683758697243493e-03 1.098578757024710334e-01 1.003217281372789330e+03 6.624325410629940667e-05 2.544290051475377012e+00 6.546323749655456881e-02 -1.946853358657260658e+06
4.288094954361763023e-01 1.344799260896598270e+01 2.012361295478450884e-01 2.573608209603904778e-03 1.152013938248432345e-01 1.005287311869396831e+03 6.937146524004258704e-05 2.557553378892285512e+00 6.864650972640826132e-02 -2.051060494413248962e+06
4.482954372252255237e-01 1.337799119273517157e+01 2.049331109747909996e-01 2.553309489959466796e-03 1.207483477582453751e-01 1.007451546728307108e+03 7.263192376304250313e-05 2.568670929868342778e+00 7.197315441199887698e-02 -2.157790750604245812e+06
4.686413561278517381e-01 1.331787279373973298e+01 2.086817272664135692e-01 2.530972898736257547e-03 1.265017557635141343e-01 1.009714502962948131e+03 7.602782186397435992e-05 2.577653409499479853e+00 7.544764854191189640e-02 -2.266727795875930693e+06
4.898685156144194641e-01 1.326815901291843858e+01 2.124841872876444548e-01 2.506889813265654032e-03 1.324649188136639566e-01 1.012080847304507301e+03 7.956221112336176197e-05 2.584481917005059692e+00 7.907438451051204686e-02 -2.377511410163063556e+06
5.119967902071084209e-01 1.321799534981854052e+01 2.163427605625593275e-01 2.481132534817742218e-03 1.386412146495537290e-01 1.014555427871940310e+03 8.323789172119062441e-05 2.589229320951538238e+00 8.285770446668840050e-02 -2.489732381188846659e+06
5.350444559728417815e-01 1.317829290747092585e+01 2.202597882463004919e-01 2.453643267348390965e-03 1.450336084773590217e-01 1.017143322194264442e+03 8.705778318328981726e-05 2.591843620692041217e+00 8.680212994774122448e-02 -2.602935653843988199e+06
5.590279681481225005e-01 1.314781605898412664e+01 2.242377112838050690e-01 2.424351842643716459e-03 1.516293640112157393e-01 1.019849821124590335e+03 9.102446577215439439e-05 2.592360367624626960e+00 9.091202980324729344e-02 -2.716288459127283655e+06
5.839617203933574752e-01 1.311986341959594249e+01 2.282790702545592632e-01 2.393186778999337530e-03 1.584406933720181876e-01 1.022680441844754228e+03 9.514075560995474668e-05 2.590796067709712158e+00 9.519211283623789377e-02 -2.829519577423191164e+06
6.098578017392117800e-01 1.309822616636999548e+01 2.323864634260127404e-01 2.360073244630860999e-03 1.654712899928974246e-01 1.025641012107007327e+03 9.940900823921457771e-05 2.587163850793794406e+00 9.964679758434435985e-02 -2.942097821362959221e+06
6.367257413621577600e-01 1.308775476315720354e+01 2.365625945934042018e-01 2.325066337802732166e-03 1.727211844089169002e-01 1.028737638683109708e+03 1.038315384219704632e-04 2.581477965473427005e+00 1.042806393214456284e-01 -3.053383335901140235e+06
6.645722547127215218e-01 1.307099364472639280e+01 2.408103073050150977e-01 2.288567279545872159e-03 1.801902894609235528e-01 1.031976671948379817e+03 1.084103280945568809e-04 2.573762310930373332e+00 1.090980198627350545e-01 -3.162664637105167378e+06
6.934009655587580756e-01 1.306799283447200821e+01 2.451326322942164737e-01 2.250962699052770979e-03 1.878794490728057931e-01 1.035364642593814324e+03 1.131469908493650716e-04 2.564058750157574007e+00 1.141031380818440938e-01 -3.269213431088354904e+06
7.232121271195648404e-01 1.305858587328647502e+01 2.495327665806294781e-01 2.212309796270258908e-03 1.957895333671581528e-01 1.038908340437517381e+03 1.180429153484690246e-04 2.552423801103713696e+00 1.193001587415722514e-01 -3.372308024241472594e+06
7.540023656986264422e-01 1.305823290181735707e+01 2.540140669891011171e-01 2.172540992973895965e-03 2.039206909997541006e-01 1.042614869842181406e+03 1.230992996905703150e-04 2.538919328347000182e+00 1.246932668767816166e-01 -3.471200338154514786e+06
7.857644054121006860e-01 1.306103393917547706e+01 2.585800671943469520e-01 2.131580040883166317e-03 2.122722230983400959e-01 1.046491661208768164e+03 1.283172545867844591e-04 2.523612610200946182e+00 1.302867831099727980e-01 -3.565124839763967786e+06
8.184868261020888935e-01 1.306793329276498028e+01 2.632344963732944909e-01 2.089380669459586348e-03 2.208331104971515690e-01 1.050546481138974968e+03 1.336974702504913016e-04 2.506571998229887299e+00 1.360848395084079676e-01 -3.653221937753296923e+06
8.521538085142906782e-01 1.307809758450349236e+01 2.679813140345109757e-01 2.045906213212990345e-03 2.295880085827185779e-01 1.054787382163638540e+03 1.392405253456422342e-04 2.487867453724863509e+00 1.420917018560759193e-01 -3.734647012533796486e+06
8.867449070304720404e-01 1.308781646174563029e+01 2.728246806555211790e-01 2.001195678384676442e-03 2.385511773780362721e-01 1.059222825510148823e+03 1.449466111752214798e-04 2.467555934628835157e+00 1.483115133734205782e-01 -3.808826500451805070e+06
9.222348805805019589e-01 1.309839073399654730e+01 2.777687525914092626e-01 1.955736751032178308e-03 2.477185981276685267e-01 1.063861590156855300e+03 1.508150491354110433e-04 2.445668842579539426e+00 1.547477795768021080e-01 -3.875365855977339204e+06
9.585937386285700024e-01 1.310808462278603237e+01 2.828174612520285014e-01 1.909869205208804830e-03 2.570878660244187430e-01 1.068712671832451861e+03 1.568442411732837139e-04 2.422229446309652090e+00 1.614033305845256339e-01 -3.933690570373165421e+06
9.957867138545546393e-01 1.311944513896728459e+01 2.879748993223404940e-01 1.863612184963106197e-03 2.666562630027230485e-01 1.073785435393931721e+03 1.630321636890918427e-04 2.397268867272193127e+00 1.682808531575394617e-01 -3.983104650258509442e+06
1.033774176005537671e+00 1.313888679500973211e+01 2.932454022937847071e-01 1.816929116784442907e-03 2.764202610110805813e-01 1.079089655522149997e+03 1.693762062742196011e-04 2.370826215815395877e+00 1.753827274602674791e-01 -4.022948400340055581e+06
1.072511557995423859e+00 1.314921794561799651e+01 2.986335638258013625e-01 1.769778518408680413e-03 2.863754242998872157e-01 1.084635533050875438e+03 1.758729805788609068e-04 2.342947348704599086e+00 1.827108464747869143e-01 -4.052617259144620970e+06
1.111949305016558087e+00 1.316914177964003940e+01 3.041442587808935172e-01 1.722113637026996633e-03 2.965163005115589723e-01 1.090433714393688888e+03 1.825189206220184819e-04 2.313681284205343580e+00 1.902672563176915910e-01 -4.071562293015423696e+06
1.152032880848456786e+00 1.317965678122398643e+01 3.097826782842529880e-01 1.674151458453481799e-03 3.067868436074718264e-01 1.096495217629565786e+03 1.893096198373407418e-04 2.283080117794588748e+00 1.980534688782787101e-01 -4.079192305754010566e+06
1.192702808522766889e+00 1.319924694828758049e+01 3.155542944301404917e-01 1.625805879754820991e-03 3.172207044952710109e-01 1.102831475743354076e+03 1.962398473961638617e-04 2.251190631876112569e+00 2.060704602965394150e-01 -4.075422682477232069e+06
1.233894854836656396e+00 1.320971112925765922e+01 3.214645562530780709e-01 1.577313960171396060e-03 3.278131919294353658e-01 1.109454333567855883e+03 2.033037663826053009e-04 2.218048586590250615e+00 2.143189500401420089e-01 -4.060236705538572744e+06
1.275540364061029885e+00 1.322858032815430640e+01 3.275189663980644372e-01 1.528769864873650262e-03 3.385570810369555872e-01 1.116375979794044724e+03 2.104944845746035140e-04 2.183693337022135417e+00 2.227988931374008108e-01 -4.033475514567166101e+06
1.317566518079821503e+00 1.323889748305740710e+01 3.337233612331847454e-01 1.480161713628041446e-03 3.494443245386755770e-01 1.123609099183142234e+03 2.178041106658865740e-04 2.148172862368656233e+00 2.315095560437922528e-01 -3.995026404170238879e+06
1.359896554754544962e+00 1.324971054984987440e+01 3.400839417191393044e-01 1.431471434861988782e-03 3.604659412599477419e-01 1.131166893124484659e+03 2.252242083146236589e-04 2.111541982267847839e+00 2.404499761315827822e-01 -3.944883006321231369e+06
1.402450057039597686e+00 1.326029348081086567e+01 3.466073065684642796e-01 1.382887063568755039e-03 3.715700605227431064e-01 1.139063044785641978e+03 2.327453115906380791e-04 2.073863738184146932e+00 2.496185242811704286e-01 -3.883156915843128692e+06
1.445143258199794056e+00 1.327012548247316381e+01 3.533004752959714723e-01 1.334370859399620565e-03 3.827460340322406118e-01 1.147311534325517187e+03 2.403571208665364139e-04 2.035209178448104339e+00 2.590130067192966679e-01 -3.810168776934009511e+06
1.487889399514061850e+00 1.327944748941895803e+01 3.601709072104313236e-01 1.285830001081403155e-03 3.940159843527398786e-01 1.155927122909206901e+03 2.480484444931250402e-04 1.995646019518656056e+00 2.686306224019995859e-01 -3.726319524060571101e+06
1.530599180137332427e+00 1.328878389746567201e+01 3.672261578737725518e-01 1.237541675359510925e-03 4.053679794648106793e-01 1.164925081931015711e+03 2.558070168757056251e-04 1.955219009611363745e+00 2.784676659201740789e-01 -3.632460873398981523e+06
1.573181476707834925e+00 1.328979966680248914e+01 3.744736157929729470e-01 1.189715875681852811e-03 4.167917854696810420e-01 1.174321082703600041e+03 2.636185592587275673e-04 1.913967020710423128e+00 2.885189270463202060e-01 -3.529265808132752310e+06
1.615543985609758204e+00 1.329098723947228144e+01 3.819210141782811152e-01 1.142700296054383665e-03 4.282251277016370650e-01 1.184131281769739417e+03 2.714682608955198387e-04 1.871939435449202938e+00 2.987782903375389432e-01 -3.417358513515092432e+06
1.657593719511376129e+00 1.329121788852619623e+01 3.895765322424513122e-01 1.096556878552155554e-03 4.396542881817643300e-01 1.194372019576439698e+03 2.793399921853107208e-04 1.829199514893564249e+00 3.092388426381525446e-01 -3.297559697566679679e+06
1.699237522494239983e+00 1.329022746490031359e+01 3.974488160356034472e-01 1.051079621327615779e-03 4.511189358935529525e-01 1.205060582980349409e+03 2.872166185422823578e-04 1.785827432984088858e+00 3.198926397558845003e-01 -3.170737054517672863e+06
1.740382566443424928e+00 1.328948608980703661e+01 4.055470445285317971e-01 1.006332127689516485e-03 4.626094614560816720e-01 1.216214966267299587e+03 2.950799740898786484e-04 1.741920228931574943e+00 3.307307870442684483e-01 -3.037826953230215702e+06
1.780936866610354441e+00 1.328007971749862115e+01 4.138809634756425160e-01 9.625468645103952333e-04 4.740715654662731593e-01 1.227853757104373699e+03 3.029112241880186815e-04 1.697578194458513101e+00 3.417437996804443823e-01 -2.899899689001311548e+06
1.820809850299532684e+00 1.327029409991356879e+01 4.224604822094374379e-01 9.197667364387912721e-04 4.854570593238375920e-01 1.239995531119726365e+03 3.106909409130281232e-04 1.652870146015007480e+00 3.529215946207661103e-01 -2.758220464367415756e+06
1.859913086609521482e+00 1.326028080270349285e+01 4.312954583131476394e-01 8.775878118504367971e-04 4.968304569588538055e-01 1.252659850831991889e+03 3.183990806582309881e-04 1.607838594966241708e+00 3.642533718933617104e-01 -2.613813038412606344e+06
1.898160912270423717e+00 1.324717855217742724e+01 4.403962137103344388e-01 8.360829746642855142e-04 5.081799542477348774e-01 1.265867112748381714e+03 3.260142026990910861e-04 1.562532081612908907e+00 3.757268275609872976e-01 -2.467619991481834091e+06
1.935470894173526357e+00 1.322951551823857486e+01 4.497736138148846763e-01 7.958706193841123128e-04 5.193762132540173937e-01 1.279637980778413066e+03 3.335139405406255426e-04 1.517010743631585390e+00 3.873283074851872065e-01 -2.320679264599290676e+06
1.971764306854037807e+00 1.320951023249716627e+01 4.594390570111772654e-01 7.566591987972443121e-04 5.304969416485040279e-01 1.293993344180066288e+03 3.408758367631270275e-04 1.471344785802984223e+00 3.990438135588888491e-01 -2.173979018910195678e+06
2.006966513549266029e+00 1.318741610696315192e+01 4.694045971028752429e-01 7.184379173431775954e-04 5.415583112061383986e-01 1.308955466650149674e+03 3.480765909216515150e-04 1.425622608324017770e+00 4.108580256830990374e-01 -2.028468614613215439e+06
2.041007324992536009e+00 1.316073766762124286e+01 4.796828849653851923e-01 6.816089974579685401e-04 5.524423847980514113e-01 1.324546953122728155e+03 3.550921676735764067e-04 1.379935855917106213e+00 4.227542815911538576e-01 -1.885170814724600175e+06
2.073821420899886636e+00 1.313085359758520632e+01 4.902866942442180576e-01 6.456975218233258502e-04 5.632009083680957762e-01 1.340790527444590225e+03 3.618996758630213095e-04 1.334347316608390344e+00 4.347167281050049459e-01 -1.745003404212639900e+06
2.105348718776477224e+00 1.310080172500566498e+01 5.012291961883008629e-01 6.105547792297794660e-04 5.738665998276403224e-01 1.357710670455015361e+03 3.684753194943768623e-04 1.288920406880975200e+00 4.467277108696496857e-01 -1.608694203782935394e+06
2.135534656895695882e+00 1.306834282897722055e+01 5.125241681315328979e-01 5.769180608021155614e-04 5.842764776398039483e-01 1.375331856691473831e+03 3.747947705845720259e-04 1.243731140965041559e+00 4.587680603305149818e-01 -1.476979969444384566e+06
2.164330368679661110e+00 1.303096443041229158e+01 5.241859919624305419e-01 5.443834492595619069e-04 5.945601164102843894e-01 1.393678869359907139e+03 3.808355519031856370e-04 1.198860751829681437e+00 4.708197395787251938e-01 -1.350456816289475886e+06
2.191692842945170749e+00 1.299123503189340134e+01 5.362298019699186513e-01 5.133142322672777430e-04 6.046621142693671125e-01 1.412777994597306588e+03 3.865740978785846748e-04 1.154420607650881836e+00 4.828621798141125576e-01 -1.229676741003401810e+06
2.217585008309533645e+00 1.295139599123595353e+01 5.486713417889199640e-01 4.838354611798232306e-04 6.145394931373816538e-01 1.432654731883234945e+03 3.919890854465766031e-04 1.110519413837102842e+00 4.948761719909163803e-01 -1.115130286555789644e+06
2.241975797084160504e+00 1.290811041075949284e+01 5.615267399964135597e-01 4.551802638269031027e-04 6.242868019736365071e-01 1.453336774940055875e+03 3.970604860059867266e-04 1.067235184424170313e+00 5.068431293441374441e-01 -1.007138236091181869e+06
2.264840181992459289e+00 1.286113941179806019e+01 5.748124067999768050e-01 4.278336349905186844e-04 6.337318707587006328e-01 1.474852129388449839e+03 4.017689986815546014e-04 1.024626374826830055e+00 5.187429804136303169e-01 -9.059071993914019549e+05
2.286159165076733668e+00 1.281145009683372749e+01 5.885453523313782798e-01 4.013610668724381780e-04 6.430341205268412796e-01 1.497229568114532640e+03 4.060975155668086040e-04 9.827278278825953839e-01 5.305583380446425856e-01 -8.115077924076259369e+05
2.305919679073989315e+00 1.276090650398409032e+01 6.027432787104152201e-01 3.764638936180893605e-04 6.520416022092092589e-01 1.520498651494820251e+03 4.100285708934548498e-04 9.415933221338625980e-01 5.422679258161988702e-01 -7.239568437261244981e+05
2.324114462566924555e+00 1.270866298181870668e+01 6.174245128825538442e-01 3.528646945470602066e-04 6.608778822186154311e-01 1.544688679715103035e+03 4.135484541763208657e-04 9.012542930188175427e-01 5.538540213019996772e-01 -6.431825604171379237e+05
2.340741946476442514e+00 1.265145141382400773e+01 6.326080955307943343e-01 3.308507968624459748e-04 6.694384786900986484e-01 1.569830241007642599e+03 4.166429328002040490e-04 8.617739656144954852e-01 5.652960526594696944e-01 -5.690609533420827938e+05
2.355805963921238089e+00 1.259191876008490851e+01 6.483136478198512354e-01 3.096316369655135277e-04 6.778247359293188001e-01 1.595954525840626047e+03 4.193025396875363375e-04 8.232111381611719736e-01 5.765780895296651609e-01 -5.014181570226532058e+05
2.369315525187728699e+00 1.253732961300011617e+01 6.645614525783809512e-01 2.895101669470615739e-04 6.859179347728892040e-01 1.623094882272728000e+03 4.215178297495685293e-04 7.856395764064298959e-01 5.876819917091860024e-01 -4.400253752688141540e+05
2.381284550431413294e+00 1.247185398861082462e+01 6.813724393627822451e-01 2.702660628928146716e-04 6.938351698644271703e-01 1.651284429111233067e+03 4.232839083086814081e-04 7.490995392166241995e-01 5.985936741969828390e-01 -3.846031540423948318e+05
2.391731593714251591e+00 1.240918691225190607e+01 6.987682405326914870e-01 2.525112856706242226e-04 7.014424783590580414e-01 1.680556983642043178e+03 4.245961609079420933e-04 7.136324787277383841e-01 6.092970692663793875e-01 -3.348258875039207633e+05
2.400679572457735222e+00 1.234777102740793531e+01 7.167711171447062046e-01 2.359495631471757019e-04 7.088706872308827567e-01 1.710946713916608132e+03 4.254539165681836088e-04 6.792554341158911768e-01 6.197794187386380660e-01 -2.903406026964209159e+05
2.408155510464703219e+00 1.227825971646399594e+01 7.354040233447786123e-01 2.204983313160987851e-04 7.160535094364073316e-01 1.742487972857336672e+03 4.258579456878051634e-04 6.460163411848105497e-01 6.300279756883179205e-01 -2.507888526730378217e+05
2.414190134064383209e+00 1.220975342957980914e+01 7.546903941818601247e-01 2.057582846720635954e-04 7.230173534328998564e-01 1.775218640808715236e+03 4.258118296259436877e-04 6.139817854783757856e-01 6.400321351793180069e-01 -2.158147667767773673e+05
2.418817593521354947e+00 1.214024435953193937e+01 7.746543437170130275e-01 1.917533718421170934e-04 7.297829459856322032e-01 1.809176178538053819e+03 4.253227418369346594e-04 5.831857468157881641e-01 6.497845892986713334e-01 -1.850504639754093077e+05
2.422075096939425798e+00 1.206988669042925899e+01 7.953205124373254886e-01 1.788360143770210920e-04 7.362764944556301483e-01 1.844399329203835805e+03 4.243986089962460489e-04 5.536418597261951735e-01 6.592769632839128313e-01 -1.581127173790406378e+05
2.424002675632308978e+00 1.199913697443863825e+01 8.167140802773050767e-01 1.669093633249789594e-04 7.425880793964479976e-01 1.880926695489659096e+03 4.230506321280346599e-04 5.253140993196661057e-01 6.685043083117584439e-01 -1.346256539826843364e+05
2.424642802736851177e+00 1.192184205642232797e+01 8.388609584742378056e-01 1.559135184951386251e-04 7.487044324051935762e-01 1.918796789593675385e+03 4.212910557735662282e-04 4.981823426692598145e-01 6.774619015018157331e-01 -1.142269636850052193e+05
2.424040136239661969e+00 1.185131662647373041e+01 8.617882510645620275e-01 1.455413548136471670e-04 7.545992908514911335e-01 1.958051824397252403e+03 4.191334817564246564e-04 4.722947566205978331e-01 6.861460248690519625e-01 -9.659511454445221170e+04
2.422241146979073445e+00 1.177873078697147591e+01 8.855241278682929318e-01 1.357078002457505180e-04 7.603187623995889544e-01 1.998735095419194295e+03 4.165945519651723561e-04 4.476799789402840513e-01 6.945571225958057093e-01 -8.143208335871031159e+04
2.419293743687309650e+00 1.170770529953022532e+01 9.100974668032900672e-01 1.265321017578803888e-04 7.658534981292626220e-01 2.040889989368610031e+03 4.136922319603602714e-04 4.243224312478134364e-01 7.026968213319341183e-01 -6.844646958109653497e+04
2.415247108879792659e+00 1.162867731300761065e+01 9.355376569369415751e-01 1.182211067794103110e-04 7.711742992271579666e-01 2.084560719533306838e+03 4.104449083354657518e-04 4.021598652800776885e-01 7.105664056203908618e-01 -5.735915749605572637e+04
2.410151373846936451e+00 1.155132707832114214e+01 9.618747163102960851e-01 1.105760606912892675e-04 7.763413767878766247e-01 2.129791508195805818e+03 4.068717664328529485e-04 3.811202866207020201e-01 7.181687339501336975e-01 -4.792117900190225919e+04
2.404057440784028721e+00 1.147809948849998740e+01 9.891396049873221186e-01 1.033643352735905694e-04 7.813569545337082367e-01 2.176629408965563925e+03 4.029927662661960232e-04 3.612187519323868390e-01 7.255076740320441919e-01 -3.992181522497053083e+04
