# M(M_sol)  R(km)   nb_c(fm^-3)   Alpha_C(MeV^-1)     cs2_c   mu_c(MeV)
1.662603623246029783e-01 1.945806547672897935e+01 1.233267423161581444e-01 2.452758305984232504e-03 3.422936320497046991e-02 9.733908159848128889e+02 2.108616770224799744e-05 2.137522921153404809e+00 2.042903198338867632e-02 -5.201105350821097381e+05
1.719815208331944012e-01 1.889735200240150093e+01 1.261726040626316436e-01 2.359118948976134979e-03 3.581050378647306076e-02 9.741680814054883513e+02 2.235145205548877574e-05 2.245308694132952532e+00 2.166648926277594742e-02 -5.781087354531449964e+05
1.780309698152451603e-01 1.837761250579322692e+01 1.290515373679426980e-01 2.259413074661516599e-03 3.749408010662448609e-02 9.749744324419589248e+02 2.368805083577035095e-05 2.330068918767321140e+00 2.297450792630599190e-02 -6.333731144313707482e+05
1.844247085353659110e-01 1.789785369835865581e+01 1.319671095338968703e-01 2.153247657784694829e-03 3.928672856491714771e-02 9.758148277394936940e+02 2.509317920458723364e-05 2.393123201967353175e+00 2.435064719198085093e-02 -6.844695787728847936e+05
1.911780400660816615e-01 1.745750253362631099e+01 1.349277988168255116e-01 2.040204210564485008e-03 4.119551550647381627e-02 9.766947943814583368e+02 2.650698195030390909e-05 2.434535152983813067e+00 2.573706388240927859e-02 -7.286241916928673163e+05
1.983042686887155903e-01 1.704810625742780417e+01 1.379488682692747437e-01 1.920795220259447931e-03 4.322217335716888043e-02 9.776203667325539755e+02 2.792970346844778979e-05 2.456029183427139717e+00 2.713420281517232163e-02 -7.632818525497532682e+05
2.058138037563076173e-01 1.667732222507025241e+01 1.410415055765759929e-01 1.899961948402372402e-03 4.473746657502090940e-02 9.785849929821982869e+02 2.936713949215630226e-05 2.459814785152745209e+00 2.854785334934399968e-02 -7.935568811793236528e+05
2.137174253040375893e-01 1.632803984312954881e+01 1.442015032084146831e-01 1.877778972656776605e-03 4.635092954568055534e-02 9.795808466744629186e+02 3.081696950018650289e-05 2.448660335063321813e+00 2.997582265743657312e-02 -8.193124289962939220e+05
2.220269275107575047e-01 1.600910348184037346e+01 1.474280731853250537e-01 1.854158851136470396e-03 4.806892229257618554e-02 9.806121547115662906e+02 3.228853006581495772e-05 2.423626044452432460e+00 3.142743026334637868e-02 -8.400279511046137195e+05
2.307544738501778325e-01 1.571801793183862017e+01 1.507223064176712313e-01 1.829008476947164945e-03 4.989821687947285089e-02 9.816837906620959302e+02 3.380291027085280690e-05 2.383928799459044345e+00 3.292363000059680272e-02 -8.544071416096796747e+05
2.399120392964336490e-01 1.544840091773096802e+01 1.540880953351440041e-01 1.802228711173382240e-03 5.184602410490858626e-02 9.828012988369283676e+02 3.538874354574731893e-05 2.329408750125695260e+00 3.449296689872673877e-02 -8.611092142583484529e+05
2.495105515941635765e-01 1.519998363278029530e+01 1.575333358928059091e-01 1.773713992088065024e-03 5.392002192605554328e-02 9.839708923013379263e+02 3.701806653398511217e-05 2.272882303835127349e+00 3.610837320364180397e-02 -8.633948982285517268e+05
2.595586322402630985e-01 1.497748346808494624e+01 1.610715097180853428e-01 1.746161817882005808e-03 5.611629957671594032e-02 9.851993636581530609e+02 3.869121055152329152e-05 2.215997000020623275e+00 3.777063812229669582e-02 -8.599571400137280580e+05
2.700605679263448633e-01 1.476763593716625245e+01 1.647271826672567774e-01 1.764326082927418276e-03 5.825054849777733940e-02 9.864780351831103644e+02 4.041380872440047034e-05 2.159015868967492757e+00 3.948576548771032951e-02 -8.495521502207700396e+05
2.810170619991723684e-01 1.457749809129458463e+01 1.685046732897087507e-01 1.783667137645240756e-03 6.052306682210814581e-02 9.877990838013611210e+02 4.218168090489898050e-05 2.102964557605270013e+00 4.125004873333567440e-02 -8.400313379488622304e+05
2.924307405543629113e-01 1.439844582592482070e+01 1.723927032008307492e-01 1.804261221505091975e-03 6.294281246820217224e-02 9.891673036207956784e+02 4.398256478227754562e-05 2.048860435230009269e+00 4.305188502395015243e-02 -8.321994335213548038e+05
3.043079469459599729e-01 1.423806651250592559e+01 1.763759146863616012e-01 1.826189513225179783e-03 6.551932370206223211e-02 9.905887777123243723e+02 4.579642481769701125e-05 1.997978778523896715e+00 4.487192105642934942e-02 -8.272310853803234641e+05
3.166599763585140614e-01 1.408907971402736159e+01 1.804339959634138069e-01 1.849538450766348907e-03 6.826275673558071522e-02 9.920711828822304597e+02 4.762155077051109103e-05 1.951906861325318543e+00 4.670859631373755483e-02 -8.273550728658776497e+05
3.295045382334355621e-01 1.395752946765865232e+01 1.845406344350333794e-01 1.874400072057259272e-03 7.118392576076859601e-02 9.936241739363824763e+02 4.950374974960002034e-05 1.911883422974568703e+00 4.860727764873683243e-02 -8.358295965500726597e+05
3.428674657995007813e-01 1.382888746256421797e+01 1.886660898098328487e-01 1.895866925376054604e-03 7.426392310013907316e-02 9.952584039709195167e+02 5.144342438142059137e-05 1.878615435310669879e+00 5.056891397781530795e-02 -8.488122995925807627e+05
3.567742280066108496e-01 1.371755000089033771e+01 1.928622061148568267e-01 1.903350876981510899e-03 7.745002205129328243e-02 9.969540697822253605e+02 5.345501731130267582e-05 1.852011116652540146e+00 5.260848190145850367e-02 -8.500481360456374241e+05
3.712366769188496507e-01 1.360867145392685984e+01 1.971525051496563763e-01 1.911319683709709156e-03 8.084253553843992468e-02 9.987054282073418108e+02 5.554491784168015024e-05 1.832230248234755443e+00 5.473287630407729781e-02 -8.555984041601064382e+05
3.862666585334554870e-01 1.351762928905248096e+01 2.015295936848950087e-01 1.919804757373879105e-03 8.445483632913027006e-02 1.000520093209591664e+03 5.771224894245670172e-05 1.819803288634225691e+00 5.694188694806541495e-02 -8.658013449969574576e+05
4.018780755245933145e-01 1.342763005250843378e+01 2.059859227580033980e-01 1.928839544832285308e-03 8.830116355873754430e-02 1.002407150555193994e+03 5.995449906279778327e-05 1.815246663360543744e+00 5.923369178825979575e-02 -8.809773181970266160e+05
4.180867620965793008e-01 1.334764878865410331e+01 2.105142618851892355e-01 1.938459659830610521e-03 9.239667885894348176e-02 1.004377355310088092e+03 6.228209163695622662e-05 1.816932933430198904e+00 6.161934124916861738e-02 -9.007584305845699273e+05
4.349101261962796117e-01 1.326940995126913059e+01 2.151083601777025456e-01 1.948703023385875465e-03 9.675752612256374730e-02 1.006443342457479730e+03 6.472628807470148001e-05 1.820867963674351442e+00 6.413080543280515189e-02 -9.238699201990945730e+05
4.523664836998640970e-01 1.320170481088547199e+01 2.197649621293105426e-01 1.953780939896847865e-03 1.012061736040929527e-01 1.008618708955988495e+03 6.729400193193648652e-05 1.826985704685597733e+00 6.677607143750306784e-02 -9.476509018601252465e+05
4.704703753078066653e-01 1.314003859462315127e+01 2.245186627912376942e-01 1.934738856813849770e-03 1.051263073515389807e-01 1.010879506783455099e+03 6.999011225955398729e-05 1.835028737233987739e+00 6.956121234626670702e-02 -9.650050706110440660e+05
4.892281427300322894e-01 1.308035041519890385e+01 2.293821922673599800e-01 1.914463113758526616e-03 1.093004107970115546e-01 1.013216191102534140e+03 7.280724930430447777e-05 1.844551545402042247e+00 7.247958677368024349e-02 -9.853101017709275475e+05
5.086462455325757581e-01 1.303004390067288654e+01 2.343493089555348519e-01 1.892873786863269198e-03 1.137449376157348979e-01 1.015638408129561299e+03 7.573938426489436001e-05 1.855315705022061445e+00 7.552614700207983811e-02 -1.008401459915086627e+06
5.287323040549636310e-01 1.298134434102904677e+01 2.394143048147313602e-01 1.869885774314554699e-03 1.184774074503713304e-01 1.018157566536321610e+03 7.878123321250535456e-05 1.867122396251866823e+00 7.869672340119412968e-02 -1.034008341002156725e+06
5.494945828839803426e-01 1.293986468676312107e+01 2.445727300107403135e-01 1.845408460894656412e-03 1.235164749707641646e-01 1.020787038502882069e+03 8.192832478269164551e-05 1.879205414680192199e+00 8.198807225798403209e-02 -1.061406624230810907e+06
5.709411465846212508e-01 1.290785205527187074e+01 2.498223738198293575e-01 1.819345360790361119e-03 1.288820034077836074e-01 1.023542357707250972e+03 8.518454029107903707e-05 1.889324045755047532e+00 8.540573803763228111e-02 -1.088838061334026279e+06
5.930785607041361152e-01 1.286973614333982319e+01 2.551645706365173183e-01 1.791593737260701018e-03 1.345951428511343306e-01 1.026441399005448602e+03 8.855730646347666549e-05 1.897136481801325880e+00 8.895911085891826386e-02 -1.115056120559075149e+06
6.159091056177229406e-01 1.284054000739836177e+01 2.606231421750576649e-01 1.768762893019604340e-03 1.393160471547973955e-01 1.029467493552147062e+03 9.205369960738982323e-05 1.902572430371690437e+00 9.265719504879678381e-02 -1.131756607470264426e+06
6.394278261191925772e-01 1.281015990652455017e+01 2.662163370722952505e-01 1.744559031079570468e-03 1.443212855243549697e-01 1.032595739184152535e+03 9.566697232807313395e-05 1.905613353138447819e+00 9.649430127673570834e-02 -1.148109585794006241e+06
6.636285935490281451e-01 1.279008312489494159e+01 2.719393518804274490e-01 1.718787098276650105e-03 1.496507931559232785e-01 1.035838162125402732e+03 9.939648995591581328e-05 1.906156801314196292e+00 1.004715869623057090e-01 -1.163779133144838037e+06
6.885052520001717635e-01 1.276838091961867860e+01 2.777885242576796365e-01 1.691345505606694447e-03 1.553255781507197619e-01 1.039208880908140600e+03 1.032498552634036101e-04 1.904059195803177840e+00 1.045992277390030145e-01 -1.178110315066430718e+06
7.140507751987367202e-01 1.274837180739405085e+01 2.837622838574550554e-01 1.662126082522586085e-03 1.613680096403413700e-01 1.042724294886269263e+03 1.072386190076597245e-04 1.899205217723157091e+00 1.088920834863289500e-01 -1.190275273086688248e+06
7.402559655592251264e-01 1.272807081193146495e+01 2.898624167751807090e-01 1.631013650542539493e-03 1.678019059624487608e-01 1.046403257289701514e+03 1.113437270449854622e-04 1.892227383675181285e+00 1.133331374636327021e-01 -1.200092135356285144e+06
7.671076469389868091e-01 1.270950262000789799e+01 2.960957322962165517e-01 1.597885569234203020e-03 1.746526285489979347e-01 1.050267199533921712e+03 1.155642019552069591e-04 1.883217453344370185e+00 1.179246367381225624e-01 -1.206376613464811817e+06
7.945863023548417337e-01 1.269948131070086816e+01 3.024818630231548289e-01 1.572203668904399200e-03 1.805448228346806239e-01 1.054314597224854424e+03 1.199070195166884251e-04 1.872076849750675676e+00 1.226771176289821325e-01 -1.204953778407739243e+06
8.226664105396709337e-01 1.268112500826862643e+01 3.090419007949966046e-01 1.548246533853658196e-03 1.863233549247368392e-01 1.058501280682766264e+03 1.243570871721277947e-04 1.858854644723835214e+00 1.275768971303051225e-01 -1.201011573524751700e+06
8.513213811577061696e-01 1.266945120793561763e+01 3.157720877258339276e-01 1.522737312382808775e-03 1.924762548666310302e-01 1.062839300398192790e+03 1.289001978781528172e-04 1.843516260742237289e+00 1.326117710200786781e-01 -1.195653356356840814e+06
8.805244064509885060e-01 1.265899508822833930e+01 3.226685565396819610e-01 1.495575451055458248e-03 1.990277764477099698e-01 1.067346136696906569e+03 1.335290330516634722e-04 1.825960974097937450e+00 1.377774812328774467e-01 -1.188374786761878757e+06
9.102476669860203318e-01 1.264878039365085449e+01 3.297291762594824482e-01 1.466653881982512902e-03 2.060037447606499483e-01 1.072042107956711106e+03 1.382390504955446106e-04 1.806087597057239424e+00 1.430731619700910118e-01 -1.178552237485461403e+06
9.404611618456003574e-01 1.263871122053778784e+01 3.369547549543311926e-01 1.435858600776991232e-03 2.134316580020084453e-01 1.076950602127339153e+03 1.430475192452618737e-04 1.785105689052155942e+00 1.485200930931371843e-01 -1.166853095736497547e+06
9.711310463330007359e-01 1.262873860278289939e+01 3.443506371011543776e-01 1.403068217166225044e-03 2.213407958658953345e-01 1.082098259633956104e+03 1.479669949174997577e-04 1.763616922790936181e+00 1.541358258976093243e-01 -1.152980598426466575e+06
1.002217431053231023e+00 1.261879352724452730e+01 3.519354504531623240e-01 1.380156898905063670e-03 2.285019055623082884e-01 1.087493354843697261e+03 1.530032227111647214e-04 1.741611243931638464e+00 1.599319098278350615e-01 -1.132718583417122485e+06
1.033673787794174403e+00 1.260891674354478909e+01 3.597421447314400611e-01 1.363467860969140534e-03 2.353177154713268493e-01 1.093077335358575510e+03 1.581427641934940258e-04 1.719335683361377987e+00 1.658975128646891506e-01 -1.110020507326198742e+06
1.065452502655287237e+00 1.259894321971116327e+01 3.677673008863596160e-01 1.345697607391607795e-03 2.425750942899591867e-01 1.098861069453754908e+03 1.633647288727554079e-04 1.697041002474795501e+00 1.720140601089457932e-01 -1.087463113463777350e+06
1.097507067472236475e+00 1.258929875529490161e+01 3.760039916850387298e-01 1.326776090559885759e-03 2.503026494917911515e-01 1.104866824425674395e+03 1.686533835011545790e-04 1.674905476331754572e+00 1.782695463740903152e-01 -1.064900167401815532e+06
1.129791677506476022e+00 1.257856643612041481e+01 3.844456168343806102e-01 1.306628724758319548e-03 2.585308419135575742e-01 1.111120696545952796e+03 1.739943646642837835e-04 1.653085729780007007e+00 1.846538939735427320e-01 -1.042133965127573581e+06
1.162260501840591820e+00 1.256117184560850220e+01 3.930867730263357118e-01 1.285176092162734329e-03 2.672921058270869010e-01 1.117653026302550870e+03 1.794167460557582192e-04 1.631514886682907672e+00 1.912029018332594144e-01 -1.019538599051808473e+06
1.194866549971469460e+00 1.254950239198961093e+01 4.019244483016311542e-01 1.262333629787558724e-03 2.766209767902226835e-01 1.124498803747653028e+03 1.849384522247699166e-04 1.610172824999299035e+00 1.979421969350639576e-01 -9.970049116719361627e+05
1.227559825821900708e+00 1.253942734062722941e+01 4.109765355702715839e-01 1.247137166549604345e-03 2.851941688472954817e-01 1.131665921452386556e+03 1.905609366954490072e-04 1.589136699855494550e+00 2.048813043565105296e-01 -9.685208153008135268e+05
1.260282975242386749e+00 1.251990353489590824e+01 4.202978229714291469e-01 1.235870979577835971e-03 2.935903153768388285e-01 1.139080256362393357e+03 1.962744926525300971e-04 1.568643242595090026e+00 2.120151036028207481e-01 -9.382588226742174011e+05
1.292977095601328008e+00 1.250742808235539272e+01 4.298823829815794917e-01 1.223874901666760582e-03 3.025304144692467778e-01 1.146758461848485013e+03 2.020535185311098938e-04 1.548983375826527675e+00 2.193205260636684750e-01 -9.094739565054768464e+05
1.325586478794013701e+00 1.248985191504034553e+01 4.397175904252180190e-01 1.211101646118171353e-03 3.120497066231939787e-01 1.154730207967497336e+03 2.078740095016398540e-04 1.530418308138719929e+00 2.267772660141973429e-01 -8.822016953538297676e+05
1.358058627141012220e+00 1.246990002034830525e+01 4.497893228887851480e-01 1.197500862718879188e-03 3.221857154275208357e-01 1.163030569648582969e+03 2.137158764677524431e-04 1.513165330609985260e+00 2.343693260333859218e-01 -8.564820130401117494e+05
1.390343819397362957e+00 1.244980563799179762e+01 4.600824548525559998e-01 1.183018939267900310e-03 3.329783954734620854e-01 1.171700744626837377e+03 2.196365446286574355e-04 1.496823002325148089e+00 2.421663125986807386e-01 -8.326123380845162319e+05
1.422394382487172537e+00 1.242745562826094741e+01 4.705816042360349560e-01 1.167598790245386866e-03 3.444702898495141108e-01 1.180788827218548704e+03 2.256535758194652729e-04 1.481322358325138477e+00 2.501966797169433709e-01 -8.105401464284458198e+05
1.454162491625473397e+00 1.240015629479695569e+01 4.813165277845800616e-01 1.153817061467594810e-03 3.546600038079240624e-01 1.190281421540269548e+03 2.317672207536752328e-04 1.466754029175616036e+00 2.584714751115279041e-01 -7.821407220212387620e+05
1.485593310729734107e+00 1.237769195688537316e+01 4.923564494330811558e-01 1.139696208972575510e-03 3.650801566358291561e-01 1.200093979352257065e+03 2.379665342129179254e-04 1.453216462666394371e+00 2.669856266379662668e-01 -7.540670538383467356e+05
1.516631846632769509e+00 1.235003974014798267e+01 5.036893656189486146e-01 1.124660523240967464e-03 3.761753892537587629e-01 1.210258273188631392e+03 2.442236694666548649e-04 1.440890990229888313e+00 2.757138946562699977e-01 -7.279228032938260585e+05
1.547226992689297864e+00 1.232002807711182157e+01 5.152998234777405040e-01 1.108650735906992332e-03 3.879894373660184304e-01 1.220815082976885606e+03 2.505131313120522200e-04 1.429965849391615196e+00 2.846348985152488131e-01 -7.036418434997253353e+05
1.577331270222558368e+00 1.229040814648722346e+01 5.271713314324446564e-01 1.091603738845841731e-03 4.005688701372830396e-01 1.231812295228329276e+03 2.568240829004567421e-04 1.420425915583688470e+00 2.937440905624487675e-01 -6.811139757065455196e+05
1.606900056460986326e+00 1.225807253416832410e+01 5.392872336114473697e-01 1.073452335411133026e-03 4.139632737610969837e-01 1.243305750380086693e+03 2.632208680372689533e-04 1.411295762610410343e+00 3.031252457989402349e-01 -6.600784342241664417e+05
1.635890564015088477e+00 1.222077617072102029e+01 5.516321528160863519e-01 1.054026890148807754e-03 4.280225775036802793e-01 1.255359759706838076e+03 2.697083230845442664e-04 1.402446066794835966e+00 3.127968527395095233e-01 -6.398957876894137589e+05
1.664259892839579091e+00 1.218788888555043570e+01 5.642648690641426379e-01 1.031568199575596569e-03 4.393220253575569889e-01 1.267904868836478272e+03 2.762828588925504876e-04 1.393840714434622985e+00 3.227687151705850299e-01 -6.145858630180545151e+05
1.691963815231074530e+00 1.215023610621116035e+01 5.772323180983789381e-01 1.007654500772967986e-03 4.513535189895109268e-01 1.280877350627368742e+03 2.829132981948662400e-04 1.385414906220162390e+00 3.330106833343864370e-01 -5.905455358116673306e+05
1.718960582836648543e+00 1.211028851118446426e+01 5.905235826512436059e-01 9.821915296100379965e-04 4.641644847010863995e-01 1.294324484377801127e+03 2.895681964524846269e-04 1.377158593307527212e+00 3.434937663472559799e-01 -5.675646130863691214e+05
1.745211205104812757e+00 1.206829352921147169e+01 6.041293285794953061e-01 9.550789149620297989e-04 4.778054213531477967e-01 1.308300991401053352e+03 2.962213442391961713e-04 1.369073593821493073e+00 3.541973219756335833e-01 -5.453989656656096922e+05
1.770678457952540974e+00 1.202214019098061293e+01 6.180435921945575117e-01 9.262097830627027831e-04 4.923300994246392337e-01 1.322869579959987277e+03 3.028729071983450203e-04 1.360867150164003281e+00 3.651334535956478611e-01 -5.237508107389536453e+05
1.795325570263315962e+00 1.198100328800905423e+01 6.322661943865616196e-01 8.954703362243664807e-04 5.077957729675617315e-01 1.338101356577683646e+03 3.095667309516468091e-04 1.351771607277912901e+00 3.763699638978931228e-01 -5.022340723538508755e+05
1.819114674648885321e+00 1.193155792474031252e+01 6.468086588829858874e-01 8.640442076661341902e-04 5.226116996728314978e-01 1.354063931253615920e+03 3.162994078636259315e-04 1.341646982069971461e+00 3.879220563081932083e-01 -4.798096576354942517e+05
1.842009227283087913e+00 1.188750594961944529e+01 6.617290975055318825e-01 8.339473911492831324e-04 5.341274930911044105e-01 1.370625686385438712e+03 3.230406333900748966e-04 1.330401062768417519e+00 3.997645985916555289e-01 -4.561121237891474157e+05
1.863980282352926343e+00 1.183751042162912626e+01 6.770416887077770340e-01 8.019007229450180081e-04 5.463893484463917538e-01 1.387768841602015300e+03 3.297345612016182011e-04 1.317960489788264633e+00 4.118318533328473863e-01 -4.329327464888810064e+05
1.885002490529064545e+00 1.178189194124297323e+01 6.927451970092126654e-01 7.677778800051592153e-04 5.594456000907997995e-01 1.405555023871155981e+03 3.363421383676983749e-04 1.304222311387194688e+00 4.240856029941780236e-01 -4.100349216826693737e+05
1.905052116002694973e+00 1.173173150637743767e+01 7.088451469682826023e-01 7.314443553193284700e-04 5.733477137646988409e-01 1.424053493419248525e+03 3.428310742718759601e-04 1.289060775527077318e+00 4.364998098883708377e-01 -3.871548763387753861e+05
1.924105545848283194e+00 1.167785975736103588e+01 7.253573320396579094e-01 6.927569277089579321e-04 5.881504894667726191e-01 1.443340935125834676e+03 3.492173990787396463e-04 1.272289548555643579e+00 4.491109187832425520e-01 -3.641753315121213091e+05
1.942137751238758536e+00 1.162193740921313889e+01 7.423124082991008343e-01 6.515630972713795047e-04 6.039122774672047722e-01 1.463500755202867367e+03 3.555253835695603186e-04 1.253697609951980763e+00 4.619705057542717319e-01 -3.409334913104618900e+05
1.959121091001567949e+00 1.156192561379963557e+01 7.597563167257749273e-01 6.170947463571784235e-04 6.164282366666183899e-01 1.484566976096803955e+03 3.617377385025635143e-04 1.233106898006824714e+00 4.750812200885138892e-01 -3.175462485781698488e+05
1.975034597612432385e+00 1.150644361780111247e+01 7.777056222738656377e-01 5.873234575949525449e-04 6.266073182509886985e-01 1.506380598841165238e+03 3.677801151881153995e-04 1.210599556359257978e+00 4.883441437583318501e-01 -2.948884215313203167e+05
1.989868069856181254e+00 1.144730837874576501e+01 7.961644369223133122e-01 5.556234067792047105e-04 6.374458615891461788e-01 1.528983074767194239e+03 3.735817360519645496e-04 1.186212642040550103e+00 5.016664227886358240e-01 -2.728227372936896863e+05
2.003614523279758863e+00 1.138216598332277307e+01 8.151455090461376951e-01 5.218696371743083246e-04 6.489865905556470027e-01 1.552450278528361196e+03 3.790866171432561446e-04 1.159874732694380350e+00 5.149830828146126915e-01 -2.512050764736675192e+05
2.016268275862409087e+00 1.132121690059827657e+01 8.346736151187864605e-01 4.859290966003351146e-04 6.612749969330367072e-01 1.576864773589552442e+03 3.842563556799547561e-04 1.131504129261607483e+00 5.282560407007828029e-01 -2.299280129150788998e+05
2.027823475171267376e+00 1.125849642516116056e+01 8.547907204271273374e-01 4.476601129617773086e-04 6.743595197334762981e-01 1.602314438999016147e+03 3.891774312582813012e-04 1.101347705899329732e+00 5.416205234374438238e-01 -2.091813018633963075e+05
2.038272700121068759e+00 1.119691939983267126e+01 8.755625061551892685e-01 4.080858426807553959e-04 6.878612840331546074e-01 1.628889489977289486e+03 3.938495264851347207e-04 1.069341613313860684e+00 5.551038526087979097e-01 -1.889260879510958912e+05
2.047608750257525756e+00 1.112887243240133373e+01 8.970233221440038207e-01 3.836806768147711243e-04 6.957359452636535657e-01 1.656498848869892072e+03 3.982135104270310630e-04 1.035528349335644194e+00 5.686323834028941260e-01 -1.701082741906931042e+05
2.055835001527821948e+00 1.106236376317740344e+01 9.191650418114334364e-01 3.576943984142179930e-04 7.041207741219981386e-01 1.685081326382307225e+03 4.021732605900241414e-04 1.000234370771593939e+00 5.820498492536722024e-01 -1.524280612166267820e+05
2.062961151182868047e+00 1.099783773439227730e+01 9.420052211384363217e-01 3.300245735574948436e-04 7.130488223168119921e-01 1.714719814022874971e+03 4.056472407224446098e-04 9.636307052941751605e-01 5.952327971427903153e-01 -1.358026937879037578e+05
2.068999289977072831e+00 1.092841991967672755e+01 9.655731638106705983e-01 3.005621320412285233e-04 7.225552828439807396e-01 1.745503353179449959e+03 4.085531288138507838e-04 9.258578430175463669e-01 6.080550269587726708e-01 -1.201568446349409496e+05
2.073962590114044158e+00 1.085855694672847527e+01 9.899150364835840321e-01 2.691909374422676274e-04 7.326776287120412290e-01 1.777525276563658053e+03 4.110039959678556684e-04 8.868822185760307786e-01 6.206931768523245019e-01 -1.055350707062674919e+05
2.077864259631828858e+00 1.078963026894409438e+01 1.015100506062748709e+00 2.357873293257263547e-04 7.434557606550300513e-01 1.810880261450489343e+03 4.130952328841415921e-04 8.466161304607840998e-01 6.333163298828757837e-01 -9.194107482890228857e+04
2.080716963632448735e+00 1.071916591880524905e+01 1.041270945718431262e+00 2.189586391224370484e-04 7.491228450470132083e-01 1.845491399425204008e+03 4.147726634310783494e-04 8.051624003653355954e-01 6.458634906192789460e-01 -7.907947678735147929e+04
2.082536234336206160e+00 1.065160601809391849e+01 1.068522746254112699e+00 2.051900524915339116e-04 7.538704127861234339e-01 1.881156457880526659e+03 4.159304930687513662e-04 7.632037285492117018e-01 6.581533126332594907e-01 -6.773604615390181425e+04
2.083342989773136811e+00 1.058159763019153132e+01 1.096773144386595344e+00 1.905294545125019536e-04 7.589255563434945673e-01 1.918042464674469784e+03 4.164590072026759472e-04 7.215599542077160145e-01 6.699487476159552424e-01 -5.792690105174388009e+04
2.083163019197360910e+00 1.051113744810983874e+01 1.125894879069057053e+00 1.749190553579235913e-04 7.643082023192672159e-01 1.956380173382138537e+03 4.162536127948922499e-04 6.811281957068878734e-01 6.809942073451843436e-01 -4.955836364653264900e+04
2.082026583840842271e+00 1.043877562479095822e+01 1.155708248634087720e+00 1.582973212299030349e-04 7.700395682778573558e-01 1.996470379847929053e+03 4.154833462048759850e-04 6.414503600998459065e-01 6.915055630636696149e-01 -4.248562528346317413e+04
