# M(M_sol)  R(km)   nb_c(fm^-3)   Alpha_C(MeV^-1)     cs2_c   mu_c(MeV)
1.563716270404572894e-01 2.000000000000000000e+01 1.233836747693384528e-01 2.066706659046256989e-03 3.398969933927430825e-02 9.734237447762369584e+02 2.315367331545054085e-05 1.787969623443653955e+00 2.241571856699101778e-02 -5.302826676159834024e+05
1.625318123814505911e-01 1.980037828770304031e+01 1.262108754405902589e-01 2.043816475172028409e-03 3.561357364105391388e-02 9.741983770003486143e+02 2.417217123564503628e-05 1.817642699789961735e+00 2.341504513393746073e-02 -5.552482848026059801e+05
1.690098894129682394e-01 1.911681630271257148e+01 1.290782364744166300e-01 2.019443328352950838e-03 3.734265222733654244e-02 9.750036960621616799e+02 2.524123466074307129e-05 1.844993311011168036e+00 2.446495932559086123e-02 -5.808225403902804246e+05
1.758199407191303743e-01 1.850614790870783466e+01 1.319895797473552845e-01 1.993491143384567687e-03 3.918375086056488654e-02 9.758446440204589862e+02 2.636288224255337192e-05 1.869474289906499997e+00 2.556760520903306536e-02 -6.058763930478373077e+05
1.829753669623957468e-01 1.795606104683680115e+01 1.349533547760123631e-01 1.965857620736355220e-03 4.114412686901616073e-02 9.767267371464067764e+02 2.754141222492531969e-05 1.890836153310267109e+00 2.672738475535535452e-02 -6.289293862775634043e+05
1.904876253942379416e-01 1.745703277212401261e+01 1.379842184498477897e-01 1.939023362177022102e-03 4.306852797560393326e-02 9.776552833582658195e+02 2.878273461319714335e-05 1.908898333793743518e+00 2.795031656871091452e-02 -6.483593570793727413e+05
1.983656331076288915e-01 1.700806483238192968e+01 1.410929035044501956e-01 1.918926288276556757e-03 4.458416164238323404e-02 9.786185370746843546e+02 3.008442322136999306e-05 1.923601865776029873e+00 2.923421797579447978e-02 -6.670910727471902501e+05
2.066184799012632245e-01 1.660686011598697220e+01 1.442772538137032379e-01 1.897527205792061758e-03 4.619798711828682070e-02 9.796129418204975536e+02 3.143857621470571006e-05 1.934897931926470305e+00 3.057150059868330924e-02 -6.859143220873147948e+05
2.152563870813591629e-01 1.623789345606821755e+01 1.475345783864788485e-01 1.874741762824286024e-03 4.791636585568307544e-02 9.806425726094756783e+02 3.284364714248380341e-05 1.942655962168630790e+00 3.196088976037642776e-02 -7.045669176338184625e+05
2.242905755156939240e-01 1.590722835853544481e+01 1.508629080640884468e-01 1.850480142653704871e-03 4.974607143985237956e-02 9.817122185792004530e+02 3.429421046989909158e-05 1.946895309000258978e+00 3.339735488887217441e-02 -7.227755810362612829e+05
2.337330236196132616e-01 1.560727311444049370e+01 1.542615583487728925e-01 1.824646709696793817e-03 5.169431628942094958e-02 9.828274512937464351e+02 3.577851416433200290e-05 1.947871442973281519e+00 3.486970723253248611e-02 -7.402454108764929697e+05
2.435960362127170542e-01 1.532900798970277734e+01 1.577318798268411704e-01 1.797139632525235429e-03 5.376878008660809782e-02 9.839946857665028119e+02 3.729843476125855722e-05 1.945521652821821545e+00 3.638009734810076362e-02 -7.562881715545840561e+05
2.538915626511157875e-01 1.507936989020379670e+01 1.612782455690986994e-01 1.767850482462055397e-03 5.597764004935516791e-02 9.852212257211203905e+02 3.885811406051060886e-05 1.939746740891696186e+00 3.793293187327924365e-02 -7.699276434244191041e+05
2.646294606194148913e-01 1.485768571188011222e+01 1.649206954716954665e-01 1.778063309786980222e-03 5.816276962775253356e-02 9.865032575474494934e+02 4.046528024234782097e-05 1.930635152117170961e+00 3.953622101645425102e-02 -7.746935355449906783e+05
2.758139000229158921e-01 1.464783116742219704e+01 1.686795645143388533e-01 1.796143411781832852e-03 6.046042741192771131e-02 9.878262751994037671e+02 4.212668909135545200e-05 1.918824445870808137e+00 4.119689231362567289e-02 -7.783618646891870303e+05
2.874489909172204816e-01 1.445817969036520445e+01 1.725466260480297831e-01 1.815394850863567876e-03 6.290694120235409970e-02 9.891945632703487945e+02 4.384674784504732253e-05 1.904516187597601773e+00 4.291970779820196424e-02 -7.824648225631082896e+05
2.995417670123110554e-01 1.428780332555673915e+01 1.765104899711698039e-01 1.835893513250719819e-03 6.551195478095157843e-02 9.906138774915907561e+02 4.563166459772607231e-05 1.888096652277073684e+00 4.471133239754494781e-02 -7.876613450478924206e+05
3.121029879608799851e-01 1.412897771767815236e+01 1.805565055334860392e-01 1.857720201524693839e-03 6.828573671148158164e-02 9.920913618727248604e+02 4.747849700470628580e-05 1.872819473282335334e+00 4.656925513107129655e-02 -7.965523175315868575e+05
3.251480579772040858e-01 1.398783686712541829e+01 1.846661998945800520e-01 1.880960953141142932e-03 7.123922081664971206e-02 9.936358433088123547e+02 4.938581272074353681e-05 1.859621289940263544e+00 4.849258606393389709e-02 -8.105932000140259042e+05
3.386981001324670393e-01 1.385766443283191229e+01 1.888166308246739811e-01 1.905707379576413243e-03 7.438404927755686014e-02 9.952581962096365942e+02 5.135272348276655370e-05 1.848829185949605547e+00 5.048103860049757419e-02 -8.312300887268509250e+05
3.527804577155121968e-01 1.373772475000277460e+01 1.929963672124917207e-01 1.917494314646045819e-03 7.760583064975756784e-02 9.969642921594712561e+02 5.338025570191999938e-05 1.840686236224464700e+00 5.253627601713810324e-02 -8.473366222984340275e+05
3.674148098924040484e-01 1.362783331272451903e+01 1.972692743062491594e-01 1.917230834736135918e-03 8.092477490946391183e-02 9.987271842515016260e+02 5.548235698642576673e-05 1.834877790184110236e+00 5.467276467229797293e-02 -8.564949952745811315e+05
3.826109837479750309e-01 1.352782197782751972e+01 2.016395341986839951e-01 1.916950285022625674e-03 8.445874021837654344e-02 1.000548317770204221e+03 5.765809078431290401e-05 1.831276711189389950e+00 5.689011065988400923e-02 -8.683521235603755340e+05
3.983804149547168771e-01 1.343757694886689080e+01 2.060995930018957867e-01 1.916651559621597662e-03 8.822165692542086046e-02 1.002435542811551045e+03 5.990360823975762451e-05 1.829910157196060538e+00 5.918510370471728038e-02 -8.830540650966925314e+05
4.147366386386251436e-01 1.335012448922937622e+01 2.106416559034332558e-01 1.916333481003363540e-03 9.222835787079883274e-02 1.004398234143980858e+03 6.223927967161128015e-05 1.830463816783506781e+00 6.157854249232664473e-02 -9.008927228322760202e+05
4.316951517208404421e-01 1.327766199731064134e+01 2.152581405052536034e-01 1.915994795350822169e-03 9.649463685476888930e-02 1.006447498975320514e+03 6.468773466915953203e-05 1.832648760843176960e+00 6.409372645692539006e-02 -9.220052465322733624e+05
4.492730657071984934e-01 1.320779997424108210e+01 2.199423125521080269e-01 1.915634167617106219e-03 1.010373108943826703e-01 1.008596399897518950e+03 6.725410115924011355e-05 1.836459459957225704e+00 6.673690838372611789e-02 -9.462345293038616655e+05
4.674884770322290661e-01 1.314737595310367801e+01 2.246891550446758756e-01 1.915250176263031366e-03 1.058742865135855749e-01 1.010860187081489357e+03 6.994411774560357062e-05 1.841891811138176349e+00 6.951509079555516502e-02 -9.732147170607013395e+05
4.863572980056455886e-01 1.308773151276301228e+01 2.295244965249870484e-01 1.903685834590712741e-03 1.097287248067280591e-01 1.013224626923519509e+03 7.276315585620177239e-05 1.848883760297432843e+00 7.243491027575492403e-02 -9.904401311056255363e+05
5.058856154665544169e-01 1.303762603505257900e+01 2.344760745588009287e-01 1.890986125680084928e-03 1.137880173326006189e-01 1.015665508331261663e+03 7.570145418142029594e-05 1.857258506693987066e+00 7.548733981416297367e-02 -1.009823062159014167e+06
5.260779062037256315e-01 1.298792336903621880e+01 2.395378277351479235e-01 1.877463653709609886e-03 1.181102950940328411e-01 1.018192126734923932e+03 7.874957005149553772e-05 1.866926386313191299e+00 7.866385793049594788e-02 -1.031671807311380631e+06
5.469397539992894020e-01 1.294758136706675877e+01 2.447040811231157853e-01 1.863065115169939027e-03 1.227125958466635525e-01 1.020815542163575287e+03 8.190092865257395951e-05 1.877609453828900987e+00 8.195903307406594840e-02 -1.055694280690641375e+06
5.684773793609838588e-01 1.290775317444866488e+01 2.499702614034383097e-01 1.847733753231748299e-03 1.276130611537906467e-01 1.023548743565314680e+03 8.515003969783828809e-05 1.887203652067315662e+00 8.536874420937980157e-02 -1.080611236227590358e+06
5.906968398564570455e-01 1.286992932281380497e+01 2.553338244112080546e-01 1.831409134019028068e-03 1.328310078976293329e-01 1.026406844583341126e+03 8.849868582158865269e-05 1.895086156829162594e+00 8.889644999147180982e-02 -1.105518983940696111e+06
6.136028133382416261e-01 1.283929242950124738e+01 2.607954939897501045e-01 1.814026908388018068e-03 1.383870044234977725e-01 1.029407262884249803e+03 9.195257221886772440e-05 1.901164696649333408e+00 9.254985926591825784e-02 -1.129407349517323542e+06
6.371968449473328633e-01 1.281100348585715309e+01 2.663619327566000283e-01 1.790112411133731396e-03 1.441453765470611659e-01 1.032567635678563420e+03 9.552113344930075918e-05 1.905350528369727181e+00 9.634082009317310180e-02 -1.149030595751777058e+06
6.614738578260856983e-01 1.278800149296425381e+01 2.720658240651131488e-01 1.746252780123940494e-03 1.497406206313662558e-01 1.035851067282121221e+03 9.921730528260049118e-05 1.907287360703852741e+00 1.002844843822170429e-01 -1.161308596653700573e+06
6.864228417476032629e-01 1.276759546213900975e+01 2.779148072233178501e-01 1.699551660032208675e-03 1.556983580748333984e-01 1.039245495608263127e+03 1.030462691193082886e-04 1.906409999146125189e+00 1.043877948102060332e-01 -1.173014993928296724e+06
7.120326673031998066e-01 1.274759464663034159e+01 2.839036215513036643e-01 1.649824962209888628e-03 1.620420733641902977e-01 1.042763743510319046e+03 1.070174685395123459e-04 1.902276410358232583e+00 1.086629241497500953e-01 -1.183445981331472751e+06
7.382922618875775722e-01 1.272802736136969060e+01 2.900278878763556945e-01 1.596876671645223273e-03 1.687967724516011292e-01 1.046420885289790704e+03 1.111380044296946402e-04 1.894769588983914010e+00 1.131201552102614749e-01 -1.192097639720921172e+06
7.651898162152261929e-01 1.271061651685612404e+01 2.962849888334864179e-01 1.540498074302250938e-03 1.759890813242923902e-01 1.050234473849992810e+03 1.153920543651484057e-04 1.884698325765920002e+00 1.177458486503166618e-01 -1.199341916391800158e+06
7.927115892771886552e-01 1.269916017024397981e+01 3.026752530149705578e-01 1.480466934402105764e-03 1.836473509601084519e-01 1.054224750102386224e+03 1.197851537751252077e-04 1.871904820377634282e+00 1.225490966385824609e-01 -1.204167419142110506e+06
8.208402151402499625e-01 1.268707091340099957e+01 3.092035239978959127e-01 1.416546618403679474e-03 1.918017690827157340e-01 1.058414811020492607e+03 1.243275899652935819e-04 1.856124514735577602e+00 1.275445186481186377e-01 -1.205132754464144120e+06
8.495525316844018127e-01 1.267080773043673680e+01 3.158829780020817601e-01 1.399963734406562419e-03 1.975561082692304238e-01 1.062817009514361189e+03 1.290268247693419283e-04 1.837205965048153367e+00 1.327442149167388508e-01 -1.199418676984671503e+06
8.788208362216091141e-01 1.266036869686981703e+01 3.227336524287107711e-01 1.433449102599574721e-03 2.007739894543452974e-01 1.067375169808560941e+03 1.338204113207695615e-04 1.816439242783548291e+00 1.380846943007604799e-01 -1.189412888581183972e+06
9.086168681292080551e-01 1.265034091231976454e+01 3.297568332957849790e-01 1.469103853113746345e-03 2.042003442185571782e-01 1.072092885128974103e+03 1.386440498864874879e-04 1.795052375778491527e+00 1.435002283414155977e-01 -1.177154882930478780e+06
9.389106059472236421e-01 1.264046441971558998e+01 3.369540532101220620e-01 1.507068531504026200e-03 2.078486787265382829e-01 1.076988196979564918e+03 1.434598453695012043e-04 1.773732458068966622e+00 1.489537457060062242e-01 -1.162416844726818614e+06
9.696687158848499299e-01 1.263040840701570566e+01 3.443311767468978379e-01 1.547492788706569160e-03 2.117333741530455504e-01 1.082081617541618243e+03 1.482608890006133250e-04 1.753410295038262179e+00 1.544399638351827420e-01 -1.145311416145985713e+06
1.000852536056624498e+00 1.262045001651680209e+01 3.519003917173263440e-01 1.590535970939761226e-03 2.158697433713049896e-01 1.087396127678474159e+03 1.530548663649950055e-04 1.735056573118110901e+00 1.599691430531189340e-01 -1.125808645524287829e+06
1.032415435389910208e+00 1.261030762048528331e+01 3.596827954178301034e-01 1.636367747822559853e-03 2.202740913140078249e-01 1.092957033682541805e+03 1.578315726205313280e-04 1.719112406163346485e+00 1.655348231883729815e-01 -1.102866001462850254e+06
1.064299447821017930e+00 1.260016713149382817e+01 3.677117258823435209e-01 1.685168781186091851e-03 2.249637792448528628e-01 1.098791611751235450e+03 1.625862832975537829e-04 1.705970868356369685e+00 1.711372098979130341e-01 -1.075115733487230260e+06
1.096430584285276844e+00 1.258932050629851140e+01 3.760560138050938472e-01 1.587232000864347275e-03 2.402320207211659786e-01 1.104878236031407141e+03 1.673802199201889797e-04 1.695005168257286199e+00 1.768493780101312862e-01 -1.037276675005734665e+06
1.128721693342756849e+00 1.257788189140079460e+01 3.847490874142244222e-01 1.470071521247218876e-03 2.573721942750039071e-01 1.111169240669484452e+03 1.723850147099898963e-04 1.683429018012283063e+00 1.828651371640906409e-01 -1.002753972315700608e+06
1.161093164763916663e+00 1.256117912308826767e+01 3.937569053974066535e-01 1.345320685395841537e-03 2.756228107325892629e-01 1.117681726767230430e+03 1.776841934281950665e-04 1.669636919647951467e+00 1.892837187175319957e-01 -9.719451782239997992e+05
1.193480791180294265e+00 1.254979140356941159e+01 4.030289114546226070e-01 1.212487744659551843e-03 2.950558112232583019e-01 1.124439440341648378e+03 1.833296442240871411e-04 1.652855438880402872e+00 1.961709634901085131e-01 -9.455975793777452782e+05
1.225839755711175094e+00 1.253787091893427430e+01 4.124939684254693706e-01 1.071049091970511635e-03 3.157477976527568453e-01 1.131474365999398515e+03 1.893752743091427107e-04 1.633719255086191868e+00 2.035962679754456384e-01 -9.271715768171686213e+05
1.258148902343985798e+00 1.251936335965103808e+01 4.220550905655586771e-01 9.204471978649949150e-04 3.377803346561978337e-01 1.138829240643226058e+03 1.958544922305316969e-04 1.611646440540138725e+00 2.116068974599850661e-01 -9.184446581028940855e+05
1.290415586016415261e+00 1.250024326412432174e+01 4.315829726703722669e-01 7.600884127878026553e-04 3.612402711133361199e-01 1.146560890785582160e+03 2.027867243462687494e-04 1.585864155957680488e+00 2.202342166430575898e-01 -9.221097647688669385e+05
1.322704845642741711e+00 1.248113662757998732e+01 4.405920758566110318e-01 9.982506712198149779e-04 3.549499699290852295e-01 1.154663999286674198e+03 2.099725935027848427e-04 1.557574743363470793e+00 2.292456519287440209e-01 -1.040110323904969962e+06
1.355323465704357355e+00 1.246116468959575130e+01 4.482704117614274009e-01 1.415277242982630485e-03 3.357539866228870240e-01 1.163030493361619619e+03 2.166092197539385832e-04 1.536781096814108016e+00 2.376867905881726306e-01 -1.212400007965724682e+06
1.388622388981188838e+00 1.244062234722148652e+01 4.549784840468119040e-01 1.859321288975421000e-03 3.153143727679160735e-01 1.171766493541938871e+03 2.224284663627805795e-04 1.529950872991025168e+00 2.452460030524474810e-01 -1.336082524192359997e+06
1.422783105169798556e+00 1.241977976811866924e+01 4.613824566640332692e-01 2.332133162684487532e-03 2.935505585430192577e-01 1.180957810432355473e+03 2.274044151404035327e-04 1.541237253876446056e+00 2.519052688804703788e-01 -1.297257206261702348e+06
1.457731056360917155e+00 1.239884402992256796e+01 4.684809266221698354e-01 2.835576615958286355e-03 2.703767543323967182e-01 1.190628829451084357e+03 2.316496722233569799e-04 1.574594505166406977e+00 2.578266286537473917e-01 -1.056763582166443579e+06
1.493033293282878482e+00 1.237809364345119967e+01 4.777048926433071774e-01 3.371636145631194507e-03 2.457016125561021225e-01 1.200699991301461296e+03 2.354778895614968606e-04 1.633158111315746952e+00 2.634263205202244107e-01 -7.319199814849816030e+05
1.527800807806824368e+00 1.235773858473804765e+01 4.910429261899658115e-01 3.942424816105483468e-03 2.194278675919005828e-01 1.210934848741234418e+03 2.394221873481553668e-04 1.720135471217469014e+00 2.694089028708127054e-01 -4.500593354846187867e+05
1.560647620124727020e+00 1.232999040949083103e+01 5.111973888366015961e-01 4.550192588726939373e-03 1.914519523691119440e-01 1.220892932839873083e+03 2.441610966461978897e-04 1.842636501760380741e+00 2.767107418375210903e-01 -2.478669782139529707e+05
1.586149760589195212e+00 1.230731882548539424e+01 5.871755471137856119e-01 5.481468326014338546e-03 2.512304961410992132e-01 1.231372536549004735e+03 2.632630748057169221e-04 2.096100940334925333e+00 3.041277751694729248e-01 -1.654288549011243595e+04
1.602111339161002235e+00 1.227139863834298694e+01 6.134214667146639099e-01 5.681493399395230563e-03 3.012218431235098581e-01 1.242825144559417367e+03 2.610906100075584724e-04 2.446427431991903934e+00 3.042109852882046162e-01 -1.201906820901384526e+04
1.616660768822277383e+00 1.222989188519539638e+01 6.273743753225586861e-01 5.494928853421404344e-03 3.463384905704322003e-01 1.254416217923122304e+03 2.563624550926621730e-04 2.814366206656873981e+00 3.006502701501236330e-01 6.038999353552575485e+03
1.630743815267028607e+00 1.218231007161419654e+01 6.401408068845914068e-01 5.296277540909492820e-03 3.943780641383152208e-01 1.266041571395328901e+03 2.511548705377841806e-04 3.229896737167383680e+00 2.966752555008224657e-01 1.902905133181873509e+02
1.644774508602418139e+00 1.213050384380697189e+01 6.516167733396877049e-01 5.084756408870607682e-03 4.455299284540097382e-01 1.277813142543189770e+03 2.464148165559765105e-04 3.669870659216387221e+00 2.934104805284252215e-01 -3.645569795545624947e+04
1.659076139458492083e+00 1.207234972255001892e+01 6.617402480634122508e-01 4.859531673462281869e-03 4.999957163168836649e-01 1.289854525245327977e+03 2.439632211724543018e-04 4.103721487811528235e+00 2.930721898349901711e-01 -1.121969622338595364e+05
1.673928208571098697e+00 1.201714015162783689e+01 6.705112418736610680e-01 4.619715533340520118e-03 5.579901235043736030e-01 1.302301284121445406e+03 2.452556002332967637e-04 4.507150486500796305e+00 2.974729495935900525e-01 -2.424256543201186869e+05
1.689576273483012203e+00 1.195230000148340288e+01 6.780177485111097413e-01 4.364362670083151395e-03 6.197417550697901234e-01 1.315299642886392803e+03 2.506990365173844462e-04 4.863418509276757895e+00 3.071561438280455136e-01 -4.486373618535929127e+05
1.706225899276779812e+00 1.188854908072564243e+01 6.844690166358486927e-01 4.092466521889659425e-03 6.854940264683597739e-01 1.329002198721619379e+03 2.603605950483570044e-04 5.158354019673433655e+00 3.222583080004671197e-01 -7.384731056740917265e+05
1.724024558643689975e+00 1.182126243620629857e+01 6.902379403027363303e-01 3.802955315869051191e-03 7.555061230635915503e-01 1.343558575977341889e+03 2.739401628674424834e-04 5.387496145527759239e+00 3.424979280360634926e-01 -1.062542165510618361e+06
1.743031653298873884e+00 1.175232947648435555e+01 6.959147686659256093e-01 3.494687843275581535e-03 8.300540217962081302e-01 1.359098026004269968e+03 2.910778594191414754e-04 5.558465448646102480e+00 3.675786255273277292e-01 -1.284553365789800184e+06
1.763176779631125290e+00 1.168859996012832525e+01 7.023748342250218935e-01 3.166448961039011484e-03 9.094315790428932900e-01 1.375700176953207119e+03 3.118071949204537924e-04 5.684020398065583457e+00 3.977487963689310124e-01 -1.286991439863602631e+06
1.784209004819218292e+00 1.162123620673690105e+01 7.108636065454572162e-01 2.816944801857102030e-03 9.939516889530337629e-01 1.393350194602004649e+03 3.366896229744373780e-04 5.770673015016459573e+00 4.339366285609850826e-01 -1.112279780752433697e+06
1.805717431168571308e+00 1.155813521846015135e+01 7.211095590852862891e-01 2.607343218575063244e-03 9.974542935312589176e-01 1.411855907756523266e+03 3.643719917677408471e-04 5.797987425474677714e+00 4.742752664484434777e-01 -1.259984554143619258e+06
1.827468557379809955e+00 1.149061122274588520e+01 7.314557020946105270e-01 2.392316758714011556e-03 9.968447417122363596e-01 1.431131410630649270e+03 3.913036109535654255e-04 5.762877337078776030e+00 5.138618699076862306e-01 -1.402789071472519077e+06
1.849340189415487723e+00 1.142816203253233631e+01 7.419021269728635071e-01 2.163359599392969401e-03 9.961956994825844625e-01 1.451243715814731104e+03 4.164447392952179525e-04 5.686535940683411283e+00 5.513350508064570610e-01 -1.520064933734399034e+06
1.871226664226955272e+00 1.136830590938492769e+01 7.524681067181480110e-01 1.919569226625657135e-03 9.955046084174359322e-01 1.472265753588260850e+03 4.394090842417090205e-04 5.582363197205570948e+00 5.861808596784466863e-01 -1.610085024705545744e+06
1.893027786427924797e+00 1.130227932586512019e+01 7.631943198960093877e-01 1.659984656174694857e-03 9.947687443418667952e-01 1.494274519569256654e+03 4.601036963665587729e-04 5.458519619237610421e+00 6.182652137222686139e-01 -1.669808148494412657e+06
1.914642379170164999e+00 1.124042744864046561e+01 7.741507565990038975e-01 1.383582645499213714e-03 9.939852065926167990e-01 1.517348188393652890e+03 4.774190542369758901e-04 5.321081000612009504e+00 6.460046845467352084e-01 -1.686227296941592358e+06
1.935963520466804200e+00 1.117989496046597608e+01 7.854468008333754803e-01 1.089273660289777259e-03 9.931509065841201966e-01 1.541561499083749595e+03 4.905713154691268172e-04 5.177553744538369251e+00 6.682410442039306009e-01 -1.649960002682043705e+06
1.956873789474798953e+00 1.111977884812116635e+01 7.972440171116836893e-01 7.758975796913537316e-04 9.922625556337749675e-01 1.566978765254242717e+03 5.017122861334788594e-04 5.028805083829102074e+00 6.879552530360676377e-01 -1.574659775667523965e+06
1.977240744670637262e+00 1.106002572373560255e+01 8.097722889779541688e-01 4.422191232849128663e-04 9.913166519984614178e-01 1.593643721521965517e+03 5.113309871680244605e-04 4.874333917675930827e+00 7.058049411304356813e-01 -1.462432554666641168e+06
1.996912446145947095e+00 1.100069670113912679e+01 8.233501034308630118e-01 8.692298180159501245e-05 9.903094670712074832e-01 1.621565321291024929e+03 5.197082939628012771e-04 4.713596938199531294e+00 7.221600545439788021e-01 -1.317929868073298829e+06
2.015713336944915390e+00 1.094779952721697747e+01 8.384099533820421613e-01 -2.913913676245816035e-04 9.892370306835923666e-01 1.650698634884137391e+03 5.270675074524124341e-04 4.545685854519073921e+00 7.373133974492794840e-01 -1.149591290518723661e+06
2.033452717410888066e+00 1.088804534709429994e+01 8.549829051269277613e-01 -2.894849068407786392e-04 9.735301989936451239e-01 1.681115339167583215e+03 5.335185613680584532e-04 4.372695292919029697e+00 7.513764312332317230e-01 -1.039250333137753420e+06
2.049980663046536478e+00 1.082864126992846110e+01 8.727460145466500174e-01 -2.837803048730030606e-04 9.566735469875025100e-01 1.712961514908918844e+03 5.391337712830860263e-04 4.200533039087789078e+00 7.643872772575359686e-01 -9.362520513953889022e+05
2.065184752158726322e+00 1.076987265680669381e+01 8.917139772854929536e-01 -2.777061246886522667e-04 9.387248202983142775e-01 1.746238656604724838e+03 5.443110788586478154e-04 4.028617670925482841e+00 7.769168429767475681e-01 -8.409068108097815420e+05
2.078980065404748334e+00 1.071235917571419805e+01 9.118779808469787973e-01 -2.712384228015831127e-04 9.196132677998829497e-01 1.780947789735796505e+03 5.531952175328642583e-04 3.814856742357173314e+00 7.954873551208769822e-01 -7.471306182910234202e+05
2.091308714410812453e+00 1.065808970286395763e+01 9.331975215744946484e-01 -2.643517045234901829e-04 8.992635546851183159e-01 1.817093367098522322e+03 5.668885612412770695e-04 3.538810174410143894e+00 8.222763631124833106e-01 -6.542672846960288007e+05
2.102139844557214143e+00 1.059861063342308363e+01 9.555901478243926661e-01 -2.570188234677571156e-04 8.775954655077891076e-01 1.854688648696833752e+03 5.803934909721645196e-04 3.244841507522687962e+00 8.497603614083829582e-01 -5.702889893391542137e+05
2.111468701670236925e+00 1.053963858000813758e+01 9.789186039088394464e-01 -2.492108745425661125e-04 8.545235879855432870e-01 1.893762974697572645e+03 5.938687746432062429e-04 2.921151732048601346e+00 8.786261080127504286e-01 -4.933165568754753913e+05
2.119314880726807626e+00 1.048115373860581379e+01 1.003111731279107799e+00 -2.180174187442032491e-04 8.471553438379894052e-01 1.934366076655964434e+03 6.074800709382145898e-04 2.541028066320015988e+00 9.101859194522499141e-01 -4.111316678077371907e+05
2.125702626544958562e+00 1.042130074532752815e+01 1.028578076704879107e+00 -1.689280195390618759e-04 8.512428220043878335e-01 1.976532311239199316e+03 6.202975866243218327e-04 2.032339832673746294e+00 9.463205894867754431e-01 -3.158607798602170660e+05
2.130652314346087373e+00 1.036224481155696253e+01 1.055339221821625317e+00 -1.166583156056544106e-04 8.555951114406279423e-01 2.020294709948095488e+03 6.187758274768102819e-04 1.431035089526317527e+00 9.687528407971264244e-01 -2.114138690099368105e+05
