# M(M_sol)  R(km)   nb_c(fm^-3)   Alpha_C(MeV^-1)     cs2_c   mu_c(MeV)
1.554385025154891575e-01 2.000000000000000000e+01 1.159545009107842278e-01 1.932521491291834450e-03 4.103591160801949717e-02 9.699879885176352445e+02 2.839614652707544333e-05 1.981745339388796046e+00 2.736304220787786484e-02 -1.176716980664361035e+06
1.635216704573164148e-01 2.000000000000000000e+01 1.183425858302089573e-01 1.930743962164921694e-03 4.256325623859884971e-02 9.708148202918122252e+02 2.952805297658212501e-05 1.973481544556127787e+00 2.847037894695707630e-02 -1.198945992079124320e+06
1.719751961421533970e-01 2.000000000000000000e+01 1.207868627598022715e-01 1.928851274075412412e-03 4.418955138454354337e-02 9.716781438275085065e+02 3.069840065378926912e-05 1.964712078872099754e+00 2.961682234496814184e-02 -1.222087260263486067e+06
1.808125612687616346e-01 2.000000000000000000e+01 1.232862515931589242e-01 1.926835966337309440e-03 4.592120765174761282e-02 9.725825438455715357e+02 3.190834915155640157e-05 1.955470748815582693e+00 3.080371404280972739e-02 -1.245705056214290438e+06
1.900478475882020069e-01 2.000000000000000000e+01 1.258412942706291504e-01 1.915632326645545259e-03 4.774712527322020478e-02 9.735327131666188052e+02 3.315963831160460097e-05 1.945770455073260186e+00 3.203298794543366079e-02 -1.266926137091788463e+06
1.996941010528431870e-01 2.000000000000000000e+01 1.284641645691352585e-01 1.876681889791123646e-03 4.963786118215912646e-02 9.745208668204825244e+02 3.445596228381900863e-05 1.935252978833507775e+00 3.330844824906227519e-02 -1.282103607916537672e+06
2.097624879080370319e-01 2.000000000000000000e+01 1.311576686496776778e-01 1.835208010798442067e-03 5.165109026576435169e-02 9.755456176102404697e+02 3.580354437643049216e-05 1.924130691890718614e+00 3.463629550619458375e-02 -1.298733810282388236e+06
2.202650108882183710e-01 1.387211870369311839e+01 1.339194803568418690e-01 1.791047206001092308e-03 5.379474836413334488e-02 9.766111434957241499e+02 3.720621906419282045e-05 1.912392563237742538e+00 3.602050135387850627e-02 -1.316747994188191835e+06
2.312147431775964657e-01 1.372206835297965455e+01 1.367475215793039767e-01 1.744025400283479715e-03 5.607728544852413899e-02 9.777223710857882679e+02 3.866670186004762512e-05 1.899809727116362756e+00 3.746402900233591904e-02 -1.335600513371512992e+06
2.426256599182509965e-01 1.360066947009605443e+01 1.396403056173184665e-01 1.693957240903432460e-03 5.850769892984523241e-02 9.788850651234822635e+02 4.018815794306557692e-05 1.886181853193835467e+00 3.897031754867247982e-02 -1.354561026491431519e+06
2.545123356572464579e-01 1.349003381635758814e+01 1.425973495712252181e-01 1.641031575338007314e-03 6.098223402769623047e-02 9.801058281944970076e+02 4.177408720312594261e-05 1.871324772525526425e+00 4.054320439710524387e-02 -1.373210987612128025e+06
2.668906434933560057e-01 1.339035503233768765e+01 1.456122734941964203e-01 1.588891673356453323e-03 6.238028436633608065e-02 9.813777262476216947e+02 4.341552989697458306e-05 1.855104929182416873e+00 4.217425128110652982e-02 -1.394911098655641312e+06
2.797790470878408486e-01 1.330934348779020659e+01 1.486867047984806456e-01 1.533373836841411039e-03 6.386890876321098254e-02 9.826963353333460418e+02 4.509610897434645664e-05 1.837158056937047368e+00 4.384761607747510864e-02 -1.410771250917300582e+06
2.931934470090473699e-01 1.323842246453377314e+01 1.518346706464178131e-01 1.474259223001104678e-03 6.545397514724911325e-02 9.840672287298278889e+02 4.681165866784687066e-05 1.817141398562304166e+00 4.555955017917957817e-02 -1.417333938597406959e+06
3.071439058881939577e-01 1.316869953305018548e+01 1.550783403321121801e-01 1.411314811099503852e-03 6.714173160689208830e-02 9.854961176754889038e+02 4.856171058374205969e-05 1.794839264994001260e+00 4.731005641086347135e-02 -1.410140610837661196e+06
3.216312110742578501e-01 1.311821385210749824e+01 1.584507373246634154e-01 1.344292483924342842e-03 6.893883101910068534e-02 9.869885303743972145e+02 5.035007608210570078e-05 1.769992317678244609e+00 4.910346842216958135e-02 -1.384340674220802262e+06
3.366423261730039362e-01 1.306879551323664224e+01 1.619991574905873255e-01 1.277905565224071293e-03 7.085664807250237340e-02 9.885493160169231714e+02 5.218466770841746066e-05 1.742285439163948624e+00 5.094831079663108414e-02 -1.335672781033087522e+06
3.521475571263807391e-01 1.302822910144936586e+01 1.657621708480919165e-01 1.329844018839996568e-03 7.300442110053216582e-02 9.901736459276521600e+02 5.407169880855800762e-05 1.712307178104532035e+00 5.285144760628975730e-02 -1.284562684964574175e+06
3.681152859899045060e-01 1.298831330474996193e+01 1.697233091979085395e-01 1.385147355960062842e-03 7.529133970432549949e-02 9.918571337889767392e+02 5.601436256628468288e-05 1.681366388247701016e+00 5.481634941405233441e-02 -1.241910190929183504e+06
3.845248560815718308e-01 1.295851740851009559e+01 1.738480214828002357e-01 1.444033573852346449e-03 7.772641856606797572e-02 9.936041755233056847e+02 5.800950948988567121e-05 1.650206881173645002e+00 5.684036946951131347e-02 -1.210806493504832033e+06
4.013718634538811503e-01 1.293823574854667946e+01 1.780846256117606108e-01 1.506734792951101073e-03 8.031925639294544561e-02 9.954219443234309210e+02 6.004499867622148905e-05 1.619750062687607794e+00 5.891204060734207132e-02 -1.195760353962441208e+06
4.186746107776779802e-01 1.291841829344560466e+01 1.823594339223247873e-01 1.573498171839884333e-03 8.308007375377450543e-02 9.973214816760677195e+02 6.210333441937409475e-05 1.590973536841008507e+00 6.101445817259439769e-02 -1.203938930702057667e+06
4.364797293772250120e-01 1.289794438240523355e+01 1.866088283274291160e-01 1.606883536521938561e-03 8.632806000946316449e-02 9.993099036833853006e+02 6.417133860610931689e-05 1.564738627229373513e+00 6.313491566096365859e-02 -1.207793564564573346e+06
4.548277120483328884e-01 1.288783583231015584e+01 1.909167464939825198e-01 1.616953593104476740e-03 8.999480988534770687e-02 1.001365468875455917e+03 6.628053478395588404e-05 1.541019416983338886e+00 6.530572336139739420e-02 -1.194313563194170361e+06
4.737381112959569429e-01 1.287183008908401938e+01 1.952989138078198572e-01 1.627676048149451216e-03 9.389911373737507005e-02 1.003494355931369000e+03 6.844211770874641574e-05 1.521451881303876430e+00 6.753893300054927828e-02 -1.183084435214138823e+06
4.932271422278730055e-01 1.286780680395785836e+01 1.997633829470598366e-01 1.639093167929181298e-03 9.805636173217549545e-02 1.005707507045055081e+03 7.066626748988812654e-05 1.506174531982974019e+00 6.984572298458743833e-02 -1.172796348529245239e+06
5.133058432515527070e-01 1.285784511814792452e+01 2.043255121429156107e-01 1.651249956977767462e-03 1.024829411033732623e-01 1.008016924380350360e+03 7.296401905709750844e-05 1.495304444476858174e+00 7.223839531083796339e-02 -1.161426974572491134e+06
5.339766706169459809e-01 1.285744015745279789e+01 2.090106618295663743e-01 1.664194335492058746e-03 1.071963007475467411e-01 1.010435444666479157e+03 7.534755371981852732e-05 1.489020878797000069e+00 7.473072334204236555e-02 -1.146371783899250440e+06
5.552314963874436238e-01 1.284846759272027761e+01 2.138390889372285275e-01 1.630576151968893316e-03 1.106461996933031239e-01 1.012955688073696592e+03 7.781689058502735696e-05 1.487331558606459270e+00 7.732422602865522687e-02 -1.135933305027102819e+06
5.770626196093376903e-01 1.284810604493809549e+01 2.188027474082667179e-01 1.591963626777560467e-03 1.142263917971579334e-01 1.015563001762042290e+03 8.040627683363482127e-05 1.489524091075548951e+00 8.005324634220180313e-02 -1.131317642574798083e+06
5.994650321821227701e-01 1.284818013303265616e+01 2.238974489596305684e-01 1.550849551385478486e-03 1.180385301472564180e-01 1.018267917796990446e+03 8.315231133708613648e-05 1.495299793316206882e+00 8.295508252191985399e-02 -1.132363213656490669e+06
6.224346191944825080e-01 1.284905669224245806e+01 2.291192905059660501e-01 1.507071860416817673e-03 1.220976416079638943e-01 1.021082908808230400e+03 8.604592524200182330e-05 1.504626312929142840e+00 8.602185711962348491e-02 -1.138957757615878712e+06
6.459676309870774347e-01 1.285758159094106290e+01 2.344651717834564664e-01 1.460457988931903239e-03 1.264197265737473375e-01 1.024022533903082831e+03 8.907379857854808936e-05 1.517392133758473483e+00 8.924126521363924536e-02 -1.150804702824877109e+06
6.700598415097988036e-01 1.285792429248264312e+01 2.399359008675367999e-01 1.427305434682135795e-03 1.308408050796114053e-01 1.027099972088884215e+03 9.221679210383697538e-05 1.533278146738466186e+00 9.259487026404289445e-02 -1.164493723775034072e+06
6.947023287129829860e-01 1.285832594441454013e+01 2.455568659058926240e-01 1.422421528983663832e-03 1.352142369860530879e-01 1.030289827691772189e+03 9.545041139504010705e-05 1.551327967477890590e+00 9.605824235854872051e-02 -1.176952611370652448e+06
7.198810638668007300e-01 1.286772646610133108e+01 2.513312709685986968e-01 1.417221214678919365e-03 1.398710059549974072e-01 1.033592975730272428e+03 9.875714945836754684e-05 1.565308780868714944e+00 9.961522956749753466e-02 -1.187192388373542810e+06
7.455824550985945542e-01 1.286795701539131009e+01 2.572544558285305150e-01 1.411683992926953280e-03 1.448294682550922141e-01 1.037023584822585917e+03 1.021438263601271508e-04 1.574396920768255548e+00 1.032748202921378172e-01 -1.194035525630494114e+06
7.717934038640695826e-01 1.286972151788583574e+01 2.633223206585357246e-01 1.405788036849361499e-03 1.501091693837989238e-01 1.040598242980000578e+03 1.056253254451338470e-04 1.578782580727574159e+00 1.070546709342800051e-01 -1.197163501095962012e+06
7.985005412395863589e-01 1.287877991468745442e+01 2.695320611169622071e-01 1.399510105492079125e-03 1.557309211127438919e-01 1.044336211999775742e+03 1.092257437684969853e-04 1.578496429509808507e+00 1.109829084795391496e-01 -1.195944347889611730e+06
8.256882904329188033e-01 1.287819682581905845e+01 2.758972088746592943e-01 1.387325989162606875e-03 1.608245154028649093e-01 1.048234698953079487e+03 1.129843411999396680e-04 1.573251098300918915e+00 1.151043576582703037e-01 -1.183083760054859333e+06
8.533340205516548593e-01 1.288060950829996365e+01 2.824411310419756016e-01 1.373219217851805564e-03 1.660642095154765685e-01 1.052266380700910531e+03 1.168845126899584137e-04 1.564387190752282386e+00 1.194059014229804788e-01 -1.166119036978966091e+06
8.814133104969693600e-01 1.288818488588549549e+01 2.891589655588499563e-01 1.358198525567703638e-03 1.716433623346689807e-01 1.056446442434586061e+03 1.208627533132318173e-04 1.553874026321353297e+00 1.238245617461010417e-01 -1.148560600950366352e+06
9.099024450282179322e-01 1.288816748515560029e+01 2.960455370380165596e-01 1.342204703046392640e-03 1.775839660246786578e-01 1.060793820219585314e+03 1.249078798278671393e-04 1.541565568549682297e+00 1.283517666989150985e-01 -1.130110596414476400e+06
9.387777731322599628e-01 1.288815954032772204e+01 3.030966591994516124e-01 1.325174705093905281e-03 1.839094375336066678e-01 1.065330562451600827e+03 1.290067570176626989e-04 1.527322943384891829e+00 1.329770068535609806e-01 -1.110386920226872200e+06
9.680146068718832320e-01 1.288819889163147714e+01 3.103132745660017178e-01 1.309299535614808245e-03 1.902250004942909467e-01 1.070076509750334253e+03 1.331436675120168073e-04 1.511044076288421412e+00 1.376869347591766490e-01 -1.086336799227517331e+06
9.975830614571411514e-01 1.288825630153813506e+01 3.177286223615559124e-01 1.296484559374700080e-03 1.961897761969899900e-01 1.074994030975710530e+03 1.373119645008499150e-04 1.493189250711789429e+00 1.424761557132352974e-01 -1.057171984244601801e+06
1.027448219550046948e+00 1.288845365124960907e+01 3.253466987562663171e-01 1.282839352368093716e-03 2.025409857260853652e-01 1.080085161342862420e+03 1.415834426410013023e-04 1.476659512200635183e+00 1.474206885770271702e-01 -1.030411000538267428e+06
1.057575819749651869e+00 1.288016270622573067e+01 3.331612808806007076e-01 1.268310127282962305e-03 2.093036645748841407e-01 1.085371565236763672e+03 1.459666899243520014e-04 1.462094657234916939e+00 1.525328395312874064e-01 -1.006270466160147684e+06
1.087932159286353118e+00 1.287855818577438249e+01 3.411668395109255236e-01 1.252839612143675325e-03 2.165044701856075893e-01 1.090878521373334934e+03 1.504580940837751556e-04 1.449698957355804563e+00 1.578131262631631559e-01 -9.844829208917053184e+05
1.118483148714970010e+00 1.286997314208120535e+01 3.493594945755963965e-01 1.236366824553658452e-03 2.241717870289376968e-01 1.096635281687981205e+03 1.550557785224167251e-04 1.439679754716843618e+00 1.632643984645286983e-01 -9.646798498644604115e+05
1.149192076358147352e+00 1.286772807702026711e+01 3.577619855086062728e-01 1.222277787331177597e-03 2.309576788485147580e-01 1.102628287222455356e+03 1.597587906742374791e-04 1.432249896107335108e+00 1.688906570539691621e-01 -9.408350078858609777e+05
1.180016152046403644e+00 1.285870604145153528e+01 3.663999884612356706e-01 1.207500276987693655e-03 2.380936262034180628e-01 1.108825581531793887e+03 1.645616818827193143e-04 1.425599512741664077e+00 1.746895487858984852e-01 -9.181712209981880151e+05
1.210912259933472512e+00 1.284813725947905816e+01 3.752663607987892225e-01 1.191765391186812555e-03 2.456918828854046111e-01 1.115251825725594472e+03 1.694577995856638209e-04 1.418332074173251023e+00 1.806582725825378322e-01 -8.961419211866672849e+05
1.241838488028669252e+00 1.283088486773445602e+01 3.843542753232833120e-01 1.175011105423382591e-03 2.537824000562865501e-01 1.121936043758734286e+03 1.744386728639536407e-04 1.410425852670834868e+00 1.867929168731542466e-01 -8.744912492625156883e+05
1.272753359859517763e+00 1.281918918987210176e+01 3.936582717749383398e-01 1.157171376874036777e-03 2.623970692931806292e-01 1.128911866118470471e+03 1.794978609920308511e-04 1.401849398500527810e+00 1.930925420498777467e-01 -8.528819286146236118e+05
1.303614346133266100e+00 1.280125135668095915e+01 4.031854822777854452e-01 1.140813157435674376e-03 2.706006771647327946e-01 1.136198193401873368e+03 1.846308446777475865e-04 1.392565705975332913e+00 1.995589681808083160e-01 -8.278487608559263172e+05
1.334374592866289344e+00 1.278888398853692721e+01 4.129795691208115738e-01 1.125525575627649762e-03 2.785528557951501005e-01 1.143737062094035309e+03 1.898373816309529866e-04 1.382735956361212937e+00 2.061965457253149558e-01 -8.009273962374222465e+05
1.364985563845747985e+00 1.276956334336476573e+01 4.230385574300322138e-01 1.109247572883637718e-03 2.870202240939649374e-01 1.151545537375681533e+03 1.951339250016149670e-04 1.372833032229896055e+00 2.130273074655363863e-01 -7.752391834949830081e+05
1.395400679178572023e+00 1.274798299489769171e+01 4.333542034856431857e-01 1.091914983814844080e-03 2.960361591276088888e-01 1.159656987974455433e+03 2.005101737201305553e-04 1.362920908203527626e+00 2.200457135763461969e-01 -7.506149600328913657e+05
1.425574705414962784e+00 1.272064758618846092e+01 4.439193121674447351e-01 1.073459486015018076e-03 3.056362003283992768e-01 1.168110115416850704e+03 2.059559377119219077e-04 1.353033620344102239e+00 2.272481477398120009e-01 -7.267945840494626900e+05
1.455462640146862441e+00 1.270015390426485169e+01 4.547308106808697903e-01 1.054855330663578058e-03 3.154106876962732842e-01 1.176945908220176989e+03 2.114632925146668445e-04 1.343198890870680895e+00 2.346340591806923559e-01 -7.024115327058550902e+05
1.485017438986908855e+00 1.266985761085460105e+01 4.658345240571180046e-01 1.038910030945471756e-03 3.241668375020121395e-01 1.186110321134135802e+03 2.170252411738963138e-04 1.333438517111028343e+00 2.422030463670697409e-01 -6.751357569183204323e+05
1.514190373408523138e+00 1.264017706546706066e+01 4.772445263009941208e-01 1.021931699393441827e-03 3.334902630348834385e-01 1.195593555539464205e+03 2.226558314872524656e-04 1.323525051695205956e+00 2.499753404587889416e-01 -6.490831964009688236e+05
1.542934918541110312e+00 1.261005898899263400e+01 4.889513599307413472e-01 1.003853410030004388e-03 3.434177158075650826e-01 1.205434027662088283e+03 2.283470144100195110e-04 1.313414933676759100e+00 2.579487221453500290e-01 -6.241226294122808613e+05
1.571206715051304936e+00 1.257948208145360347e+01 5.009464138919219600e-01 9.846039010127831739e-04 3.539883283154199867e-01 1.215676279335820709e+03 2.340843312945911430e-04 1.303130165936404739e+00 2.661152895295638698e-01 -6.000410160878424067e+05
1.598962787180420841e+00 1.254077093594816361e+01 5.132232881582987627e-01 9.641072937312620411e-04 3.652437682907879735e-01 1.226371508925087255e+03 2.398552382338847949e-04 1.292686171685697438e+00 2.744704818587231920e-01 -5.765760058378762333e+05
1.626159816173032402e+00 1.250789288244709319e+01 5.258129502085275853e-01 9.472856552111189434e-04 3.749702030290889554e-01 1.237503155593927886e+03 2.456479927504778404e-04 1.282103830817026946e+00 2.830110113444933018e-01 -5.502722500124539947e+05
1.652753896848992987e+00 1.246809117641191733e+01 5.387561916089425029e-01 9.298924300904187713e-04 3.850928594854182152e-01 1.249014054801577913e+03 2.514731118851834600e-04 1.271354620762763732e+00 2.917544549784507057e-01 -5.248526559699783102e+05
1.678703563242349039e+00 1.242783722599401841e+01 5.520425443619170203e-01 9.113723678727723120e-04 3.958713221384406733e-01 1.260947735382376095e+03 2.573344289266101177e-04 1.260407529948248007e+00 3.007122393968572061e-01 -5.006511761711016879e+05
1.703970462254110751e+00 1.238022726824469721e+01 5.656617751739825284e-01 8.916524653150060837e-04 4.073480780338716856e-01 1.273355464148109832e+03 2.632122740871029759e-04 1.249295665113296483e+00 3.098707103329536583e-01 -4.774941889248795342e+05
1.728518290900777465e+00 1.233972154445184444e+01 5.796056517286986010e-01 8.706549895874540843e-04 4.195683667822280305e-01 1.286296121274146117e+03 2.690894427799030457e-04 1.238043330408740372e+00 3.192205383550025255e-01 -4.551754527990682400e+05
1.752311769612903358e+00 1.228852450578384392e+01 5.938883478906608060e-01 8.521540038401506775e-04 4.307757104345239507e-01 1.299795119712222458e+03 2.749504044979890201e-04 1.226674965371207016e+00 3.287555706872879457e-01 -4.317043536584589165e+05
1.775316160657568698e+00 1.224124160008265072e+01 6.085728095195284126e-01 8.348081095343964529e-04 4.416078160559869792e-01 1.313759029622998469e+03 2.807924924359585239e-04 1.215187444514062909e+00 3.384801829136728779e-01 -4.083122957700870465e+05
1.797499683283637850e+00 1.219100840931781349e+01 6.236534296899655105e-01 8.163384445048235769e-04 4.531416902320221096e-01 1.328225036358677016e+03 2.866366505885107967e-04 1.203465840339787318e+00 3.484262125152421952e-01 -3.861785748452058178e+05
1.818834090250746272e+00 1.214198478783004909e+01 6.391181140597076427e-01 7.966722041662399091e-04 4.654227977246433445e-01 1.343252176266821380e+03 2.924595638514915523e-04 1.191548878127356215e+00 3.585749722129793482e-01 -3.651644409771618666e+05
1.839293732674003978e+00 1.208754958150704617e+01 6.549564987294074214e-01 7.757318672172123109e-04 4.784995487749275633e-01 1.358908171700295725e+03 2.982389510198329118e-04 1.179469992419755142e+00 3.689107317358206184e-01 -3.451077348894629977e+05
1.858854893626435967e+00 1.203036899009002170e+01 6.711695886823811907e-01 7.558333482112337444e-04 4.912015303037544633e-01 1.375252885258838205e+03 3.039545359552899115e-04 1.167257128178844194e+00 3.794217562273505817e-01 -3.250191897960275528e+05
1.877495031364808220e+00 1.197135053424126916e+01 6.878312110036816085e-01 7.387769899000397756e-04 5.026216162638547091e-01 1.392182258289616811e+03 3.095928715468907280e-04 1.154946437756357192e+00 3.901017078361264656e-01 -3.046363310295296251e+05
1.895194970454169514e+00 1.191184755875931245e+01 7.049494343369329119e-01 7.206156187375497733e-04 5.147815636597068423e-01 1.409709873059386155e+03 3.151875816899496561e-04 1.142409172117304417e+00 4.009987013230461028e-01 -2.854859914627223043e+05
1.911939228561430060e+00 1.185182999504131196e+01 7.225101859847553598e-01 7.012776453856848233e-04 5.277293051378798561e-01 1.427903767735808742e+03 3.207183670749150619e-04 1.129673474293655611e+00 4.120959615544014243e-01 -2.674620560444661533e+05
1.927715177858077444e+00 1.179139400121719738e+01 7.405008609055748758e-01 6.806868425210976011e-04 5.415158787083200753e-01 1.446841844716527248e+03 3.261583205337018521e-04 1.116785927476410478e+00 4.233702247245363370e-01 -2.504341863344394951e+05
1.942512187972333049e+00 1.173088420532391218e+01 7.589137465626499823e-01 6.597221822013626773e-04 5.556615855900486345e-01 1.466609510243062914e+03 3.314822601328745190e-04 1.103786076010687012e+00 4.348018733155045168e-01 -2.340333241835696099e+05
1.956321324827860142e+00 1.166780319803656418e+01 7.778199144382403896e-01 6.432443483465653073e-04 5.674726339865380220e-01 1.487121668382956841e+03 3.366673809520114393e-04 1.090732708439804410e+00 4.463738275552749379e-01 -2.172718667031025107e+05
1.969136950054140023e+00 1.160108161487604939e+01 7.972510618058769039e-01 6.256989819130741228e-04 5.800488727025128188e-01 1.508348816074942306e+03 3.417523612503948495e-04 1.077480992791161496e+00 4.581422978201837859e-01 -2.016391751447315910e+05
1.980956836147027111e+00 1.153161992079304454e+01 8.171915888772773862e-01 6.070169217589203208e-04 5.934398753410419225e-01 1.530369432606568807e+03 3.467287190846856000e-04 1.064020289908062411e+00 4.701032134743405866e-01 -1.870511242889743589e+05
1.991781591667847184e+00 1.146803995225585027e+01 8.376273687278191771e-01 5.871245260699247759e-04 6.076984271795434767e-01 1.553273063817143793e+03 3.515657590584875323e-04 1.050411241452678945e+00 4.822247836004031063e-01 -1.734002554666342039e+05
2.001613544826094770e+00 1.139847288239706202e+01 8.585480647840187940e-01 5.659433820749688437e-04 6.228807332412470421e-01 1.577160872049771569e+03 3.562344997193446581e-04 1.036707628064884812e+00 4.944788498990426717e-01 -1.605739251796043827e+05
2.010456406050138867e+00 1.132819289615087222e+01 8.800091644638250443e-01 5.500868717632122684e-04 6.351327786289301391e-01 1.601998309150546447e+03 3.607055328464305629e-04 1.022985375269569452e+00 5.068378645208203581e-01 -1.476104188438692072e+05
2.018316836870607922e+00 1.125867806049138586e+01 9.020750957202727793e-01 5.336690609018077559e-04 6.479062522002237978e-01 1.627693223632041736e+03 3.650123743973828958e-04 1.009114836316276076e+00 5.193537358221514966e-01 -1.355606334210998320e+05
2.025204521131157342e+00 1.118760224799497394e+01 9.247279737582415615e-01 5.161876061100284692e-04 6.615072677470342777e-01 1.654335444922270426e+03 3.691677518450092624e-04 9.950087198069711425e-01 5.320490965416775353e-01 -1.244220071155467886e+05
2.031131613036427641e+00 1.111784863689655545e+01 9.479506589544518524e-01 4.975735981757890272e-04 6.759894383854355704e-01 1.682027937608396314e+03 3.731382689060014335e-04 9.807453357324120713e-01 5.448821467825654130e-01 -1.141083642503767187e+05
2.036111638042452654e+00 1.104178008380891818e+01 9.717294475364730566e-01 4.777536635363180450e-04 6.914098506096504337e-01 1.710886702453769658e+03 3.768923828609997218e-04 9.663956954285695122e-01 5.578149393080714669e-01 -1.045327196968170174e+05
2.040159340768123108e+00 1.096761990575392609e+01 9.961012808407595509e-01 4.621130593842291408e-04 7.044522826795038828e-01 1.740933246517850648e+03 3.803979191786603068e-04 9.520469779343085914e-01 5.708108813757886146e-01 -9.515727354445324454e+04
2.043291587027421308e+00 1.089712200604690828e+01 1.021162783950138042e+00 4.473406253561927289e-04 7.171767192535435376e-01 1.772020289583128033e+03 3.836732933420847376e-04 9.376409335996760408e-01 5.839023351725718403e-01 -8.640590463826568157e+04
2.045527410261545054e+00 1.082016294560685843e+01 1.046898706198649665e+00 4.316111447448189799e-04 7.307255208932834645e-01 1.804240963832649186e+03 3.867593008590603496e-04 9.229968310904721474e-01 5.971531573384304403e-01 -7.839471516285976395e+04
2.046887815270602928e+00 1.074787560267152564e+01 1.073289572654674506e+00 4.148626143513840553e-04 7.451520948955886459e-01 1.837713835185204971e+03 3.896223128152404036e-04 9.082137604016219390e-01 6.105123404105243790e-01 -7.105499572100216756e+04
2.047394889889043501e+00 1.067036870637479495e+01 1.100319419135656451e+00 3.970290140393064162e-04 7.605133086012738630e-01 1.872571876078437072e+03 3.922296634556913337e-04 8.933876905363420384e-01 6.239312696461425389e-01 -6.431954056973536353e+04
2.047071291973161067e+00 1.059731759376960447e+01 1.128009400013224139e+00 3.815570886173886883e-04 7.741628273893151890e-01 1.908888913519811013e+03 3.945489791789453821e-04 8.786195298743818549e-01 6.373641307739159600e-01 -5.790987906070011377e+04
2.045940857775305322e+00 1.052037531376463519e+01 1.156480803115459643e+00 3.676895690089442741e-04 7.866903472830416577e-01 1.946480596693957978e+03 3.965836073351525952e-04 8.638982992648743808e-01 6.508208030324126314e-01 -5.193658116663049441e+04
2.044028852387747452e+00 1.044766499761468914e+01 1.185727095754537830e+00 3.529236285826822654e-04 8.000294748027847458e-01 1.985431657615058612e+03 3.984013697901636554e-04 8.489245832923767443e-01 6.644119221480544457e-01 -4.652555404471634392e+04
