# M(M_sol)  R(km)   nb_c(fm^-3)   Alpha_C(MeV^-1)     cs2_c   mu_c(MeV)
1.608224882498606179e-01 1.903091144046826244e+01 1.268512424925185011e-01 1.516082100266695747e-03 2.647452342625327207e-02 9.727732481333057422e+02 2.064166794237417855e-05 1.102611414711822890e+00 1.997943075021053894e-02 -1.931558566942863108e+05
1.660950026239604305e-01 1.852606310994064742e+01 1.305810797326863448e-01 1.583228222857363532e-03 2.766540564241764741e-02 9.735257030986639393e+02 2.133093926289228028e-05 1.139619591565038448e+00 2.065930372888066455e-02 -1.963106399773187877e+05
1.715349453000932500e-01 1.805767971171321307e+01 1.343761678784191615e-01 1.654724472657114615e-03 2.893344032742868610e-02 9.743046744600471811e+02 2.206472491682989664e-05 1.180454251766474227e+00 2.138348603869288586e-02 -2.021347341250074096e+05
1.771561295689118576e-01 1.761556203767625206e+01 1.382032613265516130e-01 1.730852676910844606e-03 3.028362587942207487e-02 9.751161142708294847e+02 2.284121741030616874e-05 1.224002879566487234e+00 2.215036865210658068e-02 -2.111243109667366953e+05
1.829786722447509228e-01 1.722500243791512986e+01 1.420369630378315040e-01 1.796481597484290722e-03 3.177847947706708559e-02 9.759644563671216702e+02 2.366154748126958785e-05 1.270141781168816264e+00 2.296115960703870237e-02 -2.200298211017581925e+05
1.890188059097219209e-01 1.684078600733831621e+01 1.459509547347563607e-01 1.849813795148724490e-03 3.343151451448071743e-02 9.768366937447175360e+02 2.453923063506430663e-05 1.318858875474093306e+00 2.382921284273957496e-02 -2.270227990274460753e+05
1.952854348186074673e-01 1.649604113975065189e+01 1.499458057143511769e-01 1.906601171388316038e-03 3.519164304316943492e-02 9.777338324753010284e+02 2.548079657355674989e-05 1.369768085452678141e+00 2.476103340396423186e-02 -2.361637836299748160e+05
2.017904953147234004e-01 1.617161463060638127e+01 1.539997278195127106e-01 1.967067573325612106e-03 3.706580321968401537e-02 9.786612075143024185e+02 2.649011058686533726e-05 1.422603905013719139e+00 2.576053114239364172e-02 -2.479744998313030228e+05
2.085505422424030475e-01 1.586915257537907564e+01 1.580850930360456486e-01 2.031451350237876118e-03 3.906138269583170342e-02 9.796255391640088419e+02 2.756691117586667464e-05 1.476817192845876869e+00 2.682767842874235822e-02 -2.631061209847165737e+05
2.155879528506314258e-01 1.558631320158383815e+01 1.621672943223678998e-01 2.100006293093360961e-03 4.118624773966580999e-02 9.806352629403221499e+02 2.870820441935869547e-05 1.531755376734832863e+00 2.795976264630372493e-02 -2.825229258894024533e+05
2.229312215063892211e-01 1.531664395324456507e+01 1.662359166300119429e-01 2.141051893234417140e-03 4.341408635667453469e-02 9.816933249561616321e+02 2.991756753082133760e-05 1.587267151891426975e+00 2.916052260946434133e-02 -2.999290878449208685e+05
2.306012779757839748e-01 1.506726819304754983e+01 1.703734396596127132e-01 2.166389466806892955e-03 4.576631699578509460e-02 9.827815547454179068e+02 3.120951162474468486e-05 1.642939531804429310e+00 3.044445998348320817e-02 -3.158646943504558876e+05
2.386123865491800444e-01 1.481174272288840044e+01 1.745754480645743123e-01 2.193368559858932445e-03 4.827093919691647500e-02 9.839030991672024129e+02 3.258875986607152718e-05 1.698054214797260375e+00 3.181644348354111668e-02 -3.341467815280437935e+05
2.469815246522749363e-01 1.459127764853989895e+01 1.788261563418162281e-01 2.222095519835135327e-03 5.093782579642621572e-02 9.850644846948980557e+02 3.405993849043810012e-05 1.752181119775563678e+00 3.328132813234266352e-02 -3.551541353661844041e+05
2.557291660753173712e-01 1.439072280457788011e+01 1.831075919037701005e-01 2.252683584003288986e-03 5.377748925202920777e-02 9.862736496506380490e+02 3.562335572967355633e-05 1.804875138302314053e+00 3.483980204847830081e-02 -3.793220112017866923e+05
2.648798045784742095e-01 1.420025257097648641e+01 1.873996097130013194e-01 2.285253325818299968e-03 5.680112308129264820e-02 9.875402013991292733e+02 3.726832602890235800e-05 1.855454876976455836e+00 3.648180530856527659e-02 -4.070989927074110601e+05
2.744624463658307811e-01 1.401967888419944330e+01 1.916814169084491426e-01 2.314055057076796172e-03 5.995808373617395742e-02 9.888751816037978415e+02 3.899651669551305313e-05 1.903768775787359147e+00 3.820940036623621944e-02 -4.374056663617403246e+05
2.845053167742774280e-01 1.384949278361289515e+01 1.960064811743940927e-01 2.311838554736447403e-03 6.296957410535565514e-02 9.902619244473013396e+02 4.081867095166539643e-05 1.949766200594476695e+00 4.003363559894915213e-02 -4.607191128495763987e+05
2.950258394912000925e-01 1.369864342528438073e+01 2.004047903335014480e-01 2.309478454124631354e-03 6.617616682281039775e-02 9.916912752118741992e+02 4.273941235045688574e-05 1.992906189170972953e+00 4.195943233472022166e-02 -4.860334993872531923e+05
3.060414626019343221e-01 1.354865061218234956e+01 2.048656763553447224e-01 2.306965452086917178e-03 6.959050178494666228e-02 9.931701003686765716e+02 4.476200456735064404e-05 2.032786281723704569e+00 4.399050597574343663e-02 -5.134668267223589937e+05
3.175720371473344517e-01 1.341022389292229455e+01 2.093782611507629954e-01 2.304289642754918030e-03 7.322603777622142818e-02 9.947066331818172102e+02 4.689322582921969049e-05 2.069155567941893814e+00 4.613417671422222199e-02 -5.431341572518710745e+05
3.296398553071747117e-01 1.328843104314250212e+01 2.139320342604693614e-01 2.301440478498876022e-03 7.709710552160285724e-02 9.963106657188691315e+02 4.913198454315567557e-05 2.102119355906199694e+00 4.839009527031733204e-02 -5.751469857150069438e+05
3.422694690143015528e-01 1.316825205203945970e+01 2.185176562612526074e-01 2.298406728350527260e-03 8.121896417608928664e-02 9.979937569283697485e+02 5.146366738127640725e-05 2.132084564894384915e+00 5.074452119180312970e-02 -6.095559305022062035e+05
3.554872351480377057e-01 1.305814438952820211e+01 2.231280809947526755e-01 2.294761835069669426e-03 8.558342760609559396e-02 9.997694295849375976e+02 5.389331536734322947e-05 2.159010879166406660e+00 5.320325475079475119e-02 -6.458488689594320022e+05
3.693178055947905492e-01 1.295840688544408437e+01 2.277993343158161987e-01 2.276098618438621764e-03 8.935947695329539420e-02 1.001622736893501155e+03 5.642991014638190352e-05 2.182898542661956931e+00 5.577601355084860213e-02 -6.733084732135393424e+05
3.837765985416758951e-01 1.285877333084156326e+01 2.325607388477464177e-01 2.256226287068802388e-03 9.338016134976276361e-02 1.003536309989870233e+03 5.907282410867282309e-05 2.203513067390934665e+00 5.846274573565000271e-02 -7.022119216909549432e+05
3.988782373322389274e-01 1.277796460108797483e+01 2.374041715630058058e-01 2.235066507279559467e-03 9.766132971637439542e-02 1.005518209237799852e+03 6.182296774523216769e-05 2.220608959128361537e+00 6.126510944991381963e-02 -7.324492852641681675e+05
4.146389253270942876e-01 1.269799294380011467e+01 2.423221116593128055e-01 2.212535870466143459e-03 1.022198577618433635e-01 1.007578013933666966e+03 6.468685212541063531e-05 2.233990779355332634e+00 6.419070097275481057e-02 -7.638134227151605301e+05
4.310761224309918038e-01 1.261935148486192837e+01 2.473084514456704019e-01 2.188545564315788183e-03 1.070737145041731203e-01 1.009727001913864910e+03 6.767348788575576273e-05 2.243577942323351948e+00 6.724977078537985875e-02 -7.959694081201952649e+05
4.482078930324560062e-01 1.255788381978561752e+01 2.523595916816285256e-01 2.163001022723200391e-03 1.122420331017691952e-01 1.011978327939830024e+03 7.076836949477376419e-05 2.250533230929043782e+00 7.042899409319484938e-02 -8.288093157715157140e+05
4.660518361871689441e-01 1.249218198860370777e+01 2.574758974845174908e-01 2.135801553025487489e-03 1.177451862734131410e-01 1.014347187272168753e+03 7.397244014110783482e-05 2.255122217759459868e+00 7.373067726648382947e-02 -8.615472633479345823e+05
4.846233611715932699e-01 1.243778439150629822e+01 2.626680058737856926e-01 2.109066637456788029e-03 1.229816611306619178e-01 1.016844080526275548e+03 7.729576837750690968e-05 2.257272906320361816e+00 7.716652585411351573e-02 -8.895333588965039235e+05
5.039311748066724883e-01 1.238777680593806174e+01 2.679740397928085938e-01 2.083444484740615537e-03 1.277611842307727619e-01 1.019432934216959666e+03 8.073901574680674548e-05 2.256983562711608826e+00 8.073831267808148637e-02 -9.133053295437699417e+05
5.239793342125163012e-01 1.234018770413781496e+01 2.733948809271098956e-01 2.056162375806786131e-03 1.328503534084535254e-01 1.022113047462475492e+03 8.429483304781950422e-05 2.254183494691236245e+00 8.443972430140125884e-02 -9.375405449993214570e+05
5.447724458800451419e-01 1.229866259116639426e+01 2.789240055425424303e-01 2.027112768768595842e-03 1.382692293876187917e-01 1.024895362293260632e+03 8.796372302949201588e-05 2.248749633615256371e+00 8.827286452861829447e-02 -9.619143607533624163e+05
5.663155343060551905e-01 1.226787460925088880e+01 2.845560529149839812e-01 1.996181154533052671e-03 1.440391725457977057e-01 1.027792759145681885e+03 9.175159342646344192e-05 2.240515594840483349e+00 9.224569415810622564e-02 -9.859265266845292645e+05
5.886133090166747461e-01 1.223032238265413341e+01 2.902878283855908070e-01 1.963245605423605093e-03 1.501829271134643706e-01 1.030820258372047647e+03 9.566340625636952347e-05 2.229656167285944957e+00 9.636542299611369766e-02 -1.009090530114413006e+06
6.116690157914277393e-01 1.220182726415493946e+01 2.961196437857780972e-01 1.928176294559952580e-03 1.567247108283040813e-01 1.033995205423464313e+03 9.969146069970432895e-05 2.217321106034272127e+00 1.006261077486179517e-01 -1.031294057107857079e+06
6.354827616212445074e-01 1.217785307631076286e+01 3.020570842538404244e-01 1.890834984100407592e-03 1.636903103978184504e-01 1.037337417136012618e+03 1.038436470513006299e-04 2.203532525487378990e+00 1.050384003520913184e-01 -1.051259432593940990e+06
6.600490699586328835e-01 1.215814577751068448e+01 3.081204630698900493e-01 1.862181383407133378e-03 1.698148156817351484e-01 1.040848507723784451e+03 1.081307278907650061e-04 2.188222001296526109e+00 1.096161559577900069e-01 -1.063930868032164872e+06
6.853550922927257316e-01 1.213825240405817141e+01 3.143382540559332416e-01 1.836840668538038037e-03 1.757346253589524843e-01 1.044484061639657511e+03 1.125434349496344652e-04 2.171511454615014713e+00 1.143515929746208165e-01 -1.074287297274480807e+06
7.113858022131320791e-01 1.211795491837824024e+01 3.207058849515947441e-01 1.809858230677405689e-03 1.820379556946364608e-01 1.048252741400422110e+03 1.170709510540210479e-04 2.153463830939552182e+00 1.192358051227298266e-01 -1.084297891970627476e+06
7.381261532478337051e-01 1.210206248497991410e+01 3.272173351805869879e-01 1.781127709195914639e-03 1.887496534496612699e-01 1.052169505946935715e+03 1.217097763254449652e-04 2.134065255617722201e+00 1.242681158350576048e-01 -1.093585225898154778e+06
7.655605336534619942e-01 1.208865854870700218e+01 3.338678437094320106e-01 1.750535852786870095e-03 1.958961751066002066e-01 1.056251882757554768e+03 1.264596040647339328e-04 2.113260718910167757e+00 1.294516863853699407e-01 -1.101604706350583350e+06
7.936718357209859853e-01 1.207818562667171491e+01 3.406549891242739436e-01 1.717962073046934348e-03 2.035056911571196114e-01 1.060520225731861274e+03 1.313246765263954971e-04 2.091373919297450090e+00 1.347941193846985131e-01 -1.108207299351998139e+06
8.224400859387167584e-01 1.206818155239383117e+01 3.475801344261489345e-01 1.683277969135144481e-03 2.116081971457344224e-01 1.064997948341007714e+03 1.363145126397079558e-04 2.068923040992463491e+00 1.403085094047654968e-01 -1.113288556781352032e+06
8.518405422218967571e-01 1.205903585912762388e+01 3.546503330009225796e-01 1.646346821636502462e-03 2.202356319076411995e-01 1.069711702251748193e+03 1.414378069948402095e-04 2.045871138218605889e+00 1.460086970434342490e-01 -1.115590871934065595e+06
8.818411263590291149e-01 1.205735116919179539e+01 3.618976686025480172e-01 1.625022787369044801e-03 2.271996007851903032e-01 1.074637122785056135e+03 1.467009498592486167e-04 2.022236469503073675e+00 1.519059736032531971e-01 -1.108995665776431561e+06
9.124033563777351752e-01 1.204881554688621392e+01 3.693430198505885387e-01 1.602753702172823088e-03 2.345608496180229541e-01 1.079735985593858459e+03 1.520856708710506251e-04 1.998250248964364539e+00 1.579840058342330544e-01 -1.102126699420910096e+06
9.434881152584417841e-01 1.203927167952920030e+01 3.769790293157136984e-01 1.579041892516932534e-03 2.423990041544917817e-01 1.085026090632839896e+03 1.575767517262015066e-04 1.974069877795593841e+00 1.642308505927411455e-01 -1.094967417950865114e+06
9.750564267134088636e-01 1.203815603141568147e+01 3.847984884586253540e-01 1.553793890086523945e-03 2.507449611969361780e-01 1.090528471276229084e+03 1.631624650744694489e-04 1.949813317663652512e+00 1.706390499856679233e-01 -1.087258402410045732e+06
1.007068887027355197e+00 1.202800586954805517e+01 3.927951375471021023e-01 1.526910171130575018e-03 2.596316192272470902e-01 1.096267742787678117e+03 1.688324156123007587e-04 1.925587226416441089e+00 1.772028935178278919e-01 -1.078686955137808574e+06
1.039484745840470570e+00 1.202761310899532532e+01 4.009647521213161037e-01 1.498284764154537074e-03 2.690940080876332297e-01 1.102272478960463559e+03 1.746138145677428235e-04 1.901390824989765749e+00 1.839553772270515197e-01 -1.069590968365711393e+06
1.072260573345655166e+00 1.201089015742377875e+01 4.093066101146449753e-01 1.467804832196965056e-03 2.791694270628843899e-01 1.108575566098837271e+03 1.805215845500309131e-04 1.877226976828380245e+00 1.909186895230306491e-01 -1.059583145349199418e+06
1.105348419144397631e+00 1.201053898460209091e+01 4.178310974262658961e-01 1.440713334727351238e-03 2.887871984915879042e-01 1.115201709310673550e+03 1.865614245984446656e-04 1.853112497844770168e+00 1.981069045999419298e-01 -1.044529364931734162e+06
1.138693376121327150e+00 1.200824239292011697e+01 4.265898226530237536e-01 1.419502435163938958e-03 2.974471390672171478e-01 1.122077216647105615e+03 1.927273486663301418e-04 1.829159824330818473e+00 2.055194944693843062e-01 -1.024692823804398649e+06
1.172237455141174500e+00 1.200076892905478410e+01 4.355863520058727567e-01 1.396917366731798265e-03 3.066681223609306617e-01 1.129201145536777176e+03 1.989936119288455236e-04 1.805582027367616638e+00 2.131335160828680964e-01 -1.005241539481579210e+06
1.205923805633104529e+00 1.198789143418225756e+01 4.448119897054286231e-01 1.372869102557074030e-03 3.164864960738201782e-01 1.136599580390232177e+03 2.053388845079052105e-04 1.782562970182473228e+00 2.209324248731852069e-01 -9.860231217899890617e+05
1.239696549050547159e+00 1.198049062165543077e+01 4.542583955273589713e-01 1.347262848072836028e-03 3.269409627283342279e-01 1.144303108206765046e+03 2.117418115952311697e-04 1.760283679808815505e+00 2.289002309783637890e-01 -9.668265834188291337e+05
1.273500046387036733e+00 1.197106321330374890e+01 4.639185892885286933e-01 1.319997667353443177e-03 3.380727322276826374e-01 1.152347310821345445e+03 2.182109975096628552e-04 1.738601054268982926e+00 2.370529262171688079e-01 -9.475927202697942266e+05
1.307277802346547002e+00 1.196683107505527666e+01 4.737883296031654701e-01 1.290966085240614208e-03 3.499256842989505456e-01 1.160773242445440474e+03 2.247947735564555477e-04 1.717002067767702256e+00 2.454508270165732531e-01 -9.283023777073672973e+05
1.340970978656991663e+00 1.194102604335756723e+01 4.838679989354015554e-01 1.260234097290786155e-03 3.624459405294074843e-01 1.169627782096107467e+03 2.314943869170096381e-04 1.695499889584315190e+00 2.541065532340711641e-01 -9.081517693522793707e+05
1.374516991869265015e+00 1.193724676820925978e+01 4.942001126217389628e-01 1.233906228691273926e-03 3.722117276350801474e-01 1.178861592600050699e+03 2.383064884783844828e-04 1.674109074294439115e+00 2.630271107087406857e-01 -8.814145262008514255e+05
1.407852198820489953e+00 1.192076666985390077e+01 5.048146451406235746e-01 1.205872683380537248e-03 3.826102008076085470e-01 1.188420857569115697e+03 2.451963829759672793e-04 1.652927165214108429e+00 2.721793244097247544e-01 -8.552740795449464349e+05
1.440914925144172631e+00 1.190232129184633969e+01 5.157046647267267137e-01 1.176022957424989641e-03 3.936823492324890150e-01 1.198338850950477763e+03 2.521320743882274210e-04 1.632071254477661881e+00 2.815351505167276724e-01 -8.294995853462789673e+05
1.473645112367185428e+00 1.188107534916616892e+01 5.268649142322979761e-01 1.144239387785653001e-03 4.054718176196805968e-01 1.208654165538817097e+03 2.590850449581826205e-04 1.611658213999530576e+00 2.910717705867262861e-01 -8.038024965852786554e+05
1.505983332791839935e+00 1.185922223980870527e+01 5.382933431120128231e-01 1.110396688508514997e-03 4.180250782443539759e-01 1.219411127681464905e+03 2.660414516889588149e-04 1.591644910529400381e+00 3.007829041712545282e-01 -7.778707753882085672e+05
1.537869440205416049e+00 1.184739474907308221e+01 5.499931651882499217e-01 1.074361456866526187e-03 4.313916141334679932e-01 1.230660117989185437e+03 2.730650935917535035e-04 1.571192555710045013e+00 3.107507498217261244e-01 -7.514637697394512361e+05
1.569240866495541509e+00 1.181822769582070976e+01 5.619755822435092973e-01 1.035991647506520619e-03 4.456241141202691991e-01 1.242457727081782423e+03 2.801645497154958979e-04 1.550122800142662793e+00 3.210004764276180311e-01 -7.239904335082287434e+05
1.600031780250501745e+00 1.178802246488323036e+01 5.742714138747556651e-01 1.003370261964813947e-03 4.566345082096752162e-01 1.254794497864629193e+03 2.873309644597560114e-04 1.528397832312210713e+00 3.315377012121311084e-01 -6.938726984441622626e+05
1.630182181915415640e+00 1.176078638918903607e+01 5.869104148472086280e-01 9.709154810333560891e-04 4.672107256451065171e-01 1.267567161605721367e+03 2.945099612931206074e-04 1.506115417887244012e+00 3.423042033194744205e-01 -6.637384421945791692e+05
1.659638583987647520e+00 1.172948586329936482e+01 5.998910799701936414e-01 9.363580853842112936e-04 4.784721336687645654e-01 1.280813138800472643e+03 3.016529629425060790e-04 1.483356276681247365e+00 3.532508239492554991e-01 -6.338591924091606634e+05
1.688349870902831729e+00 1.169814436128797119e+01 6.132149932413301086e-01 8.995618550669077975e-04 4.904631230229031802e-01 1.294580720155134941e+03 3.087206171758325336e-04 1.460173555841383974e+00 3.643422185477998565e-01 -6.039458530012590345e+05
1.716265885732257468e+00 1.167082960966567029e+01 6.268900605308377338e-01 8.603817449882849439e-04 5.032309603474188764e-01 1.308924241227117363e+03 3.156850254545680973e-04 1.436546046116731201e+00 3.755573017176811468e-01 -5.736964143915289314e+05
1.743335867415545470e+00 1.163883208478830333e+01 6.409336095293040048e-01 8.186633131669917608e-04 5.168259744976928527e-01 1.323903965103701239e+03 3.226110865843940514e-04 1.411836548579784134e+00 3.869858621489660200e-01 -5.429818591780874413e+05
1.769506656059966376e+00 1.160124848074610071e+01 6.553764355260973673e-01 7.742421119468996310e-04 5.313017549332146316e-01 1.339585584484731953e+03 3.295096813062578490e-04 1.385785521019483824e+00 3.986611391206830723e-01 -5.113975510463010287e+05
1.794722094239507015e+00 1.156747408719100179e+01 6.702610973635712011e-01 7.430839889603915119e-04 5.421387253563844100e-01 1.355966789569142065e+03 3.363618643181262666e-04 1.358326832185331456e+00 4.105810029327783828e-01 -4.793389949917006306e+05
1.818935833811738956e+00 1.152795155465172350e+01 6.856008146238283807e-01 7.154997623681847232e-04 5.520920690053056079e-01 1.372929775455872459e+03 3.430930688631694423e-04 1.329744758764514589e+00 4.226556773965063907e-01 -4.481984699939885177e+05
1.842112238542903180e+00 1.148766363131801604e+01 7.013954917794948951e-01 6.861284646837010649e-04 5.626902497551340421e-01 1.390519110797554276e+03 3.496374926817395626e-04 1.300236612466018515e+00 4.348098101500072477e-01 -4.178830156282794778e+05
1.864219951508428563e+00 1.143960733448401612e+01 7.176490776153345852e-01 6.548543187587870136e-04 5.739750440079889326e-01 1.408794020619160619e+03 3.559375392863122932e-04 1.269924473159940614e+00 4.469815458259498997e-01 -3.882581547527189832e+05
1.885230426210295462e+00 1.139643193001191968e+01 7.343720090617159579e-01 6.215540467095376784e-04 5.859909346910500139e-01 1.427820529378052470e+03 3.619632117808870746e-04 1.238862503223929101e+00 4.591440366337622980e-01 -3.592456227476698696e+05
1.905116578188710053e+00 1.133926074278729246e+01 7.515844642820835864e-01 5.860963839737943094e-04 5.987852866014318209e-01 1.447671139919033294e+03 3.678168963156846268e-04 1.206838110145200593e+00 4.714404553876307413e-01 -3.310258873062366038e+05
1.923851381534890104e+00 1.129792541709123377e+01 7.693206196961487331e-01 5.483415618863853340e-04 6.124085331109435648e-01 1.468424022549525262e+03 3.734913163536770250e-04 1.173793244595462415e+00 4.838842079372974170e-01 -3.034379722457209136e+05
1.941408563255266451e+00 1.124682761438736911e+01 7.876361332645750446e-01 5.319381568559154380e-04 6.216500379118914399e-01 1.490016800386197701e+03 3.789447106716327439e-04 1.139863224539537701e+00 4.964395083135361153e-01 -2.764710504499443923e+05
1.957771741771531682e+00 1.118753582102569943e+01 8.065515576404860276e-01 5.146204003130467382e-04 6.314574434047337537e-01 1.512369004599561322e+03 3.840967369693347368e-04 1.105568327367136172e+00 5.089969533549693059e-01 -2.512138783038826950e+05
1.972932465530984336e+00 1.113823324870849341e+01 8.260613711346651566e-01 4.961806959788414356e-04 6.419002312523401921e-01 1.535546550768506904e+03 3.888701802408686529e-04 1.071324060784807797e+00 5.214531162730368097e-01 -2.276076159338202560e+05
1.986887331570390547e+00 1.107955043358342984e+01 8.461608204445388859e-01 4.765463573685713682e-04 6.530195653218554552e-01 1.559624250873346227e+03 3.931862510281218049e-04 1.037538345109448867e+00 5.336996050028743888e-01 -2.055873882179489010e+05
1.999636955265507332e+00 1.102839218275630628e+01 8.668475856239453714e-01 4.556399889325202712e-04 6.648592763218086343e-01 1.584686151585974130e+03 3.971252114104786043e-04 1.004172155012104106e+00 5.458472020576639050e-01 -1.851648456124897930e+05
2.011185034914099390e+00 1.096862217036118103e+01 8.881240716887737197e-01 4.333791809746043470e-04 6.774660345760397107e-01 1.610825617329738407e+03 4.008173096150747703e-04 9.709892677698002128e-01 5.580892677280502312e-01 -1.663224639223573904e+05
2.021537461133678715e+00 1.090889401099719258e+01 9.100203210618350580e-01 4.185272722386913064e-04 6.887349670489842923e-01 1.638094853800514102e+03 4.042233517625963145e-04 9.382473828976227725e-01 5.703875475019395402e-01 -1.484453376460891159e+05
2.030703441060390357e+00 1.084846411020824775e+01 9.326453686761960737e-01 4.107079812630233203e-04 6.987878390744524104e-01 1.666323498442593291e+03 4.072903388092803667e-04 9.064849055318663362e-01 5.826722265712371840e-01 -1.318703579638926603e+05
2.038697458399063578e+00 1.078795711573587468e+01 9.559974798679627961e-01 4.023821098756112788e-04 7.094919962440235928e-01 1.695552316804944439e+03 4.099467393114289253e-04 8.764318553878446272e-01 5.948213720947846950e-01 -1.170600537227090681e+05
2.045538446997972049e+00 1.072085200797587490e+01 9.800532902350791442e-01 3.935168387691343936e-04 7.208896327026000916e-01 1.725871056155623819e+03 4.121196854876511958e-04 8.488447771611845605e-01 6.067028494506435665e-01 -1.039331224321728805e+05
2.051249161567864299e+00 1.066001252463740201e+01 1.004784370054320641e+00 3.840772224053553923e-04 7.330256761840204804e-01 1.757382822353592701e+03 4.138220185071199864e-04 8.239304111737593139e-01 6.183105717343122532e-01 -9.235996548599819653e+04
2.055855566579162019e+00 1.059811878112398986e+01 1.030157638405385212e+00 3.740260512651715917e-04 7.459479651092915109e-01 1.790205290171355045e+03 4.152912763490365145e-04 8.002307114879504413e-01 6.300149854829835139e-01 -8.208753837226271571e+04
2.059386209924650490e+00 1.052159314302867976e+01 1.056149549379871599e+00 3.660845772414119239e-04 7.589139039611642046e-01 1.824453281730060098e+03 4.165231584651289004e-04 7.779612206967583266e-01 6.418110248049773148e-01 -7.274179914808986359e+04
2.061871066692103405e+00 1.046800731139931706e+01 1.082952936652980203e+00 3.647610033609191950e-04 7.706698518462339331e-01 1.859935823538148043e+03 4.174935307478125704e-04 7.575706340369948721e-01 6.536841531871622202e-01 -6.395418442322831834e+04
2.063340806057980981e+00 1.039950225661553063e+01 1.110608159327733269e+00 3.633516804523572591e-04 7.831874203102786591e-01 1.896637237699833122e+03 4.181658332804719862e-04 7.397743997455515919e-01 6.655525955984743502e-01 -5.636567296008215635e+04
2.063828356216732995e+00 1.033080801119945491e+01 1.139057021431295613e+00 3.618510531810953260e-04 7.965159516872368783e-01 1.934670472797889488e+03 4.185010989233246066e-04 7.253511737266097326e-01 6.773098018761267713e-01 -4.989637873198130546e+04
2.063369246076959485e+00 1.026814757850809201e+01 1.168223416491398714e+00 3.602532063047162521e-04 8.107079850024007106e-01 1.974169787881236516e+03 4.184948000373824202e-04 7.147209114681506437e-01 6.889020334217715869e-01 -4.444233502636454796e+04
