# M(M_sol)  R(km)   nb_c(fm^-3)   Alpha_C(MeV^-1)     cs2_c   mu_c(MeV)
1.288751861873135840e-01 2.000000000000000000e+01 1.371738843686289566e-01 2.126186511798986833e-03 3.222378304280192063e-02 9.727351662188031014e+02 2.160446672419656118e-05 2.042623194845776258e+00 2.091107324674241000e-02 -3.463625651121985866e+05
1.337625718287111243e-01 2.000000000000000000e+01 1.402040357689062211e-01 2.122308096766445384e-03 3.368296636524121396e-02 9.734383628425873667e+02 2.258689953361590265e-05 2.047066099082759827e+00 2.187276475735353345e-02 -3.580016488979810383e+05
1.389486089654126122e-01 2.000000000000000000e+01 1.432907686984120910e-01 2.117826596805174894e-03 3.522145344828117586e-02 9.741686927840227099e+02 2.361009429188200360e-05 2.050678804424494572e+00 2.287534691170446319e-02 -3.702515046391657088e+05
1.444433175173188144e-01 2.000000000000000000e+01 1.464294699476404171e-01 2.113054758486797736e-03 3.685961292136445688e-02 9.749300930031129155e+02 2.467468769056358044e-05 2.053636843908452470e+00 2.391957122607080502e-02 -3.834829900713426177e+05
1.502576654774350762e-01 2.000000000000000000e+01 1.496186140571284240e-01 2.107727880290012970e-03 3.853348475551606617e-02 9.757259408509285095e+02 2.578233639074313982e-05 2.056062781551548646e+00 2.500721600719655463e-02 -3.964041311416964163e+05
1.564021089621112637e-01 1.951696797413943685e+01 1.528696930613596128e-01 2.101801928753856737e-03 4.024307022451082544e-02 9.765529163306796363e+02 2.693554315987602290e-05 2.057913711945202451e+00 2.614086985857082615e-02 -4.090030621088510379e+05
1.628866620316226088e-01 1.872665399762777838e+01 1.561804127953468346e-01 2.095492058652897224e-03 4.206341285978698608e-02 9.774139714223174451e+02 2.813502695703192408e-05 2.059187052077904312e+00 2.732140069425232839e-02 -4.225874128177880193e+05
1.697226152105507091e-01 1.802603140017413708e+01 1.595463595565501935e-01 2.088812858486356443e-03 4.398929857942707883e-02 9.783140461656158777e+02 2.938196276738797434e-05 2.059981066602815325e+00 2.855014677713782131e-02 -4.369729076506932615e+05
1.769219327886475124e-01 1.739791859318947331e+01 1.629758815937082939e-01 2.082189882640232952e-03 4.588644117223944496e-02 9.792517731812231432e+02 3.067926586755494325e-05 2.060277480530619432e+00 2.983017532950186027e-02 -4.497595635565775447e+05
1.844957274098468769e-01 1.683806623992229135e+01 1.664733489960079915e-01 2.075137830827817904e-03 4.790649200299747917e-02 9.802268433259041558e+02 3.202822826606246368e-05 2.060055279981635845e+00 3.116295272662634314e-02 -4.635256292716674507e+05
1.924561228433508131e-01 1.633977733130408438e+01 1.700339896348909974e-01 2.067628904943074209e-03 5.005741380207904406e-02 9.812444927577422504e+02 3.342977942715525828e-05 2.059379642349335349e+00 3.254962910451403291e-02 -4.783092337726855185e+05
2.008164669388569634e-01 1.589713431837235547e+01 1.736580117794442046e-01 2.060018455164622838e-03 5.222911820060762572e-02 9.823082239403710219e+02 3.488646662617368613e-05 2.058265465892005430e+00 3.399297176812224319e-02 -4.922075146930712508e+05
2.095893323127222541e-01 1.549783633709445496e+01 1.773573857732682613e-01 2.052160867067245181e-03 5.446577599112353840e-02 9.834138264448803284e+02 3.640076339148930169e-05 2.056694989480641667e+00 3.549568243637450660e-02 -5.059421873557362123e+05
2.187872008504696819e-01 1.513659436371855982e+01 1.811286824953101671e-01 2.043794217441645671e-03 5.684733784365423453e-02 9.845658485228002519e+02 3.797340355119283251e-05 2.054668342984651730e+00 3.705877454671557131e-02 -5.206582504568985314e+05
2.284239192512207139e-01 1.480184195726451790e+01 1.849676268327390960e-01 2.035016011630611139e-03 5.935431070004994203e-02 9.857706422915321127e+02 3.960614817161457881e-05 2.052214478114998464e+00 3.868431982928289409e-02 -5.359191190975672798e+05
2.385135730073087434e-01 1.452002103641438602e+01 1.888844165952374143e-01 2.026560823497737182e-03 6.182633207713265910e-02 9.870257426430441683e+02 4.130255992772400387e-05 2.049317693383860384e+00 4.037618120669194538e-02 -5.493272877493118867e+05
2.490688354925137404e-01 1.425949059040465272e+01 1.928826980348083420e-01 2.017557857733994625e-03 6.445850577632991629e-02 9.883314827508087319e+02 4.306373127230685952e-05 2.045969903360103093e+00 4.213581339810614640e-02 -5.636789908684904221e+05
2.601033420441045685e-01 1.401949198738966906e+01 1.969574991201869241e-01 2.007971626029938280e-03 6.726120742243055228e-02 9.896946886339187586e+02 4.489090192329703944e-05 2.042247181530735478e+00 4.396484907807088338e-02 -5.790058653019145131e+05
2.716317923977362159e-01 1.380898682504037467e+01 2.011094090035892568e-01 1.998534376445564552e-03 7.008264042462210297e-02 9.911198358463101385e+02 4.678715151174389045e-05 2.038168794237420478e+00 4.586681512590073256e-02 -5.930847484157774597e+05
2.836674580908870036e-01 1.361887753931332590e+01 2.053515384997057769e-01 1.988961356895729577e-03 7.298627784570130284e-02 9.926014854959606737e+02 4.875520895484110415e-05 2.033725457057040220e+00 4.784487673979906375e-02 -6.068190184732129565e+05
2.962231227606852424e-01 1.344819731603116075e+01 2.096801921660145507e-01 1.978768139913636773e-03 7.607803025634962690e-02 9.941456251942809104e+02 5.079582464176340099e-05 2.028955961261699414e+00 4.990029426105312138e-02 -6.214879000729667023e+05
3.093128061953258623e-01 1.328829236509633738e+01 2.140907738979809793e-01 1.968068074085066975e-03 7.933811327727478824e-02 9.957605889217952608e+02 5.291152610882621129e-05 2.023957642002585544e+00 5.203614744203283876e-02 -6.366959231692169560e+05
3.229503944538297255e-01 1.314826509647890873e+01 2.185942201160344101e-01 1.957991879670074702e-03 8.253512735991611060e-02 9.974435587039469056e+02 5.510627246032840488e-05 2.018727800609738665e+00 5.425702128605732616e-02 -6.495572708129936364e+05
3.371475532860003232e-01 1.301811711830050911e+01 2.231951877907697723e-01 1.947262889147169038e-03 8.593926312601635198e-02 9.991945882557388359e+02 5.738065597756466949e-05 2.013272624711139880e+00 5.656419149273808622e-02 -6.633413025345200440e+05
3.519166057949643100e-01 1.289829826775709343e+01 2.278882873238880502e-01 1.935838810482179689e-03 8.956393915636683134e-02 1.001022583180182096e+03 5.973683215325575272e-05 2.007623699425576280e+00 5.896032979090778253e-02 -6.780626877388786525e+05
3.672706814944461384e-01 1.279828704288267893e+01 2.326736009235444713e-01 1.924628830872032043e-03 9.321901753884205555e-02 1.002933988584513713e+03 6.217836777147711766e-05 2.001790262679961963e+00 6.145000676770242393e-02 -6.913746716059700120e+05
3.832207794725090433e-01 1.269858074818987603e+01 2.375660915026094611e-01 1.913398798030358124e-03 9.695960276480447559e-02 1.004921595920205618e+03 6.470815611121777519e-05 1.995775540711123730e+00 6.403681353115373009e-02 -7.039808707673361059e+05
3.997766238905154923e-01 1.261843702948885770e+01 2.425621899004495596e-01 1.901441216530048040e-03 1.009425254622624279e-01 1.006992851805538407e+03 6.732649825814525867e-05 1.989588032748836888e+00 6.672200704135694549e-02 -7.174599606998453382e+05
4.169488620134918500e-01 1.253783480146448071e+01 2.476567092006295989e-01 1.888807091393345525e-03 1.051614459622891018e-01 1.009158747914869423e+03 7.003666832330757565e-05 1.983226145023029963e+00 6.950979825141673230e-02 -7.315469180520665832e+05
4.347475570490021979e-01 1.246790672889333074e+01 2.528607761459815140e-01 1.877094276476270421e-03 1.092629731021086126e-01 1.011416834919376470e+03 7.284306862234553824e-05 1.976687608284797282e+00 7.240574755232792592e-02 -7.426001127918763086e+05
4.531795071616929182e-01 1.240778472493581752e+01 2.581810943321038443e-01 1.864622635391728839e-03 1.136302216882503213e-01 1.013766020672871718e+03 7.574587356369697942e-05 1.969985452353547606e+00 7.541108871370526268e-02 -7.544776747195059434e+05
4.722515783458655636e-01 1.234890143210458291e+01 2.636116607275854617e-01 1.851343006844463233e-03 1.182804067444428592e-01 1.016217953401699333e+03 7.874722144486397525e-05 1.963123508248478588e+00 7.852915437944547883e-02 -7.671690907682754332e+05
4.919710150163913442e-01 1.229931132077949130e+01 2.691517190011425975e-01 1.838248401066037811e-03 1.229823869864583030e-01 1.018781967792359865e+03 8.185123420260686535e-05 1.956098880409059992e+00 8.176550856043511561e-02 -7.783081551871373085e+05
5.123421297982483358e-01 1.225165350556926924e+01 2.748184630555736141e-01 1.825265281404271807e-03 1.277599279842207003e-01 1.021448633323637864e+03 8.506078614210874252e-05 1.948919321310185859e+00 8.512446560183961619e-02 -7.882305715719714062e+05
5.333669427487053305e-01 1.221084575352585055e+01 2.806086395185754534e-01 1.811441037640020664e-03 1.328469866471142236e-01 1.024227033339421041e+03 8.837530166755903590e-05 1.941595694440288566e+00 8.860689431488859291e-02 -7.988804345356011763e+05
5.550478750485375867e-01 1.217918384098312501e+01 2.865163443701688184e-01 1.796737431983185408e-03 1.382594733428292866e-01 1.027131611666387698e+03 9.179877562637905962e-05 1.934115055283408768e+00 9.221846478497462696e-02 -8.101689649537029909e+05
5.773861810354860014e-01 1.214773387101916846e+01 2.925528299929655018e-01 1.783240211631755478e-03 1.434724808102190718e-01 1.030160813324662513e+03 9.533566359824683604e-05 1.926476782025880352e+00 9.596561130916878013e-02 -8.177354950424269773e+05
6.003787676523457684e-01 1.211943937364977941e+01 2.987272781442265046e-01 1.768868560661961131e-03 1.490232180637841852e-01 1.033311804667803926e+03 9.898514336171663770e-05 1.918699570033287838e+00 9.984928687508597134e-02 -8.259757029575532069e+05
6.240218760540438003e-01 1.209725194019410566e+01 3.050328926473281355e-01 1.753565828231152613e-03 1.549335652579619527e-01 1.036599871172903704e+03 1.027492561683454760e-04 1.910774369644721915e+00 1.038735098503264231e-01 -8.348546788404280087e+05
6.483115389832247999e-01 1.207782503409451280e+01 3.114681743468480923e-01 1.738413141715702609e-03 1.609156937826690392e-01 1.040038012811250155e+03 1.066324614483672609e-04 1.902690142659063000e+00 1.080451296181012821e-01 -8.420095071006936487e+05
6.732400849345185900e-01 1.205751775527020442e+01 3.180528236123575936e-01 1.723490020246554698e-03 1.669552290459275223e-01 1.043614097196753619e+03 1.106369137917670290e-04 1.894458253721738927e+00 1.123687410207195453e-01 -8.474904265626596753e+05
6.987966082725686201e-01 1.203752104653192667e+01 3.247837822213973658e-01 1.707600089760851403e-03 1.733860415068147476e-01 1.047339432398636291e+03 1.147606918955702078e-04 1.886091079414082161e+00 1.168447229578029045e-01 -8.535163249122718116e+05
7.249700482677780000e-01 1.202096137716734248e+01 3.316543031795427532e-01 1.690680714591087002e-03 1.802334804411790947e-01 1.051232992736514689e+03 1.190082961530093252e-04 1.877563404920058465e+00 1.214803192094675993e-01 -8.600196177088840632e+05
7.517475454239388455e-01 1.200771281675812574e+01 3.386764927263894998e-01 1.675169905295651601e-03 1.867936034803002743e-01 1.055293857764032055e+03 1.233837209191116738e-04 1.868874875205180697e+00 1.262827993685522454e-01 -8.624445616205792176e+05
7.791111381897448673e-01 1.199765187878411865e+01 3.458616666785349625e-01 1.658688747974655696e-03 1.937686523704876262e-01 1.059517632990511402e+03 1.278842293067880326e-04 1.860048980029910703e+00 1.312522051895815278e-01 -8.653084537190992851e+05
8.070416392013270990e-01 1.198791162682547728e+01 3.532020636802878921e-01 1.641139842760958468e-03 2.011955866233914592e-01 1.063924438071788245e+03 1.325115368417161606e-04 1.851069060583281356e+00 1.363933834995409711e-01 -8.686192465739971958e+05
8.355191645147294066e-01 1.197811061612753036e+01 3.606958992893844473e-01 1.623776988998942373e-03 2.086910729388312125e-01 1.068531482545983863e+03 1.372699120031256105e-04 1.841917402260629499e+00 1.417145140608730980e-01 -8.699704358357626479e+05
8.645195926362239103e-01 1.196786911379810903e+01 3.683657587051598070e-01 1.606707738563852624e-03 2.162297685133138525e-01 1.073323199814618192e+03 1.421599395943652763e-04 1.832609350404572401e+00 1.472199923964817581e-01 -8.694205655228011310e+05
8.940152388259519078e-01 1.195804645919599807e+01 3.762082103660946419e-01 1.588532640048614291e-03 2.242568658521018887e-01 1.078314526617741194e+03 1.471774059602290192e-04 1.823158087051816700e+00 1.529090506282695661e-01 -8.692404651634880574e+05
9.239779648468741113e-01 1.194894812344770330e+01 3.842155204929501022e-01 1.569193773018228398e-03 2.327994473285958099e-01 1.083530452355966418e+03 1.523272210570004027e-04 1.813527897454965121e+00 1.587909982053388458e-01 -8.693274383107656613e+05
9.543774543862617588e-01 1.193999874844419296e+01 3.924023105693950630e-01 1.551552344451451616e-03 2.409152782094549916e-01 1.088968998293918503e+03 1.576120417212715737e-04 1.803719113175221267e+00 1.648735864517172911e-01 -8.651540125324632972e+05
9.851783367289494997e-01 1.193761399946291846e+01 4.007808085782995078e-01 1.532767998684775052e-03 2.495569011297796569e-01 1.094625782160056588e+03 1.630256832381014767e-04 1.793760709294885514e+00 1.711547188383198970e-01 -8.613325976095766528e+05
1.016344085483476656e+00 1.192892858764666997e+01 4.093421223145941035e-01 1.512766690709832886e-03 2.587583800409781198e-01 1.100527364462927380e+03 1.685695021196196783e-04 1.783627073908567784e+00 1.776405259895848243e-01 -8.578052562216746155e+05
1.047837338039737887e+00 1.191847544010518511e+01 4.180851417495758948e-01 1.493147104471530392e-03 2.679644844185928854e-01 1.106695135706577503e+03 1.742468545235230934e-04 1.773297525105013817e+00 1.843403588411460514e-01 -8.520581823191657895e+05
1.079616681461076366e+00 1.190871558370016814e+01 4.270356945681441641e-01 1.473788371990750450e-03 2.772268523431329346e-01 1.113109191831704948e+03 1.800550890429578315e-04 1.762792065761075389e+00 1.912571635053453289e-01 -8.445519186412076233e+05
1.111637890562639175e+00 1.189918985399287266e+01 4.361889593806130283e-01 1.453175465096782828e-03 2.870892918306238162e-01 1.119790705157112370e+03 1.859869143282639439e-04 1.752123429147344202e+00 1.983886176828553172e-01 -8.373075986011747736e+05
1.143856537338338475e+00 1.188938117903278702e+01 4.455362229964930920e-01 1.431456854836760410e-03 2.975050368799692646e-01 1.126772466120908348e+03 1.920475680310662072e-04 1.741245877518589724e+00 2.057465496254862192e-01 -8.299434471400995972e+05
1.176226229751467622e+00 1.187920929871594744e+01 4.550970821818299816e-01 1.411580349481088769e-03 3.073842709652568894e-01 1.134047854958769904e+03 1.982368017541300909e-04 1.730163560579448090e+00 2.133381958788082011e-01 -8.187944313073644880e+05
1.208696812118824404e+00 1.186925260967742624e+01 4.648825398883987825e-01 1.390416125290238909e-03 3.179035408909056115e-01 1.141616196197735917e+03 2.045429977798558839e-04 1.718912028296294858e+00 2.211574052767852350e-01 -8.079390699172731256e+05
1.241217890118974987e+00 1.185783766713120713e+01 4.748824545621507243e-01 1.367880756140312177e-03 3.291043120046752146e-01 1.149512591841637914e+03 2.109680971370870737e-04 1.707452407552064066e+00 2.292131206106261254e-01 -7.973248164309159620e+05
1.273738700470541163e+00 1.184019954779080130e+01 4.850982432799854083e-01 1.346186281539325140e-03 3.401269616080926372e-01 1.157761100361496119e+03 2.175129521103745371e-04 1.695764751936403636e+00 2.375149087794755642e-01 -7.843149369550198317e+05
1.306205669952736237e+00 1.182966476496705965e+01 4.955586995624922109e-01 1.324556895933135577e-03 3.512860826663966596e-01 1.166337370305493323e+03 2.241689136119715431e-04 1.683878816542026868e+00 2.460614405582333131e-01 -7.700942910920634167e+05
1.338564278281943132e+00 1.180978088512823376e+01 5.062563914311039026e-01 1.301526229430730605e-03 3.631681582941120312e-01 1.175272736712536926e+03 2.309264227429591056e-04 1.671800252924427799e+00 2.548499081385502962e-01 -7.561512608044451335e+05
1.370760662999344071e+00 1.179089564759389752e+01 5.171822764301478026e-01 1.277716306357476852e-03 3.755258796569095892e-01 1.184609132063474590e+03 2.377904126301565906e-04 1.659475368688455132e+00 2.638947164495599740e-01 -7.417112589192904998e+05
1.402740016365633613e+00 1.177148172571143547e+01 5.283634068591703814e-01 1.255735147293544126e-03 3.872930070244831047e-01 1.194330399172973330e+03 2.447550737177339947e-04 1.646917701099445130e+00 2.731999737269485418e-01 -7.244735757569310954e+05
1.434446249161852149e+00 1.175142188981619285e+01 5.398068321549637227e-01 1.232329917345963621e-03 3.998224792447367948e-01 1.204445731774942033e+03 2.518023790002851749e-04 1.634168432309571983e+00 2.827542484174925264e-01 -7.075999443454190623e+05
1.465824477359870093e+00 1.173028401074887306e+01 5.515011330816954604e-01 1.207408356690048683e-03 4.131636855743902048e-01 1.215001500291087268e+03 2.589359312286364798e-04 1.621170766843600619e+00 2.925708747371684737e-01 -6.910459958293755772e+05
1.496820480829921030e+00 1.170950353029540736e+01 5.634536874702080755e-01 1.184167877041762641e-03 4.259437695570086890e-01 1.226019532629695732e+03 2.661520521367447597e-04 1.607911126940030355e+00 3.026578853522240431e-01 -6.721407082077689702e+05
1.527379458658597366e+00 1.168719977323942061e+01 5.756941200452694307e-01 1.160537917223260131e-03 4.390690510019223947e-01 1.237474353854270248e+03 2.734329961299361805e-04 1.594435791286037629e+00 3.130057151182297770e-01 -6.528680672602484701e+05
1.557447994951840720e+00 1.165823967905485503e+01 5.882115389477687861e-01 1.135377067351989568e-03 4.530446666394516431e-01 1.249412192115872358e+03 2.807698547804873801e-04 1.580731195578388926e+00 3.236141573818206996e-01 -6.340232381171617890e+05
1.586974429260944230e+00 1.162925895618588079e+01 6.009986897070703771e-01 1.110160205224799187e-03 4.672128511337295675e-01 1.261883223850478089e+03 2.881655280854695080e-04 1.566742178050408940e+00 3.344988282991488981e-01 -6.144636389788131928e+05
1.615907808373484800e+00 1.159931833686062141e+01 6.140911563639420701e-01 1.086479685481470201e-03 4.808632956441376005e-01 1.274857850009141202e+03 2.956054306595264861e-04 1.552499856290243674e+00 3.456564575791243321e-01 -5.933989004478621064e+05
1.644198705813445294e+00 1.156814427688011016e+01 6.274893590336146909e-01 1.061265000111204270e-03 4.953980975498759598e-01 1.288363505611950359e+03 3.030661713006266799e-04 1.538046798629597367e+00 3.570704781249197657e-01 -5.728836978180280421e+05
1.671800255650020883e+00 1.153796166032191728e+01 6.411807788102309447e-01 1.034416756693717909e-03 5.108745508095461352e-01 1.302461288146072320e+03 3.105546149671078310e-04 1.523299034362784132e+00 3.687607377596516800e-01 -5.528699117893661605e+05
1.698667365884846348e+00 1.149922557103971066e+01 6.551847212828327827e-01 1.010570329269938053e-03 5.251060749553602136e-01 1.317159073975625006e+03 3.180594523235253540e-04 1.508264797465275642e+00 3.807298309906467781e-01 -5.308483757329862565e+05
1.724756913547557113e+00 1.146036517607955751e+01 6.695257751203217422e-01 9.855082444113537430e-04 5.401035169481276377e-01 1.332442415007452837e+03 3.255515859176671273e-04 1.493009972874500102e+00 3.929553543256907866e-01 -5.093575730506712571e+05
1.750028867635138097e+00 1.142737852642529184e+01 6.841901143177527844e-01 9.588224878789145846e-04 5.560725828852454145e-01 1.348376293562648243e+03 3.330296231671478610e-04 1.477481785714803042e+00 4.054471651715023106e-01 -4.885191152066012728e+05
1.774445715229582499e+00 1.138190980799480378e+01 6.991770433081768710e-01 9.333038633901589737e-04 5.716356574937030421e-01 1.365012493793434942e+03 3.404897254520797278e-04 1.461638780117326730e+00 4.182165455293059275e-01 -4.669957434437986813e+05
1.797972369080392374e+00 1.133958737088590318e+01 7.145280875495072515e-01 9.086028529313420901e-04 5.869779127381677952e-01 1.382310396888041851e+03 3.479054686033909781e-04 1.445540530489564546e+00 4.312466309980305113e-01 -4.452315006962456973e+05
1.820577224946389405e+00 1.129844408526845712e+01 7.302355953355080809e-01 8.823015633567254674e-04 6.033141309906608907e-01 1.400324740451451362e+03 3.552549841301819666e-04 1.429207156517005695e+00 4.445219706755991207e-01 -4.242365157204588759e+05
1.842231711007053185e+00 1.125113877057902556e+01 7.462876907942507243e-01 8.552320035462142528e-04 6.202202165795548394e-01 1.419133159555142583e+03 3.625475857460754600e-04 1.412541582556571251e+00 4.580680963607821066e-01 -4.036187850207774318e+05
1.862909860153025399e+00 1.120811549221923364e+01 7.627217831892139088e-01 8.311101459386221113e-04 6.357671153164977662e-01 1.438712685011788608e+03 3.697601331547594730e-04 1.395580722598291912e+00 4.718745546347754005e-01 -3.822389631240170565e+05
1.882589458746983135e+00 1.115798284117584593e+01 7.795488031410073848e-01 8.054255301990065731e-04 6.523212350902340972e-01 1.459083150813807833e+03 3.768557609622055706e-04 1.378403698954822287e+00 4.859063931965841854e-01 -3.617418746334519237e+05
1.901251664594578950e+00 1.110807700002852627e+01 7.967543750030848804e-01 7.780769115136828337e-04 6.699478297005168059e-01 1.480330134395335108e+03 3.838462584625897340e-04 1.360903460549422128e+00 5.001905864904498955e-01 -3.420779011840308667e+05
1.918880284613591058e+00 1.105793898092199257e+01 8.143532218230175035e-01 7.537145773165619071e-04 6.861404355158340351e-01 1.502488578700533026e+03 3.907161350339229990e-04 1.343072651353731661e+00 5.147259903820995408e-01 -3.219830309598582680e+05
1.935462643741285627e+00 1.100777622916844223e+01 8.323835055726100940e-01 7.289529601270128842e-04 7.027437761986699005e-01 1.525525719229396600e+03 3.974248963564300068e-04 1.325013581104441673e+00 5.294735354159383345e-01 -3.025611039251147886e+05
1.950989814269499245e+00 1.094964361162275779e+01 8.508311102664516401e-01 7.025871373553517702e-04 7.204227805427771969e-01 1.549529665068669601e+03 4.039686199349567684e-04 1.306676719135861919e+00 5.444378773105351677e-01 -2.840536047101464355e+05
1.965455445547760638e+00 1.089792293917527033e+01 8.696926128492374897e-01 6.772382023159626311e-04 7.376944474631164095e-01 1.574582887576189478e+03 4.103493818458724238e-04 1.287984363943289967e+00 5.596374776823856978e-01 -2.658408997993568191e+05
1.978856171218817073e+00 1.083914203052732006e+01 8.890181160850827435e-01 6.536029921570802150e-04 7.541728746435087949e-01 1.600636085066858868e+03 4.165297642475667165e-04 1.269025634067215469e+00 5.750389485399860501e-01 -2.479572920888530789e+05
1.991192422887578362e+00 1.078739645625087462e+01 9.088036776998462685e-01 6.284365517969942852e-04 7.717188728417735399e-01 1.627758133534916851e+03 4.224803437437338154e-04 1.249852027492623918e+00 5.906097790748017218e-01 -2.310309942427306960e+05
2.002467237461874383e+00 1.072736352018142547e+01 9.290365500663555487e-01 6.023529908645260719e-04 7.899685105149339970e-01 1.656058619594589345e+03 4.282232276111718632e-04 1.230313465587881572e+00 6.063912682453427294e-01 -2.148847478026758472e+05
2.012685923175688618e+00 1.066743739961852633e+01 9.497584922485537984e-01 5.799817174287070750e-04 8.061205020294572865e-01 1.685520391423059209e+03 4.337267354083888088e-04 1.210467951651105656e+00 6.223578802052742720e-01 -1.988739715533187846e+05
2.021857276648177493e+00 1.060761664016341399e+01 9.709874520414076837e-01 5.561610991681952519e-04 8.233189161080433083e-01 1.716166480033427888e+03 4.389449374738529724e-04 1.190439837357464503e+00 6.384509233175054144e-01 -1.838292756039076194e+05
2.029992672531387932e+00 1.054744644857677294e+01 9.927095418858260523e-01 5.307972388613195654e-04 8.416315462597212527e-01 1.748115832227199689e+03 4.439035991771376425e-04 1.170070328999083031e+00 6.547131241942576452e-01 -1.696858890053793148e+05
2.037105181113902930e+00 1.048783444224640959e+01 1.014943930412615325e+00 5.086936865079077618e-04 8.580127927642390295e-01 1.781421598874055690e+03 4.485851647302879926e-04 1.149355985782762435e+00 6.711347390871760243e-01 -1.558812238676338166e+05
2.043210544906542747e+00 1.041984690978728167e+01 1.037735585802048943e+00 4.864268191649403963e-04 8.746486530379027347e-01 1.816047186828753411e+03 4.529391623218665818e-04 1.128451392824434851e+00 6.876488400314852978e-01 -1.428840743841742224e+05
2.048327089603018791e+00 1.035795299592811425e+01 1.061071726359113621e+00 4.627173710480961873e-04 8.923622837863283142e-01 1.852115181771434663e+03 4.569740758563210813e-04 1.107273332928115028e+00 7.042681713763795370e-01 -1.307621624744416767e+05
2.052474501608601898e+00 1.029157452986869359e+01 1.084954552317500598e+00 4.286120880377749143e-04 9.092207576250228573e-01 1.889734950739737769e+03 4.606987801704891922e-04 1.085680246709442409e+00 7.210154844983902578e-01 -1.192220452364913072e+05
2.055674143341051696e+00 1.022988650620444240e+01 1.109441412412628836e+00 3.830184976937955161e-04 9.250739648669259463e-01 1.928850060504198154e+03 4.640654409787004376e-04 1.063307956825499501e+00 7.378259506839178750e-01 -1.083094695597421523e+05
2.057949728111811538e+00 1.016717121480314567e+01 1.134529837331661239e+00 3.344710820169040410e-04 9.419542376416321083e-01 1.969564794548506597e+03 4.670538644727021782e-04 1.039655735078793164e+00 7.546622181215532077e-01 -9.819273565382411471e+04
