1.000000000000000021e-03 4.900260862076140089e-01
2.412759359306133888e-03 4.900260733129573332e-01
1.241275935930613410e-02 4.900256768105817340e-01
2.241275935930613430e-02 4.900247454166485883e-01
3.241275935930613278e-02 4.900232791316141423e-01
4.241275935930613472e-02 4.900212779561943788e-01
5.241275935930613666e-02 4.900187418913660720e-01
6.241275935930613861e-02 4.900156709383671205e-01
7.241275935930613361e-02 4.900120650986967696e-01
8.241275935930612861e-02 4.900079243741149448e-01
9.241275935930612362e-02 4.900032487666431402e-01
1.024127593593061186e-01 4.899980382785637523e-01
1.124127593593061136e-01 4.899922929124203019e-01
1.224127593593061086e-01 4.899860126710174901e-01
1.324127593593061036e-01 4.899791975574213643e-01
1.424127593593061125e-01 4.899718475749589852e-01
1.524127593593061214e-01 4.899639627272187603e-01
1.624127593593061303e-01 4.899555430180502213e-01
1.724127593593061392e-01 4.899465884515642466e-01
1.824127593593061480e-01 4.899370990321328390e-01
1.924127593593061569e-01 4.899270747643895696e-01
2.024127593593061658e-01 4.899165156532292453e-01
2.124127593593061747e-01 4.899054217038079084e-01
2.224127593593061836e-01 4.898937929215431142e-01
2.324127593593061925e-01 4.898816293121137644e-01
2.424127593593062013e-01 4.898689308814605514e-01
2.524127593593061825e-01 4.898556976357851811e-01
2.624127593593061913e-01 4.898419295815512053e-01
2.724127593593062002e-01 4.898276267254837446e-01
2.824127593593062091e-01 4.898127890745694324e-01
2.924127593593062180e-01 4.897974166360567483e-01
3.024127593593062269e-01 4.897815094174557404e-01
3.124127593593062358e-01 4.897650674265382476e-01
3.224127593593062446e-01 4.897480906713382320e-01
3.324127593593062535e-01 4.897305791601510028e-01
3.424127593593062624e-01 4.897125329015343809e-01
3.524127593593062713e-01 4.896939519043079225e-01
3.624127593593062802e-01 4.896748361775531411e-01
3.724127593593062890e-01 4.896551857306140620e-01
3.824127593593062979e-01 4.896350005730966681e-01
3.924127593593063068e-01 4.896142807148693987e-01
4.024127593593063157e-01 4.895930261660628169e-01
4.124127593593063246e-01 4.895712369370703310e-01
4.224127593593063335e-01 4.895489130385476395e-01
4.324127593593063423e-01 4.895260544814131198e-01
4.424127593593063512e-01 4.895026612768478835e-01
4.524127593593063601e-01 4.894787334362960540e-01
4.624127593593063690e-01 4.894542709714644890e-01
4.724127593593063779e-01 4.894292738943231691e-01
4.824127593593063867e-01 4.894037422171053642e-01
4.924127593593063956e-01 4.893776759523073561e-01
5.024127593593064045e-01 4.893510751126890490e-01
5.124127593593064134e-01 4.893239397112737477e-01
5.224127593593064223e-01 4.892962697613485457e-01
5.324127593593064312e-01 4.892680652764642146e-01
5.424127593593064400e-01 4.892393262704355927e-01
5.524127593593064489e-01 4.892100527573414182e-01
5.624127593593064578e-01 4.891802447515248287e-01
5.724127593593064667e-01 4.891499022675934172e-01
5.824127593593064756e-01 4.891190253204191207e-01
5.924127593593064844e-01 4.890876139251387200e-01
6.024127593593064933e-01 4.890556680971540615e-01
6.124127593593065022e-01 4.890231878521318354e-01
6.224127593593065111e-01 4.889901732060041861e-01
6.324127593593065200e-01 4.889566241749687125e-01
6.424127593593065289e-01 4.889225407754887454e-01
6.524127593593065377e-01 4.888879230242933471e-01
6.624127593593065466e-01 4.888527709383779229e-01
6.724127593593065555e-01 4.888170845350041094e-01
6.824127593593065644e-01 4.887808638317001630e-01
6.924127593593065733e-01 4.887441088462612382e-01
7.024127593593065821e-01 4.887068195967494422e-01
7.124127593593065910e-01 4.886689961014942241e-01
7.224127593593065999e-01 4.886306383790926522e-01
7.324127593593066088e-01 4.885917464484098582e-01
7.424127593593066177e-01 4.885523203285790372e-01
7.524127593593066265e-01 4.885123600390015586e-01
7.624127593593066354e-01 4.884718655993481318e-01
7.724127593593066443e-01 4.884308370295579182e-01
7.824127593593066532e-01 4.883892743498399192e-01
7.924127593593066621e-01 4.883471775806728088e-01
8.024127593593066710e-01 4.883045467428051567e-01
8.124127593593066798e-01 4.882613818572560938e-01
8.224127593593066887e-01 4.882176829453155342e-01
8.324127593593066976e-01 4.881734500285445644e-01
8.424127593593067065e-01 4.881286831287758865e-01
8.524127593593067154e-01 4.880833822681139300e-01
8.624127593593067242e-01 4.880375474689359061e-01
8.724127593593067331e-01 4.879911787538913082e-01
8.824127593593067420e-01 4.879442761459032440e-01
8.924127593593067509e-01 4.878968396681682695e-01
9.024127593593067598e-01 4.878488693441570545e-01
9.124127593593067687e-01 4.878003651976152155e-01
9.224127593593067775e-01 4.877513272525627608e-01
9.324127593593067864e-01 4.877017555332959775e-01
9.424127593593067953e-01 4.876516500643867658e-01
9.524127593593068042e-01 4.876010108706838597e-01
9.624127593593068131e-01 4.875498379773129387e-01
9.724127593593068219e-01 4.874981314096776264e-01
9.824127593593068308e-01 4.874458911934597127e-01
9.924127593593068397e-01 4.873931173546195983e-01
1.002412759359306849e+00 4.873398099193974042e-01
1.012412759359306857e+00 4.872859689143131945e-01
1.022412759359306866e+00 4.872315943661678084e-01
1.032412759359306875e+00 4.871766863020431382e-01
1.042412759359306884e+00 4.871212447493033504e-01
1.052412759359306893e+00 4.870652697355949967e-01
1.062412759359306902e+00 4.870087612888482353e-01
1.072412759359306911e+00 4.869517194372771640e-01
1.082412759359306920e+00 4.868941442093803751e-01
1.092412759359306929e+00 4.868360356339426209e-01
1.102412759359306937e+00 4.867773937400342033e-01
1.112412759359306946e+00 4.867182185570129715e-01
1.122412759359306955e+00 4.866585101145244341e-01
1.132412759359306964e+00 4.865982684425028681e-01
1.142412759359306973e+00 4.865374935711719306e-01
1.152412759359306982e+00 4.864761855310457128e-01
1.162412759359306991e+00 4.864143443529295174e-01
1.172412759359307000e+00 4.863519700679207469e-01
1.182412759359307008e+00 4.862890627074097916e-01
1.192412759359307017e+00 4.862256223030810842e-01
1.202412759359307026e+00 4.861616488869140995e-01
1.212412759359307035e+00 4.860971424737691726e-01
1.222412759359307044e+00 4.860321029964551065e-01
1.232412759359307053e+00 4.859665304685761855e-01
1.242412759359307062e+00 4.859004249191844482e-01
1.252412759359307071e+00 4.858337863775671339e-01
1.262412759359307080e+00 4.857666148732469602e-01
1.272412759359307088e+00 4.856989104359824005e-01
1.282412759359307097e+00 4.856306730957686835e-01
1.292412759359307106e+00 4.855619028828374040e-01
1.302412759359307115e+00 4.854925998276576338e-01
1.312412759359307124e+00 4.854227639609360878e-01
1.322412759359307133e+00 4.853523953136181235e-01
1.332412759359307142e+00 4.852814939168877406e-01
1.342412759359307151e+00 4.852100598021681921e-01
1.352412759359307159e+00 4.851380930011229831e-01
1.362412759359307168e+00 4.850655935456563705e-01
1.372412759359307177e+00 4.849925614679136410e-01
1.382412759359307186e+00 4.849189968002821094e-01
1.392412759359307195e+00 4.848448995753916191e-01
1.402412759359307204e+00 4.847702698261155407e-01
1.412412759359307213e+00 4.846951075855712721e-01
1.422412759359307222e+00 4.846194128871210149e-01
1.432412759359307231e+00 4.845431857643725526e-01
1.442412759359307239e+00 4.844664262511801378e-01
1.452412759359307248e+00 4.843891343816454365e-01
1.462412759359307257e+00 4.843113101901181938e-01
1.472412759359307266e+00 4.842329537111971227e-01
1.482412759359307275e+00 4.841540649797311247e-01
1.492412759359307284e+00 4.840746440308199006e-01
1.502412759359307293e+00 4.839946908998150610e-01
1.512412759359307302e+00 4.839142056223212918e-01
1.522412759359307310e+00 4.838331882341970758e-01
1.532412759359307319e+00 4.837516387715561361e-01
1.542412759359307328e+00 4.836695572707682689e-01
1.552412759359307337e+00 4.835869437684605643e-01
1.562412759359307346e+00 4.835037983015184615e-01
1.572412759359307355e+00 4.834201209070873029e-01
1.582412759359307364e+00 4.833359116225730556e-01
1.592412759359307373e+00 4.832511704856440327e-01
1.602412759359307382e+00 4.831658975342316698e-01
1.612412759359307390e+00 4.830800928065327460e-01
1.622412759359307399e+00 4.829937563410095502e-01
1.632412759359307408e+00 4.829068881763922128e-01
1.642412759359307417e+00 4.828194883516798153e-01
1.652412759359307426e+00 4.827315569061417233e-01
1.662412759359307435e+00 4.826430938793192515e-01
1.672412759359307444e+00 4.825540993110272181e-01
1.682412759359307453e+00 4.824645732413553878e-01
1.692412759359307461e+00 4.823745157106703596e-01
1.702412759359307470e+00 4.822839267596167323e-01
1.712412759359307479e+00 4.821928064291191585e-01
1.722412759359307488e+00 4.821011547603840652e-01
1.732412759359307497e+00 4.820089717949010977e-01
1.742412759359307506e+00 4.819162575744454502e-01
1.752412759359307515e+00 4.818230121410789768e-01
1.762412759359307524e+00 4.817292355371528556e-01
1.772412759359307532e+00 4.816349278053088656e-01
1.782412759359307541e+00 4.815400889884817182e-01
1.792412759359307550e+00 4.814447191299008333e-01
1.802412759359307559e+00 4.813488182730926157e-01
1.812412759359307568e+00 4.812523864618822311e-01
1.822412759359307577e+00 4.811554237403958822e-01
1.832412759359307586e+00 4.810579301530631957e-01
1.842412759359307595e+00 4.809599057446188874e-01
1.852412759359307604e+00 4.808613505601055937e-01
1.862412759359307612e+00 4.807622646448755921e-01
1.872412759359307621e+00 4.806626480445936878e-01
1.882412759359307630e+00 4.805625008052392122e-01
1.892412759359307639e+00 4.804618229731086321e-01
1.902412759359307648e+00 4.803606145948178252e-01
1.912412759359307657e+00 4.802588757173049672e-01
1.922412759359307666e+00 4.801566063878325297e-01
1.932412759359307675e+00 4.800538066539903892e-01
1.942412759359307683e+00 4.799504765636982695e-01
1.952412759359307692e+00 4.798466161652084616e-01
1.962412759359307701e+00 4.797422255071083774e-01
1.972412759359307710e+00 4.796373046383238248e-01
1.982412759359307719e+00 4.795318536081213390e-01
1.992412759359307728e+00 4.794258724661113469e-01
2.002412759359307515e+00 4.793193612622510535e-01
2.012412759359307302e+00 4.792123200468474953e-01
2.022412759359307088e+00 4.791047488705602042e-01
2.032412759359306875e+00 4.789966477844049830e-01
2.042412759359306662e+00 4.788880168397563475e-01
2.052412759359306449e+00 4.787788560883511346e-01
2.062412759359306236e+00 4.786691655822916669e-01
2.072412759359306023e+00 4.785589453740488608e-01
2.082412759359305809e+00 4.784481955088273342e-01
2.092412759359305596e+00 4.783369157748290079e-01
2.102412759359305383e+00 4.782251060874945225e-01
2.112412759359305170e+00 4.781127664907725561e-01
2.122412759359304957e+00 4.779998970288619198e-01
2.132412759359304744e+00 4.778864977462138897e-01
2.142412759359304530e+00 4.777725686875352595e-01
2.152412759359304317e+00 4.776581098977911721e-01
2.162412759359304104e+00 4.775431214222079501e-01
2.172412759359303891e+00 4.774276033062760383e-01
2.182412759359303678e+00 4.773115555957533895e-01
2.192412759359303465e+00 4.771949783366679632e-01
2.202412759359303251e+00 4.770778715753215549e-01
2.212412759359303038e+00 4.769602353582923504e-01
2.222412759359302825e+00 4.768420697324390334e-01
2.232412759359302612e+00 4.767233747449031167e-01
2.242412759359302399e+00 4.766041504431133835e-01
2.252412759359302186e+00 4.764843968747887182e-01
2.262412759359301972e+00 4.763641140879416036e-01
2.272412759359301759e+00 4.762433021308821735e-01
2.282412759359301546e+00 4.761219610522215429e-01
2.292412759359301333e+00 4.760000909008756387e-01
2.302412759359301120e+00 4.758776917260691408e-01
2.312412759359300907e+00 4.757547635773389239e-01
2.322412759359300694e+00 4.756313065045386090e-01
2.332412759359300480e+00 4.755073205578418394e-01
2.342412759359300267e+00 4.753828057877470536e-01
2.352412759359300054e+00 4.752577622450809836e-01
2.362412759359299841e+00 4.751321899810035387e-01
2.372412759359299628e+00 4.750060890470114150e-01
2.382412759359299415e+00 4.748794594949427017e-01
2.392412759359299201e+00 4.747523013769814337e-01
2.402412759359298988e+00 4.746246147456620323e-01
2.412412759359298775e+00 4.744963996538734130e-01
2.422412759359298562e+00 4.743676561548643145e-01
2.432412759359298349e+00 4.742383843022474066e-01
2.442412759359298136e+00 4.741085841500043419e-01
2.452412759359297922e+00 4.739782557524904183e-01
2.462412759359297709e+00 4.738473991644396865e-01
2.472412759359297496e+00 4.737160144409697793e-01
2.482412759359297283e+00 4.735841016375868517e-01
2.492412759359297070e+00 4.734516608101910218e-01
2.502412759359296857e+00 4.733186920150815324e-01
2.512412759359296643e+00 4.731851953089613594e-01
2.522412759359296430e+00 4.730511707489435946e-01
2.532412759359296217e+00 4.729166183925559430e-01
2.542412759359296004e+00 4.727815382977468839e-01
2.552412759359295791e+00 4.726459305228908891e-01
2.562412759359295578e+00 4.725097951267940299e-01
2.572412759359295364e+00 4.723731321687000273e-01
2.582412759359295151e+00 4.722359417082955813e-01
2.592412759359294938e+00 4.720982238057165881e-01
2.602412759359294725e+00 4.719599785215540244e-01
2.612412759359294512e+00 4.718212059168600536e-01
2.622412759359294299e+00 4.716819060531537433e-01
2.632412759359294085e+00 4.715420789924277267e-01
2.642412759359293872e+00 4.714017247971541980e-01
2.652412759359293659e+00 4.712608435302912402e-01
2.662412759359293446e+00 4.711194352552895426e-01
2.672412759359293233e+00 4.709775000360984509e-01
2.682412759359293020e+00 4.708350377860358038e-01
2.692412759359292806e+00 4.706920480705976129e-01
2.702412759359292593e+00 4.705485309007554351e-01
2.712412759359292380e+00 4.704044863253761810e-01
2.722412759359292167e+00 4.702599143936558868e-01
2.732412759359291954e+00 4.701148151551260423e-01
2.742412759359291741e+00 4.699691886596598089e-01
2.752412759359291528e+00 4.698230349574788467e-01
2.762412759359291314e+00 4.696763540991594765e-01
2.772412759359291101e+00 4.695291461356396190e-01
2.782412759359290888e+00 4.693814111182255111e-01
2.792412759359290675e+00 4.692331490985985343e-01
2.802412759359290462e+00 4.690843601288219311e-01
2.812412759359290249e+00 4.689350442613484105e-01
2.822412759359290035e+00 4.687852015490265867e-01
2.832412759359289822e+00 4.686348320451088623e-01
2.842412759359289609e+00 4.684839358032582002e-01
2.852412759359289396e+00 4.683325128775558954e-01
2.862412759359289183e+00 4.681805633225090135e-01
2.872412759359288970e+00 4.680280871930579401e-01
2.882412759359288756e+00 4.678750845445840967e-01
2.892412759359288543e+00 4.677215554329178793e-01
2.902412759359288330e+00 4.675674999143463184e-01
2.912412759359288117e+00 4.674129180456215726e-01
2.922412759359287904e+00 4.672578098839682559e-01
2.932412759359287691e+00 4.671021754870923193e-01
2.942412759359287477e+00 4.669460149131891002e-01
2.952412759359287264e+00 4.667893282209515937e-01
2.962412759359287051e+00 4.666321154695793338e-01
2.972412759359286838e+00 4.664743767187864432e-01
2.982412759359286625e+00 4.663161120288107364e-01
2.992412759359286412e+00 4.661573214604225468e-01
3.002412759359286198e+00 4.659980050749331637e-01
3.012412759359285985e+00 4.658381629342043806e-01
3.022412759359285772e+00 4.656777951006572658e-01
3.032412759359285559e+00 4.655169016372814328e-01
3.042412759359285346e+00 4.653554826076443662e-01
3.052412759359285133e+00 4.651935380759006922e-01
3.062412759359284919e+00 4.650310681068019480e-01
3.072412759359284706e+00 4.648680727657059086e-01
3.082412759359284493e+00 4.647045521185864114e-01
3.092412759359284280e+00 4.645405062320430711e-01
3.102412759359284067e+00 4.643759351733114382e-01
3.112412759359283854e+00 4.642108390102726023e-01
3.122412759359283640e+00 4.640452178114636839e-01
3.132412759359283427e+00 4.638790716460878816e-01
3.142412759359283214e+00 4.637124005840245755e-01
3.152412759359283001e+00 4.635452046958402073e-01
3.162412759359282788e+00 4.633774837498098043e-01
3.172412759359282575e+00 4.632092371448253698e-01
3.182412759359282362e+00 4.630404649066169331e-01
3.192412759359282148e+00 4.628711670842730608e-01
3.202412759359281935e+00 4.627013437273781449e-01
3.212412759359281722e+00 4.625309948860237275e-01
3.222412759359281509e+00 4.623601206108189920e-01
3.232412759359281296e+00 4.621887209529018659e-01
3.242412759359281083e+00 4.620167959639506772e-01
3.252412759359280869e+00 4.618443456961948690e-01
3.262412759359280656e+00 4.616713702024267674e-01
3.272412759359280443e+00 4.614978695360126837e-01
3.282412759359280230e+00 4.613238437509052936e-01
3.292412759359280017e+00 4.611492929016546838e-01
3.302412759359279804e+00 4.609742170434206199e-01
3.312412759359279590e+00 4.607986162319846479e-01
3.322412759359279377e+00 4.606224905237618072e-01
3.332412759359279164e+00 4.604458399758134535e-01
3.342412759359278951e+00 4.602686646458590825e-01
3.352412759359278738e+00 4.600909645922892088e-01
3.362412759359278525e+00 4.599127398741778006e-01
3.372412759359278311e+00 4.597339905512952130e-01
3.382412759359278098e+00 4.595547166841207343e-01
3.392412759359277885e+00 4.593749183338558528e-01
3.402412759359277672e+00 4.591945955624373021e-01
3.412412759359277459e+00 4.590137484325501060e-01
3.422412759359277246e+00 4.588323770076411789e-01
3.432412759359277032e+00 4.586504813519324264e-01
3.442412759359276819e+00 4.584680615304349560e-01
3.452412759359276606e+00 4.582851176089620671e-01
3.462412759359276393e+00 4.581016496541435723e-01
3.472412759359276180e+00 4.579176577334395648e-01
3.482412759359275967e+00 4.577331419151544067e-01
3.492412759359275753e+00 4.575481022684511068e-01
3.502412759359275540e+00 4.573625388633655864e-01
3.512412759359275327e+00 4.571764517708209463e-01
3.522412759359275114e+00 4.569898410626420104e-01
3.532412759359274901e+00 4.568027068115705358e-01
3.542412759359274688e+00 4.566150490912792570e-01
3.552412759359274474e+00 4.564268679763872072e-01
3.562412759359274261e+00 4.562381635424745951e-01
3.572412759359274048e+00 4.560489354272587725e-01
3.582412759359273835e+00 4.558591828543885338e-01
3.592412759359273622e+00 4.556689058465037134e-01
3.602412759359273409e+00 4.554781044467966500e-01
3.612412759359273196e+00 4.552867786991692256e-01
3.622412759359272982e+00 4.550949286482487421e-01
3.632412759359272769e+00 4.549025543394044635e-01
3.642412759359272556e+00 4.547096558187638249e-01
3.652412759359272343e+00 4.545162331332286976e-01
3.662412759359272130e+00 4.543222863304927084e-01
3.672412759359271917e+00 4.541278154590571159e-01
3.682412759359271703e+00 4.539328205682485184e-01
3.692412759359271490e+00 4.537373017082355076e-01
3.702412759359271277e+00 4.535412589300460429e-01
3.712412759359271064e+00 4.533446922855847716e-01
3.722412759359270851e+00 4.531476018276504591e-01
3.732412759359270638e+00 4.529499876099539191e-01
3.742412759359270424e+00 4.527518496871352216e-01
3.752412759359270211e+00 4.525531881147822344e-01
3.762412759359269998e+00 4.523540029494482195e-01
3.772412759359269785e+00 4.521542942486700967e-01
3.782412759359269572e+00 4.519540620709873169e-01
3.792412759359269359e+00 4.517533064759595152e-01
3.802412759359269145e+00 4.515520275241856618e-01
3.812412759359268932e+00 4.513502252773224921e-01
3.822412759359268719e+00 4.511478997981037686e-01
3.832412759359268506e+00 4.509450511503589887e-01
3.842412759359268293e+00 4.507416793990325909e-01
3.852412759359268080e+00 4.505377846102035511e-01
3.862412759359267866e+00 4.503333668511042553e-01
3.872412759359267653e+00 4.501284261901405959e-01
3.882412759359267440e+00 4.499229626969112328e-01
3.892412759359267227e+00 4.497169764422280780e-01
3.902412759359267014e+00 4.495104674981353909e-01
3.912412759359266801e+00 4.493034359379305953e-01
3.922412759359266587e+00 4.490958818361841520e-01
3.932412759359266374e+00 4.488878049658205915e-01
3.942412759359266161e+00 4.486792042055175456e-01
3.952412759359265948e+00 4.484700794720907213e-01
3.962412759359265735e+00 4.482604308007911986e-01
3.972412759359265522e+00 4.480502582279056178e-01
3.982412759359265308e+00 4.478395617907782733e-01
3.992412759359265095e+00 4.476283415278332067e-01
4.002412759359264882e+00 4.474165974785970779e-01
4.012412759359264669e+00 4.472043296837215354e-01
4.022412759359264456e+00 4.469915381850059211e-01
4.032412759359264243e+00 4.467782230254203069e-01
4.042412759359264030e+00 4.465643842491285320e-01
4.052412759359263816e+00 4.463500219015112958e-01
4.062412759359263603e+00 4.461351360291898605e-01
4.072412759359263390e+00 4.459197266800492554e-01
4.082412759359263177e+00 4.457037939032619800e-01
4.092412759359262964e+00 4.454873377493121511e-01
4.102412759359262751e+00 4.452703582700192064e-01
4.112412759359262537e+00 4.450528555185618851e-01
4.122412759359262324e+00 4.448348295495029303e-01
4.132412759359262111e+00 4.446162804188131812e-01
4.142412759359261898e+00 4.443972081838963861e-01
4.152412759359261685e+00 4.441776129036136278e-01
4.162412759359261472e+00 4.439574946383084142e-01
4.172412759359261258e+00 4.437368534498317696e-01
4.182412759359261045e+00 4.435156894015669371e-01
4.192412759359260832e+00 4.432940025584553023e-01
4.202412759359260619e+00 4.430717929870213179e-01
4.212412759359260406e+00 4.428490607553984271e-01
4.222412759359260193e+00 4.426258059333544326e-01
4.232412759359259979e+00 4.424020285923176421e-01
4.242412759359259766e+00 4.421777288054028476e-01
4.252412759359259553e+00 4.419529066474373047e-01
4.262412759359259340e+00 4.417275613272960699e-01
4.272412759359259127e+00 4.415016918077658836e-01
4.282412759359258914e+00 4.412752981077090464e-01
4.292412759359258700e+00 4.410483802505138495e-01
4.302412759359258487e+00 4.408209382610296379e-01
4.312412759359258274e+00 4.405929721655952869e-01
4.322412759359258061e+00 4.403644819920689568e-01
4.332412759359257848e+00 4.401354677698569029e-01
4.342412759359257635e+00 4.399059295299437844e-01
4.352412759359257421e+00 4.396758673049213639e-01
4.362412759359257208e+00 4.394452811290191496e-01
4.372412759359256995e+00 4.392141710381340935e-01
4.382412759359256782e+00 4.389825370698606788e-01
4.392412759359256569e+00 4.387503792635214506e-01
4.402412759359256356e+00 4.385176976601972698e-01
4.412412759359256142e+00 4.382844923027582329e-01
4.422412759359255929e+00 4.380507632358940362e-01
4.432412759359255716e+00 4.378165105061453399e-01
4.442412759359255503e+00 4.375817341619344103e-01
4.452412759359255290e+00 4.373464342535969829e-01
4.462412759359255077e+00 4.371106108334127938e-01
4.472412759359254864e+00 4.368742639556378871e-01
4.482412759359254650e+00 4.366373936765359232e-01
4.492412759359254437e+00 4.364000000544098201e-01
4.502412759359254224e+00 4.361620831496341166e-01
4.512412759359254011e+00 4.359236430246867244e-01
4.522412759359253798e+00 4.356846797441812913e-01
4.532412759359253585e+00 4.354451933748998416e-01
4.542412759359253371e+00 4.352051839858245841e-01
4.552412759359253158e+00 4.349646516456661116e-01
4.562412759359252945e+00 4.347235951748423255e-01
4.572412759359252732e+00 4.344820135545494066e-01
4.582412759359252519e+00 4.342399067911191790e-01
4.592412759359252306e+00 4.339972748928463409e-01
4.602412759359252092e+00 4.337541178700251021e-01
4.612412759359251879e+00 4.335104357349858772e-01
4.622412759359251666e+00 4.332662285021320336e-01
4.632412759359251453e+00 4.330214961879768065e-01
4.642412759359251240e+00 4.327762388111803804e-01
4.652412759359251027e+00 4.325304563925875811e-01
4.662412759359250813e+00 4.322841489552645688e-01
4.672412759359250600e+00 4.320373165245370295e-01
4.682412759359250387e+00 4.317899591280279226e-01
4.692412759359250174e+00 4.315420767956948955e-01
4.702412759359249961e+00 4.312936695598686976e-01
4.712412759359249748e+00 4.310447374552912603e-01
4.722412759359249534e+00 4.307952805191539447e-01
4.732412759359249321e+00 4.305452987911363438e-01
4.742412759359249108e+00 4.302947923134443076e-01
4.752412759359248895e+00 4.300437611308492447e-01
4.762412759359248682e+00 4.297922052907265922e-01
4.772412759359248469e+00 4.295401248430951724e-01
4.782412759359248255e+00 4.292875198406561066e-01
4.792412759359248042e+00 4.290343903388321167e-01
4.802412759359247829e+00 4.287807363958071050e-01
4.812412759359247616e+00 4.285265580725654000e-01
4.822412759359247403e+00 4.282718554329316696e-01
4.832412759359247190e+00 4.280166283207234024e-01
4.842412759359246976e+00 4.277608748140713235e-01
4.852412759359246763e+00 4.275045944431850597e-01
4.862412759359246550e+00 4.272477871952362061e-01
4.872412759359246337e+00 4.269904530600262538e-01
4.882412759359246124e+00 4.267325920300314435e-01
4.892412759359245911e+00 4.264742041004477291e-01
4.902412759359245698e+00 4.262152892692357975e-01
4.912412759359245484e+00 4.259558475371666986e-01
4.922412759359245271e+00 4.256958789078673644e-01
4.932412759359245058e+00 4.254353833878659064e-01
4.942412759359244845e+00 4.251743609866376339e-01
4.952412759359244632e+00 4.249128117166506846e-01
4.962412759359244419e+00 4.246507355934125427e-01
4.972412759359244205e+00 4.243881326355157246e-01
4.982412759359243992e+00 4.241250028646842418e-01
4.992412759359243779e+00 4.238613463058201192e-01
5.002412759359243566e+00 4.235971629870497468e-01
5.012412759359243353e+00 4.233324529397707314e-01
5.022412759359243140e+00 4.230672161986984703e-01
5.032412759359242926e+00 4.228014528019131135e-01
5.042412759359242713e+00 4.225351627909067487e-01
5.052412759359242500e+00 4.222683462106301966e-01
5.062412759359242287e+00 4.220010031095405845e-01
5.072412759359242074e+00 4.217331335396483083e-01
5.082412759359241861e+00 4.214647375565647169e-01
5.092412759359241647e+00 4.211958145472887716e-01
5.102412759359241434e+00 4.209263623375964491e-01
5.112412759359241221e+00 4.206563807222147289e-01
5.122412759359241008e+00 4.203858696661507133e-01
5.132412759359240795e+00 4.201148291378580257e-01
5.142412759359240582e+00 4.198432591092900457e-01
5.152412759359240368e+00 4.195711595559549201e-01
5.162412759359240155e+00 4.192985304569691318e-01
5.172412759359239942e+00 4.190253717951121226e-01
5.182412759359239729e+00 4.187516835568806384e-01
5.192412759359239516e+00 4.184774657325435743e-01
5.202412759359239303e+00 4.182027183161962647e-01
5.212412759359239089e+00 4.179274413058156057e-01
5.222412759359238876e+00 4.176516347033150667e-01
5.232412759359238663e+00 4.173752985145990912e-01
5.242412759359238450e+00 4.170984327496187749e-01
5.252412759359238237e+00 4.168210374224268211e-01
5.262412759359238024e+00 4.165431125512329413e-01
5.272412759359237810e+00 4.162646581584589778e-01
5.282412759359237597e+00 4.159856742707943589e-01
5.292412759359237384e+00 4.157061609192519991e-01
5.302412759359237171e+00 4.154261181392235880e-01
5.312412759359236958e+00 4.151455459705350459e-01
5.322412759359236745e+00 4.148644444575027013e-01
5.332412759359236532e+00 4.145828131535643779e-01
5.342412759359236318e+00 4.143006495156849600e-01
5.352412759359236105e+00 4.140179531179865591e-01
5.362412759359235892e+00 4.137347238947853834e-01
5.372412759359235679e+00 4.134509617847904051e-01
5.382412759359235466e+00 4.131666667311658103e-01
5.392412759359235253e+00 4.128818386815958363e-01
5.402412759359235039e+00 4.125964775883487201e-01
5.412412759359234826e+00 4.123105834083407584e-01
5.422412759359234613e+00 4.120241561032005895e-01
5.432412759359234400e+00 4.117371956393337529e-01
5.442412759359234187e+00 4.114497019879866935e-01
5.452412759359233974e+00 4.111616751253113766e-01
5.462412759359233760e+00 4.108731150324299031e-01
5.472412759359233547e+00 4.105840216954991240e-01
5.482412759359233334e+00 4.102943951057746452e-01
5.492412759359233121e+00 4.100042352596766637e-01
5.502412759359232908e+00 4.097135421588533610e-01
5.512412759359232695e+00 4.094223158102465177e-01
5.522412759359232481e+00 4.091305562261559614e-01
5.532412759359232268e+00 4.088382634243042379e-01
5.542412759359232055e+00 4.085454374279017808e-01
5.552412759359231842e+00 4.082520782657113601e-01
5.562412759359231629e+00 4.079581846884673402e-01
5.572412759359231416e+00 4.076637541870430370e-01
5.582412759359231202e+00 4.073687865998511515e-01
5.592412759359230989e+00 4.070732818314348744e-01
5.602412759359230776e+00 4.067772397919065530e-01
5.612412759359230563e+00 4.064806603970220200e-01
5.622412759359230350e+00 4.061835435682553674e-01
5.632412759359230137e+00 4.058858892328732204e-01
5.642412759359229923e+00 4.055876973240092331e-01
5.652412759359229710e+00 4.052889677807389734e-01
5.662412759359229497e+00 4.049897005481539192e-01
5.672412759359229284e+00 4.046898955774364537e-01
5.682412759359229071e+00 4.043895528259340844e-01
5.692412759359228858e+00 4.040886722572343270e-01
5.702412759359228644e+00 4.037872538412388135e-01
5.712412759359228431e+00 4.034852975542380094e-01
5.722412759359228218e+00 4.031828033789859322e-01
5.732412759359228005e+00 4.028797713047740370e-01
5.742412759359227792e+00 4.025762013275061557e-01
5.752412759359227579e+00 4.022720934497727163e-01
5.762412759359227366e+00 4.019674476809247943e-01
5.772412759359227152e+00 4.016622637901731130e-01
5.782412759359226939e+00 4.013565386944399904e-01
5.792412759359226726e+00 4.010502713512819617e-01
5.802412759359226513e+00 4.007434616226518420e-01
5.812412759359226300e+00 4.004361093773904923e-01
5.822412759359226087e+00 4.001282144913128613e-01
5.832412759359225873e+00 3.998197768472936953e-01
5.842412759359225660e+00 3.995107963353531910e-01
5.852412759359225447e+00 3.992012728527427057e-01
5.862412759359225234e+00 3.988912063040305767e-01
5.872412759359225021e+00 3.985805966011874979e-01
5.882412759359224808e+00 3.982694436636720625e-01
5.892412759359224594e+00 3.979577474185163055e-01
5.902412759359224381e+00 3.976455078004109689e-01
5.912412759359224168e+00 3.973327247517907113e-01
5.922412759359223955e+00 3.970193982229189844e-01
5.932412759359223742e+00 3.967055281719739646e-01
5.942412759359223529e+00 3.963911145651320966e-01
5.952412759359223315e+00 3.960761573766542476e-01
5.962412759359223102e+00 3.957606565889694172e-01
5.972412759359222889e+00 3.954446121927598368e-01
5.982412759359222676e+00 3.951280219807890015e-01
5.992412759359222463e+00 3.948108833651025051e-01
6.002412759359222250e+00 3.944931961570227741e-01
6.012412759359222036e+00 3.941749601781515122e-01
6.022412759359221823e+00 3.938561752586394182e-01
6.032412759359221610e+00 3.935368412372834968e-01
6.042412759359221397e+00 3.932169579616253130e-01
6.052412759359221184e+00 3.928965252880483039e-01
6.062412759359220971e+00 3.925755430818753666e-01
6.072412759359220757e+00 3.922540112174661142e-01
6.082412759359220544e+00 3.919319295783137980e-01
6.092412759359220331e+00 3.916092980571426740e-01
6.102412759359220118e+00 3.912861165560040932e-01
6.112412759359219905e+00 3.909623849863738121e-01
6.122412759359219692e+00 3.906381032692475830e-01
6.132412759359219478e+00 3.903132713352379657e-01
6.142412759359219265e+00 3.899878891246694734e-01
6.152412759359219052e+00 3.896619565876749403e-01
6.162412759359218839e+00 3.893354736842905561e-01
6.172412759359218626e+00 3.890084394725366601e-01
6.182412759359218413e+00 3.886808500660474119e-01
6.192412759359218200e+00 3.883527048171966367e-01
6.202412759359217986e+00 3.880240034919884562e-01
6.212412759359217773e+00 3.876947458668184021e-01
6.222412759359217560e+00 3.873649317285837723e-01
6.232412759359217347e+00 3.870345608747944866e-01
6.242412759359217134e+00 3.867036331136831651e-01
6.252412759359216921e+00 3.863721482643152072e-01
6.262412759359216707e+00 3.860401061566985370e-01
6.272412759359216494e+00 3.857075066318928491e-01
6.282412759359216281e+00 3.853743495421188547e-01
6.292412759359216068e+00 3.850406347508669169e-01
6.302412759359215855e+00 3.847063621330057970e-01
6.312412759359215642e+00 3.843715315748902350e-01
6.322412759359215428e+00 3.840361429744691413e-01
6.332412759359215215e+00 3.837001962413929546e-01
6.342412759359215002e+00 3.833636912971202793e-01
6.352412759359214789e+00 3.830266280274214896e-01
6.362412759359214576e+00 3.826890029566179519e-01
6.372412759359214363e+00 3.823508137396420814e-01
6.382412759359214149e+00 3.820120600707258007e-01
6.392412759359213936e+00 3.816727416566276232e-01
6.402412759359213723e+00 3.813328582167577196e-01
6.412412759359213510e+00 3.809924094833017638e-01
6.422412759359213297e+00 3.806513952013456104e-01
6.432412759359213084e+00 3.803098151289987516e-01
6.442412759359212870e+00 3.799676690375173860e-01
6.452412759359212657e+00 3.796249567114272638e-01
6.462412759359212444e+00 3.792816779486463119e-01
6.472412759359212231e+00 3.789378325606054809e-01
6.482412759359212018e+00 3.785934203723714253e-01
6.492412759359211805e+00 3.782484412227659631e-01
6.502412759359211591e+00 3.779028949644875346e-01
6.512412759359211378e+00 3.775567814642301623e-01
6.522412759359211165e+00 3.772101006028031334e-01
6.532412759359210952e+00 3.768628515328089623e-01
6.542412759359210739e+00 3.765150294998560465e-01
6.552412759359210526e+00 3.761666333765781856e-01
6.562412759359210312e+00 3.758176628152062326e-01
6.572412759359210099e+00 3.754681174831032142e-01
6.582412759359209886e+00 3.751179970629019977e-01
6.592412759359209673e+00 3.747673012526422376e-01
6.602412759359209460e+00 3.744160297659065439e-01
6.612412759359209247e+00 3.740641823319562076e-01
6.622412759359209034e+00 3.737117586958663140e-01
6.632412759359208820e+00 3.733587586186603580e-01
6.642412759359208607e+00 3.730051818774432482e-01
6.652412759359208394e+00 3.726510282655352002e-01
6.662412759359208181e+00 3.722962975926037976e-01
6.672412759359207968e+00 3.719409896847953312e-01
6.682412759359207755e+00 3.715851043848659718e-01
6.692412759359207541e+00 3.712286415523119443e-01
6.702412759359207328e+00 3.708715998145886705e-01
6.712412759359207115e+00 3.705139741182528756e-01
6.722412759359206902e+00 3.701557635202236685e-01
6.732412759359206689e+00 3.697969675535754397e-01
6.742412759359206476e+00 3.694375857695290089e-01
6.752412759359206262e+00 3.690776177376071665e-01
6.762412759359206049e+00 3.687170630457880516e-01
6.772412759359205836e+00 3.683559213006592503e-01
6.782412759359205623e+00 3.679941921275694527e-01
6.792412759359205410e+00 3.676318751707806642e-01
6.802412759359205197e+00 3.672689700936183077e-01
6.812412759359204983e+00 3.669054765786213812e-01
6.822412759359204770e+00 3.665413943276909503e-01
6.832412759359204557e+00 3.661767230622384739e-01
6.842412759359204344e+00 3.658114625233320205e-01
6.852412759359204131e+00 3.654456124718429288e-01
6.862412759359203918e+00 3.650791719722502604e-01
6.872412759359203704e+00 3.647121354848835706e-01
6.882412759359203491e+00 3.643445014443518759e-01
6.892412759359203278e+00 3.639762693298691509e-01
6.902412759359203065e+00 3.636074386421881410e-01
6.912412759359202852e+00 3.632380089037680060e-01
6.922412759359202639e+00 3.628679796589414086e-01
6.932412759359202425e+00 3.624973504740798824e-01
6.942412759359202212e+00 3.621261209377584778e-01
6.952412759359201999e+00 3.617542906609192976e-01
6.962412759359201786e+00 3.613818592770336457e-01
6.972412759359201573e+00 3.610088264422628979e-01
6.982412759359201360e+00 3.606351918356183184e-01
6.992412759359201146e+00 3.602609551591196557e-01
7.002412759359200933e+00 3.598861161379524054e-01
7.012412759359200720e+00 3.595106745206237409e-01
7.022412759359200507e+00 3.591346266720879532e-01
7.032412759359200294e+00 3.587579678559718599e-01
7.042412759359200081e+00 3.583806973906520366e-01
7.052412759359199868e+00 3.580028146316120430e-01
7.062412759359199654e+00 3.576243189600242789e-01
7.072412759359199441e+00 3.572452097829352247e-01
7.082412759359199228e+00 3.568654865334482951e-01
7.092412759359199015e+00 3.564851486709069150e-01
7.102412759359198802e+00 3.561041956810751530e-01
7.112412759359198589e+00 3.557226270763162446e-01
7.122412759359198375e+00 3.553404423957708391e-01
7.132412759359198162e+00 3.549576412055329144e-01
7.142412759359197949e+00 3.545742230988239707e-01
7.152412759359197736e+00 3.541901876961667806e-01
7.162412759359197523e+00 3.538055346355615804e-01
7.172412759359197310e+00 3.534202591311518815e-01
7.182412759359197096e+00 3.530343568576052582e-01
7.192412759359196883e+00 3.526478270432353290e-01
7.202412759359196670e+00 3.522606689464824470e-01
7.212412759359196457e+00 3.518728818561145943e-01
7.222412759359196244e+00 3.514844650914280555e-01
7.232412759359196031e+00 3.510954180024448146e-01
7.242412759359195817e+00 3.507057399701087874e-01
7.252412759359195604e+00 3.503154304064801106e-01
7.262412759359195391e+00 3.499244887549272653e-01
7.272412759359195178e+00 3.495329144903171481e-01
7.282412759359194965e+00 3.491407071192039191e-01
7.292412759359194752e+00 3.487478661800144653e-01
7.302412759359194538e+00 3.483543912432334189e-01
7.312412759359194325e+00 3.479602795631323575e-01
7.322412759359194112e+00 3.475655243898105318e-01
7.332412759359193899e+00 3.471701244912496209e-01
7.342412759359193686e+00 3.467740789761195042e-01
7.352412759359193473e+00 3.463773869887510903e-01
7.362412759359193259e+00 3.459800477093528115e-01
7.372412759359193046e+00 3.455820603542256175e-01
7.382412759359192833e+00 3.451834241759751953e-01
7.392412759359192620e+00 3.447841384637215234e-01
7.402412759359192407e+00 3.443842025433064835e-01
7.412412759359192194e+00 3.439836157774988079e-01
7.422412759359191980e+00 3.435823775661966950e-01
7.432412759359191767e+00 3.431804873466273165e-01
7.442412759359191554e+00 3.427779445935446034e-01
7.452412759359191341e+00 3.423747445009684975e-01
7.462412759359191128e+00 3.419708811224039247e-01
7.472412759359190915e+00 3.415663533728399703e-01
7.482412759359190702e+00 3.411611602167757828e-01
7.492412759359190488e+00 3.407553006606530155e-01
7.502412759359190275e+00 3.403487737530878632e-01
7.512412759359190062e+00 3.399415785851004346e-01
7.522412759359189849e+00 3.395337142903412375e-01
7.532412759359189636e+00 3.391251800453148335e-01
7.542412759359189423e+00 3.387159750696000504e-01
7.552412759359189209e+00 3.383060986260673642e-01
7.562412759359188996e+00 3.378955500210932827e-01
7.572412759359188783e+00 3.374843286047715107e-01
7.582412759359188570e+00 3.370724313358890445e-01
7.592412759359188357e+00 3.366598501837984037e-01
7.602412759359188144e+00 3.362465834344438576e-01
7.612412759359187930e+00 3.358326298670606391e-01
7.622412759359187717e+00 3.354179883099661641e-01
7.632412759359187504e+00 3.350026576408077217e-01
7.642412759359187291e+00 3.345866367868080005e-01
7.652412759359187078e+00 3.341699247250066174e-01
7.662412759359186865e+00 3.337525204824975389e-01
7.672412759359186651e+00 3.333344231366633936e-01
7.682412759359186438e+00 3.329156318154053995e-01
7.692412759359186225e+00 3.324961456973704044e-01
7.702412759359186012e+00 3.320759640121728751e-01
7.712412759359185799e+00 3.316550814498558375e-01
7.722412759359185586e+00 3.312334906750120656e-01
7.732412759359185372e+00 3.308111901948979638e-01
7.742412759359185159e+00 3.303881786046455327e-01
7.752412759359184946e+00 3.299644545568478082e-01
7.762412759359184733e+00 3.295400167618216525e-01
7.772412759359184520e+00 3.291148639878653803e-01
7.782412759359184307e+00 3.286889950615126677e-01
7.792412759359184093e+00 3.282624088677810748e-01
7.802412759359183880e+00 3.278351043504166284e-01
7.812412759359183667e+00 3.274070805121336303e-01
7.822412759359183454e+00 3.269783364148494686e-01
7.832412759359183241e+00 3.265488690469527389e-01
7.842412759359183028e+00 3.261186687447808485e-01
7.852412759359182814e+00 3.256877329542047783e-01
7.862412759359182601e+00 3.252560600283254111e-01
7.872412759359182388e+00 3.248236483872367630e-01
7.882412759359182175e+00 3.243904965183034284e-01
7.892412759359181962e+00 3.239566029764320843e-01
7.902412759359181749e+00 3.235219663843380555e-01
7.912412759359181536e+00 3.230865854328059394e-01
7.922412759359181322e+00 3.226504588809451235e-01
7.932412759359181109e+00 3.222135855564393081e-01
7.942412759359180896e+00 3.217759643557904781e-01
7.952412759359180683e+00 3.213375908950846238e-01
7.962412759359180470e+00 3.208984551514468819e-01
7.972412759359180257e+00 3.204585547508455590e-01
7.982412759359180043e+00 3.200178878051213593e-01
7.992412759359179830e+00 3.195764525042426030e-01
8.002412759359179617e+00 3.191342471165926065e-01
8.012412759359179404e+00 3.186912699892508471e-01
8.022412759359179191e+00 3.182475195482678543e-01
8.032412759359178978e+00 3.178029942989323842e-01
8.042412759359178764e+00 3.173576928260329888e-01
8.052412759359178551e+00 3.169116137941117572e-01
8.062412759359178338e+00 3.164647554171703958e-01
8.072412759359178125e+00 3.160171070380853320e-01
8.082412759359177912e+00 3.155686631447838231e-01
8.092412759359177699e+00 3.151194215262985154e-01
8.102412759359177485e+00 3.146693800624730253e-01
8.112412759359177272e+00 3.142185367242616989e-01
8.122412759359177059e+00 3.137668895740205466e-01
8.132412759359176846e+00 3.133144367657915708e-01
8.142412759359176633e+00 3.128611765455782123e-01
8.152412759359176420e+00 3.124071072516127479e-01
8.162412759359176206e+00 3.119522273146159153e-01
8.172412759359175993e+00 3.114965348745623031e-01
8.182412759359175780e+00 3.110400187439226194e-01
8.192412759359175567e+00 3.105826723366102993e-01
8.202412759359175354e+00 3.101244931137048799e-01
8.212412759359175141e+00 3.096654786418763239e-01
8.222412759359174927e+00 3.092056265936899973e-01
8.232412759359174714e+00 3.087449347479025996e-01
8.242412759359174501e+00 3.082834009897481575e-01
8.252412759359174288e+00 3.078210233112146366e-01
8.262412759359174075e+00 3.073577998113101728e-01
8.272412759359173862e+00 3.068937286963202005e-01
8.282412759359173648e+00 3.064288058351081756e-01
8.292412759359173435e+00 3.059630177520324956e-01
8.302412759359173222e+00 3.054963601038609422e-01
8.312412759359173009e+00 3.050288300302974598e-01
8.322412759359172796e+00 3.045604247938190068e-01
8.332412759359172583e+00 3.040911417799772032e-01
8.342412759359172369e+00 3.036209784976888204e-01
8.352412759359172156e+00 3.031499325795140587e-01
8.362412759359171943e+00 3.026780017819241109e-01
8.372412759359171730e+00 3.022051839855555144e-01
8.382412759359171517e+00 3.017314766000001036e-01
8.392412759359171304e+00 3.012568660402047960e-01
8.402412759359171091e+00 3.007813447376967431e-01
8.412412759359170877e+00 3.003049093913919276e-01
8.422412759359170664e+00 2.998275568426015392e-01
8.432412759359170451e+00 2.993492840753307349e-01
8.442412759359170238e+00 2.988700882165638562e-01
8.452412759359170025e+00 2.983899665365356557e-01
8.462412759359169812e+00 2.979089164489892583e-01
8.472412759359169598e+00 2.974269355114181335e-01
8.482412759359169385e+00 2.969440204753781010e-01
8.492412759359169172e+00 2.964601560454819262e-01
8.502412759359168959e+00 2.959753345422568849e-01
8.512412759359168746e+00 2.954895522229347149e-01
8.522412759359168533e+00 2.950028055099115365e-01
8.532412759359168319e+00 2.945150909910309589e-01
8.542412759359168106e+00 2.940264054198519217e-01
8.552412759359167893e+00 2.935367457158983839e-01
8.562412759359167680e+00 2.930461089648933592e-01
8.572412759359167467e+00 2.925544924189749652e-01
8.582412759359167254e+00 2.920618883893767448e-01
8.592412759359167040e+00 2.915682800446426359e-01
8.602412759359166827e+00 2.910736623544284418e-01
8.612412759359166614e+00 2.905780311514432057e-01
8.622412759359166401e+00 2.900813824599208779e-01
8.632412759359166188e+00 2.895837124958713371e-01
8.642412759359165975e+00 2.890850176673112060e-01
8.652412759359165761e+00 2.885852945744742937e-01
8.662412759359165548e+00 2.880845400100017217e-01
8.672412759359165335e+00 2.875827487831554841e-01
8.682412759359165122e+00 2.870799018209285736e-01
8.692412759359164909e+00 2.865759912423069822e-01
8.702412759359164696e+00 2.860710122753490903e-01
8.712412759359164482e+00 2.855649603698591776e-01
8.722412759359164269e+00 2.850578311976046386e-01
8.732412759359164056e+00 2.845496206525093830e-01
8.742412759359163843e+00 2.840403248508232559e-01
8.752412759359163630e+00 2.835299401312666445e-01
8.762412759359163417e+00 2.830184601650932441e-01
8.772412759359163203e+00 2.825058638975471714e-01
8.782412759359162990e+00 2.819921430844171129e-01
8.792412759359162777e+00 2.814772923529901272e-01
8.802412759359162564e+00 2.809613065872594850e-01
8.812412759359162351e+00 2.804441809280843190e-01
8.822412759359162138e+00 2.799259107733222396e-01
8.832412759359161925e+00 2.794064917779319757e-01
8.842412759359161711e+00 2.788859198540466489e-01
8.852412759359161498e+00 2.783641819299463860e-01
8.862412759359161285e+00 2.778412573492065607e-01
8.872412759359161072e+00 2.773171396452305815e-01
8.882412759359160859e+00 2.767918228744656317e-01
8.892412759359160646e+00 2.762653013904221577e-01
8.902412759359160432e+00 2.757375698437451450e-01
8.912412759359160219e+00 2.752086231822524764e-01
8.922412759359160006e+00 2.746784566509368197e-01
8.932412759359159793e+00 2.741470622423574088e-01
8.942412759359159580e+00 2.736144144157089397e-01
8.952412759359159367e+00 2.730805030004732625e-01
8.962412759359159153e+00 2.725453212036551554e-01
8.972412759359158940e+00 2.720088625758118606e-01
8.982412759359158727e+00 2.714711210110348771e-01
8.992412759359158514e+00 2.709320907468907857e-01
9.002412759359158301e+00 2.703917663643202185e-01
9.012412759359158088e+00 2.698501397597896645e-01
9.022412759359157874e+00 2.693071829253502192e-01
9.032412759359157661e+00 2.687628836261345966e-01
9.042412759359157448e+00 2.682172342234888651e-01
9.052412759359157235e+00 2.676702274759943934e-01
9.062412759359157022e+00 2.671218565393190247e-01
9.072412759359156809e+00 2.665721149660191802e-01
9.082412759359156595e+00 2.660209967052913349e-01
9.092412759359156382e+00 2.654684887284953776e-01
9.102412759359156169e+00 2.649145603435506535e-01
9.112412759359155956e+00 2.643592009620508998e-01
9.122412759359155743e+00 2.638024021389813734e-01
9.132412759359155530e+00 2.632441558884356936e-01
9.142412759359155316e+00 2.626844546832832750e-01
9.152412759359155103e+00 2.621232914547761417e-01
9.162412759359154890e+00 2.615606591409603277e-01
9.172412759359154677e+00 2.609965281786044144e-01
9.182412759359154464e+00 2.604308764261362152e-01
9.192412759359154251e+00 2.598636941884602813e-01
9.202412759359154037e+00 2.592949723012631935e-01
9.212412759359153824e+00 2.587247021304960870e-01
9.222412759359153611e+00 2.581528755717852897e-01
9.232412759359153398e+00 2.575794850497676869e-01
9.242412759359153185e+00 2.570045068295832569e-01
9.252412759359152972e+00 2.564279078459003047e-01
9.262412759359152759e+00 2.558496769807390159e-01
9.272412759359152545e+00 2.552698038876886066e-01
9.282412759359152332e+00 2.546882788330728786e-01
9.292412759359152119e+00 2.541050926950949029e-01
9.302412759359151906e+00 2.535202369628918873e-01
9.312412759359151693e+00 2.529336850651005553e-01
9.322412759359151480e+00 2.523454003616794616e-01
9.332412759359151266e+00 2.517553704959432093e-01
9.342412759359151053e+00 2.511635839818578964e-01
9.352412759359150840e+00 2.505700300411104475e-01
9.362412759359150627e+00 2.499746986018954731e-01
9.372412759359150414e+00 2.493775796554450197e-01
9.382412759359150201e+00 2.487786324186114506e-01
9.392412759359149987e+00 2.481778265734983502e-01
9.402412759359149774e+00 2.475751487833433850e-01
9.412412759359149561e+00 2.469705865298154612e-01
9.422412759359149348e+00 2.463641281114554715e-01
9.432412759359149135e+00 2.457557626419863972e-01
9.442412759359148922e+00 2.451454683662298850e-01
9.452412759359148708e+00 2.445331929854570041e-01
9.462412759359148495e+00 2.439189180592254980e-01
9.472412759359148282e+00 2.433026292706494120e-01
9.482412759359148069e+00 2.426843132472400466e-01
9.492412759359147856e+00 2.420639575587385794e-01
9.502412759359147643e+00 2.414415464817899204e-01
9.512412759359147429e+00 2.408170225932342035e-01
9.522412759359147216e+00 2.401903573325822328e-01
9.532412759359147003e+00 2.395615346028267811e-01
9.542412759359146790e+00 2.389305393980644954e-01
9.552412759359146577e+00 2.382973578007073767e-01
9.562412759359146364e+00 2.376619734988814903e-01
9.572412759359146150e+00 2.370243237578966988e-01
9.582412759359145937e+00 2.363843745795153606e-01
9.592412759359145724e+00 2.357421081546811625e-01
9.602412759359145511e+00 2.350975079344600482e-01
9.612412759359145298e+00 2.344505586264432340e-01
9.622412759359145085e+00 2.338012371591795258e-01
9.632412759359144871e+00 2.331494701772322542e-01
9.642412759359144658e+00 2.324952272722025648e-01
9.652412759359144445e+00 2.318384891024168337e-01
9.662412759359144232e+00 2.311792377804269549e-01
9.672412759359144019e+00 2.305174568683569236e-01
9.682412759359143806e+00 2.298530990530184559e-01
9.692412759359143593e+00 2.291860915043679447e-01
9.702412759359143379e+00 2.285164109508661667e-01
9.712412759359143166e+00 2.278440365536193168e-01
9.722412759359142953e+00 2.271689491562869923e-01
9.732412759359142740e+00 2.264911215085434470e-01
9.742412759359142527e+00 2.258104623153402157e-01
9.752412759359142314e+00 2.251269330416354741e-01
9.762412759359142100e+00 2.244405110018055927e-01
9.772412759359141887e+00 2.237511754362745964e-01
9.782412759359141674e+00 2.230589045020794914e-01
9.792412759359141461e+00 2.223636051530362978e-01
9.802412759359141248e+00 2.216652192753496009e-01
9.812412759359141035e+00 2.209637207374331447e-01
9.822412759359140821e+00 2.202590856539602127e-01
9.832412759359140608e+00 2.195512895607698578e-01
9.842412759359140395e+00 2.188402300904182807e-01
9.852412759359140182e+00 2.181258415930430461e-01
9.862412759359139969e+00 2.174080959008936054e-01
9.872412759359139756e+00 2.166869674317084549e-01
9.882412759359139542e+00 2.159624230708937498e-01
9.892412759359139329e+00 2.152343381700681790e-01
9.902412759359139116e+00 2.145026553920389434e-01
9.912412759359138903e+00 2.137673446799065735e-01
9.922412759359138690e+00 2.130283789587578414e-01
9.932412759359138477e+00 2.122856921582259027e-01
9.942412759359138263e+00 2.115391486588784065e-01
9.952412759359138050e+00 2.107887087927108605e-01
9.962412759359137837e+00 2.100343413114995061e-01
9.972412759359137624e+00 2.092760121972886411e-01
9.982412759359137411e+00 2.085135742728763397e-01
9.992412759359137198e+00 2.077469449875576912e-01
1.000241275935913698e+01 2.069760889511179924e-01
1.001241275935913677e+01 2.062009747468587506e-01
1.002241275935913656e+01 2.054214827621657358e-01
1.003241275935913634e+01 2.046374743702329968e-01
1.004241275935913613e+01 2.038489101993789521e-01
1.005241275935913592e+01 2.030557555322441143e-01
1.006241275935913571e+01 2.022579029912983384e-01
1.007241275935913549e+01 2.014551775809021728e-01
1.008241275935913528e+01 2.006475340196748891e-01
1.009241275935913507e+01 1.998349348613920606e-01
1.010241275935913485e+01 1.990172546585433355e-01
1.011241275935913464e+01 1.981943044018639188e-01
1.012241275935913443e+01 1.973660369295615891e-01
1.013241275935913421e+01 1.965324124357711033e-01
1.014241275935913400e+01 1.956932442763514024e-01
1.015241275935913379e+01 1.948483669039116351e-01
1.016241275935913357e+01 1.939977336012929376e-01
1.017241275935913336e+01 1.931412801361170883e-01
1.018241275935913315e+01 1.922787421758691551e-01
1.019241275935913293e+01 1.914100140100304104e-01
1.020241275935913272e+01 1.905350493943487600e-01
1.021241275935913251e+01 1.896536749677714406e-01
1.022241275935913229e+01 1.887656387498563570e-01
1.023241275935913208e+01 1.878708862050769424e-01
1.024241275935913187e+01 1.869693233604430294e-01
1.025241275935913166e+01 1.860606212697775430e-01
1.026241275935913144e+01 1.851446795896098674e-01
1.027241275935913123e+01 1.842214339098841858e-01
1.028241275935913102e+01 1.832905439551683058e-01
1.029241275935913080e+01 1.823518434335721083e-01
1.030241275935913059e+01 1.814052741928040280e-01
1.031241275935913038e+01 1.804504880240065390e-01
1.032241275935913016e+01 1.794872686083705537e-01
1.033241275935912995e+01 1.785155535088559509e-01
1.034241275935912974e+01 1.775349518126313753e-01
1.035241275935912952e+01 1.765452393036247014e-01
1.036241275935912931e+01 1.755463303970764555e-01
1.037241275935912910e+01 1.745377565159018374e-01
1.038241275935912888e+01 1.735193376300648571e-01
1.039241275935912867e+01 1.724909019575184554e-01
1.040241275935912846e+01 1.714519248107549132e-01
1.041241275935912824e+01 1.704023370987684249e-01
1.042241275935912803e+01 1.693417768607842488e-01
1.043241275935912782e+01 1.682697980658720838e-01
1.044241275935912761e+01 1.671862045375397399e-01
1.045241275935912739e+01 1.660903667488304036e-01
1.046241275935912718e+01 1.649821742988382689e-01
1.047241275935912697e+01 1.638611104837457422e-01
1.048241275935912675e+01 1.627267627035408060e-01
1.049241275935912654e+01 1.615788240738984527e-01
1.050241275935912633e+01 1.604166194209099838e-01
1.051241275935912611e+01 1.592399390214536414e-01
1.052241275935912590e+01 1.580479833260861888e-01
1.053241275935912569e+01 1.568405538388715770e-01
1.054241275935912547e+01 1.556167878805359561e-01
1.055241275935912526e+01 1.543764173499626857e-01
1.056241275935912505e+01 1.531185200139066893e-01
1.057241275935912483e+01 1.518427811030273189e-01
1.058241275935912462e+01 1.505482101823132357e-01
1.059241275935912441e+01 1.492344204971604860e-01
1.060241275935912419e+01 1.479003911517688674e-01
1.061241275935912398e+01 1.465455607713678221e-01
1.062241275935912377e+01 1.451690294355818533e-01
1.063241275935912356e+01 1.437698388317116549e-01
1.064241275935912334e+01 1.423473265412552313e-01
1.065241275935912313e+01 1.409002860802177626e-01
1.066241275935912292e+01 1.394278718059860089e-01
1.067241275935912270e+01 1.379290908265435600e-01
1.068241275935912249e+01 1.364026730384322317e-01
1.069241275935912228e+01 1.348475529916053350e-01
1.070241275935912206e+01 1.332626465143456340e-01
1.071241275935912185e+01 1.316466069423462837e-01
1.072241275935912164e+01 1.299980817689874169e-01
1.073241275935912142e+01 1.283157672543791816e-01
1.074241275935912121e+01 1.265983691385106080e-01
1.075241275935912100e+01 1.248444386349694957e-01
1.076241275935912078e+01 1.230525191557986925e-01
1.077241275935912057e+01 1.212211574302878569e-01
1.078241275935912036e+01 1.193489152614610888e-01
1.079241275935912014e+01 1.174343880717904631e-01
1.080241275935911993e+01 1.154761753725264961e-01
1.081241275935911972e+01 1.134737630144551090e-01
1.082241275935911951e+01 1.114252498514533007e-01
1.083241275935911929e+01 1.093296262767473326e-01
1.084241275935911908e+01 1.071866364226114476e-01
1.085241275935911887e+01 1.049958656926725381e-01
1.086241275935911865e+01 1.027575981391670029e-01
1.087241275935911844e+01 1.004726625250302596e-01
1.088241275935911823e+01 9.814217982768697057e-02
1.089241275935911801e+01 9.576852989918299697e-02
1.090241275935911780e+01 9.335440334531482087e-02
1.091241275935911759e+01 9.090383622222472648e-02
1.092241275935911737e+01 8.842157620704223231e-02
1.093241275935911716e+01 8.591265132663347681e-02
1.094241275935911695e+01 8.338538851017672504e-02
1.095241275935911673e+01 8.084531770513363191e-02
1.096241275935911652e+01 7.830082415160154186e-02
1.097241275935911631e+01 7.576001969005170811e-02
1.098241275935911609e+01 7.323122378664516374e-02
1.099241275935911588e+01 7.072165190776964760e-02
1.100241275935911567e+01 6.823864770104062782e-02
1.101241275935911546e+01 6.466499547982569596e-02
1.102241275935911524e+01 6.057366943907610546e-02
1.103241275935911503e+01 5.688102360612124625e-02
1.104241275935911482e+01 5.353356547132837040e-02
1.105241275935911460e+01 5.048012374881663544e-02
1.106241275935911439e+01 4.768481515433938694e-02
1.107241275935911418e+01 4.510781452823436205e-02
1.108241275935911396e+01 4.230011660890591052e-02
1.109241275935911375e+01 4.014264330925212954e-02
1.110241275935911354e+01 3.812194897801542831e-02
1.111241275935911332e+01 3.622462835871352593e-02
1.112241275935911311e+01 3.444057553542472644e-02
1.113241275935911290e+01 3.276309325957088570e-02
1.114241275935911268e+01 3.118007905355334869e-02
1.115241275935911247e+01 2.967884893701005361e-02
1.116241275935911226e+01 2.825288867627801306e-02
1.117241275935911204e+01 2.689402830618345050e-02
1.118241275935911183e+01 2.559900497646524359e-02
1.119241275935911162e+01 2.436284222108292194e-02
1.120241275935911140e+01 2.319029268989970111e-02
1.121241275935911119e+01 2.206170984514158051e-02
1.122241275935911098e+01 2.097565590215335132e-02
1.123241275935911077e+01 1.994633072975508792e-02
1.124241275935911055e+01 1.894508869755169578e-02
1.125241275935911034e+01 1.797889499562375926e-02
1.126241275935911013e+01 1.705342865272366226e-02
1.127241275935910991e+01 1.615886274338215745e-02
1.128241275935910970e+01 1.528951052329503152e-02
1.129241275935910949e+01 1.445206269369770334e-02
1.130241275935910927e+01 1.364545744840842990e-02
1.131241275935910906e+01 1.286403262148584289e-02
1.132241275935910885e+01 1.210095121654855381e-02
1.133241275935910863e+01 1.137250186719020173e-02
1.134241275935910842e+01 1.066671054706674719e-02
1.135241275935910821e+01 9.981017477446438302e-03
1.136241275935910799e+01 9.320027135978070643e-03
1.137241275935910778e+01 8.681603139174234179e-03
1.138241275935910757e+01 8.065346412262230577e-03
1.139241275935910735e+01 7.467562371922756986e-03
1.140241275935910714e+01 6.893716050817171037e-03
1.141241275935910693e+01 6.349056884577176756e-03
1.142241275935910672e+01 5.822251345587148817e-03
1.143241275935910650e+01 5.313047312003775675e-03
1.144241275935910629e+01 4.825632793723053267e-03
1.145241275935910608e+01 4.362591621526424809e-03
1.146241275935910586e+01 3.920622747271958197e-03
1.147241275935910565e+01 3.502643870747632147e-03
1.148241275935910544e+01 3.106675057875120209e-03
1.149241275935910522e+01 2.740041012046063283e-03
1.150241275935910501e+01 2.400809350382767347e-03
1.151241275935910480e+01 2.063016983586828286e-03
1.152241275935910458e+01 1.691337219289054585e-03
1.153241275935910437e+01 1.314938352255501982e-03
1.154241275935910416e+01 1.011563134533766551e-03
1.155241275935910394e+01 7.867366337946691017e-04
1.156241275935910373e+01 6.241566767661179240e-04
1.157241275935910352e+01 5.065547507291032203e-04
1.158241275935910330e+01 4.206257674969716759e-04
1.159241275935910309e+01 3.570249622775210148e-04
1.160241275935910288e+01 3.093725699000442349e-04
1.161241275935910267e+01 2.733300922084941093e-04
1.162241275935910245e+01 2.450014485126075954e-04
1.163241275935910224e+01 2.191896500552056599e-04
1.164241275935910203e+01 1.975096822006993692e-04
1.165241275935910181e+01 1.797062730592326586e-04
1.166241275935910160e+01 1.575422372652514899e-04
1.167241275935910139e+01 1.429784129222849459e-04
1.168241275935910117e+01 1.273710459215584233e-04
1.169241275935910096e+01 1.115877405997092590e-04
1.170241275935910075e+01 1.008411298180885899e-04
1.171241275935910053e+01 9.080658856655211472e-05
1.172241275935910032e+01 8.049051110400227093e-05
1.173241275935910011e+01 7.008543968308386381e-05
1.174241275935909989e+01 6.272257015916456462e-05
1.175241275935909968e+01 5.590978147527011144e-05
1.176241275935909947e+01 4.962294000313609369e-05
1.177241275935909925e+01 4.278180287865018306e-05
1.178241275935909904e+01 3.677985041968131162e-05
1.179241275935909883e+01 3.238134685374388796e-05
1.180241275935909862e+01 2.793227722865368178e-05
1.181241275935909840e+01 2.437513475816861279e-05
1.182241275935909819e+01 2.114053203461237118e-05
1.183241275935909798e+01 1.822957348059692473e-05
1.184241275935909776e+01 1.507038579024234552e-05
1.185241275935909755e+01 1.286583834160928412e-05
1.186241275935909734e+01 1.089157499347518068e-05
1.187241275935909712e+01 9.134077145883371431e-06
1.188241275935909691e+01 7.612080501469134946e-06
1.189241275935909670e+01 6.014342961097502434e-06
1.190241275935909648e+01 4.902525112346778363e-06
1.191241275935909627e+01 3.938743036744541880e-06
1.192241275935909606e+01 3.111804896272975403e-06
1.193241275935909584e+01 2.410732531081506603e-06
1.194241275935909563e+01 1.774875134293774901e-06
1.195241275935909542e+01 1.320215416836261117e-06
1.196241275935909520e+01 9.534014609522494241e-07
1.197241275935909499e+01 6.332229040932159768e-07
1.198241275935909478e+01 4.263033035058294577e-07
1.199241275935909457e+01 2.701145306687034442e-07
1.200241275935909435e+01 1.500341357488324393e-07
1.201241275935909414e+01 7.885451635496272720e-08
1.202241275935909393e+01 3.420504561297542198e-08
1.203241275935909371e+01 1.086272202320449583e-08
1.204241275935909350e+01 3.379257012948039743e-09
1.204659083923259288e+01 1.737980423596989764e-10
