1.000000000000000021e-03 4.226532257334597031e-01
2.412411329832898129e-03 4.226532166548575553e-01
1.241241132983289877e-02 4.226529374095244762e-01
2.241241132983289724e-02 4.226522814374622516e-01
3.241241132983289919e-02 4.226512487386319128e-01
4.241241132983290113e-02 4.226498393129705100e-01
5.241241132983290307e-02 4.226480531603926116e-01
6.241241132983290502e-02 4.226458902807891382e-01
7.241241132983290696e-02 4.226433506740285284e-01
8.241241132983290196e-02 4.226404343399562946e-01
9.241241132983289697e-02 4.226371412783948012e-01
1.024124113298328920e-01 4.226334714891436528e-01
1.124124113298328870e-01 4.226294249719795837e-01
1.224124113298328820e-01 4.226250017266562908e-01
1.324124113298328909e-01 4.226202017529046562e-01
1.424124113298328997e-01 4.226150250504327466e-01
1.524124113298329086e-01 4.226094716189255918e-01
1.624124113298329175e-01 4.226035414580455174e-01
1.724124113298329264e-01 4.225972345674319786e-01
1.824124113298329353e-01 4.225905509467015042e-01
1.924124113298329442e-01 4.225834905954477527e-01
2.024124113298329530e-01 4.225760535132418449e-01
2.124124113298329619e-01 4.225682396996319201e-01
2.224124113298329708e-01 4.225600491541432469e-01
2.324124113298329797e-01 4.225514818762786118e-01
2.424124113298329886e-01 4.225425378655176534e-01
2.524124113298329974e-01 4.225332171213178611e-01
2.624124113298330063e-01 4.225235196431134099e-01
2.724124113298330152e-01 4.225134454303163256e-01
2.824124113298330241e-01 4.225029944823155970e-01
2.924124113298330330e-01 4.224921667984777862e-01
3.024124113298330419e-01 4.224809623781467516e-01
3.124124113298330507e-01 4.224693812206439247e-01
3.224124113298330596e-01 4.224574233252680888e-01
3.324124113298330685e-01 4.224450886912953784e-01
3.424124113298330774e-01 4.224323773179797237e-01
3.524124113298330863e-01 4.224192892045524061e-01
3.624124113298330951e-01 4.224058243502222809e-01
3.724124113298331040e-01 4.223919827541758876e-01
3.824124113298331129e-01 4.223777644155776168e-01
3.924124113298331218e-01 4.223631693335690440e-01
4.024124113298331307e-01 4.223481975072700401e-01
4.124124113298331396e-01 4.223328489357778825e-01
4.224124113298331484e-01 4.223171236181678112e-01
4.324124113298331573e-01 4.223010215534929168e-01
4.424124113298331662e-01 4.222845427407843077e-01
4.524124113298331751e-01 4.222676871790508879e-01
4.624124113298331840e-01 4.222504548672796898e-01
4.724124113298331928e-01 4.222328458044357635e-01
4.824124113298332017e-01 4.222148599894624543e-01
4.924124113298332106e-01 4.221964974212810695e-01
5.024124113298331640e-01 4.221777580987913225e-01
5.124124113298331729e-01 4.221586420208712220e-01
5.224124113298331817e-01 4.221391491863771828e-01
5.324124113298331906e-01 4.221192795941440812e-01
5.424124113298331995e-01 4.220990332429852554e-01
5.524124113298332084e-01 4.220784101316927828e-01
5.624124113298332173e-01 4.220574102590371468e-01
5.724124113298332261e-01 4.220360336237679588e-01
5.824124113298332350e-01 4.220142802246135694e-01
5.924124113298332439e-01 4.219921500602810127e-01
6.024124113298332528e-01 4.219696431294565619e-01
6.124124113298332617e-01 4.219467594308057845e-01
6.224124113298332706e-01 4.219234989629730426e-01
6.324124113298332794e-01 4.218998617245823257e-01
6.424124113298332883e-01 4.218758477142369734e-01
6.524124113298332972e-01 4.218514569305196749e-01
6.624124113298333061e-01 4.218266893719929689e-01
6.724124113298333150e-01 4.218015450371991326e-01
6.824124113298333238e-01 4.217760239246601262e-01
6.924124113298333327e-01 4.217501260328780366e-01
7.024124113298333416e-01 4.217238513603351890e-01
7.124124113298333505e-01 4.216971999054936471e-01
7.224124113298333594e-01 4.216701716667966005e-01
7.324124113298333683e-01 4.216427666426669774e-01
7.424124113298333771e-01 4.216149848315089432e-01
7.524124113298333860e-01 4.215868262317071236e-01
7.624124113298333949e-01 4.215582908416273811e-01
7.724124113298334038e-01 4.215293786596163716e-01
7.824124113298334127e-01 4.215000896840022659e-01
7.924124113298334215e-01 4.214704239130944718e-01
8.024124113298334304e-01 4.214403813351475514e-01
8.124124113298334393e-01 4.214099619184397127e-01
8.224124113298334482e-01 4.213791656576799105e-01
8.324124113298334571e-01 4.213479925493641143e-01
8.424124113298334660e-01 4.213164425899395549e-01
8.524124113298334748e-01 4.212845157758054460e-01
8.624124113298334837e-01 4.212522121033120404e-01
8.724124113298334926e-01 4.212195315687609631e-01
8.824124113298335015e-01 4.211864741684047675e-01
8.924124113298335104e-01 4.211530398984472678e-01
9.024124113298335192e-01 4.211192287550429847e-01
9.124124113298335281e-01 4.210850407342973112e-01
9.224124113298335370e-01 4.210504758322662355e-01
9.324124113298335459e-01 4.210155340449562300e-01
9.424124113298335548e-01 4.209802153683241954e-01
9.524124113298335637e-01 4.209445197982775722e-01
9.624124113298335725e-01 4.209084473306737850e-01
9.724124113298335814e-01 4.208719979613205209e-01
9.824124113298335903e-01 4.208351716859755065e-01
9.924124113298335992e-01 4.207979685003463977e-01
1.002412411329833608e+00 4.207603884000908345e-01
1.012412411329833617e+00 4.207224313808159977e-01
1.022412411329833626e+00 4.206840974380791631e-01
1.032412411329833635e+00 4.206453865673870363e-01
1.042412411329833644e+00 4.206062987641959738e-01
1.052412411329833652e+00 4.205668340239118730e-01
1.062412411329833661e+00 4.205269923418901157e-01
1.072412411329833670e+00 4.204867737134356243e-01
1.082412411329833679e+00 4.204461781338026949e-01
1.092412411329833688e+00 4.204052055981948310e-01
1.102412411329833697e+00 4.203638561017651321e-01
1.112412411329833706e+00 4.203221296396158491e-01
1.122412411329833715e+00 4.202800262067986625e-01
1.132412411329833724e+00 4.202375457983143492e-01
1.142412411329833732e+00 4.201946884091133372e-01
1.152412411329833741e+00 4.201514540340949844e-01
1.162412411329833750e+00 4.201078426681082445e-01
1.172412411329833759e+00 4.200638543059511121e-01
1.182412411329833768e+00 4.200194889423713995e-01
1.192412411329833777e+00 4.199747465720657380e-01
1.202412411329833786e+00 4.199296271896806321e-01
1.212412411329833795e+00 4.198841307898119601e-01
1.222412411329833803e+00 4.198382573670050855e-01
1.232412411329833812e+00 4.197920069157550227e-01
1.242412411329833821e+00 4.197453794305064934e-01
1.252412411329833830e+00 4.196983749056539259e-01
1.262412411329833839e+00 4.196509933355418442e-01
1.272412411329833848e+00 4.196032347144642571e-01
1.282412411329833857e+00 4.195550990366658239e-01
1.292412411329833866e+00 4.195065862963410219e-01
1.302412411329833875e+00 4.194576964876348679e-01
1.312412411329833883e+00 4.194084296046427518e-01
1.322412411329833892e+00 4.193587856414106030e-01
1.332412411329833901e+00 4.193087645919353901e-01
1.342412411329833910e+00 4.192583664501647878e-01
1.352412411329833919e+00 4.192075912099977875e-01
1.362412411329833928e+00 4.191564388652846973e-01
1.372412411329833937e+00 4.191049094098271421e-01
1.382412411329833946e+00 4.190530028373788962e-01
1.392412411329833954e+00 4.190007191416453280e-01
1.402412411329833963e+00 4.189480583162843441e-01
1.412412411329833972e+00 4.188950203549061113e-01
1.422412411329833981e+00 4.188416052510735010e-01
1.432412411329833990e+00 4.187878129983025888e-01
1.442412411329833999e+00 4.187336435900627096e-01
1.452412411329834008e+00 4.186790970197766248e-01
1.462412411329834017e+00 4.186241732808212990e-01
1.472412411329834026e+00 4.185688723665275668e-01
1.482412411329834034e+00 4.185131942701810215e-01
1.492412411329834043e+00 4.184571389850224032e-01
1.502412411329834052e+00 4.184007065042473772e-01
1.512412411329834061e+00 4.183438968210075881e-01
1.522412411329834070e+00 4.182867099284104939e-01
1.532412411329834079e+00 4.182291458195201428e-01
1.542412411329834088e+00 4.181712044873576173e-01
1.552412411329834097e+00 4.181128859249012564e-01
1.562412411329834105e+00 4.180541901250870995e-01
1.572412411329834114e+00 4.179951170808096084e-01
1.582412411329834123e+00 4.179356667849218332e-01
1.592412411329834132e+00 4.178758392302362457e-01
1.602412411329834141e+00 4.178156344095249053e-01
1.612412411329834150e+00 4.177550523155204032e-01
1.622412411329834159e+00 4.176940929409159731e-01
1.632412411329834168e+00 4.176327562783662684e-01
1.642412411329834176e+00 4.175710423204880839e-01
1.652412411329834185e+00 4.175089510598606890e-01
1.662412411329834194e+00 4.174464824890265491e-01
1.672412411329834203e+00 4.173836366004920473e-01
1.682412411329834212e+00 4.173204133867279286e-01
1.692412411329834221e+00 4.172568128401701881e-01
1.702412411329834230e+00 4.171928349532207370e-01
1.712412411329834239e+00 4.171284797182477355e-01
1.722412411329834248e+00 4.170637471275870367e-01
1.732412411329834256e+00 4.169986371735421304e-01
1.742412411329834265e+00 4.169331498483853093e-01
1.752412411329834274e+00 4.168672851443587235e-01
1.762412411329834283e+00 4.168010430536744915e-01
1.772412411329834292e+00 4.167344235685161991e-01
1.782412411329834301e+00 4.166674266810391214e-01
1.792412411329834310e+00 4.166000523833716107e-01
1.802412411329834319e+00 4.165323006676156514e-01
1.812412411329834327e+00 4.164641715258480259e-01
1.822412411329834336e+00 4.163956649501208140e-01
1.832412411329834345e+00 4.163267809324626145e-01
1.842412411329834354e+00 4.162575194648797106e-01
1.852412411329834363e+00 4.161878805393566250e-01
1.862412411329834372e+00 4.161178641478573415e-01
1.872412411329834381e+00 4.160474702823261373e-01
1.882412411329834390e+00 4.159766989346891375e-01
1.892412411329834399e+00 4.159055500968548702e-01
1.902412411329834407e+00 4.158340237607153766e-01
1.912412411329834416e+00 4.157621199181477656e-01
1.922412411329834425e+00 4.156898385610148239e-01
1.932412411329834434e+00 4.156171796811664043e-01
1.942412411329834443e+00 4.155441432704407578e-01
1.952412411329834452e+00 4.154707293206655883e-01
1.962412411329834461e+00 4.153969378236592180e-01
1.972412411329834470e+00 4.153227687712319205e-01
1.982412411329834478e+00 4.152482221551871411e-01
1.992412411329834487e+00 4.151732979673230517e-01
2.002412411329834274e+00 4.150979961994334944e-01
2.012412411329834061e+00 4.150223168433094800e-01
2.022412411329833848e+00 4.149462598907407429e-01
2.032412411329833635e+00 4.148698253335169062e-01
2.042412411329833422e+00 4.147930131634292028e-01
2.052412411329833208e+00 4.147158233722713083e-01
2.062412411329832995e+00 4.146382559518416722e-01
2.072412411329832782e+00 4.145603108939443504e-01
2.082412411329832569e+00 4.144819881903910042e-01
2.092412411329832356e+00 4.144032878330018987e-01
2.102412411329832143e+00 4.143242098136080687e-01
2.112412411329831929e+00 4.142447541240527609e-01
2.122412411329831716e+00 4.141649206747926582e-01
2.132412411329831503e+00 4.140847092340203539e-01
2.142412411329831290e+00 4.140041197741788359e-01
2.152412411329831077e+00 4.139231522798201834e-01
2.162412411329830864e+00 4.138418067354227015e-01
2.172412411329830650e+00 4.137600831253924749e-01
2.182412411329830437e+00 4.136779814340643124e-01
2.192412411329830224e+00 4.135955016457031896e-01
2.202412411329830011e+00 4.135126437445051373e-01
2.212412411329829798e+00 4.134294077145990731e-01
2.222412411329829585e+00 4.133457935400476901e-01
2.232412411329829371e+00 4.132618012048488443e-01
2.242412411329829158e+00 4.131774306929370533e-01
2.252412411329828945e+00 4.130926819881851064e-01
2.262412411329828732e+00 4.130075550744051194e-01
2.272412411329828519e+00 4.129220499353500329e-01
2.282412411329828306e+00 4.128361665547157222e-01
2.292412411329828092e+00 4.127499049161416078e-01
2.302412411329827879e+00 4.126632650032130423e-01
2.312412411329827666e+00 4.125762467994626981e-01
2.322412411329827453e+00 4.124888502883717334e-01
2.332412411329827240e+00 4.124010754533722900e-01
2.342412411329827027e+00 4.123129222778485481e-01
2.352412411329826813e+00 4.122243907451387801e-01
2.362412411329826600e+00 4.121354808385371271e-01
2.372412411329826387e+00 4.120461925412953197e-01
2.382412411329826174e+00 4.119565258366246208e-01
2.392412411329825961e+00 4.118664807076977685e-01
2.402412411329825748e+00 4.117760571376506418e-01
2.412412411329825535e+00 4.116852551095845358e-01
2.422412411329825321e+00 4.115940746065681055e-01
2.432412411329825108e+00 4.115025156116391414e-01
2.442412411329824895e+00 4.114105781078071233e-01
2.452412411329824682e+00 4.113182620780548304e-01
2.462412411329824469e+00 4.112255675053408388e-01
2.472412411329824256e+00 4.111324943726015757e-01
2.482412411329824042e+00 4.110390426627534843e-01
2.492412411329823829e+00 4.109452123586956329e-01
2.502412411329823616e+00 4.108510034433114910e-01
2.512412411329823403e+00 4.107564158994716497e-01
2.522412411329823190e+00 4.106614497100361527e-01
2.532412411329822977e+00 4.105661048578569949e-01
2.542412411329822763e+00 4.104703813257800094e-01
2.552412411329822550e+00 4.103742790966484200e-01
2.562412411329822337e+00 4.102777981533044516e-01
2.572412411329822124e+00 4.101809384785922163e-01
2.582412411329821911e+00 4.100837000553606559e-01
2.592412411329821698e+00 4.099860828664656509e-01
2.602412411329821484e+00 4.098880868947731848e-01
2.612412411329821271e+00 4.097897121231619533e-01
2.622412411329821058e+00 4.096909585345258620e-01
2.632412411329820845e+00 4.095918261117773573e-01
2.642412411329820632e+00 4.094923148378500355e-01
2.652412411329820419e+00 4.093924246957015844e-01
2.662412411329820205e+00 4.092921556683165596e-01
2.672412411329819992e+00 4.091915077387098254e-01
2.682412411329819779e+00 4.090904808899291645e-01
2.692412411329819566e+00 4.089890751050587192e-01
2.702412411329819353e+00 4.088872903672218229e-01
2.712412411329819140e+00 4.087851266595842192e-01
2.722412411329818926e+00 4.086825839653576709e-01
2.732412411329818713e+00 4.085796622678026790e-01
2.742412411329818500e+00 4.084763615502320921e-01
2.752412411329818287e+00 4.083726817960143252e-01
2.762412411329818074e+00 4.082686229885770235e-01
2.772412411329817861e+00 4.081641851114101160e-01
2.782412411329817647e+00 4.080593681480696455e-01
2.792412411329817434e+00 4.079541720821810991e-01
2.802412411329817221e+00 4.078485968974430165e-01
2.812412411329817008e+00 4.077426425776308205e-01
2.822412411329816795e+00 4.076363091065999256e-01
2.832412411329816582e+00 4.075295964682903449e-01
2.842412411329816369e+00 4.074225046467295219e-01
2.852412411329816155e+00 4.073150336260368820e-01
2.862412411329815942e+00 4.072071833904271076e-01
2.872412411329815729e+00 4.070989539221307463e-01
2.882412411329815516e+00 4.069903448456971273e-01
2.892412411329815303e+00 4.068813558720565382e-01
2.902412411329815090e+00 4.067719869718577352e-01
2.912412411329814876e+00 4.066622381157117272e-01
2.922412411329814663e+00 4.065521092741954390e-01
2.932412411329814450e+00 4.064416004178552644e-01
2.942412411329814237e+00 4.063307115172108963e-01
2.952412411329814024e+00 4.062194425427590461e-01
2.962412411329813811e+00 4.061077934649772736e-01
2.972412411329813597e+00 4.059957642543279843e-01
2.982412411329813384e+00 4.058833548812623704e-01
2.992412411329813171e+00 4.057705653162244075e-01
3.002412411329812958e+00 4.056573955296548517e-01
3.012412411329812745e+00 4.055438454919954028e-01
3.022412411329812532e+00 4.054299151736929230e-01
3.032412411329812318e+00 4.053156045452037670e-01
3.042412411329812105e+00 4.052009135769980008e-01
3.052412411329811892e+00 4.050858422395635650e-01
3.062412411329811679e+00 4.049703905034109930e-01
3.072412411329811466e+00 4.048545583390777414e-01
3.082412411329811253e+00 4.047383457171325749e-01
3.092412411329811039e+00 4.046217526081805071e-01
3.102412411329810826e+00 4.045047789828674079e-01
3.112412411329810613e+00 4.043874248118841663e-01
3.122412411329810400e+00 4.042696900659720205e-01
3.132412411329810187e+00 4.041515747159272753e-01
3.142412411329809974e+00 4.040330787326060769e-01
3.152412411329809760e+00 4.039142020869294081e-01
3.162412411329809547e+00 4.037949447498881406e-01
3.172412411329809334e+00 4.036753066925479194e-01
3.182412411329809121e+00 4.035552878860544923e-01
3.192412411329808908e+00 4.034348883016388720e-01
3.202412411329808695e+00 4.033141079106224991e-01
3.212412411329808481e+00 4.031929466844225152e-01
3.222412411329808268e+00 4.030714045945573143e-01
3.232412411329808055e+00 4.029494816126516499e-01
3.242412411329807842e+00 4.028271777104426299e-01
3.252412411329807629e+00 4.027044928597846574e-01
3.262412411329807416e+00 4.025814270326555921e-01
3.272412411329807203e+00 4.024579802011621354e-01
3.282412411329806989e+00 4.023341523375454920e-01
3.292412411329806776e+00 4.022099434141875318e-01
3.302412411329806563e+00 4.020853534036162302e-01
3.312412411329806350e+00 4.019603822785117186e-01
3.322412411329806137e+00 4.018350300117126683e-01
3.332412411329805924e+00 4.017092965762216750e-01
3.342412411329805710e+00 4.015831819452118090e-01
3.352412411329805497e+00 4.014566860920327218e-01
3.362412411329805284e+00 4.013298089902169186e-01
3.372412411329805071e+00 4.012025506134858643e-01
3.382412411329804858e+00 4.010749109357564790e-01
3.392412411329804645e+00 4.009468899311476320e-01
3.402412411329804431e+00 4.008184875739864705e-01
3.412412411329804218e+00 4.006897038388153032e-01
3.422412411329804005e+00 4.005605387003976503e-01
3.432412411329803792e+00 4.004309921337254607e-01
3.442412411329803579e+00 4.003010641140257175e-01
3.452412411329803366e+00 4.001707546167671548e-01
3.462412411329803152e+00 4.000400634565365876e-01
3.472412411329802939e+00 3.999089898778895313e-01
3.482412411329802726e+00 3.997775337487654568e-01
3.492412411329802513e+00 3.996456950237241013e-01
3.502412411329802300e+00 3.995134736573991430e-01
3.512412411329802087e+00 3.993808696045057505e-01
3.522412411329801873e+00 3.992478828198471885e-01
3.532412411329801660e+00 3.991145132583223121e-01
3.542412411329801447e+00 3.989807608749327272e-01
3.552412411329801234e+00 3.988466256247900077e-01
3.562412411329801021e+00 3.987121074631232442e-01
3.572412411329800808e+00 3.985772063452863723e-01
3.582412411329800594e+00 3.984419222267657767e-01
3.592412411329800381e+00 3.983062550631881749e-01
3.602412411329800168e+00 3.981702048103277769e-01
3.612412411329799955e+00 3.980337714241145575e-01
3.622412411329799742e+00 3.978969548606419715e-01
3.632412411329799529e+00 3.977597550761746703e-01
3.642412411329799315e+00 3.976221720271569393e-01
3.652412411329799102e+00 3.974842056702204141e-01
3.662412411329798889e+00 3.973458559621924624e-01
3.672412411329798676e+00 3.972071228601042892e-01
3.682412411329798463e+00 3.970680063211994848e-01
3.692412411329798250e+00 3.969285063029419636e-01
3.702412411329798037e+00 3.967886227630251783e-01
3.712412411329797823e+00 3.966483556593799475e-01
3.722412411329797610e+00 3.965077049501836148e-01
3.732412411329797397e+00 3.963666705938683754e-01
3.742412411329797184e+00 3.962252525491303801e-01
3.752412411329796971e+00 3.960834507749383393e-01
3.762412411329796758e+00 3.959412652305427938e-01
3.772412411329796544e+00 3.957986958754847184e-01
3.782412411329796331e+00 3.956557426696051816e-01
3.792412411329796118e+00 3.955124055730537824e-01
3.802412411329795905e+00 3.953686845462988098e-01
3.812412411329795692e+00 3.952245795501358461e-01
3.822412411329795479e+00 3.950800905456974266e-01
3.832412411329795265e+00 3.949352174944626426e-01
3.842412411329795052e+00 3.947899603582666339e-01
3.852412411329794839e+00 3.946443190993102479e-01
3.862412411329794626e+00 3.944982936801696427e-01
3.872412411329794413e+00 3.943518840638065015e-01
3.882412411329794200e+00 3.942050902135772472e-01
3.892412411329793986e+00 3.940579120932437007e-01
3.902412411329793773e+00 3.939103496669827953e-01
3.912412411329793560e+00 3.937624028993964020e-01
3.922412411329793347e+00 3.936140717555222102e-01
3.932412411329793134e+00 3.934653562008434968e-01
3.942412411329792921e+00 3.933162562012996744e-01
3.952412411329792707e+00 3.931667715463774693e-01
3.962412411329792494e+00 3.930169011717292160e-01
3.972412411329792281e+00 3.928666448517264542e-01
3.982412411329792068e+00 3.927160025228381146e-01
3.992412411329791855e+00 3.925649741217965283e-01
4.002412411329792086e+00 3.924135595856078629e-01
4.012412411329791873e+00 3.922617588515640019e-01
4.022412411329791659e+00 3.921095718572534805e-01
4.032412411329791446e+00 3.919569985405732537e-01
4.042412411329791233e+00 3.918040388397395768e-01
4.052412411329791020e+00 3.916506926933003285e-01
4.062412411329790807e+00 3.914969600401463357e-01
4.072412411329790594e+00 3.913428408195231967e-01
4.082412411329790380e+00 3.911883349710431612e-01
4.092412411329790167e+00 3.910334424346969540e-01
4.102412411329789954e+00 3.908781631508662091e-01
4.112412411329789741e+00 3.907224970603354608e-01
4.122412411329789528e+00 3.905664441043040780e-01
4.132412411329789315e+00 3.904100042243990876e-01
4.142412411329789101e+00 3.902531773626872758e-01
4.152412411329788888e+00 3.900959634616878446e-01
4.162412411329788675e+00 3.899383624643850688e-01
4.172412411329788462e+00 3.897803743142409516e-01
4.182412411329788249e+00 3.896219989552078822e-01
4.192412411329788036e+00 3.894632363317417356e-01
4.202412411329787822e+00 3.893040863888147518e-01
4.212412411329787609e+00 3.891445490719287470e-01
4.222412411329787396e+00 3.889846243271279924e-01
4.232412411329787183e+00 3.888243121010126480e-01
4.242412411329786970e+00 3.886636123407521959e-01
4.252412411329786757e+00 3.885025249940987635e-01
4.262412411329786543e+00 3.883410500094004458e-01
4.272412411329786330e+00 3.881791873356154055e-01
4.282412411329786117e+00 3.880169369223251397e-01
4.292412411329785904e+00 3.878542987197484138e-01
4.302412411329785691e+00 3.876912726787552499e-01
4.312412411329785478e+00 3.875278587508806938e-01
4.322412411329785265e+00 3.873640568883390256e-01
4.332412411329785051e+00 3.871998670440378598e-01
4.342412411329784838e+00 3.870352891715923560e-01
4.352412411329784625e+00 3.868703232253395963e-01
4.362412411329784412e+00 3.867049691603529626e-01
4.372412411329784199e+00 3.865392269324566255e-01
4.382412411329783986e+00 3.863730960640928136e-01
4.392412411329783772e+00 3.862065752178788225e-01
4.402412411329783559e+00 3.860396642278300372e-01
4.412412411329783346e+00 3.858723630105231339e-01
4.422412411329783133e+00 3.857046714830800749e-01
4.432412411329782920e+00 3.855365895631838180e-01
4.442412411329782707e+00 3.853681171690954144e-01
4.452412411329782493e+00 3.851992542196690517e-01
4.462412411329782280e+00 3.850300006343692627e-01
4.472412411329782067e+00 3.848603563332869681e-01
4.482412411329781854e+00 3.846903212371556302e-01
4.492412411329781641e+00 3.845198952673688497e-01
4.502412411329781428e+00 3.843490783459961868e-01
4.512412411329781214e+00 3.841778703958003138e-01
4.522412411329781001e+00 3.840062713402542238e-01
4.532412411329780788e+00 3.838342811035576618e-01
4.542412411329780575e+00 3.836618996106548884e-01
4.552412411329780362e+00 3.834891267872515552e-01
4.562412411329780149e+00 3.833159625598320797e-01
4.572412411329779935e+00 3.831424068556771312e-01
4.582412411329779722e+00 3.829684596028812837e-01
4.592412411329779509e+00 3.827941207303705018e-01
4.602412411329779296e+00 3.826193901679198484e-01
4.612412411329779083e+00 3.824442678461715261e-01
4.622412411329778870e+00 3.822687536966526967e-01
4.632412411329778656e+00 3.820928476517934103e-01
4.642412411329778443e+00 3.819165496449448693e-01
4.652412411329778230e+00 3.817398596103976360e-01
4.662412411329778017e+00 3.815627774834000618e-01
4.672412411329777804e+00 3.813853032001764953e-01
4.682412411329777591e+00 3.812074366979458229e-01
4.692412411329777377e+00 3.810291779149402869e-01
4.702412411329777164e+00 3.808505267904240821e-01
4.712412411329776951e+00 3.806714832647120073e-01
4.722412411329776738e+00 3.804920472791886721e-01
4.732412411329776525e+00 3.803122187763270934e-01
4.742412411329776312e+00 3.801319976997080685e-01
4.752412411329776099e+00 3.799513839940393822e-01
4.762412411329775885e+00 3.797703773838568275e-01
4.772412411329775672e+00 3.795889761093282910e-01
4.782412411329775459e+00 3.794071797156880477e-01
4.792412411329775246e+00 3.792249880975887000e-01
4.802412411329775033e+00 3.790424011506067226e-01
4.812412411329774820e+00 3.788594187712631123e-01
4.822412411329774606e+00 3.786760408570453706e-01
4.832412411329774393e+00 3.784922673064294307e-01
4.842412411329774180e+00 3.783080980189011400e-01
4.852412411329773967e+00 3.781235328949783536e-01
4.862412411329773754e+00 3.779385718362331947e-01
4.872412411329773541e+00 3.777532147453139810e-01
4.882412411329773327e+00 3.775674615259675404e-01
4.892412411329773114e+00 3.773813120830618040e-01
4.902412411329772901e+00 3.771947663226081771e-01
4.912412411329772688e+00 3.770078241517839657e-01
4.922412411329772475e+00 3.768204854789552471e-01
4.932412411329772262e+00 3.766327502136998517e-01
4.942412411329772048e+00 3.764446182668300667e-01
4.952412411329771835e+00 3.762560895504156733e-01
4.962412411329771622e+00 3.760671639778069286e-01
4.972412411329771409e+00 3.758778414636581577e-01
4.982412411329771196e+00 3.756881219239507907e-01
4.992412411329770983e+00 3.754980052760167886e-01
5.002412411329770769e+00 3.753074914385622907e-01
5.012412411329770556e+00 3.751165803316910408e-01
5.022412411329770343e+00 3.749252718769283677e-01
5.032412411329770130e+00 3.747335659972446664e-01
5.042412411329769917e+00 3.745414626170795458e-01
5.052412411329769704e+00 3.743489616623658089e-01
5.062412411329769490e+00 3.741560630605533233e-01
5.072412411329769277e+00 3.739627667406335565e-01
5.082412411329769064e+00 3.737690726331633351e-01
5.092412411329768851e+00 3.735749806702897136e-01
5.102412411329768638e+00 3.733804907857743438e-01
5.112412411329768425e+00 3.731856021924051525e-01
5.122412411329768211e+00 3.729903128471951379e-01
5.132412411329767998e+00 3.727946225125331470e-01
5.142412411329767785e+00 3.725985310589360888e-01
5.152412411329767572e+00 3.724020383583447336e-01
5.162412411329767359e+00 3.722051442841510793e-01
5.172412411329767146e+00 3.720078487112266630e-01
5.182412411329766933e+00 3.718101515159503712e-01
5.192412411329766719e+00 3.716120525762365845e-01
5.202412411329766506e+00 3.714135517715634882e-01
5.212412411329766293e+00 3.712146489830014384e-01
5.222412411329766080e+00 3.710153440932414948e-01
5.232412411329765867e+00 3.708156369866237312e-01
5.242412411329765654e+00 3.706155275491662682e-01
5.252412411329765440e+00 3.704150156685937501e-01
5.262412411329765227e+00 3.702141012343664883e-01
5.272412411329765014e+00 3.700127841377089943e-01
5.282412411329764801e+00 3.698110642716396224e-01
5.292412411329764588e+00 3.696089415309992132e-01
5.302412411329764375e+00 3.694064158124808483e-01
5.312412411329764161e+00 3.692034870146587711e-01
5.322412411329763948e+00 3.690001550380180850e-01
5.332412411329763735e+00 3.687964197849841752e-01
5.342412411329763522e+00 3.685922811599525173e-01
5.352412411329763309e+00 3.683877390693183207e-01
5.362412411329763096e+00 3.681827934215060050e-01
5.372412411329762882e+00 3.679774441269997864e-01
5.382412411329762669e+00 3.677716910983729881e-01
5.392412411329762456e+00 3.675655342503186263e-01
5.402412411329762243e+00 3.673589734996791645e-01
5.412412411329762030e+00 3.671520087654769893e-01
5.422412411329761817e+00 3.669446399689446636e-01
5.432412411329761603e+00 3.667368658199678944e-01
5.442412411329761390e+00 3.665286841076778046e-01
5.452412411329761177e+00 3.663200946395196445e-01
5.462412411329760964e+00 3.661110972608692116e-01
5.472412411329760751e+00 3.659016918191652090e-01
5.482412411329760538e+00 3.656918781639441063e-01
5.492412411329760324e+00 3.654816561468748892e-01
5.502412411329760111e+00 3.652710256217942542e-01
5.512412411329759898e+00 3.650599864447413578e-01
5.522412411329759685e+00 3.648485384739932336e-01
5.532412411329759472e+00 3.646366815700999853e-01
5.542412411329759259e+00 3.644244155959200371e-01
5.552412411329759045e+00 3.642117404166555494e-01
5.562412411329758832e+00 3.639986558998882793e-01
5.572412411329758619e+00 3.637851619156147187e-01
5.582412411329758406e+00 3.635712583362820105e-01
5.592412411329758193e+00 3.633569450368239750e-01
5.602412411329757980e+00 3.631422218946964153e-01
5.612412411329757767e+00 3.629270887899138098e-01
5.622412411329757553e+00 3.627115456050843956e-01
5.632412411329757340e+00 3.624955922254471941e-01
5.642412411329757127e+00 3.622792285389076494e-01
5.652412411329756914e+00 3.620624544360739883e-01
5.662412411329756701e+00 3.618452698102938014e-01
5.672412411329756488e+00 3.616276745576897378e-01
5.682412411329756274e+00 3.614096685771969186e-01
5.692412411329756061e+00 3.611912517705987424e-01
5.702412411329755848e+00 3.609724240425636332e-01
5.712412411329755635e+00 3.607531853006820666e-01
5.722412411329755422e+00 3.605335352053243292e-01
5.732412411329755209e+00 3.603134707739882869e-01
5.742412411329754995e+00 3.600929910145302393e-01
5.752412411329754782e+00 3.598720957419449529e-01
5.762412411329754569e+00 3.596507847740498809e-01
5.772412411329754356e+00 3.594290579315269629e-01
5.782412411329754143e+00 3.592069150379660902e-01
5.792412411329753930e+00 3.589843559199067391e-01
5.802412411329753716e+00 3.587613804068811030e-01
5.812412411329753503e+00 3.585379883314567806e-01
5.822412411329753290e+00 3.583141795292796306e-01
5.832412411329753077e+00 3.580899538391164594e-01
5.842412411329752864e+00 3.578653111028982092e-01
5.852412411329752651e+00 3.576402511657627570e-01
5.862412411329752437e+00 3.574147738760981019e-01
5.872412411329752224e+00 3.571888790855854978e-01
5.882412411329752011e+00 3.569625666492424187e-01
5.892412411329751798e+00 3.567358364254664682e-01
5.902412411329751585e+00 3.565086882760778453e-01
5.912412411329751372e+00 3.562811220663634204e-01
5.922412411329751158e+00 3.560531376651194790e-01
5.932412411329750945e+00 3.558247349446957974e-01
5.942412411329750732e+00 3.555959137810387749e-01
5.952412411329750519e+00 3.553666740537351765e-01
5.962412411329750306e+00 3.551370156460554872e-01
5.972412411329750093e+00 3.549069384449978215e-01
5.982412411329749879e+00 3.546764423413311662e-01
5.992412411329749666e+00 3.544455272296396231e-01
6.002412411329749453e+00 3.542141912223130684e-01
6.012412411329749240e+00 3.539824313718045179e-01
6.022412411329749027e+00 3.537502474286698395e-01
6.032412411329748814e+00 3.535176391790935679e-01
6.042412411329748601e+00 3.532846064130668595e-01
6.052412411329748387e+00 3.530511489244383960e-01
6.062412411329748174e+00 3.528172665109648443e-01
6.072412411329747961e+00 3.525829589743625370e-01
6.082412411329747748e+00 3.523482261203574883e-01
6.092412411329747535e+00 3.521130677587370750e-01
6.102412411329747322e+00 3.518774837034006620e-01
6.112412411329747108e+00 3.516414737724110617e-01
6.122412411329746895e+00 3.514050377880451603e-01
6.132412411329746682e+00 3.511681755768453761e-01
6.142412411329746469e+00 3.509308869696706745e-01
6.152412411329746256e+00 3.506931718017477495e-01
6.162412411329746043e+00 3.504550299127220381e-01
6.172412411329745829e+00 3.502164611467091793e-01
6.182412411329745616e+00 3.499774653523462509e-01
6.192412411329745403e+00 3.497380423828425622e-01
6.202412411329745190e+00 3.494981920960312238e-01
6.212412411329744977e+00 3.492579143544202736e-01
6.222412411329744764e+00 3.490172090252440795e-01
6.232412411329744550e+00 3.487760759805139665e-01
6.242412411329744337e+00 3.485345150970702299e-01
6.252412411329744124e+00 3.482925261913458193e-01
6.262412411329743911e+00 3.480501057979701884e-01
6.272412411329743698e+00 3.478072518162294569e-01
6.282412411329743485e+00 3.475639639918655099e-01
6.292412411329743271e+00 3.473202420755358011e-01
6.302412411329743058e+00 3.470760858228737478e-01
6.312412411329742845e+00 3.468314949945486281e-01
6.322412411329742632e+00 3.465864693563257548e-01
6.332412411329742419e+00 3.463410086791264275e-01
6.342412411329742206e+00 3.460951127390881066e-01
6.352412411329741992e+00 3.458487813176244208e-01
6.362412411329741779e+00 3.456020142014851193e-01
6.372412411329741566e+00 3.453548111828160239e-01
6.382412411329741353e+00 3.451071720592194247e-01
6.392412411329741140e+00 3.448590966338133113e-01
6.402412411329740927e+00 3.446105847152920454e-01
6.412412411329740713e+00 3.443616361179856478e-01
6.422412411329740500e+00 3.441122506619201382e-01
6.432412411329740287e+00 3.438624281728769883e-01
6.442412411329740074e+00 3.436121684824530176e-01
6.452412411329739861e+00 3.433614714281200686e-01
6.462412411329739648e+00 3.431103368532844589e-01
6.472412411329739435e+00 3.428587646073472661e-01
6.482412411329739221e+00 3.426067545457626706e-01
6.492412411329739008e+00 3.423543065300987398e-01
6.502412411329738795e+00 3.421014175721261430e-01
6.512412411329738582e+00 3.418480842757331550e-01
6.522412411329738369e+00 3.415943063449043415e-01
6.532412411329738156e+00 3.413400834918520199e-01
6.542412411329737942e+00 3.410854154351498635e-01
6.552412411329737729e+00 3.408303018998029010e-01
6.562412411329737516e+00 3.405747426173176828e-01
6.572412411329737303e+00 3.403187373257711701e-01
6.582412411329737090e+00 3.400622857698812340e-01
6.592412411329736877e+00 3.398053877010762114e-01
6.602412411329736663e+00 3.395480428775636272e-01
6.612412411329736450e+00 3.392902510644008052e-01
6.622412411329736237e+00 3.390320120335632015e-01
6.632412411329736024e+00 3.387733255640142382e-01
6.642412411329735811e+00 3.385141914417741371e-01
6.652412411329735598e+00 3.382546094599890862e-01
6.662412411329735384e+00 3.379945794189999630e-01
6.672412411329735171e+00 3.377341011264115012e-01
6.682412411329734958e+00 3.374731743971604025e-01
6.692412411329734745e+00 3.372117990535842824e-01
6.702412411329734532e+00 3.369499749254899479e-01
6.712412411329734319e+00 3.366877018502213992e-01
6.722412411329734105e+00 3.364249795834570733e-01
6.732412411329733892e+00 3.361618036382260644e-01
6.742412411329733679e+00 3.358981713264903579e-01
6.752412411329733466e+00 3.356340823094037806e-01
6.762412411329733253e+00 3.353695362560790150e-01
6.772412411329733040e+00 3.351045328436679238e-01
6.782412411329732826e+00 3.348390717574425968e-01
6.792412411329732613e+00 3.345731526908757303e-01
6.802412411329732400e+00 3.343067753457206748e-01
6.812412411329732187e+00 3.340399394320915372e-01
6.822412411329731974e+00 3.337726446685433945e-01
6.832412411329731761e+00 3.335048907821517861e-01
6.842412411329731547e+00 3.332366775085923161e-01
6.852412411329731334e+00 3.329680045922202569e-01
6.862412411329731121e+00 3.326988717861493194e-01
6.872412411329730908e+00 3.324292788523309228e-01
6.882412411329730695e+00 3.321592255616327982e-01
6.892412411329730482e+00 3.318887116939177595e-01
6.902412411329730269e+00 3.316177370381215295e-01
6.912412411329730055e+00 3.313463013923312883e-01
6.922412411329729842e+00 3.310744045638633892e-01
6.932412411329729629e+00 3.308020463693406854e-01
6.942412411329729416e+00 3.305292253395492597e-01
6.952412411329729203e+00 3.302559355671232377e-01
6.962412411329728990e+00 3.299821760057609632e-01
6.972412411329728776e+00 3.297079462689967433e-01
6.982412411329728563e+00 3.294332459803325786e-01
6.992412411329728350e+00 3.291580747733311441e-01
7.002412411329728137e+00 3.288824322917073273e-01
7.012412411329727924e+00 3.286063181894200436e-01
7.022412411329727711e+00 3.283297321307634409e-01
7.032412411329727497e+00 3.280526737904581602e-01
7.042412411329727284e+00 3.277751428537419298e-01
7.052412411329727071e+00 3.274971390164602147e-01
7.062412411329726858e+00 3.272186619851562006e-01
7.072412411329726645e+00 3.269397114771608881e-01
7.082412411329726432e+00 3.266602872206823549e-01
7.092412411329726218e+00 3.263803889548950177e-01
7.102412411329726005e+00 3.261000164300285054e-01
7.112412411329725792e+00 3.258191694074559219e-01
7.122412411329725579e+00 3.255378476597824977e-01
7.132412411329725366e+00 3.252560509709326309e-01
7.142412411329725153e+00 3.249737790717088237e-01
7.152412411329724939e+00 3.246910265893896419e-01
7.162412411329724726e+00 3.244077898672412807e-01
7.172412411329724513e+00 3.241240684542636141e-01
7.182412411329724300e+00 3.238398619117218713e-01
7.192412411329724087e+00 3.235551698132504983e-01
7.202412411329723874e+00 3.232699917449577964e-01
7.212412411329723660e+00 3.229843273055299502e-01
7.222412411329723447e+00 3.226981761063342780e-01
7.232412411329723234e+00 3.224115377715223163e-01
7.242412411329723021e+00 3.221244119381323490e-01
7.252412411329722808e+00 3.218367982561915475e-01
7.262412411329722595e+00 3.215486963888178340e-01
7.272412411329722381e+00 3.212601060123205232e-01
7.282412411329722168e+00 3.209710268163014635e-01
7.292412411329721955e+00 3.206814585037551790e-01
7.302412411329721742e+00 3.203914007911681794e-01
7.312412411329721529e+00 3.201008534086186574e-01
7.322412411329721316e+00 3.198098160998745776e-01
7.332412411329721103e+00 3.195182886224922081e-01
7.342412411329720889e+00 3.192262685460967031e-01
7.352412411329720676e+00 3.189337487920517189e-01
7.362412411329720463e+00 3.186407283748221020e-01
7.372412411329720250e+00 3.183472067825462992e-01
7.382412411329720037e+00 3.180531835184663425e-01
7.392412411329719824e+00 3.177586581010462541e-01
7.402412411329719610e+00 3.174636300640880648e-01
7.412412411329719397e+00 3.171680989568489428e-01
7.422412411329719184e+00 3.168720643441565454e-01
7.432412411329718971e+00 3.165755258065242606e-01
7.442412411329718758e+00 3.162784829402657816e-01
7.452412411329718545e+00 3.159809353576086277e-01
7.462412411329718331e+00 3.156828826868074978e-01
7.472412411329718118e+00 3.153843245722565691e-01
7.482412411329717905e+00 3.150852606746013529e-01
7.492412411329717692e+00 3.147856906708497160e-01
7.502412411329717479e+00 3.144856142544819599e-01
7.512412411329717266e+00 3.141850311355607328e-01
7.522412411329717052e+00 3.138839408649106710e-01
7.532412411329716839e+00 3.135823364789679379e-01
7.542412411329716626e+00 3.132802140223821530e-01
7.552412411329716413e+00 3.129775728755337938e-01
7.562412411329716200e+00 3.126744124371649836e-01
7.572412411329715987e+00 3.123707321245125512e-01
7.582412411329715773e+00 3.120665313734400925e-01
7.592412411329715560e+00 3.117618096385697535e-01
7.602412411329715347e+00 3.114565663934125705e-01
7.612412411329715134e+00 3.111508011304979227e-01
7.622412411329714921e+00 3.108445133615022060e-01
7.632412411329714708e+00 3.105377026173772870e-01
7.642412411329714494e+00 3.102303684484768453e-01
7.652412411329714281e+00 3.099225104246825513e-01
7.662412411329714068e+00 3.096141281355290764e-01
7.672412411329713855e+00 3.093052211903283277e-01
7.682412411329713642e+00 3.089957892182923493e-01
7.692412411329713429e+00 3.086858318686553360e-01
7.702412411329713215e+00 3.083753470268345009e-01
7.712412411329713002e+00 3.080643256004941821e-01
7.722412411329712789e+00 3.077527658174921132e-01
7.732412411329712576e+00 3.074406670595324353e-01
7.742412411329712363e+00 3.071280287304385404e-01
7.752412411329712150e+00 3.068148502562956792e-01
7.762412411329711937e+00 3.065011310855916826e-01
7.772412411329711723e+00 3.061868706893568493e-01
7.782412411329711510e+00 3.058720685613031121e-01
7.792412411329711297e+00 3.055567242179613174e-01
7.802412411329711084e+00 3.052408371988175606e-01
7.812412411329710871e+00 3.049244070664485218e-01
7.822412411329710658e+00 3.046074334066551925e-01
7.832412411329710444e+00 3.042899158285958250e-01
7.842412411329710231e+00 3.039718539649171047e-01
7.852412411329710018e+00 3.036532474718843244e-01
7.862412411329709805e+00 3.033340960295102806e-01
7.872412411329709592e+00 3.030143960432191141e-01
7.882412411329709379e+00 3.026941383272547248e-01
7.892412411329709165e+00 3.023733215488305648e-01
7.902412411329708952e+00 3.020519448392364747e-01
7.912412411329708739e+00 3.017300073568884300e-01
7.922412411329708526e+00 3.014075082874944633e-01
7.932412411329708313e+00 3.010844468442192001e-01
7.942412411329708100e+00 3.007608222678467280e-01
7.952412411329707886e+00 3.004366338269417458e-01
7.962412411329707673e+00 3.001118808180097131e-01
7.972412411329707460e+00 2.997865625656545574e-01
7.982412411329707247e+00 2.994606784227356044e-01
7.992412411329707034e+00 2.991342277705223429e-01
8.002412411329707709e+00 2.988072100188476354e-01
8.012412411329707496e+00 2.984796246062595970e-01
8.022412411329707282e+00 2.981514710001708646e-01
8.032412411329707069e+00 2.978227458284610774e-01
8.042412411329706856e+00 2.974934388505175442e-01
8.052412411329706643e+00 2.971635483889517593e-01
8.062412411329706430e+00 2.968330735513588503e-01
8.072412411329706217e+00 2.965020134775916416e-01
8.082412411329706003e+00 2.961703673399362913e-01
8.092412411329705790e+00 2.958381343432855970e-01
8.102412411329705577e+00 2.955053137253111362e-01
8.112412411329705364e+00 2.951719047566325194e-01
8.122412411329705151e+00 2.948379067409850895e-01
8.132412411329704938e+00 2.945033190153854563e-01
8.142412411329704724e+00 2.941681409502951983e-01
8.152412411329704511e+00 2.938323719497816788e-01
8.162412411329704298e+00 2.934960114516775853e-01
8.172412411329704085e+00 2.931590589277380254e-01
8.182412411329703872e+00 2.928215132530760934e-01
8.192412411329703659e+00 2.924833634129792026e-01
8.202412411329703446e+00 2.921446046875543212e-01
8.212412411329703232e+00 2.918052359927236217e-01
8.222412411329703019e+00 2.914652562831465121e-01
8.232412411329702806e+00 2.911246645524141474e-01
8.242412411329702593e+00 2.907834598332412201e-01
8.252412411329702380e+00 2.904416411976548096e-01
8.262412411329702167e+00 2.900992077571815098e-01
8.272412411329701953e+00 2.897561586630311159e-01
8.282412411329701740e+00 2.894124931062784234e-01
8.292412411329701527e+00 2.890682103180411411e-01
8.302412411329701314e+00 2.887233095696568608e-01
8.312412411329701101e+00 2.883777901728558080e-01
8.322412411329700888e+00 2.880316514799313721e-01
8.332412411329700674e+00 2.876848901500386746e-01
8.342412411329700461e+00 2.873374936235307264e-01
8.352412411329700248e+00 2.869894592936761413e-01
8.362412411329700035e+00 2.866407859007858439e-01
8.372412411329699822e+00 2.862914722316660665e-01
8.382412411329699609e+00 2.859415171198291805e-01
8.392412411329699395e+00 2.855909194457004197e-01
8.402412411329699182e+00 2.852396781368222722e-01
8.412412411329698969e+00 2.848877921680547654e-01
8.422412411329698756e+00 2.845352605617734731e-01
8.432412411329698543e+00 2.841820823880622515e-01
8.442412411329698330e+00 2.838282567649049737e-01
8.452412411329698116e+00 2.834737828583721031e-01
8.462412411329697903e+00 2.831186598828037693e-01
8.472412411329697690e+00 2.827628848951572182e-01
8.482412411329697477e+00 2.824064441920360879e-01
8.492412411329697264e+00 2.820493342587139796e-01
8.502412411329697051e+00 2.816915536221047955e-01
8.512412411329696837e+00 2.813331008646870468e-01
8.522412411329696624e+00 2.809739746247304493e-01
8.532412411329696411e+00 2.806141735965187456e-01
8.542412411329696198e+00 2.802536965305684746e-01
8.552412411329695985e+00 2.798925422338434665e-01
8.562412411329695772e+00 2.795307095699651190e-01
8.572412411329695558e+00 2.791681974594183990e-01
8.582412411329695345e+00 2.788050048797534042e-01
8.592412411329695132e+00 2.784411308657828155e-01
8.602412411329694919e+00 2.780765745050799431e-01
8.612412411329694706e+00 2.777113253598007536e-01
8.622412411329694493e+00 2.773453731696681190e-01
8.632412411329694280e+00 2.769787161732726322e-01
8.642412411329694066e+00 2.766113526754892527e-01
8.652412411329693853e+00 2.762432810477232215e-01
8.662412411329693640e+00 2.758744997281496469e-01
8.672412411329693427e+00 2.755050072219493718e-01
8.682412411329693214e+00 2.751348021015386780e-01
8.692412411329693001e+00 2.747638830067936633e-01
8.702412411329692787e+00 2.743922486452697873e-01
8.712412411329692574e+00 2.740198977924158119e-01
8.722412411329692361e+00 2.736468292917815792e-01
8.732412411329692148e+00 2.732730419681749789e-01
8.742412411329691935e+00 2.728985232450999443e-01
8.752412411329691722e+00 2.725232632317414749e-01
8.762412411329691508e+00 2.721472598638163820e-01
8.772412411329691295e+00 2.717705111562405684e-01
8.782412411329691082e+00 2.713930152033899867e-01
8.792412411329690869e+00 2.710147701793546582e-01
8.802412411329690656e+00 2.706357743381869185e-01
8.812412411329690443e+00 2.702560260141417814e-01
8.822412411329690229e+00 2.698755236219116393e-01
8.832412411329690016e+00 2.694942656568542483e-01
8.842412411329689803e+00 2.691122506952131621e-01
8.852412411329689590e+00 2.687294773943317283e-01
8.862412411329689377e+00 2.683459393739551779e-01
8.872412411329689164e+00 2.679616199247637498e-01
8.882412411329688950e+00 2.675765156547989521e-01
8.892412411329688737e+00 2.671906241917390012e-01
8.902412411329688524e+00 2.668039432580159853e-01
8.912412411329688311e+00 2.664164706710845931e-01
8.922412411329688098e+00 2.660282043436848487e-01
8.932412411329687885e+00 2.656391422840944649e-01
8.942412411329687671e+00 2.652492825963749246e-01
8.952412411329687458e+00 2.648586234806072359e-01
8.962412411329687245e+00 2.644671632331205835e-01
8.972412411329687032e+00 2.640749002467113749e-01
8.982412411329686819e+00 2.636818256406963101e-01
8.992412411329686606e+00 2.632879224795449669e-01
9.002412411329686392e+00 2.628931874760980225e-01
9.012412411329686179e+00 2.624976178481958633e-01
9.022412411329685966e+00 2.621012109268604506e-01
9.032412411329685753e+00 2.617039641565738761e-01
9.042412411329685540e+00 2.613058750955474796e-01
9.052412411329685327e+00 2.609069414159803646e-01
9.062412411329685114e+00 2.605071609043069225e-01
9.072412411329684900e+00 2.601065314614348645e-01
9.082412411329684687e+00 2.597050511029712627e-01
9.092412411329684474e+00 2.593027160080200733e-01
9.102412411329684261e+00 2.588995062606195274e-01
9.112412411329684048e+00 2.584954143192573217e-01
9.122412411329683835e+00 2.580904368483907807e-01
9.132412411329683621e+00 2.576845706475593967e-01
9.142412411329683408e+00 2.572778126516754860e-01
9.152412411329683195e+00 2.568701599313010786e-01
9.162412411329682982e+00 2.564616096929130395e-01
9.172412411329682769e+00 2.560521592791547008e-01
9.182412411329682556e+00 2.556418061690743926e-01
9.192412411329682342e+00 2.552305479783501529e-01
9.202412411329682129e+00 2.548183797431675113e-01
9.212412411329681916e+00 2.544052796701484209e-01
9.222412411329681703e+00 2.539912401362225958e-01
9.232412411329681490e+00 2.535762572129433567e-01
9.242412411329681277e+00 2.531603271333651151e-01
9.252412411329681063e+00 2.527434462923343617e-01
9.262412411329680850e+00 2.523256112467652801e-01
9.272412411329680637e+00 2.519068187158990946e-01
9.282412411329680424e+00 2.514870655815471534e-01
9.292412411329680211e+00 2.510663488883169703e-01
9.302412411329679998e+00 2.506446658438223896e-01
9.312412411329679784e+00 2.502220011171027991e-01
9.322412411329679571e+00 2.497983360597164360e-01
9.332412411329679358e+00 2.493736659173026726e-01
9.342412411329679145e+00 2.489479861455063947e-01
9.352412411329678932e+00 2.485212923933393381e-01
9.362412411329678719e+00 2.480935805034557295e-01
9.372412411329678505e+00 2.476648465124086651e-01
9.382412411329678292e+00 2.472350866508857825e-01
9.392412411329678079e+00 2.468042973439242282e-01
9.402412411329677866e+00 2.463724752111051131e-01
9.412412411329677653e+00 2.459396056170903289e-01
9.422412411329677440e+00 2.455056665497944435e-01
9.432412411329677226e+00 2.450706521793902526e-01
9.442412411329677013e+00 2.446345570777089529e-01
9.452412411329676800e+00 2.441973760485441347e-01
9.462412411329676587e+00 2.437591041279144055e-01
9.472412411329676374e+00 2.433197365843013660e-01
9.482412411329676161e+00 2.428792689188616905e-01
9.492412411329675948e+00 2.424376968656138942e-01
9.502412411329675734e+00 2.419950156307554279e-01
9.512412411329675521e+00 2.415512000776723622e-01
9.522412411329675308e+00 2.411062346281857005e-01
9.532412411329675095e+00 2.406601128688514446e-01
9.542412411329674882e+00 2.402128286620190400e-01
9.552412411329674669e+00 2.397643761460741541e-01
9.562412411329674455e+00 2.393147497356509223e-01
9.572412411329674242e+00 2.388639441218129988e-01
9.582412411329674029e+00 2.384119542722018814e-01
9.592412411329673816e+00 2.379587754311532355e-01
9.602412411329673603e+00 2.375043882127679529e-01
9.612412411329673390e+00 2.370487676735190119e-01
9.622412411329673176e+00 2.365919057685466342e-01
9.632412411329672963e+00 2.361337948285320842e-01
9.642412411329672750e+00 2.356744275192423355e-01
9.652412411329672537e+00 2.352137968417191138e-01
9.662412411329672324e+00 2.347518961324289166e-01
9.672412411329672111e+00 2.342887190633723693e-01
9.682412411329671897e+00 2.338242595943269830e-01
9.692412411329671684e+00 2.333584927202698722e-01
9.702412411329671471e+00 2.328913943927355401e-01
9.712412411329671258e+00 2.324229554271108333e-01
9.722412411329671045e+00 2.319531670384311628e-01
9.732412411329670832e+00 2.314820208415322156e-01
9.742412411329670618e+00 2.310095088511531225e-01
9.752412411329670405e+00 2.305356234819891936e-01
9.762412411329670192e+00 2.300603575486944719e-01
9.772412411329669979e+00 2.295836992093539808e-01
9.782412411329669766e+00 2.291056121827828584e-01
9.792412411329669553e+00 2.286260812136689247e-01
9.802412411329669339e+00 2.281450955820285009e-01
9.812412411329669126e+00 2.276626450501359755e-01
9.822412411329668913e+00 2.271787198625640769e-01
9.832412411329668700e+00 2.266933107461617525e-01
9.842412411329668487e+00 2.262064089099682929e-01
9.852412411329668274e+00 2.257180037759322078e-01
9.862412411329668060e+00 2.252280574368526744e-01
9.872412411329667847e+00 2.247365484120216472e-01
9.882412411329667634e+00 2.242434637994059621e-01
9.892412411329667421e+00 2.237487912802685608e-01
9.902412411329667208e+00 2.232525191191028491e-01
9.912412411329666995e+00 2.227546361634887284e-01
9.922412411329666782e+00 2.222551318438672485e-01
9.932412411329666568e+00 2.217539907921324827e-01
9.942412411329666355e+00 2.212511689226019929e-01
9.952412411329666142e+00 2.207466457674250038e-01
9.962412411329665929e+00 2.202404066281340167e-01
9.972412411329665716e+00 2.197324375039735878e-01
9.982412411329665503e+00 2.192227250916304049e-01
9.992412411329665289e+00 2.187112567848627787e-01
1.000241241132966508e+01 2.181980206740263828e-01
1.001241241132966486e+01 2.176829825832110876e-01
1.002241241132966465e+01 2.171661020764998618e-01
1.003241241132966444e+01 2.166473605461218810e-01
1.004241241132966422e+01 2.161267402443208252e-01
1.005241241132966401e+01 2.156042242799592057e-01
1.006241241132966380e+01 2.150797966180054144e-01
1.007241241132966358e+01 2.145534420788897945e-01
1.008241241132966337e+01 2.140251307934536995e-01
1.009241241132966316e+01 2.134948115294097726e-01
1.010241241132966294e+01 2.129624615496421292e-01
1.011241241132966273e+01 2.124280601382230738e-01
1.012241241132966252e+01 2.118915876102715756e-01
1.013241241132966231e+01 2.113530253111487456e-01
1.014241241132966209e+01 2.108123556154853362e-01
1.015241241132966188e+01 2.102695399572279966e-01
1.016241241132966167e+01 2.097245240409498224e-01
1.017241241132966145e+01 2.091772811472413784e-01
1.018241241132966124e+01 2.086277860479065216e-01
1.019241241132966103e+01 2.080760147835405693e-01
1.020241241132966081e+01 2.075219446623793040e-01
1.021241241132966060e+01 2.069655513129857460e-01
1.022241241132966039e+01 2.064067689740772260e-01
1.023241241132966017e+01 2.058455549634578829e-01
1.024241241132965996e+01 2.052818811634617158e-01
1.025241241132965975e+01 2.047157209522352805e-01
1.026241241132965953e+01 2.041470492021148775e-01
1.027241241132965932e+01 2.035758422724121830e-01
1.028241241132965911e+01 2.030020426533628297e-01
1.029241241132965889e+01 2.024255840611780266e-01
1.030241241132965868e+01 2.018464297986531653e-01
1.031241241132965847e+01 2.012645450506954647e-01
1.032241241132965825e+01 2.006798968824160534e-01
1.033241241132965804e+01 2.000924542368654191e-01
1.034241241132965783e+01 1.995021543115646778e-01
1.035241241132965762e+01 1.989089219461349645e-01
1.036241241132965740e+01 1.983127125436243698e-01
1.037241241132965719e+01 1.977134838367624881e-01
1.038241241132965698e+01 1.971111958824234844e-01
1.039241241132965676e+01 1.965058089651372797e-01
1.040241241132965655e+01 1.958972323325413600e-01
1.041241241132965634e+01 1.952853942510418273e-01
1.042241241132965612e+01 1.946702454578950747e-01
1.043241241132965591e+01 1.940517394798191297e-01
1.044241241132965570e+01 1.934298326294802695e-01
1.045241241132965548e+01 1.928044589838341094e-01
1.046241241132965527e+01 1.921755049869385557e-01
1.047241241132965506e+01 1.915429061302321989e-01
1.048241241132965484e+01 1.909066039435944606e-01
1.049241241132965463e+01 1.902665434284984691e-01
1.050241241132965442e+01 1.896226605554728883e-01
1.051241241132965420e+01 1.889748241132701290e-01
1.052241241132965399e+01 1.883229493774781216e-01
1.053241241132965378e+01 1.876669660637015069e-01
1.054241241132965357e+01 1.870068081709204133e-01
1.055241241132965335e+01 1.863423992412797381e-01
1.056241241132965314e+01 1.856735867969437626e-01
1.057241241132965293e+01 1.850002707755933617e-01
1.058241241132965271e+01 1.843223673361116532e-01
1.059241241132965250e+01 1.836397979501772915e-01
1.060241241132965229e+01 1.829524519227593016e-01
1.061241241132965207e+01 1.822601536660793387e-01
1.062241241132965186e+01 1.815627952255434718e-01
1.063241241132965165e+01 1.808602781489592748e-01
1.064241241132965143e+01 1.801525062919920039e-01
1.065241241132965122e+01 1.794392881471050527e-01
1.066241241132965101e+01 1.787204609429495772e-01
1.067241241132965079e+01 1.779959027539397831e-01
1.068241241132965058e+01 1.772654999076944127e-01
1.069241241132965037e+01 1.765290696474327292e-01
1.070241241132965015e+01 1.757863842371077956e-01
1.071241241132964994e+01 1.750372943278402371e-01
1.072241241132964973e+01 1.742816610454850090e-01
1.073241241132964952e+01 1.735192812452889255e-01
1.074241241132964930e+01 1.727498761860756238e-01
1.075241241132964909e+01 1.719732642407499623e-01
1.076241241132964888e+01 1.711892779900760775e-01
1.077241241132964866e+01 1.703976520939252393e-01
1.078241241132964845e+01 1.695980705584429760e-01
1.079241241132964824e+01 1.687903059709663089e-01
1.080241241132964802e+01 1.679741324124242041e-01
1.081241241132964781e+01 1.671491487455759040e-01
1.082241241132964760e+01 1.663150584300064627e-01
1.083241241132964738e+01 1.654716341778855460e-01
1.084241241132964717e+01 1.646185350011798165e-01
1.085241241132964696e+01 1.637552772759151010e-01
1.086241241132964674e+01 1.628815496312850941e-01
1.087241241132964653e+01 1.619970139301985523e-01
1.088241241132964632e+01 1.611010906940623932e-01
1.089241241132964610e+01 1.601933136611339292e-01
1.090241241132964589e+01 1.592732250762738111e-01
1.091241241132964568e+01 1.583401271921542897e-01
1.092241241132964547e+01 1.573935207397430258e-01
1.093241241132964525e+01 1.564329034083654923e-01
1.094241241132964504e+01 1.554574100204975662e-01
1.095241241132964483e+01 1.544664116789559172e-01
1.096241241132964461e+01 1.534591682626264830e-01
1.097241241132964440e+01 1.524346536389211970e-01
1.098241241132964419e+01 1.513921333546363879e-01
1.099241241132964397e+01 1.503304414647775034e-01
1.100241241132964376e+01 1.492485038571079725e-01
1.101241241132964355e+01 1.481452130313560822e-01
1.102241241132964333e+01 1.470190239982002156e-01
1.103241241132964312e+01 1.458686901418814463e-01
1.104241241132964291e+01 1.446923107339241343e-01
1.105241241132964269e+01 1.434883675306811990e-01
1.106241241132964248e+01 1.422545815652201950e-01
1.107241241132964227e+01 1.409889084016981986e-01
1.108241241132964205e+01 1.396885103299008446e-01
1.109241241132964184e+01 1.383507618433195974e-01
1.110241241132964163e+01 1.369720370605694848e-01
1.111241241132964142e+01 1.355487956554355111e-01
1.112241241132964120e+01 1.340764471292420490e-01
1.113241241132964099e+01 1.325497693690357026e-01
1.114241241132964078e+01 1.309628930763438170e-01
1.115241241132964056e+01 1.293083930976357820e-01
1.116241241132964035e+01 1.275774470425927176e-01
1.117241241132964014e+01 1.257594681692894290e-01
1.118241241132963992e+01 1.238411437113775271e-01
1.119241241132963971e+01 1.218055333892871378e-01
1.120241241132963950e+01 1.196307067208397384e-01
1.121241241132963928e+01 1.172873834122024894e-01
1.122241241132963907e+01 1.147366064690130416e-01
1.123241241132963886e+01 1.119177601352300266e-01
1.124241241132963864e+01 1.087430689200244022e-01
1.125241241132963843e+01 1.050647801460324604e-01
1.126241241132963822e+01 1.006079381000154066e-01
1.127241241132963800e+01 9.475063901516765641e-02
1.128241241132963779e+01 8.546988831527144170e-02
1.129241241132963758e+01 6.683707165350892543e-02
1.130241241132963737e+01 5.568434681828539345e-02
1.131241241132963715e+01 5.003568243416969125e-02
1.132241241132963694e+01 4.743312347898220177e-02
1.133241241132963673e+01 4.502274268691169173e-02
1.134241241132963651e+01 4.235066062857838903e-02
1.135241241132963630e+01 4.032078341477488004e-02
1.136241241132963609e+01 3.840464546304128007e-02
1.137241241132963587e+01 3.660140245654408542e-02
1.138241241132963566e+01 3.490025363100673211e-02
1.139241241132963545e+01 3.329238363141853035e-02
1.140241241132963523e+01 3.177628669491153884e-02
1.141241241132963502e+01 3.033357188634914700e-02
1.142241241132963481e+01 2.895560728254805913e-02
1.143241241132963459e+01 2.764941815384555288e-02
1.144241241132963438e+01 2.639532564067503112e-02
1.145241241132963417e+01 2.519841788877114075e-02
1.146241241132963395e+01 2.405122794721829479e-02
1.147241241132963374e+01 2.296177664752176856e-02
1.148241241132963353e+01 2.190679987751349353e-02
1.149241241132963331e+01 2.089109224519599545e-02
1.150241241132963310e+01 1.992558628140629617e-02
1.151241241132963289e+01 1.898398849594873372e-02
1.152241241132963268e+01 1.807318679482279242e-02
1.153241241132963246e+01 1.719884912356384882e-02
1.154241241132963225e+01 1.635283680504411377e-02
1.155241241132963204e+01 1.552993965086653036e-02
1.156241241132963182e+01 1.473269387705968339e-02
1.157241241132963161e+01 1.396446389126873751e-02
1.158241241132963140e+01 1.322154920253847295e-02
1.159241241132963118e+01 1.249469637832376426e-02
1.160241241132963097e+01 1.179128204485717889e-02
1.161241241132963076e+01 1.111745763989665028e-02
1.162241241132963054e+01 1.045961117931023740e-02
1.163241241132963033e+01 9.821441982260526588e-03
1.164241241132963012e+01 9.205059028007176250e-03
1.165241241132962990e+01 8.608457185027930392e-03
1.166241241132962969e+01 8.031144729519863398e-03
1.167241241132962948e+01 7.470063875697731219e-03
1.168241241132962926e+01 6.930067985114330212e-03
1.169241241132962905e+01 6.416308704778844567e-03
1.170241241132962884e+01 5.919384473679832094e-03
1.171241241132962863e+01 5.437125095012393904e-03
1.172241241132962841e+01 4.973259104870549584e-03
1.173241241132962820e+01 4.530985160817809984e-03
1.174241241132962799e+01 4.108273987113155931e-03
1.175241241132962777e+01 3.705037822973072069e-03
1.176241241132962756e+01 3.322886074570065990e-03
1.177241241132962735e+01 2.959546459506762466e-03
1.178241241132962713e+01 2.628577710673129283e-03
1.179241241132962692e+01 2.312006749965726804e-03
1.180241241132962671e+01 1.994342030995599827e-03
1.181241241132962649e+01 1.635632743282783991e-03
1.182241241132962628e+01 1.287811000775389769e-03
1.183241241132962607e+01 1.006884506197362229e-03
1.184241241132962585e+01 7.951242164331891052e-04
1.185241241132962564e+01 6.388937648599991989e-04
1.186241241132962543e+01 5.236921411055790168e-04
1.187241241132962521e+01 4.380369997201298592e-04
1.188241241132962500e+01 3.736309072934694791e-04
1.189241241132962479e+01 3.246598092173034458e-04
1.190241241132962458e+01 2.870770583170417366e-04
1.191241241132962436e+01 2.557096808604269718e-04
1.192241241132962415e+01 2.348178136309530422e-04
1.193241241132962394e+01 2.085881787921649408e-04
1.194241241132962372e+01 1.912055251210237686e-04
1.195241241132962351e+01 1.748516987643250855e-04
1.196241241132962330e+01 1.544632794076839215e-04
1.197241241132962308e+01 1.409665318853082225e-04
1.198241241132962287e+01 1.263078845015464771e-04
1.199241241132962266e+01 1.113548657449053218e-04
1.200241241132962244e+01 1.012503440374278133e-04
1.201241241132962223e+01 9.179625197187188845e-05
1.202241241132962202e+01 8.336434561125959217e-05
1.203241241132962180e+01 7.185220331236825920e-05
1.204241241132962159e+01 6.481399967814431887e-05
1.205241241132962138e+01 5.826538177785530657e-05
1.206241241132962116e+01 5.218647682677483992e-05
1.207241241132962095e+01 4.537875577900881904e-05
1.208241241132962074e+01 4.044386766691499994e-05
1.209241241132962053e+01 3.501157374567256817e-05
1.210241241132962031e+01 3.101903863161789262e-05
1.211241241132962010e+01 2.696820394027403791e-05
1.212241241132961989e+01 2.370721196026680095e-05
1.213241241132961967e+01 2.072659941685636164e-05
1.214241241132961946e+01 1.812252133159490862e-05
1.215241241132961925e+01 1.504142598446647366e-05
1.216241241132961903e+01 1.297269359623564072e-05
1.217241241132961882e+01 1.110665998291730936e-05
1.218241241132961861e+01 9.432152734128399974e-06
1.219241241132961839e+01 7.937912612835750745e-06
1.220241241132961818e+01 6.399803491241368997e-06
1.221241241132961797e+01 5.308730522963675378e-06
1.222241241132961775e+01 4.350550421731225698e-06
1.223241241132961754e+01 3.516700241913901181e-06
1.224241241132961733e+01 2.798047533144555161e-06
1.225241241132961711e+01 2.185642922031126701e-06
1.226241241132961690e+01 1.618252977393558216e-06
1.227241241132961669e+01 1.216931523396891738e-06
1.228241241132961648e+01 8.721237174955252199e-07
1.229241241132961626e+01 6.056838683260238384e-07
1.230241241132961605e+01 4.165176200846992936e-07
1.231241241132961584e+01 2.714134534169475200e-07
1.232241241132961562e+01 1.568134961089917415e-07
1.233241241132961541e+01 8.715853879444252256e-08
1.234241241132961520e+01 4.151326166491790200e-08
1.235241241132961498e+01 1.425602543513892051e-08
1.236241241132961477e+01 6.466879865305262345e-09
1.237241241132961456e+01 9.826781086921435128e-10
1.237408713575896613e+01 1.737980423597062142e-10
