1.000000000000000021e-03 4.697822048310944520e-01
2.412694047623438563e-03 4.697821939050615958e-01
1.241269404762343834e-02 4.697818579175604414e-01
2.241269404762343681e-02 4.697810686702875160e-01
3.241269404762343875e-02 4.697798261629272387e-01
4.241269404762344070e-02 4.697781303949807863e-01
5.241269404762344264e-02 4.697759813657672590e-01
6.241269404762344458e-02 4.697733790744238469e-01
7.241269404762344652e-02 4.697703235199056637e-01
8.241269404762344153e-02 4.697668147009856354e-01
9.241269404762343653e-02 4.697628526162548890e-01
1.024126940476234315e-01 4.697584372641222528e-01
1.124126940476234265e-01 4.697535686428145896e-01
1.224126940476234215e-01 4.697482467503766301e-01
1.324126940476234304e-01 4.697424715846709176e-01
1.424126940476234393e-01 4.697362431433778629e-01
1.524126940476234482e-01 4.697295614239957451e-01
1.624126940476234571e-01 4.697224264238404334e-01
1.724126940476234660e-01 4.697148381400457762e-01
1.824126940476234748e-01 4.697067965695631009e-01
1.924126940476234837e-01 4.696983017091614920e-01
2.024126940476234926e-01 4.696893535554277910e-01
2.124126940476235015e-01 4.696799521047661519e-01
2.224126940476235104e-01 4.696700973533983747e-01
2.324126940476235192e-01 4.696597892973638499e-01
2.424126940476235281e-01 4.696490279325193362e-01
2.524126940476235093e-01 4.696378132545388495e-01
2.624126940476235181e-01 4.696261452589140517e-01
2.724126940476235270e-01 4.696140239409535844e-01
2.824126940476235359e-01 4.696014492957836239e-01
2.924126940476235448e-01 4.695884213183471600e-01
3.024126940476235537e-01 4.695749400034046062e-01
3.124126940476235625e-01 4.695610053455334110e-01
3.224126940476235714e-01 4.695466173391278364e-01
3.324126940476235803e-01 4.695317759783992906e-01
3.424126940476235892e-01 4.695164812573759949e-01
3.524126940476235981e-01 4.695007331699029285e-01
3.624126940476236070e-01 4.694845317096418280e-01
3.724126940476236158e-01 4.694678768700713545e-01
3.824126940476236247e-01 4.694507686444864270e-01
3.924126940476236336e-01 4.694332070259987222e-01
4.024126940476236425e-01 4.694151920075366191e-01
4.124126940476236514e-01 4.693967235818445327e-01
4.224126940476236602e-01 4.693778017414834691e-01
4.324126940476236691e-01 4.693584264788306371e-01
4.424126940476236780e-01 4.693385977860795588e-01
4.524126940476236869e-01 4.693183156552399593e-01
4.624126940476236958e-01 4.692975800781375995e-01
4.724126940476237047e-01 4.692763910464140542e-01
4.824126940476237135e-01 4.692547485515273231e-01
4.924126940476237224e-01 4.692326525847509977e-01
5.024126940476236758e-01 4.692101031371744835e-01
5.124126940476236847e-01 4.691871001997030555e-01
5.224126940476236935e-01 4.691636437630577472e-01
5.324126940476237024e-01 4.691397338177751841e-01
5.424126940476237113e-01 4.691153703542076392e-01
5.524126940476237202e-01 4.690905533625226997e-01
5.624126940476237291e-01 4.690652828327038226e-01
5.724126940476237380e-01 4.690395587545495015e-01
5.824126940476237468e-01 4.690133811176738221e-01
5.924126940476237557e-01 4.689867499115060179e-01
6.024126940476237646e-01 4.689596651252908588e-01
6.124126940476237735e-01 4.689321267480879851e-01
6.224126940476237824e-01 4.689041347687725736e-01
6.324126940476237912e-01 4.688756891760346712e-01
6.424126940476238001e-01 4.688467899583794174e-01
6.524126940476238090e-01 4.688174371041272659e-01
6.624126940476238179e-01 4.687876306014133743e-01
6.724126940476238268e-01 4.687573704381883255e-01
6.824126940476238357e-01 4.687266566022170178e-01
6.924126940476238445e-01 4.686954890810799967e-01
7.024126940476238534e-01 4.686638678621722898e-01
7.124126940476238623e-01 4.686317929327040166e-01
7.224126940476238712e-01 4.685992642797001673e-01
7.324126940476238801e-01 4.685662818900006577e-01
7.424126940476238889e-01 4.685328457502602184e-01
7.524126940476238978e-01 4.684989558469485615e-01
7.624126940476239067e-01 4.684646121663503249e-01
7.724126940476239156e-01 4.684298146945650720e-01
7.824126940476239245e-01 4.683945634175071815e-01
7.924126940476239334e-01 4.683588583209061795e-01
8.024126940476239422e-01 4.683226993903065738e-01
8.124126940476239511e-01 4.682860866110677422e-01
8.224126940476239600e-01 4.682490199683643217e-01
8.324126940476239689e-01 4.682114994471860969e-01
8.424126940476239778e-01 4.681735250323377784e-01
8.524126940476239866e-01 4.681350967084396686e-01
8.624126940476239955e-01 4.680962144599271624e-01
8.724126940476240044e-01 4.680568782710511910e-01
8.824126940476240133e-01 4.680170881258781113e-01
8.924126940476240222e-01 4.679768440082898162e-01
9.024126940476240311e-01 4.679361459019838465e-01
9.124126940476240399e-01 4.678949937904736123e-01
9.224126940476240488e-01 4.678533876570885597e-01
9.324126940476240577e-01 4.678113274849737269e-01
9.424126940476240666e-01 4.677688132570907986e-01
9.524126940476240755e-01 4.677258449562176068e-01
9.624126940476240843e-01 4.676824225649482969e-01
9.724126940476240932e-01 4.676385460656937720e-01
9.824126940476241021e-01 4.675942154406816376e-01
9.924126940476241110e-01 4.675494306719567006e-01
1.002412694047624120e+00 4.675041917413806369e-01
1.012412694047624129e+00 4.674584986306327128e-01
1.022412694047624138e+00 4.674123513212096737e-01
1.032412694047624147e+00 4.673657497944261330e-01
1.042412694047624155e+00 4.673186940314149052e-01
1.052412694047624164e+00 4.672711840131267835e-01
1.062412694047624173e+00 4.672232197203313731e-01
1.072412694047624182e+00 4.671748011336170903e-01
1.082412694047624191e+00 4.671259282333912743e-01
1.092412694047624200e+00 4.670766009998809087e-01
1.102412694047624209e+00 4.670268194131327877e-01
1.112412694047624218e+00 4.669765834530134052e-01
1.122412694047624226e+00 4.669258930992100098e-01
1.132412694047624235e+00 4.668747483312303270e-01
1.142412694047624244e+00 4.668231491284033363e-01
1.152412694047624253e+00 4.667710954698794934e-01
1.162412694047624262e+00 4.667185873346311187e-01
1.172412694047624271e+00 4.666656247014527858e-01
1.182412694047624280e+00 4.666122075489618770e-01
1.192412694047624289e+00 4.665583358555988602e-01
1.202412694047624298e+00 4.665040095996278446e-01
1.212412694047624306e+00 4.664492287591369690e-01
1.222412694047624315e+00 4.663939933120390680e-01
1.232412694047624324e+00 4.663383032360718938e-01
1.242412694047624333e+00 4.662821585087988940e-01
1.252412694047624342e+00 4.662255591076096550e-01
1.262412694047624351e+00 4.661685050097203464e-01
1.272412694047624360e+00 4.661109961921746092e-01
1.282412694047624369e+00 4.660530326318436667e-01
1.292412694047624377e+00 4.659946143054274348e-01
1.302412694047624386e+00 4.659357411894547440e-01
1.312412694047624395e+00 4.658764132602842833e-01
1.322412694047624404e+00 4.658166304941052105e-01
1.332412694047624413e+00 4.657563928669375408e-01
1.342412694047624422e+00 4.656957003546333129e-01
1.352412694047624431e+00 4.656345529328768662e-01
1.362412694047624440e+00 4.655729505771860066e-01
1.372412694047624449e+00 4.655108932629125063e-01
1.382412694047624457e+00 4.654483809652429915e-01
1.392412694047624466e+00 4.653854136591996093e-01
1.402412694047624475e+00 4.653219913196410817e-01
1.412412694047624484e+00 4.652581139212633721e-01
1.422412694047624493e+00 4.651937814386007397e-01
1.432412694047624502e+00 4.651289938460262952e-01
1.442412694047624511e+00 4.650637511177534988e-01
1.452412694047624520e+00 4.649980532278364387e-01
1.462412694047624528e+00 4.649319001501713844e-01
1.472412694047624537e+00 4.648652918584973426e-01
1.482412694047624546e+00 4.647982283263972780e-01
1.492412694047624555e+00 4.647307095272992239e-01
1.502412694047624564e+00 4.646627354344770033e-01
1.512412694047624573e+00 4.645943060210518949e-01
1.522412694047624582e+00 4.645254212599931876e-01
1.532412694047624591e+00 4.644560811141820733e-01
1.542412694047624599e+00 4.643862853734629370e-01
1.552412694047624608e+00 4.643160339367684575e-01
1.562412694047624617e+00 4.642453267697091435e-01
1.572412694047624626e+00 4.641741638376571388e-01
1.582412694047624635e+00 4.641025451057457785e-01
1.592412694047624644e+00 4.640304705388708095e-01
1.602412694047624653e+00 4.639579401016903915e-01
1.612412694047624662e+00 4.638849537586260396e-01
1.622412694047624671e+00 4.638115114738629030e-01
1.632412694047624679e+00 4.637376132113507077e-01
1.642412694047624688e+00 4.636632589348038125e-01
1.652412694047624697e+00 4.635884486077024302e-01
1.662412694047624706e+00 4.635131821932932383e-01
1.672412694047624715e+00 4.634374596545897673e-01
1.682412694047624724e+00 4.633612809543734001e-01
1.692412694047624733e+00 4.632846460551940937e-01
1.702412694047624742e+00 4.632075549193713782e-01
1.712412694047624750e+00 4.631300075089949120e-01
1.722412694047624759e+00 4.630520037859252591e-01
1.732412694047624768e+00 4.629735437117955543e-01
1.742412694047624777e+00 4.628946272480114477e-01
1.752412694047624786e+00 4.628152543557526033e-01
1.762412694047624795e+00 4.627354249959738652e-01
1.772412694047624804e+00 4.626551391294059234e-01
1.782412694047624813e+00 4.625743967165564241e-01
1.792412694047624822e+00 4.624931977177115239e-01
1.802412694047624830e+00 4.624115420929364451e-01
1.812412694047624839e+00 4.623294298020770854e-01
1.822412694047624848e+00 4.622468608047609617e-01
1.832412694047624857e+00 4.621638350603986534e-01
1.842412694047624866e+00 4.620803525281850788e-01
1.852412694047624875e+00 4.619964131671008278e-01
1.862412694047624884e+00 4.619120169359132722e-01
1.872412694047624893e+00 4.618271637931782303e-01
1.882412694047624901e+00 4.617418536972416332e-01
1.892412694047624910e+00 4.616560866062404678e-01
1.902412694047624919e+00 4.615698624781046089e-01
1.912412694047624928e+00 4.614831812705584846e-01
1.922412694047624937e+00 4.613960429411224640e-01
1.932412694047624946e+00 4.613084474471144669e-01
1.942412694047624955e+00 4.612203947456519071e-01
1.952412694047624964e+00 4.611318847936534682e-01
1.962412694047624973e+00 4.610429175478403807e-01
1.972412694047624981e+00 4.609534929647385315e-01
1.982412694047624990e+00 4.608636110006806286e-01
1.992412694047624999e+00 4.607732716118075889e-01
2.002412694047624786e+00 4.606824747540707032e-01
2.012412694047624573e+00 4.605912203832338014e-01
2.022412694047624360e+00 4.604995084548748063e-01
2.032412694047624147e+00 4.604073389243883985e-01
2.042412694047623933e+00 4.603147117469877370e-01
2.052412694047623720e+00 4.602216268777066799e-01
2.062412694047623507e+00 4.601280842714022268e-01
2.072412694047623294e+00 4.600340838827562395e-01
2.082412694047623081e+00 4.599396256662787175e-01
2.092412694047622868e+00 4.598447095763089632e-01
2.102412694047622654e+00 4.597493355670190796e-01
2.112412694047622441e+00 4.596535035924155799e-01
2.122412694047622228e+00 4.595572136063423851e-01
2.132412694047622015e+00 4.594604655624832112e-01
2.142412694047621802e+00 4.593632594143640668e-01
2.152412694047621589e+00 4.592655951153563065e-01
2.162412694047621375e+00 4.591674726186787403e-01
2.172412694047621162e+00 4.590688918774009086e-01
2.182412694047620949e+00 4.589698528444455250e-01
2.192412694047620736e+00 4.588703554725913625e-01
2.202412694047620523e+00 4.587703997144767509e-01
2.212412694047620310e+00 4.586699855226015199e-01
2.222412694047620096e+00 4.585691128493306623e-01
2.232412694047619883e+00 4.584677816468975542e-01
2.242412694047619670e+00 4.583659918674065081e-01
2.252412694047619457e+00 4.582637434628362150e-01
2.262412694047619244e+00 4.581610363850432965e-01
2.272412694047619031e+00 4.580578705857649147e-01
2.282412694047618817e+00 4.579542460166226014e-01
2.292412694047618604e+00 4.578501626291257565e-01
2.302412694047618391e+00 4.577456203746744223e-01
2.312412694047618178e+00 4.576406192045635590e-01
2.322412694047617965e+00 4.575351590699860971e-01
2.332412694047617752e+00 4.574292399220368233e-01
2.342412694047617538e+00 4.573228617117159334e-01
2.352412694047617325e+00 4.572160243899326959e-01
2.362412694047617112e+00 4.571087279075094489e-01
2.372412694047616899e+00 4.570009722151853748e-01
2.382412694047616686e+00 4.568927572636202195e-01
2.392412694047616473e+00 4.567840830033985666e-01
2.402412694047616259e+00 4.566749493850335573e-01
2.412412694047616046e+00 4.565653563589713859e-01
2.422412694047615833e+00 4.564553038755947978e-01
2.432412694047615620e+00 4.563447918852281959e-01
2.442412694047615407e+00 4.562338199958159146e-01
2.452412694047615194e+00 4.561223877492859846e-01
2.462412694047614981e+00 4.560104950795117462e-01
2.472412694047614767e+00 4.558981419207031038e-01
2.482412694047614554e+00 4.557853282068533574e-01
2.492412694047614341e+00 4.556720538717430879e-01
2.502412694047614128e+00 4.555583188489440438e-01
2.512412694047613915e+00 4.554441230718229705e-01
2.522412694047613702e+00 4.553294664735456632e-01
2.532412694047613488e+00 4.552143489870809079e-01
2.542412694047613275e+00 4.550987705452047560e-01
2.552412694047613062e+00 4.549827310805044656e-01
2.562412694047612849e+00 4.548662305253829419e-01
2.572412694047612636e+00 4.547492688120630122e-01
2.582412694047612423e+00 4.546318458725920331e-01
2.592412694047612209e+00 4.545139616388459980e-01
2.602412694047611996e+00 4.543956160425342561e-01
2.612412694047611783e+00 4.542768090152043414e-01
2.622412694047611570e+00 4.541575404882464140e-01
2.632412694047611357e+00 4.540378103928982001e-01
2.642412694047611144e+00 4.539176186602497665e-01
2.652412694047610930e+00 4.537969652212484606e-01
2.662412694047610717e+00 4.536758500067040734e-01
2.672412694047610504e+00 4.535542729472936685e-01
2.682412694047610291e+00 4.534322339735670782e-01
2.692412694047610078e+00 4.533097330159517324e-01
2.702412694047609865e+00 4.531867700047584879e-01
2.712412694047609651e+00 4.530633448701865684e-01
2.722412694047609438e+00 4.529394575423295044e-01
2.732412694047609225e+00 4.528151079511800736e-01
2.742412694047609012e+00 4.526902960266367404e-01
2.752412694047608799e+00 4.525650216985087071e-01
2.762412694047608586e+00 4.524392848965222425e-01
2.772412694047608372e+00 4.523130855503260661e-01
2.782412694047608159e+00 4.521864235894976214e-01
2.792412694047607946e+00 4.520592989435494036e-01
2.802412694047607733e+00 4.519317115419342890e-01
2.812412694047607520e+00 4.518036613140525848e-01
2.822412694047607307e+00 4.516751481892580800e-01
2.832412694047607093e+00 4.515461720968642068e-01
2.842412694047606880e+00 4.514167329661505357e-01
2.852412694047606667e+00 4.512868307263697143e-01
2.862412694047606454e+00 4.511564653067539066e-01
2.872412694047606241e+00 4.510256366365211211e-01
2.882412694047606028e+00 4.508943446448828163e-01
2.892412694047605815e+00 4.507625892610500618e-01
2.902412694047605601e+00 4.506303704142410327e-01
2.912412694047605388e+00 4.504976880336877265e-01
2.922412694047605175e+00 4.503645420486433459e-01
2.932412694047604962e+00 4.502309323883896264e-01
2.942412694047604749e+00 4.500968589822436638e-01
2.952412694047604536e+00 4.499623217595661862e-01
2.962412694047604322e+00 4.498273206497681032e-01
2.972412694047604109e+00 4.496918555823189445e-01
2.982412694047603896e+00 4.495559264867539651e-01
2.992412694047603683e+00 4.494195332926822495e-01
3.002412694047603470e+00 4.492826759297944283e-01
3.012412694047603257e+00 4.491453543278706717e-01
3.022412694047603043e+00 4.490075684167887937e-01
3.032412694047602830e+00 4.488693181265322463e-01
3.042412694047602617e+00 4.487306033871985567e-01
3.052412694047602404e+00 4.485914241290074322e-01
3.062412694047602191e+00 4.484517802823093091e-01
3.072412694047601978e+00 4.483116717333784917e-01
3.082412694047601764e+00 4.481710974976951811e-01
3.092412694047601551e+00 4.480300571225065420e-01
3.102412694047601338e+00 4.478885505122076616e-01
3.112412694047601125e+00 4.477465775711150231e-01
3.122412694047600912e+00 4.476041382034749994e-01
3.132412694047600699e+00 4.474612323134729563e-01
3.142412694047600485e+00 4.473178598052414134e-01
3.152412694047600272e+00 4.471740205828693138e-01
3.162412694047600059e+00 4.470297145504106839e-01
3.172412694047599846e+00 4.468849416118937934e-01
3.182412694047599633e+00 4.467397016713303137e-01
3.192412694047599420e+00 4.465939946327248111e-01
3.202412694047599206e+00 4.464478204000835171e-01
3.212412694047598993e+00 4.463011788774246535e-01
3.222412694047598780e+00 4.461540699687873701e-01
3.232412694047598567e+00 4.460064935782417361e-01
3.242412694047598354e+00 4.458584496098985661e-01
3.252412694047598141e+00 4.457099379679193007e-01
3.262412694047597927e+00 4.455609585565258879e-01
3.272412694047597714e+00 4.454115112800113851e-01
3.282412694047597501e+00 4.452615960427497854e-01
3.292412694047597288e+00 4.451112127492066750e-01
3.302412694047597075e+00 4.449603613039493921e-01
3.312412694047596862e+00 4.448090416116580181e-01
3.322412694047596649e+00 4.446572535771360357e-01
3.332412694047596435e+00 4.445049971053206539e-01
3.342412694047596222e+00 4.443522721012945764e-01
3.352412694047596009e+00 4.441990784702963824e-01
3.362412694047595796e+00 4.440454161177317949e-01
3.372412694047595583e+00 4.438912849491854495e-01
3.382412694047595370e+00 4.437366848704316635e-01
3.392412694047595156e+00 4.435816157874462595e-01
3.402412694047594943e+00 4.434260776064181675e-01
3.412412694047594730e+00 4.432700702337610821e-01
3.422412694047594517e+00 4.431135935761252864e-01
3.432412694047594304e+00 4.429566475404099202e-01
3.442412694047594091e+00 4.427992320337745258e-01
3.452412694047593877e+00 4.426413469636517051e-01
3.462412694047593664e+00 4.424829922377591651e-01
3.472412694047593451e+00 4.423241677641124303e-01
3.482412694047593238e+00 4.421648734510366663e-01
3.492412694047593025e+00 4.420051092071804466e-01
3.502412694047592812e+00 4.418448749415275212e-01
3.512412694047592598e+00 4.416841705634101944e-01
3.522412694047592385e+00 4.415229959825222594e-01
3.532412694047592172e+00 4.413613511089318764e-01
3.542412694047591959e+00 4.411992358530950620e-01
3.552412694047591746e+00 4.410366501258691230e-01
3.562412694047591533e+00 4.408735938385255904e-01
3.572412694047591319e+00 4.407100669027645967e-01
3.582412694047591106e+00 4.405460692307275328e-01
3.592412694047590893e+00 4.403816002575060562e-01
3.602412694047590680e+00 4.402166584616423184e-01
3.612412694047590467e+00 4.400512436248040227e-01
3.622412694047590254e+00 4.398853556216942851e-01
3.632412694047590040e+00 4.397189943272145074e-01
3.642412694047589827e+00 4.395521596164795874e-01
3.652412694047589614e+00 4.393848513648322407e-01
3.662412694047589401e+00 4.392170694478582105e-01
3.672412694047589188e+00 4.390488137414011449e-01
3.682412694047588975e+00 4.388800841215775850e-01
3.692412694047588761e+00 4.387108804647928406e-01
3.702412694047588548e+00 4.385412026477557568e-01
3.712412694047588335e+00 4.383710505474947561e-01
3.722412694047588122e+00 4.382004240413733265e-01
3.732412694047587909e+00 4.380293230071058974e-01
3.742412694047587696e+00 4.378577473227741601e-01
3.752412694047587483e+00 4.376856968668428327e-01
3.762412694047587269e+00 4.375131715181758141e-01
3.772412694047587056e+00 4.373401711560530591e-01
3.782412694047586843e+00 4.371666956601868992e-01
3.792412694047586630e+00 4.369927449107385287e-01
3.802412694047586417e+00 4.368183187883350471e-01
3.812412694047586204e+00 4.366434171740865011e-01
3.822412694047585990e+00 4.364680399496026486e-01
3.832412694047585777e+00 4.362921869970105004e-01
3.842412694047585564e+00 4.361158581989715288e-01
3.852412694047585351e+00 4.359390534386991534e-01
3.862412694047585138e+00 4.357617725999766711e-01
3.872412694047584925e+00 4.355840155671744096e-01
3.882412694047584711e+00 4.354057822252684340e-01
3.892412694047584498e+00 4.352270724598578111e-01
3.902412694047584285e+00 4.350478861571834277e-01
3.912412694047584072e+00 4.348682232041458651e-01
3.922412694047583859e+00 4.346880834883241063e-01
3.932412694047583646e+00 4.345074668979942434e-01
3.942412694047583432e+00 4.343263733221476297e-01
3.952412694047583219e+00 4.341448026505104751e-01
3.962412694047583006e+00 4.339627547735621649e-01
3.972412694047582793e+00 4.337802295825549659e-01
3.982412694047582580e+00 4.335972269695329562e-01
3.992412694047582367e+00 4.334137468273513427e-01
4.002412694047582598e+00 4.332297890496963344e-01
4.012412694047582384e+00 4.330453535311045155e-01
4.022412694047582171e+00 4.328604401669828294e-01
4.032412694047581958e+00 4.326750484073286773e-01
4.042412694047581745e+00 4.324891760806561791e-01
4.052412694047581532e+00 4.323028227791914091e-01
4.062412694047581319e+00 4.321159883480205632e-01
4.072412694047581105e+00 4.319286726328403492e-01
4.082412694047580892e+00 4.317408754799798021e-01
4.092412694047580679e+00 4.315525967364221005e-01
4.102412694047580466e+00 4.313638362498269929e-01
4.112412694047580253e+00 4.311745938685525026e-01
4.122412694047580040e+00 4.309848694416778536e-01
4.132412694047579826e+00 4.307946628190257310e-01
4.142412694047579613e+00 4.306039738511850401e-01
4.152412694047579400e+00 4.304128023895337218e-01
4.162412694047579187e+00 4.302211482862617897e-01
4.172412694047578974e+00 4.300290113943947556e-01
4.182412694047578761e+00 4.298363915678166669e-01
4.192412694047578547e+00 4.296432886612935320e-01
4.202412694047578334e+00 4.294497025304974125e-01
4.212412694047578121e+00 4.292556330320297375e-01
4.222412694047577908e+00 4.290610800234455624e-01
4.232412694047577695e+00 4.288660433632774938e-01
4.242412694047577482e+00 4.286705229110600035e-01
4.252412694047577268e+00 4.284745185273539092e-01
4.262412694047577055e+00 4.282780300737709656e-01
4.272412694047576842e+00 4.280810574129984003e-01
4.282412694047576629e+00 4.278836004088237832e-01
4.292412694047576416e+00 4.276856589261604502e-01
4.302412694047576203e+00 4.274872328310720393e-01
4.312412694047575989e+00 4.272883219907981367e-01
4.322412694047575776e+00 4.270889262737800340e-01
4.332412694047575563e+00 4.268890455496854863e-01
4.342412694047575350e+00 4.266886796894356348e-01
4.352412694047575137e+00 4.264878285652297651e-01
4.362412694047574924e+00 4.262864920505719524e-01
4.372412694047574711e+00 4.260846700202973736e-01
4.382412694047574497e+00 4.258823623505982314e-01
4.392412694047574284e+00 4.256795689190505105e-01
4.402412694047574071e+00 4.254762896046402898e-01
4.412412694047573858e+00 4.252725242877911094e-01
4.422412694047573645e+00 4.250682720822330229e-01
4.432412694047573432e+00 4.248635301924501007e-01
4.442412694047573218e+00 4.246582982143815022e-01
4.452412694047573005e+00 4.244525759672060916e-01
4.462412694047572792e+00 4.242463632713172061e-01
4.472412694047572579e+00 4.240396599483527429e-01
4.482412694047572366e+00 4.238324658212252460e-01
4.492412694047572153e+00 4.236247807141517163e-01
4.502412694047571939e+00 4.234166044526845307e-01
4.512412694047571726e+00 4.232079368637416406e-01
4.522412694047571513e+00 4.229987777756377687e-01
4.532412694047571300e+00 4.227891270181145522e-01
4.542412694047571087e+00 4.225789844223725167e-01
4.552412694047570874e+00 4.223683498211013854e-01
4.562412694047570660e+00 4.221572230485124422e-01
4.572412694047570447e+00 4.219456039403691738e-01
4.582412694047570234e+00 4.217334923340194108e-01
4.592412694047570021e+00 4.215208880684273018e-01
4.602412694047569808e+00 4.213077909842051216e-01
4.612412694047569595e+00 4.210942009236456895e-01
4.622412694047569381e+00 4.208801177307541774e-01
4.632412694047569168e+00 4.206655412512813053e-01
4.642412694047568955e+00 4.204504713327556487e-01
4.652412694047568742e+00 4.202349078245161684e-01
4.662412694047568529e+00 4.200188505777456838e-01
4.672412694047568316e+00 4.198022994455036239e-01
4.682412694047568102e+00 4.195852542827594456e-01
4.692412694047567889e+00 4.193677149464259402e-01
4.702412694047567676e+00 4.191496812953926510e-01
4.712412694047567463e+00 4.189311531905600128e-01
4.722412694047567250e+00 4.187121304948725475e-01
4.732412694047567037e+00 4.184926130733534477e-01
4.742412694047566823e+00 4.182726007931382162e-01
4.752412694047566610e+00 4.180520935235091384e-01
4.762412694047566397e+00 4.178310911359297553e-01
4.772412694047566184e+00 4.176095925357342642e-01
4.782412694047565971e+00 4.173875942409210338e-01
4.792412694047565758e+00 4.171650957600462339e-01
4.802412694047565545e+00 4.169420968781785142e-01
4.812412694047565331e+00 4.167185973823019363e-01
4.822412694047565118e+00 4.164945970613549431e-01
4.832412694047564905e+00 4.162700957062702156e-01
4.842412694047564692e+00 4.160450931100137528e-01
4.852412694047564479e+00 4.158195890676252282e-01
4.862412694047564266e+00 4.155935833762573473e-01
4.872412694047564052e+00 4.153670758352162040e-01
4.882412694047563839e+00 4.151400662460014712e-01
4.892412694047563626e+00 4.149125544123468678e-01
4.902412694047563413e+00 4.146845401402605158e-01
4.912412694047563200e+00 4.144560232380661846e-01
4.922412694047562987e+00 4.142270035164433706e-01
4.932412694047562773e+00 4.139974807884692076e-01
4.942412694047562560e+00 4.137674548696591015e-01
4.952412694047562347e+00 4.135369255780083075e-01
4.962412694047562134e+00 4.133058927340332867e-01
4.972412694047561921e+00 4.130743561608135606e-01
4.982412694047561708e+00 4.128423156840332897e-01
4.992412694047561494e+00 4.126097711320235728e-01
5.002412694047561281e+00 4.123767223358040246e-01
5.012412694047561068e+00 4.121431691291255750e-01
5.022412694047560855e+00 4.119091113485122690e-01
5.032412694047560642e+00 4.116745488333043990e-01
5.042412694047560429e+00 4.114394814257004152e-01
5.052412694047560215e+00 4.112039089708005024e-01
5.062412694047560002e+00 4.109678313166487684e-01
5.072412694047559789e+00 4.107312483142768755e-01
5.082412694047559576e+00 4.104941598177468398e-01
5.092412694047559363e+00 4.102565640661545165e-01
5.102412694047559150e+00 4.100184570558246255e-01
5.112412694047558936e+00 4.097798383879728279e-01
5.122412694047558723e+00 4.095407078253143762e-01
5.132412694047558510e+00 4.093010651334698102e-01
5.142412694047558297e+00 4.090609100810139176e-01
5.152412694047558084e+00 4.088202424395251944e-01
5.162412694047557871e+00 4.085790619836353610e-01
5.172412694047557657e+00 4.083373684910788226e-01
5.182412694047557444e+00 4.080951617427429068e-01
5.192412694047557231e+00 4.078524415227176014e-01
5.202412694047557018e+00 4.076092076183455148e-01
5.212412694047556805e+00 4.073654598202724464e-01
5.222412694047556592e+00 4.071211979224977906e-01
5.232412694047556379e+00 4.068764217224244972e-01
5.242412694047556165e+00 4.066311310209106966e-01
5.252412694047555952e+00 4.063853256223194932e-01
5.262412694047555739e+00 4.061390053345708129e-01
5.272412694047555526e+00 4.058921699691916407e-01
5.282412694047555313e+00 4.056448193413677572e-01
5.292412694047555100e+00 4.053969532699947531e-01
5.302412694047554886e+00 4.051485715777297103e-01
5.312412694047554673e+00 4.048996740910424386e-01
5.322412694047554460e+00 4.046502606402671010e-01
5.332412694047554247e+00 4.044003310596544498e-01
5.342412694047554034e+00 4.041498851874227860e-01
5.352412694047553821e+00 4.038989228658111386e-01
5.362412694047553607e+00 4.036474439411300574e-01
5.372412694047553394e+00 4.033954482638147931e-01
5.382412694047553181e+00 4.031429350943540602e-01
5.392412694047552968e+00 4.028898992300847803e-01
5.402412694047552755e+00 4.026363392709492728e-01
5.412412694047552542e+00 4.023822549493465406e-01
5.422412694047552328e+00 4.021276460017184640e-01
5.432412694047552115e+00 4.018725121686098634e-01
5.442412694047551902e+00 4.016168531947292841e-01
5.452412694047551689e+00 4.013606688290096147e-01
5.462412694047551476e+00 4.011039588246684273e-01
5.472412694047551263e+00 4.008467229392693731e-01
5.482412694047551049e+00 4.005889609347825231e-01
5.492412694047550836e+00 4.003306725776458741e-01
5.502412694047550623e+00 4.000718576388263004e-01
5.512412694047550410e+00 3.998125158938811152e-01
5.522412694047550197e+00 3.995526471230188559e-01
5.532412694047549984e+00 3.992922511111611783e-01
5.542412694047549770e+00 3.990313276480046967e-01
5.552412694047549557e+00 3.987698765280817681e-01
5.562412694047549344e+00 3.985078975508229426e-01
5.572412694047549131e+00 3.982453905206184697e-01
5.582412694047548918e+00 3.979823552468801928e-01
5.592412694047548705e+00 3.977187915441038335e-01
5.602412694047548491e+00 3.974546992319302197e-01
5.612412694047548278e+00 3.971900781352084020e-01
5.622412694047548065e+00 3.969249280840567717e-01
5.632412694047547852e+00 3.966592489139263433e-01
5.642412694047547639e+00 3.963930404656619277e-01
5.652412694047547426e+00 3.961263023846022246e-01
5.662412694047547213e+00 3.958590291385985505e-01
5.672412694047546999e+00 3.955912180629139741e-01
5.682412694047546786e+00 3.953228688600003982e-01
5.692412694047546573e+00 3.950539812377498738e-01
5.702412694047546360e+00 3.947845549095674866e-01
5.712412694047546147e+00 3.945145895944435765e-01
5.722412694047545934e+00 3.942440850170265687e-01
5.732412694047545720e+00 3.939730409076952489e-01
5.742412694047545507e+00 3.937014570026323712e-01
5.752412694047545294e+00 3.934293330438966563e-01
5.762412694047545081e+00 3.931566687794959547e-01
5.772412694047544868e+00 3.928834639634601889e-01
5.782412694047544655e+00 3.926097183559145165e-01
5.792412694047544441e+00 3.923354317231519395e-01
5.802412694047544228e+00 3.920606038377064673e-01
5.812412694047544015e+00 3.917852344784264473e-01
5.822412694047543802e+00 3.915093234305474512e-01
5.832412694047543589e+00 3.912328704857650497e-01
5.842412694047543376e+00 3.909558754423086424e-01
5.852412694047543162e+00 3.906783381050141779e-01
5.862412694047542949e+00 3.904002582853970948e-01
5.872412694047542736e+00 3.901216358017259300e-01
5.882412694047542523e+00 3.898424704790950934e-01
5.892412694047542310e+00 3.895627621494980319e-01
5.902412694047542097e+00 3.892825106519006151e-01
5.912412694047541883e+00 3.890017122872511113e-01
5.922412694047541670e+00 3.887203611642058854e-01
5.932412694047541457e+00 3.884384568825469675e-01
5.942412694047541244e+00 3.881559991203883397e-01
5.952412694047541031e+00 3.878729875630406165e-01
5.962412694047540818e+00 3.875894219030963650e-01
5.972412694047540604e+00 3.873053018405159253e-01
5.982412694047540391e+00 3.870206270827128980e-01
5.992412694047540178e+00 3.867353973446397419e-01
6.002412694047539965e+00 3.864496123488730950e-01
6.012412694047539752e+00 3.861632718256995944e-01
6.022412694047539539e+00 3.858763755132011974e-01
6.032412694047539325e+00 3.855889231573405573e-01
6.042412694047539112e+00 3.853009145120465107e-01
6.052412694047538899e+00 3.850123493392992313e-01
6.062412694047538686e+00 3.847232274092157178e-01
6.072412694047538473e+00 3.844335485001350583e-01
6.082412694047538260e+00 3.841433123987030296e-01
6.092412694047538047e+00 3.838525188999579729e-01
6.102412694047537833e+00 3.835611678074150044e-01
6.112412694047537620e+00 3.832692589331511690e-01
6.122412694047537407e+00 3.829767920978902618e-01
6.132412694047537194e+00 3.826837671310877043e-01
6.142412694047536981e+00 3.823901837728485020e-01
6.152412694047536768e+00 3.820960352999696608e-01
6.162412694047536554e+00 3.818013174337520632e-01
6.172412694047536341e+00 3.815060298133216565e-01
6.182412694047536128e+00 3.812101720869595090e-01
6.192412694047535915e+00 3.809137439122023960e-01
6.202412694047535702e+00 3.806167449559421656e-01
6.212412694047535489e+00 3.803191748945252137e-01
6.222412694047535275e+00 3.800210334138524604e-01
6.232412694047535062e+00 3.797223202094783812e-01
6.242412694047534849e+00 3.794230349867104835e-01
6.252412694047534636e+00 3.791231774607082272e-01
6.262412694047534423e+00 3.788227473565822234e-01
6.272412694047534210e+00 3.785217444094928219e-01
6.282412694047533996e+00 3.782201683647489210e-01
6.292412694047533783e+00 3.779180189779062227e-01
6.302412694047533570e+00 3.776152960148657645e-01
6.312412694047533357e+00 3.773119992519718413e-01
6.322412694047533144e+00 3.770081284761096496e-01
6.332412694047532931e+00 3.767036834848036531e-01
6.342412694047532717e+00 3.763986640863140609e-01
6.352412694047532504e+00 3.760930700997349718e-01
6.362412694047532291e+00 3.757869013550905191e-01
6.372412694047532078e+00 3.754801536263607242e-01
6.382412694047531865e+00 3.751728188384794715e-01
6.392412694047531652e+00 3.748648964024714481e-01
6.402412694047531438e+00 3.745563859303215892e-01
6.412412694047531225e+00 3.742472870456595713e-01
6.422412694047531012e+00 3.739375993838750523e-01
6.432412694047530799e+00 3.736273225922319141e-01
6.442412694047530586e+00 3.733164563299830596e-01
6.452412694047530373e+00 3.730050002684842658e-01
6.462412694047530159e+00 3.726929540913082040e-01
6.472412694047529946e+00 3.723803174943576266e-01
6.482412694047529733e+00 3.720670901859792212e-01
6.492412694047529520e+00 3.717532718870759090e-01
6.502412694047529307e+00 3.714388623312198656e-01
6.512412694047529094e+00 3.711238612647645430e-01
6.522412694047528881e+00 3.708082684469567458e-01
6.532412694047528667e+00 3.704920836500477654e-01
6.542412694047528454e+00 3.701753066594052344e-01
6.552412694047528241e+00 3.698579372736234272e-01
6.562412694047528028e+00 3.695399753046340052e-01
6.572412694047527815e+00 3.692214205778155400e-01
6.582412694047527602e+00 3.689022687970727188e-01
6.592412694047527388e+00 3.685825105666209467e-01
6.602412694047527175e+00 3.682621451230060350e-01
6.612412694047526962e+00 3.679411720381929873e-01
6.622412694047526749e+00 3.676195908986530925e-01
6.632412694047526536e+00 3.672974013054948195e-01
6.642412694047526323e+00 3.669746028745949906e-01
6.652412694047526109e+00 3.666511952367286775e-01
6.662412694047525896e+00 3.663271780376989861e-01
6.672412694047525683e+00 3.660025509384670084e-01
6.682412694047525470e+00 3.656773136152796644e-01
6.692412694047525257e+00 3.653514657597989879e-01
6.702412694047525044e+00 3.650250070792292467e-01
6.712412694047524830e+00 3.646979372964445631e-01
6.722412694047524617e+00 3.643702561501154791e-01
6.732412694047524404e+00 3.640419633948353551e-01
6.742412694047524191e+00 3.637130588012454369e-01
6.752412694047523978e+00 3.633835421561606438e-01
6.762412694047523765e+00 3.630534132626933586e-01
6.772412694047523551e+00 3.627226719403771060e-01
6.782412694047523338e+00 3.623913120318673076e-01
6.792412694047523125e+00 3.620593241372785376e-01
6.802412694047522912e+00 3.617267076765728895e-01
6.812412694047522699e+00 3.613934621777469824e-01
6.822412694047522486e+00 3.610595871867119389e-01
6.832412694047522272e+00 3.607250822674414881e-01
6.842412694047522059e+00 3.603899470021200147e-01
6.852412694047521846e+00 3.600541809912891078e-01
6.862412694047521633e+00 3.597177838539942218e-01
6.872412694047521420e+00 3.593807552279301709e-01
6.882412694047521207e+00 3.590430947695854580e-01
6.892412694047520993e+00 3.587048021543871590e-01
6.902412694047520780e+00 3.583658770768430868e-01
6.912412694047520567e+00 3.580263192506850656e-01
6.922412694047520354e+00 3.576861284090099846e-01
6.932412694047520141e+00 3.573453043044208521e-01
6.942412694047519928e+00 3.570038467091668499e-01
6.952412694047519715e+00 3.566617554152816671e-01
6.962412694047519501e+00 3.563190302183957825e-01
6.972412694047519288e+00 3.559756618500620196e-01
6.982412694047519075e+00 3.556316422088406370e-01
6.992412694047518862e+00 3.552869707501262186e-01
7.002412694047518649e+00 3.549416469510989214e-01
7.012412694047518436e+00 3.545956703108921193e-01
7.022412694047518222e+00 3.542490403507589924e-01
7.032412694047518009e+00 3.539017566142376170e-01
7.042412694047517796e+00 3.535538186673158334e-01
7.052412694047517583e+00 3.532052260985945047e-01
7.062412694047517370e+00 3.528559785194497755e-01
7.072412694047517157e+00 3.525060755641944432e-01
7.082412694047516943e+00 3.521555168902382182e-01
7.092412694047516730e+00 3.518043021782466528e-01
7.102412694047516517e+00 3.514524311322989036e-01
7.112412694047516304e+00 3.510999034800446061e-01
7.122412694047516091e+00 3.507467189728593615e-01
7.132412694047515878e+00 3.503928773859990020e-01
7.142412694047515664e+00 3.500383782986003500e-01
7.152412694047515451e+00 3.496832098552615231e-01
7.162412694047515238e+00 3.493273649285942306e-01
7.172412694047515025e+00 3.489708429077167384e-01
7.182412694047514812e+00 3.486136432082815872e-01
7.192412694047514599e+00 3.482557652726622210e-01
7.202412694047514385e+00 3.478972085701389494e-01
7.212412694047514172e+00 3.475379725970824674e-01
7.222412694047513959e+00 3.471780568771367648e-01
7.232412694047513746e+00 3.468174609614004256e-01
7.242412694047513533e+00 3.464561844286060954e-01
7.252412694047513320e+00 3.460942268852986170e-01
7.262412694047513106e+00 3.457315879660121105e-01
7.272412694047512893e+00 3.453682673334445563e-01
7.282412694047512680e+00 3.450042646786317668e-01
7.292412694047512467e+00 3.446395797211189160e-01
7.302412694047512254e+00 3.442742122091309032e-01
7.312412694047512041e+00 3.439081617046147454e-01
7.322412694047511827e+00 3.435414153379863778e-01
7.332412694047511614e+00 3.431739651332142427e-01
7.342412694047511401e+00 3.428058103961140191e-01
7.352412694047511188e+00 3.424369504646283535e-01
7.362412694047510975e+00 3.420673847090348052e-01
7.372412694047510762e+00 3.416971125321501823e-01
7.382412694047510549e+00 3.413261333695351007e-01
7.392412694047510335e+00 3.409544466896944903e-01
7.402412694047510122e+00 3.405820519942776570e-01
7.412412694047509909e+00 3.402089488182758470e-01
7.422412694047509696e+00 3.398351367302174242e-01
7.432412694047509483e+00 3.394606153323614928e-01
7.442412694047509270e+00 3.390853842608892443e-01
7.452412694047509056e+00 3.387094431860931953e-01
7.462412694047508843e+00 3.383327918125640932e-01
7.472412694047508630e+00 3.379554298793760458e-01
7.482412694047508417e+00 3.375773471442689577e-01
7.492412694047508204e+00 3.371985309766086236e-01
7.502412694047507991e+00 3.368189805476353160e-01
7.512412694047507777e+00 3.364386950916483654e-01
7.522412694047507564e+00 3.360576738818854547e-01
7.532412694047507351e+00 3.356759162307486610e-01
7.542412694047507138e+00 3.352934214900283316e-01
7.552412694047506925e+00 3.349101890511247959e-01
7.562412694047506712e+00 3.345262183452664129e-01
7.572412694047506498e+00 3.341415088437259540e-01
7.582412694047506285e+00 3.337560600580340986e-01
7.592412694047506072e+00 3.333698715401898771e-01
7.602412694047505859e+00 3.329829428828684490e-01
7.612412694047505646e+00 3.325952737196264386e-01
7.622412694047505433e+00 3.322068637251038847e-01
7.632412694047505219e+00 3.318177094241858138e-01
7.642412694047505006e+00 3.314277923752758093e-01
7.652412694047504793e+00 3.310371088768610526e-01
7.662412694047504580e+00 3.306456580342337914e-01
7.672412694047504367e+00 3.302534389993451724e-01
7.682412694047504154e+00 3.298604509710535426e-01
7.692412694047503940e+00 3.294666931953694200e-01
7.702412694047503727e+00 3.290721649656965786e-01
7.712412694047503514e+00 3.286768656230707464e-01
7.722412694047503301e+00 3.282807945563938068e-01
7.732412694047503088e+00 3.278839512026654468e-01
7.742412694047502875e+00 3.274863350472104750e-01
7.752412694047502661e+00 3.270879456239034755e-01
7.762412694047502448e+00 3.266887825153887981e-01
7.772412694047502235e+00 3.262888453532974409e-01
7.782412694047502022e+00 3.258881257621116245e-01
7.792412694047501809e+00 3.254866056925623807e-01
7.802412694047501596e+00 3.250842834821985328e-01
7.812412694047501382e+00 3.246811581018229087e-01
7.822412694047501169e+00 3.242772285782832831e-01
7.832412694047500956e+00 3.238724939947406622e-01
7.842412694047500743e+00 3.234669534909329625e-01
7.852412694047500530e+00 3.230606062634354680e-01
7.862412694047500317e+00 3.226534515659162383e-01
7.872412694047500104e+00 3.222454887093866294e-01
7.882412694047499890e+00 3.218367170624484852e-01
7.892412694047499677e+00 3.214271360515353337e-01
7.902412694047499464e+00 3.210167451611502520e-01
7.912412694047499251e+00 3.206055439340980695e-01
7.922412694047499038e+00 3.201935246830352466e-01
7.932412694047498825e+00 3.197806669308722038e-01
7.942412694047498611e+00 3.193669683404493642e-01
7.952412694047498398e+00 3.189524277182125833e-01
7.962412694047498185e+00 3.185370439375933005e-01
7.972412694047497972e+00 3.181208159392964196e-01
7.982412694047497759e+00 3.177037427315830276e-01
7.992412694047497546e+00 3.172858233905478942e-01
8.002412694047498221e+00 3.168670570603904779e-01
8.012412694047498007e+00 3.164474429536812683e-01
8.022412694047497794e+00 3.160269803516215226e-01
8.032412694047497581e+00 3.156056686042976733e-01
8.042412694047497368e+00 3.151835071309297409e-01
8.052412694047497155e+00 3.147604942712481924e-01
8.062412694047496942e+00 3.143366082571013576e-01
8.072412694047496728e+00 3.139118398103022956e-01
8.082412694047496515e+00 3.134861874804218962e-01
8.092412694047496302e+00 3.130596498970178998e-01
8.102412694047496089e+00 3.126322257699461482e-01
8.112412694047495876e+00 3.122039138896642863e-01
8.122412694047495663e+00 3.117747131275292460e-01
8.132412694047495449e+00 3.113446224360867376e-01
8.142412694047495236e+00 3.109136408493544113e-01
8.152412694047495023e+00 3.104817674830967489e-01
8.162412694047494810e+00 3.100490015350935158e-01
8.172412694047494597e+00 3.096153422853999970e-01
8.182412694047494384e+00 3.091807862582431898e-01
8.192412694047494170e+00 3.087453083913573315e-01
8.202412694047493957e+00 3.083089015305919278e-01
8.212412694047493744e+00 3.078715640163885436e-01
8.222412694047493531e+00 3.074332942845099392e-01
8.232412694047493318e+00 3.069940908663648105e-01
8.242412694047493105e+00 3.065539523893234808e-01
8.252412694047492892e+00 3.061128775770250998e-01
8.262412694047492678e+00 3.056708652496754608e-01
8.272412694047492465e+00 3.052279143243360471e-01
8.282412694047492252e+00 3.047840238152030867e-01
8.292412694047492039e+00 3.043391928338782804e-01
8.302412694047491826e+00 3.038934203610216822e-01
8.312412694047491613e+00 3.034466844969285204e-01
8.322412694047491399e+00 3.029989697254685255e-01
8.332412694047491186e+00 3.025502740533834722e-01
8.342412694047490973e+00 3.021005956009888416e-01
8.352412694047490760e+00 3.016499326025149919e-01
8.362412694047490547e+00 3.011982834064368952e-01
8.372412694047490334e+00 3.007456464757931602e-01
8.382412694047490120e+00 3.002920203884930639e-01
8.392412694047489907e+00 2.998374038376126482e-01
8.402412694047489694e+00 2.993817956316788265e-01
8.412412694047489481e+00 2.989251946949419425e-01
8.422412694047489268e+00 2.984675979589820338e-01
8.432412694047489055e+00 2.980089770053092613e-01
8.442412694047488841e+00 2.975493212639866991e-01
8.452412694047488628e+00 2.970886284344050332e-01
8.462412694047488415e+00 2.966268963512138646e-01
8.472412694047488202e+00 2.961641229846663781e-01
8.482412694047487989e+00 2.957003064409498561e-01
8.492412694047487776e+00 2.952354449625024801e-01
8.502412694047487562e+00 2.947695369283149236e-01
8.512412694047487349e+00 2.943025808542187316e-01
8.522412694047487136e+00 2.938345753931587701e-01
8.532412694047486923e+00 2.933655192754304752e-01
8.542412694047486710e+00 2.928953889443060010e-01
8.552412694047486497e+00 2.924241638838215307e-01
8.562412694047486283e+00 2.919518413545757474e-01
8.572412694047486070e+00 2.914784187779669855e-01
8.582412694047485857e+00 2.910038937365409528e-01
8.592412694047485644e+00 2.905282639743199669e-01
8.602412694047485431e+00 2.900515273971160934e-01
8.612412694047485218e+00 2.895736820728251337e-01
8.622412694047485004e+00 2.890947262317027922e-01
8.632412694047484791e+00 2.886146582666229699e-01
8.642412694047484578e+00 2.881334754063781811e-01
8.652412694047484365e+00 2.876511460827922972e-01
8.662412694047484152e+00 2.871676549051608851e-01
8.672412694047483939e+00 2.866829987109384970e-01
8.682412694047483726e+00 2.861971745287668623e-01
8.692412694047483512e+00 2.857101795788062892e-01
8.702412694047483299e+00 2.852220112730438628e-01
8.712412694047483086e+00 2.847326672155801042e-01
8.722412694047482873e+00 2.842421452028930928e-01
8.732412694047482660e+00 2.837504432240798846e-01
8.742412694047482447e+00 2.832575594610745040e-01
8.752412694047482233e+00 2.827634735158038870e-01
8.762412694047482020e+00 2.822681542914797781e-01
8.772412694047481807e+00 2.817715977517968318e-01
8.782412694047481594e+00 2.812738003578099666e-01
8.792412694047481381e+00 2.807747587978374759e-01
8.802412694047481168e+00 2.802744699877459666e-01
8.812412694047480954e+00 2.797729310712063211e-01
8.822412694047480741e+00 2.792701394199224585e-01
8.832412694047480528e+00 2.787660926338309531e-01
8.842412694047480315e+00 2.782607885412725635e-01
8.852412694047480102e+00 2.777542013285415057e-01
8.862412694047479889e+00 2.772463002700416568e-01
8.872412694047479675e+00 2.767370809819967303e-01
8.882412694047479462e+00 2.762265393770366173e-01
8.892412694047479249e+00 2.757146716374583306e-01
8.902412694047479036e+00 2.752014742154535454e-01
8.912412694047478823e+00 2.746869438333014446e-01
8.922412694047478610e+00 2.741710774835262598e-01
8.932412694047478396e+00 2.736538724290195623e-01
8.942412694047478183e+00 2.731353205662032657e-01
8.952412694047477970e+00 2.726153776474189994e-01
8.962412694047477757e+00 2.720940304824910339e-01
8.972412694047477544e+00 2.715712741802289165e-01
8.982412694047477331e+00 2.710471041690810101e-01
8.992412694047477117e+00 2.705215161973004712e-01
9.002412694047476904e+00 2.699945063330689843e-01
9.012412694047476691e+00 2.694660709645764207e-01
9.022412694047476478e+00 2.689362068000564765e-01
9.032412694047476265e+00 2.684049075476145907e-01
9.042412694047476052e+00 2.678721267059881450e-01
9.052412694047475838e+00 2.673378454226366663e-01
9.062412694047475625e+00 2.668020580117136942e-01
9.072412694047475412e+00 2.662647591661535529e-01
9.082412694047475199e+00 2.657259439577296378e-01
9.092412694047474986e+00 2.651856078370591341e-01
9.102412694047474773e+00 2.646437466335528899e-01
9.112412694047474560e+00 2.641003565553105004e-01
9.122412694047474346e+00 2.635554227999894472e-01
9.132412694047474133e+00 2.630088926331201615e-01
9.142412694047473920e+00 2.624607539726219740e-01
9.152412694047473707e+00 2.619110004015055004e-01
9.162412694047473494e+00 2.613596259513463749e-01
9.172412694047473281e+00 2.608066251021670112e-01
9.182412694047473067e+00 2.602519927822510848e-01
9.192412694047472854e+00 2.596957243678895133e-01
9.202412694047472641e+00 2.591378140789802331e-01
9.212412694047472428e+00 2.585782103218796091e-01
9.222412694047472215e+00 2.580168839703211314e-01
9.232412694047472002e+00 2.574538274849313968e-01
9.242412694047471788e+00 2.568890338572453191e-01
9.252412694047471575e+00 2.563224966093973212e-01
9.262412694047471362e+00 2.557542097937287595e-01
9.272412694047471149e+00 2.551841679923094741e-01
9.282412694047470936e+00 2.546123650458210208e-01
9.292412694047470723e+00 2.540387458039488067e-01
9.302412694047470509e+00 2.534632761502940146e-01
9.312412694047470296e+00 2.528859474729673873e-01
9.322412694047470083e+00 2.523067517879694077e-01
9.332412694047469870e+00 2.517256817385943313e-01
9.342412694047469657e+00 2.511427305947288025e-01
9.352412694047469444e+00 2.505578922520430574e-01
9.362412694047469230e+00 2.499711513391614237e-01
9.372412694047469017e+00 2.493824375890765221e-01
9.382412694047468804e+00 2.487917297966742713e-01
9.392412694047468591e+00 2.481990184156602219e-01
9.402412694047468378e+00 2.476042946414765411e-01
9.412412694047468165e+00 2.470075504102811348e-01
9.422412694047467951e+00 2.464087783977939872e-01
9.432412694047467738e+00 2.458079714866986398e-01
9.442412694047467525e+00 2.452050677096045128e-01
9.452412694047467312e+00 2.446000194700138075e-01
9.462412694047467099e+00 2.439928156699958384e-01
9.472412694047466886e+00 2.433834460879366890e-01
9.482412694047466672e+00 2.427719013770656409e-01
9.492412694047466459e+00 2.421581730638150687e-01
9.502412694047466246e+00 2.415422534681283540e-01
9.512412694047466033e+00 2.409240801257376274e-01
9.522412694047465820e+00 2.403035940319413200e-01
9.532412694047465607e+00 2.396807826443896894e-01
9.542412694047465394e+00 2.390556344548589174e-01
9.552412694047465180e+00 2.384281389871380774e-01
9.562412694047464967e+00 2.377982867947061596e-01
9.572412694047464754e+00 2.371660654245559274e-01
9.582412694047464541e+00 2.365313869039593619e-01
9.592412694047464328e+00 2.358942069222365323e-01
9.602412694047464115e+00 2.352545117342214609e-01
9.612412694047463901e+00 2.346122888132823048e-01
9.622412694047463688e+00 2.339675268483067394e-01
9.632412694047463475e+00 2.333202157404199450e-01
9.642412694047463262e+00 2.326703079453085743e-01
9.652412694047463049e+00 2.320177059960026045e-01
9.662412694047462836e+00 2.313623910132699690e-01
9.672412694047462622e+00 2.307043484724739246e-01
9.682412694047462409e+00 2.300435652820862209e-01
9.692412694047462196e+00 2.293800297794016396e-01
9.702412694047461983e+00 2.287137088962172549e-01
9.712412694047461770e+00 2.280444853359675783e-01
9.722412694047461557e+00 2.273723286025683132e-01
9.732412694047461343e+00 2.266972223681498477e-01
9.742412694047461130e+00 2.260191519919433345e-01
9.752412694047460917e+00 2.253381045146343187e-01
9.762412694047460704e+00 2.246540381518460083e-01
9.772412694047460491e+00 2.239668236911191990e-01
9.782412694047460278e+00 2.232764307003542725e-01
9.792412694047460064e+00 2.225828413407523465e-01
9.802412694047459851e+00 2.218860397582040345e-01
9.812412694047459638e+00 2.211860120757925818e-01
9.822412694047459425e+00 2.204826696755587123e-01
9.832412694047459212e+00 2.197758961944266676e-01
9.842412694047458999e+00 2.190656706438076917e-01
9.852412694047458785e+00 2.183519747239688058e-01
9.862412694047458572e+00 2.176347924548658330e-01
9.872412694047458359e+00 2.169140869151561790e-01
9.882412694047458146e+00 2.161896957327941460e-01
9.892412694047457933e+00 2.154615704522012398e-01
9.902412694047457720e+00 2.147296899614362098e-01
9.912412694047457506e+00 2.139940358819279465e-01
9.922412694047457293e+00 2.132545840908540991e-01
9.932412694047457080e+00 2.125111659446077272e-01
9.942412694047456867e+00 2.117637008064293114e-01
9.952412694047456654e+00 2.110121656857686101e-01
9.962412694047456441e+00 2.102565407931191177e-01
9.972412694047456228e+00 2.094967987855624880e-01
9.982412694047456014e+00 2.087327496310755759e-01
9.992412694047455801e+00 2.079643072983579366e-01
1.000241269404745559e+01 2.071914476567834340e-01
1.001241269404745537e+01 2.064141503189438065e-01
1.002241269404745516e+01 2.056323596974977685e-01
1.003241269404745495e+01 2.048458508214117957e-01
1.004241269404745474e+01 2.040545664332419629e-01
1.005241269404745452e+01 2.032584825732869915e-01
1.006241269404745431e+01 2.024575796460926502e-01
1.007241269404745410e+01 2.016516937552273736e-01
1.008241269404745388e+01 2.008406395377579645e-01
1.009241269404745367e+01 2.000243899297265149e-01
1.010241269404745346e+01 1.992029230301190224e-01
1.011241269404745324e+01 1.983761540651046706e-01
1.012241269404745303e+01 1.975438084549956397e-01
1.013241269404745282e+01 1.967058338265039452e-01
1.014241269404745260e+01 1.958622070379703040e-01
1.015241269404745239e+01 1.950128683442355626e-01
1.016241269404745218e+01 1.941575088935756921e-01
1.017241269404745196e+01 1.932960460509866307e-01
1.018241269404745175e+01 1.924284570716666976e-01
1.019241269404745154e+01 1.915546725478779189e-01
1.020241269404745132e+01 1.906743490873685221e-01
1.021241269404745111e+01 1.897874052012603341e-01
1.022241269404745090e+01 1.888938209073519614e-01
1.023241269404745069e+01 1.879934635807193055e-01
1.024241269404745047e+01 1.870859703434864796e-01
1.025241269404745026e+01 1.861712970144025203e-01
1.026241269404745005e+01 1.852494278967915520e-01
1.027241269404744983e+01 1.843200427997068180e-01
1.028241269404744962e+01 1.833828925493529438e-01
1.029241269404744941e+01 1.824379621302950616e-01
1.030241269404744919e+01 1.814851309759313858e-01
1.031241269404744898e+01 1.805239457784869606e-01
1.032241269404744877e+01 1.795543434026845298e-01
1.033241269404744855e+01 1.785762790973509651e-01
1.034241269404744834e+01 1.775892513726590460e-01
1.035241269404744813e+01 1.765931323824069532e-01
1.036241269404744791e+01 1.755879634293549263e-01
1.037241269404744770e+01 1.745733017361105754e-01
1.038241269404744749e+01 1.735488493183092173e-01
1.039241269404744727e+01 1.725145596564230388e-01
1.040241269404744706e+01 1.714699096524812394e-01
1.041241269404744685e+01 1.704146524752657432e-01
1.042241269404744664e+01 1.693488139742630183e-01
1.043241269404744642e+01 1.682717766989017538e-01
1.044241269404744621e+01 1.671833453708456152e-01
1.045241269404744600e+01 1.660834330328230801e-01
1.046241269404744578e+01 1.649713262152248949e-01
1.047241269404744557e+01 1.638470010262039478e-01
1.048241269404744536e+01 1.627100595356425483e-01
1.049241269404744514e+01 1.615599483930851843e-01
1.050241269404744493e+01 1.603966802894430388e-01
1.051241269404744472e+01 1.592194367718586800e-01
1.052241269404744450e+01 1.580281749055720553e-01
1.053241269404744429e+01 1.568223124855122608e-01
1.054241269404744408e+01 1.556014064201984570e-01
1.055241269404744386e+01 1.543652437983521475e-01
1.056241269404744365e+01 1.531130185766731155e-01
1.057241269404744344e+01 1.518447031055929763e-01
1.058241269404744322e+01 1.505593457418941405e-01
1.059241269404744301e+01 1.492569527575848820e-01
1.060241269404744280e+01 1.479365204751592888e-01
1.061241269404744259e+01 1.465980394480321247e-01
1.062241269404744237e+01 1.452404822459903433e-01
1.063241269404744216e+01 1.438638042104231074e-01
1.064241269404744195e+01 1.424670060306467978e-01
1.065241269404744173e+01 1.410499187236522178e-01
1.066241269404744152e+01 1.396117593788529510e-01
1.067241269404744131e+01 1.381519203653447658e-01
1.068241269404744109e+01 1.366703098606968647e-01
1.069241269404744088e+01 1.351660485480162543e-01
1.070241269404744067e+01 1.336385528383323140e-01
1.071241269404744045e+01 1.320872891654876480e-01
1.072241269404744024e+01 1.305116714398055489e-01
1.073241269404744003e+01 1.289115776628317611e-01
1.074241269404743981e+01 1.272864670836071355e-01
1.075241269404743960e+01 1.256358158525460733e-01
1.076241269404743939e+01 1.239594673497699945e-01
1.077241269404743917e+01 1.222573337964693446e-01
1.078241269404743896e+01 1.205292127585298606e-01
1.079241269404743875e+01 1.187750631174328553e-01
1.080241269404743853e+01 1.169950152269714772e-01
1.081241269404743832e+01 1.151894080516804170e-01
1.082241269404743811e+01 1.133587764761461447e-01
1.083241269404743790e+01 1.115037685188789152e-01
1.084241269404743768e+01 1.096252559119907793e-01
1.085241269404743747e+01 1.077243502488632876e-01
1.086241269404743726e+01 1.058024070344178863e-01
1.087241269404743704e+01 1.038612093510589002e-01
1.088241269404743683e+01 1.019025695063859871e-01
1.089241269404743662e+01 9.992971227999795925e-02
1.090241269404743640e+01 9.794329730592947481e-02
1.091241269404743619e+01 9.594673503102899015e-02
1.092241269404743598e+01 9.394295031112888383e-02
1.093241269404743576e+01 9.193505345975715171e-02
1.094241269404743555e+01 8.992630841920136453e-02
1.095241269404743534e+01 8.792000805248688378e-02
1.096241269404743512e+01 8.591936017585106999e-02
1.097241269404743491e+01 8.392773132068127862e-02
1.098241269404743470e+01 8.194836942242790523e-02
1.099241269404743448e+01 7.998418775291370186e-02
1.100241269404743427e+01 7.803811578925297365e-02
1.101241269404743406e+01 7.611275255639757265e-02
1.102241269404743385e+01 7.421037080000787711e-02
1.103241269404743363e+01 7.233308146646887093e-02
1.104241269404743342e+01 7.048253421714845146e-02
1.105241269404743321e+01 6.866021268612762518e-02
1.106241269404743299e+01 6.686718109509123820e-02
1.107241269404743278e+01 6.510430497804368943e-02
1.108241269404743257e+01 6.337211086381347447e-02
1.109241269404743235e+01 6.167092794924036031e-02
1.110241269404743214e+01 6.000082324712154719e-02
1.111241269404743193e+01 5.836169166754587995e-02
1.112241269404743171e+01 5.675324003207555396e-02
1.113241269404743150e+01 5.517503573494103586e-02
1.114241269404743129e+01 5.362651523223957439e-02
1.115241269404743107e+01 5.210702315394691309e-02
1.116241269404743086e+01 5.061580557554223869e-02
1.117241269404743065e+01 4.915206130467172224e-02
1.118241269404743043e+01 4.771406659474267120e-02
1.119241269404743022e+01 4.570478955964844825e-02
1.120241269404743001e+01 4.290992314173937977e-02
1.121241269404742980e+01 4.077335485048975972e-02
1.122241269404742958e+01 3.876455528299907471e-02
1.123241269404742937e+01 3.688376606559296694e-02
1.124241269404742916e+01 3.511250046368614292e-02
1.125241269404742894e+01 3.344136924104908204e-02
1.126241269404742873e+01 3.186940572269408856e-02
1.127241269404742852e+01 3.037601885695300277e-02
1.128241269404742830e+01 2.895243168840166276e-02
1.129241269404742809e+01 2.760459503841361864e-02
1.130241269404742788e+01 2.631267602668464420e-02
1.131241269404742766e+01 2.508136074267681634e-02
1.132241269404742745e+01 2.390328421978826084e-02
1.133241269404742724e+01 2.278472603177937941e-02
1.134241269404742702e+01 2.170186269992813860e-02
1.135241269404742681e+01 2.066488305180511770e-02
1.136241269404742660e+01 1.967466170112653484e-02
1.137241269404742638e+01 1.871068632222587513e-02
1.138241269404742617e+01 1.778144432316981424e-02
1.139241269404742596e+01 1.688944259654088370e-02
1.140241269404742575e+01 1.602562091882742124e-02
1.141241269404742553e+01 1.518516763048948122e-02
1.142241269404742532e+01 1.437582872730542964e-02
1.143241269404742511e+01 1.359504620441059908e-02
1.144241269404742489e+01 1.283735998355830556e-02
1.145241269404742468e+01 1.209712017350795046e-02
1.146241269404742447e+01 1.138979747910994281e-02
1.147241269404742425e+01 1.070409784009113824e-02
1.148241269404742404e+01 1.003701090299136643e-02
1.149241269404742383e+01 9.393172986436987629e-03
1.150241269404742361e+01 8.770724501241491597e-03
1.151241269404742340e+01 8.169600447143323188e-03
1.152241269404742319e+01 7.585968774954437652e-03
1.153241269404742297e+01 7.023323165331670816e-03
1.154241269404742276e+01 6.488419534295028837e-03
1.155241269404742255e+01 5.973283731968346416e-03
1.156241269404742233e+01 5.473338747606816199e-03
1.157241269404742212e+01 4.992819158687922081e-03
1.158241269404742191e+01 4.535188140672713822e-03
1.159241269404742170e+01 4.098495480906272879e-03
1.160241269404742148e+01 3.682709746101323674e-03
1.161241269404742127e+01 3.289233862581160926e-03
1.162241269404742106e+01 2.916596033294153057e-03
1.163241269404742084e+01 2.578452553735866362e-03
1.164241269404742063e+01 2.251543802203494118e-03
1.165241269404742042e+01 1.919151587918129127e-03
1.166241269404742020e+01 1.541059905066408976e-03
1.167241269404741999e+01 1.198226587103537162e-03
1.168241269404741978e+01 9.309085217823013245e-04
1.169241269404741956e+01 7.334123258870173679e-04
1.170241269404741935e+01 5.894390623598347225e-04
1.171241269404741914e+01 4.840711465869704071e-04
1.172241269404741892e+01 4.061326790674088787e-04
1.173241269404741871e+01 3.477740457956245840e-04
1.174241269404741850e+01 3.035870050042539748e-04
1.175241269404741828e+01 2.698492821248734417e-04
1.176241269404741807e+01 2.432868215536846486e-04
1.177241269404741786e+01 2.155707339279946564e-04
1.178241269404741765e+01 1.971948454023885659e-04
1.179241269404741743e+01 1.799331954040371486e-04
1.180241269404741722e+01 1.583841913749852695e-04
1.181241269404741701e+01 1.441959837397514539e-04
1.182241269404741679e+01 1.288826095289552531e-04
1.183241269404741658e+01 1.170007358925284033e-04
1.184241269404741637e+01 1.026828858260422288e-04
1.185241269404741615e+01 9.281966436986568785e-05
1.186241269404741594e+01 8.370564367864021351e-05
1.187241269404741573e+01 7.219813616500092134e-05
1.188241269404741551e+01 6.490252180926711070e-05
1.189241269404741530e+01 5.813073082842133390e-05
1.190241269404741509e+01 5.186086401324739028e-05
1.191241269404741487e+01 4.486445925613853994e-05
1.192241269404741466e+01 3.979673567943736885e-05
1.193241269404741445e+01 3.428139099066658004e-05
1.194241269404741423e+01 2.974646664580230426e-05
1.195241269404741402e+01 2.613835418729297202e-05
1.196241269404741381e+01 2.284212413757733258e-05
1.197241269404741359e+01 1.984173735810319350e-05
1.198241269404741338e+01 1.644662573150634493e-05
1.199241269404741317e+01 1.417277758122698106e-05
1.200241269404741296e+01 1.212251817231257701e-05
1.201241269404741274e+01 1.028390039196666127e-05
1.202241269404741253e+01 8.644628903494276463e-06
1.203241269404741232e+01 7.296758550544076314e-06
1.204241269404741210e+01 5.742050297001163037e-06
1.205241269404741189e+01 4.696811040567557704e-06
1.206241269404741168e+01 3.788492056491543601e-06
1.207241269404741146e+01 3.006898157618140025e-06
1.208241269404741125e+01 2.342035418972070814e-06
1.209241269404741104e+01 1.734465458898523161e-06
1.210241269404741082e+01 1.299720174745682428e-06
1.211241269404741061e+01 9.498420145025039245e-07
1.212241269404741040e+01 6.358887212799955065e-07
1.213241269404741018e+01 4.340381586377162591e-07
1.214241269404740997e+01 2.800906527813557576e-07
1.215241269404740976e+01 1.612978262574813634e-07
1.216241269404740954e+01 8.813078998503641131e-08
1.217241269404740933e+01 4.086417158769121130e-08
1.218241269404740912e+01 1.268367974434897265e-08
1.219241269404740891e+01 4.692263590427519773e-09
1.220241269404740869e+01 2.129932717609511696e-10
1.220273625486368907e+01 1.737980423595141532e-10
