1.000000000000000021e-03 5.089671728074762758e-01
2.412907130315165502e-03 5.089671582885572088e-01
1.241290713031516571e-02 5.089667118983006722e-01
2.241290713031516418e-02 5.089656633286336884e-01
3.241290713031516613e-02 5.089640125803952531e-01
4.241290713031516807e-02 5.089617596549034229e-01
5.241290713031517001e-02 5.089589045539567591e-01
6.241290713031517196e-02 5.089554472798345497e-01
7.241290713031517390e-02 5.089513878352966980e-01
8.241290713031516890e-02 5.089467262235837230e-01
9.241290713031516391e-02 5.089414624484167593e-01
1.024129071303151589e-01 5.089355965139980009e-01
1.124129071303151539e-01 5.089291284250101466e-01
1.224129071303151489e-01 5.089220581866161774e-01
1.324129071303151439e-01 5.089143858044604674e-01
1.424129071303151528e-01 5.089061112846671175e-01
1.524129071303151617e-01 5.088972346338416219e-01
1.624129071303151706e-01 5.088877558590696459e-01
1.724129071303151794e-01 5.088776749679178035e-01
1.824129071303151883e-01 5.088669919684327692e-01
1.924129071303151972e-01 5.088557068691423879e-01
2.024129071303152061e-01 5.088438196790544543e-01
2.124129071303152150e-01 5.088313304076579335e-01
2.224129071303152239e-01 5.088182390649215181e-01
2.324129071303152327e-01 5.088045456612954043e-01
2.424129071303152416e-01 5.087902502077094047e-01
2.524129071303152227e-01 5.087753527155740585e-01
2.624129071303152316e-01 5.087598531967806315e-01
2.724129071303152405e-01 5.087437516637004498e-01
2.824129071303152494e-01 5.087270481291853441e-01
2.924129071303152583e-01 5.087097426065678718e-01
3.024129071303152672e-01 5.086918351096604285e-01
3.124129071303152760e-01 5.086733256527562475e-01
3.224129071303152849e-01 5.086542142506287334e-01
3.324129071303152938e-01 5.086345009185314625e-01
3.424129071303153027e-01 5.086141856721987375e-01
3.524129071303153116e-01 5.085932685278448107e-01
3.624129071303153204e-01 5.085717495021648826e-01
3.724129071303153293e-01 5.085496286123332155e-01
3.824129071303153382e-01 5.085269058760056859e-01
3.924129071303153471e-01 5.085035813113178982e-01
4.024129071303153560e-01 5.084796549368856278e-01
4.124129071303153649e-01 5.084551267718052658e-01
4.224129071303153737e-01 5.084299968356530419e-01
4.324129071303153826e-01 5.084042651484862452e-01
4.424129071303153915e-01 5.083779317308416701e-01
4.524129071303154004e-01 5.083509966037368377e-01
4.624129071303154093e-01 5.083234597886696626e-01
4.724129071303154181e-01 5.082953213076181198e-01
4.824129071303154270e-01 5.082665811830410219e-01
4.924129071303154359e-01 5.082372394378771308e-01
5.024129071303153893e-01 5.082072960955458241e-01
5.124129071303153982e-01 5.081767511799469839e-01
5.224129071303154070e-01 5.081456047154606637e-01
5.324129071303154159e-01 5.081138567269480877e-01
5.424129071303154248e-01 5.080815072397506516e-01
5.524129071303154337e-01 5.080485562796903665e-01
5.624129071303154426e-01 5.080150038730698592e-01
5.724129071303154515e-01 5.079808500466727050e-01
5.824129071303154603e-01 5.079460948277633170e-01
5.924129071303154692e-01 5.079107382440871676e-01
6.024129071303154781e-01 5.078747803238699010e-01
6.124129071303154870e-01 5.078382210958191090e-01
6.224129071303154959e-01 5.078010605891234430e-01
6.324129071303155047e-01 5.077632988334522812e-01
6.424129071303155136e-01 5.077249358589567274e-01
6.524129071303155225e-01 5.076859716962692781e-01
6.624129071303155314e-01 5.076464063765040446e-01
6.724129071303155403e-01 5.076062399312569751e-01
6.824129071303155492e-01 5.075654723926057432e-01
6.924129071303155580e-01 5.075241037931099708e-01
7.024129071303155669e-01 5.074821341658115603e-01
7.124129071303155758e-01 5.074395635442346952e-01
7.224129071303155847e-01 5.073963919623861729e-01
7.324129071303155936e-01 5.073526194547555157e-01
7.424129071303156024e-01 5.073082460563147489e-01
7.524129071303156113e-01 5.072632718025195109e-01
7.624129071303156202e-01 5.072176967293086092e-01
7.724129071303156291e-01 5.071715208731037983e-01
7.824129071303156380e-01 5.071247442708114450e-01
7.924129071303156469e-01 5.070773669598217515e-01
8.024129071303156557e-01 5.070293889780086438e-01
8.124129071303156646e-01 5.069808103637313268e-01
8.224129071303156735e-01 5.069316311558333954e-01
8.324129071303156824e-01 5.068818513936436121e-01
8.424129071303156913e-01 5.068314711169763509e-01
8.524129071303157001e-01 5.067804903661317084e-01
8.624129071303157090e-01 5.067289091818959479e-01
8.724129071303157179e-01 5.066767276055417213e-01
8.824129071303157268e-01 5.066239456788285134e-01
8.924129071303157357e-01 5.065705634440031968e-01
9.024129071303157446e-01 5.065165809438000322e-01
9.124129071303157534e-01 5.064619982214415561e-01
9.224129071303157623e-01 5.064068153206384704e-01
9.324129071303157712e-01 5.063510322855907519e-01
9.424129071303157801e-01 5.062946491609874311e-01
9.524129071303157890e-01 5.062376659920078126e-01
9.624129071303157978e-01 5.061800828243210315e-01
9.724129071303158067e-01 5.061218997040874967e-01
9.824129071303158156e-01 5.060631166779588908e-01
9.924129071303158245e-01 5.060037337930788359e-01
1.002412907130315833e+00 5.059437510970834495e-01
1.012412907130315842e+00 5.058831686381023429e-01
1.022412907130315851e+00 5.058219864647581776e-01
1.032412907130315860e+00 5.057602046261685524e-01
1.042412907130315869e+00 5.056978231719458927e-01
1.052412907130315878e+00 5.056348421521982273e-01
1.062412907130315887e+00 5.055712616175301877e-01
1.072412907130315896e+00 5.055070816190432303e-01
1.082412907130315904e+00 5.054423022083370798e-01
1.092412907130315913e+00 5.053769234375095065e-01
1.102412907130315922e+00 5.053109453591578815e-01
1.112412907130315931e+00 5.052443680263799530e-01
1.122412907130315940e+00 5.051771914927745133e-01
1.132412907130315949e+00 5.051094158124417310e-01
1.142412907130315958e+00 5.050410410399851502e-01
1.152412907130315967e+00 5.049720672305113567e-01
1.162412907130315975e+00 5.049024944396319770e-01
1.172412907130315984e+00 5.048323227234641219e-01
1.182412907130315993e+00 5.047615521386311643e-01
1.192412907130316002e+00 5.046901827422642928e-01
1.202412907130316011e+00 5.046182145920030671e-01
1.212412907130316020e+00 5.045456477459965283e-01
1.222412907130316029e+00 5.044724822629049754e-01
1.232412907130316038e+00 5.043987182018997428e-01
1.242412907130316047e+00 5.043243556226661983e-01
1.252412907130316055e+00 5.042493945854027437e-01
1.262412907130316064e+00 5.041738351508238125e-01
1.272412907130316073e+00 5.040976773801602029e-01
1.282412907130316082e+00 5.040209213351607431e-01
1.292412907130316091e+00 5.039435670780931797e-01
1.302412907130316100e+00 5.038656146717460649e-01
1.312412907130316109e+00 5.037870641794293114e-01
1.322412907130316118e+00 5.037079156649767464e-01
1.332412907130316126e+00 5.036281691927461113e-01
1.342412907130316135e+00 5.035478248276218372e-01
1.352412907130316144e+00 5.034668826350160442e-01
1.362412907130316153e+00 5.033853426808693188e-01
1.372412907130316162e+00 5.033032050316535999e-01
1.382412907130316171e+00 5.032204697543727345e-01
1.392412907130316180e+00 5.031371369165646978e-01
1.402412907130316189e+00 5.030532065863033697e-01
1.412412907130316198e+00 5.029686788321990898e-01
1.422412907130316206e+00 5.028835537234018771e-01
1.432412907130316215e+00 5.027978313296026514e-01
1.442412907130316224e+00 5.027115117210345652e-01
1.452412907130316233e+00 5.026245949684755576e-01
1.462412907130316242e+00 5.025370811432496865e-01
1.472412907130316251e+00 5.024489703172295707e-01
1.482412907130316260e+00 5.023602625628378338e-01
1.492412907130316269e+00 5.022709579530496571e-01
1.502412907130316277e+00 5.021810565613945565e-01
1.512412907130316286e+00 5.020905584619581585e-01
1.522412907130316295e+00 5.019994637293849760e-01
1.532412907130316304e+00 5.019077724388802952e-01
1.542412907130316313e+00 5.018154846656778245e-01
1.552412907130316322e+00 5.017226003448016503e-01
1.562412907130316331e+00 5.016291194382992424e-01
1.572412907130316340e+00 5.015350420166585499e-01
1.582412907130316349e+00 5.014403681508059485e-01
1.592412907130316357e+00 5.013450979121178985e-01
1.602412907130316366e+00 5.012492313724383752e-01
1.612412907130316375e+00 5.011527686040802010e-01
1.622412907130316384e+00 5.010557096798264887e-01
1.632412907130316393e+00 5.009580546729329731e-01
1.642412907130316402e+00 5.008598036571287881e-01
1.652412907130316411e+00 5.007609567066190204e-01
1.662412907130316420e+00 5.006615138960858191e-01
1.672412907130316428e+00 5.005614753006908391e-01
1.682412907130316437e+00 5.004608409960769055e-01
1.692412907130316446e+00 5.003596110583693468e-01
1.702412907130316455e+00 5.002577855641789917e-01
1.712412907130316464e+00 5.001553645906036127e-01
1.722412907130316473e+00 5.000523482152300359e-01
1.732412907130316482e+00 4.999487365161364716e-01
1.742412907130316491e+00 4.998445295718946801e-01
1.752412907130316500e+00 4.997397274615719698e-01
1.762412907130316508e+00 4.996343302647338613e-01
1.772412907130316517e+00 4.995283380614460866e-01
1.782412907130316526e+00 4.994217509322774196e-01
1.792412907130316535e+00 4.993145689583016744e-01
1.802412907130316544e+00 4.992067922211006481e-01
1.812412907130316553e+00 4.990984208027663960e-01
1.822412907130316562e+00 4.989894547859041185e-01
1.832412907130316571e+00 4.988798942536346592e-01
1.842412907130316579e+00 4.987697392895973358e-01
1.852412907130316588e+00 4.986589899779527157e-01
1.862412907130316597e+00 4.985476464033857802e-01
1.872412907130316606e+00 4.984357086511083668e-01
1.882412907130316615e+00 4.983231768068624445e-01
1.892412907130316624e+00 4.982100509569233893e-01
1.902412907130316633e+00 4.980963311881025368e-01
1.912412907130316642e+00 4.979820175877509025e-01
1.922412907130316650e+00 4.978671102437620677e-01
1.932412907130316659e+00 4.977516092445760099e-01
1.942412907130316668e+00 4.976355146791814898e-01
1.952412907130316677e+00 4.975188266371206036e-01
1.962412907130316686e+00 4.974015452084918909e-01
1.972412907130316695e+00 4.972836704839532773e-01
1.982412907130316704e+00 4.971652025547266263e-01
1.992412907130316713e+00 4.970461415126009586e-01
2.002412907130316722e+00 4.969264874499363382e-01
2.012412907130316508e+00 4.968062404596678139e-01
2.022412907130316295e+00 4.966854006353089157e-01
2.032412907130316082e+00 4.965639680709562076e-01
2.042412907130315869e+00 4.964419428612929508e-01
2.052412907130315656e+00 4.963193251015932672e-01
2.062412907130315443e+00 4.961961148877264693e-01
2.072412907130315229e+00 4.960723123161611681e-01
2.082412907130315016e+00 4.959479174839696025e-01
2.092412907130314803e+00 4.958229304888321920e-01
2.102412907130314590e+00 4.956973514290419214e-01
2.112412907130314377e+00 4.955711804035087820e-01
2.122412907130314164e+00 4.954444175117646010e-01
2.132412907130313950e+00 4.953170628539674825e-01
2.142412907130313737e+00 4.951891165309067477e-01
2.152412907130313524e+00 4.950605786440078204e-01
2.162412907130313311e+00 4.949314492953370004e-01
2.172412907130313098e+00 4.948017285876066262e-01
2.182412907130312885e+00 4.946714166241797939e-01
2.192412907130312671e+00 4.945405135090760185e-01
2.202412907130312458e+00 4.944090193469760641e-01
2.212412907130312245e+00 4.942769342432272728e-01
2.222412907130312032e+00 4.941442583038492264e-01
2.232412907130311819e+00 4.940109916355389097e-01
2.242412907130311606e+00 4.938771343254571566e-01
2.252412907130311392e+00 4.937426860984546195e-01
2.262412907130311179e+00 4.936076469069698436e-01
2.272412907130310966e+00 4.934720168464633572e-01
2.282412907130310753e+00 4.933357960129153286e-01
2.292412907130310540e+00 4.931989845028302843e-01
2.302412907130310327e+00 4.930615824132423830e-01
2.312412907130310114e+00 4.929235898417205219e-01
2.322412907130309900e+00 4.927850068863732225e-01
2.332412907130309687e+00 4.926458336458547360e-01
2.342412907130309474e+00 4.925060702193695961e-01
2.352412907130309261e+00 4.923657167066788909e-01
2.362412907130309048e+00 4.922247732081055371e-01
2.372412907130308835e+00 4.920832398245398864e-01
2.382412907130308621e+00 4.919411166574457206e-01
2.392412907130308408e+00 4.917984038088663579e-01
2.402412907130308195e+00 4.916551013814299820e-01
2.412412907130307982e+00 4.915112094783565810e-01
2.422412907130307769e+00 4.913667282034635542e-01
2.432412907130307556e+00 4.912216576611720398e-01
2.442412907130307342e+00 4.910759979565137989e-01
2.452412907130307129e+00 4.909297491951369330e-01
2.462412907130306916e+00 4.907829114833132667e-01
2.472412907130306703e+00 4.906354849279445096e-01
2.482412907130306490e+00 4.904874696365690290e-01
2.492412907130306277e+00 4.903388657173690102e-01
2.502412907130306063e+00 4.901896732791774514e-01
2.512412907130305850e+00 4.900398924314847693e-01
2.522412907130305637e+00 4.898895232844467373e-01
2.532412907130305424e+00 4.897385659488910914e-01
2.542412907130305211e+00 4.895870205363252459e-01
2.552412907130304998e+00 4.894348871589438432e-01
2.562412907130304784e+00 4.892821659296361370e-01
2.572412907130304571e+00 4.891288569619937632e-01
2.582412907130304358e+00 4.889749603703187897e-01
2.592412907130304145e+00 4.888204762696310435e-01
2.602412907130303932e+00 4.886654047756768815e-01
2.612412907130303719e+00 4.885097460049367402e-01
2.622412907130303505e+00 4.883535000746334620e-01
2.632412907130303292e+00 4.881966671027407889e-01
2.642412907130303079e+00 4.880392472079917443e-01
2.652412907130302866e+00 4.878812405098869598e-01
2.662412907130302653e+00 4.877226471287036125e-01
2.672412907130302440e+00 4.875634671855041402e-01
2.682412907130302226e+00 4.874037008021447903e-01
2.692412907130302013e+00 4.872433481012850010e-01
2.702412907130301800e+00 4.870824092063962274e-01
2.712412907130301587e+00 4.869208842417711014e-01
2.722412907130301374e+00 4.867587733325330346e-01
2.732412907130301161e+00 4.865960766046452113e-01
2.742412907130300948e+00 4.864327941849186931e-01
2.752412907130300734e+00 4.862689262009237678e-01
2.762412907130300521e+00 4.861044727703605628e-01
2.772412907130300308e+00 4.859394334793264991e-01
2.782412907130300095e+00 4.857738081372577343e-01
2.792412907130299882e+00 4.856075968532879705e-01
2.802412907130299669e+00 4.854407997372047201e-01
2.812412907130299455e+00 4.852734168994588537e-01
2.822412907130299242e+00 4.851054484511744813e-01
2.832412907130299029e+00 4.849368945041591106e-01
2.842412907130298816e+00 4.847677551709134725e-01
2.852412907130298603e+00 4.845980305646416797e-01
2.862412907130298390e+00 4.844277207992616074e-01
2.872412907130298176e+00 4.842568259894156624e-01
2.882412907130297963e+00 4.840853462504808302e-01
2.892412907130297750e+00 4.839132816985797780e-01
2.902412907130297537e+00 4.837406324505914568e-01
2.912412907130297324e+00 4.835673986241622035e-01
2.922412907130297111e+00 4.833935803377169549e-01
2.932412907130296897e+00 4.832191777104701269e-01
2.942412907130296684e+00 4.830441908624374392e-01
2.952412907130296471e+00 4.828686199144469060e-01
2.962412907130296258e+00 4.826924649881509377e-01
2.972412907130296045e+00 4.825157262060378316e-01
2.982412907130295832e+00 4.823384036914437623e-01
2.992412907130295618e+00 4.821604975685644945e-01
3.002412907130295405e+00 4.819820079624683173e-01
3.012412907130295192e+00 4.818029349991073129e-01
3.022412907130294979e+00 4.816232788053305680e-01
3.032412907130294766e+00 4.814430395088965531e-01
3.042412907130294553e+00 4.812622172384853347e-01
3.052412907130294339e+00 4.810808121237120094e-01
3.062412907130294126e+00 4.808988242951393599e-01
3.072412907130293913e+00 4.807162538842911226e-01
3.082412907130293700e+00 4.805331010236648104e-01
3.092412907130293487e+00 4.803493658467455352e-01
3.102412907130293274e+00 4.801650484880192749e-01
3.112412907130293060e+00 4.799801490829863071e-01
3.122412907130292847e+00 4.797946677681752536e-01
3.132412907130292634e+00 4.796086046811570136e-01
3.142412907130292421e+00 4.794219599605584747e-01
3.152412907130292208e+00 4.792347337460767798e-01
3.162412907130291995e+00 4.790469261784922050e-01
3.172412907130291781e+00 4.788585373995409289e-01
3.182412907130291568e+00 4.786695675518416460e-01
3.192412907130291355e+00 4.784800167791181669e-01
3.202412907130291142e+00 4.782898846979121710e-01
3.212412907130290929e+00 4.780991707855726802e-01
3.222412907130290716e+00 4.779078751563484717e-01
3.232412907130290503e+00 4.777159979270203527e-01
3.242412907130290289e+00 4.775235392152537561e-01
3.252412907130290076e+00 4.773304991396144503e-01
3.262412907130289863e+00 4.771368778195841376e-01
3.272412907130289650e+00 4.769426753755762749e-01
3.282412907130289437e+00 4.767478919289523942e-01
3.292412907130289224e+00 4.765525276020374790e-01
3.302412907130289010e+00 4.763565825181368396e-01
3.312412907130288797e+00 4.761600568015525448e-01
3.322412907130288584e+00 4.759629505775995750e-01
3.332412907130288371e+00 4.757652639726230315e-01
3.342412907130288158e+00 4.755669971140147334e-01
3.352412907130287945e+00 4.753681501302305934e-01
3.362412907130287731e+00 4.751687231508074927e-01
3.372412907130287518e+00 4.749687163063809336e-01
3.382412907130287305e+00 4.747681297287022484e-01
3.392412907130287092e+00 4.745669635506568063e-01
3.402412907130286879e+00 4.743652179062813334e-01
3.412412907130286666e+00 4.741628929307820650e-01
3.422412907130286452e+00 4.739599887605530637e-01
3.432412907130286239e+00 4.737565055331944830e-01
3.442412907130286026e+00 4.735524433875307193e-01
3.452412907130285813e+00 4.733478024636293968e-01
3.462412907130285600e+00 4.731425829028200192e-01
3.472412907130285387e+00 4.729367848477128988e-01
3.482412907130285173e+00 4.727304084422180308e-01
3.492412907130284960e+00 4.725234538315645771e-01
3.502412907130284747e+00 4.723159211623201292e-01
3.512412907130284534e+00 4.721078105824103033e-01
3.522412907130284321e+00 4.718991222411383357e-01
3.532412907130284108e+00 4.716898562891753688e-01
3.542412907130283894e+00 4.714800128782880018e-01
3.552412907130283681e+00 4.712695921614803996e-01
3.562412907130283468e+00 4.710585942932136172e-01
3.572412907130283255e+00 4.708470193140633087e-01
3.582412907130283042e+00 4.706348662593825005e-01
3.592412907130282829e+00 4.704221349710412947e-01
3.602412907130282615e+00 4.702088255669782391e-01
3.612412907130282402e+00 4.699949381663194869e-01
3.622412907130282189e+00 4.697804728894010018e-01
3.632412907130281976e+00 4.695654298577902064e-01
3.642412907130281763e+00 4.693498091943088535e-01
3.652412907130281550e+00 4.691336110230552303e-01
3.662412907130281337e+00 4.689168354694268626e-01
3.672412907130281123e+00 4.686994826601434405e-01
3.682412907130280910e+00 4.684815527232702448e-01
3.692412907130280697e+00 4.682630457882405173e-01
3.702412907130280484e+00 4.680439619858796085e-01
3.712412907130280271e+00 4.678243014484284035e-01
3.722412907130280058e+00 4.676040643095665805e-01
3.732412907130279844e+00 4.673832507044373141e-01
3.742412907130279631e+00 4.671618607696705339e-01
3.752412907130279418e+00 4.669398946434078490e-01
3.762412907130279205e+00 4.667173524653265848e-01
3.772412907130278992e+00 4.664942343766644295e-01
3.782412907130278779e+00 4.662705405202442477e-01
3.792412907130278565e+00 4.660462710404990605e-01
3.802412907130278352e+00 4.658214260834969700e-01
3.812412907130278139e+00 4.655960057969667498e-01
3.822412907130277926e+00 4.653700103303226032e-01
3.832412907130277713e+00 4.651434398346905863e-01
3.842412907130277500e+00 4.649162944629336436e-01
3.852412907130277286e+00 4.646885743696780313e-01
3.862412907130277073e+00 4.644602797112454828e-01
3.872412907130276860e+00 4.642314106452914424e-01
3.882412907130276647e+00 4.640019673311635562e-01
3.892412907130276434e+00 4.637719499300841930e-01
3.902412907130276221e+00 4.635413586051778667e-01
3.912412907130276007e+00 4.633101928277936210e-01
3.922412907130275794e+00 4.630784515706212745e-01
3.932412907130275581e+00 4.628461349325641017e-01
3.942412907130275368e+00 4.626132430324211287e-01
3.952412907130275155e+00 4.623797759906407290e-01
3.962412907130274942e+00 4.621457339293500999e-01
3.972412907130274728e+00 4.619111169723844057e-01
3.982412907130274515e+00 4.616759252453171980e-01
3.992412907130274302e+00 4.614401588754898920e-01
4.002412907130274533e+00 4.612038179920422420e-01
4.012412907130274320e+00 4.609669027259428176e-01
4.022412907130274107e+00 4.607294132100188677e-01
4.032412907130273894e+00 4.604913495789876299e-01
4.042412907130273680e+00 4.602527119694870827e-01
4.052412907130273467e+00 4.600135005201069216e-01
4.062412907130273254e+00 4.597737153714197000e-01
4.072412907130273041e+00 4.595333566660123603e-01
4.082412907130272828e+00 4.592924245485178192e-01
4.092412907130272615e+00 4.590509191656466648e-01
4.102412907130272401e+00 4.588088406662188534e-01
4.112412907130272188e+00 4.585661892011961283e-01
4.122412907130271975e+00 4.583229649237143266e-01
4.132412907130271762e+00 4.580791679891150769e-01
4.142412907130271549e+00 4.578347985549791055e-01
4.152412907130271336e+00 4.575898567811582662e-01
4.162412907130271122e+00 4.573443428296055102e-01
4.172412907130270909e+00 4.570982568640072907e-01
4.182412907130270696e+00 4.568515990503212443e-01
4.192412907130270483e+00 4.566043695569225180e-01
4.202412907130270270e+00 4.563565685546383532e-01
4.212412907130270057e+00 4.561081960484451026e-01
4.222412907130269843e+00 4.558592505500283498e-01
4.232412907130269630e+00 4.556097317554421156e-01
4.242412907130269417e+00 4.553596397737198487e-01
4.252412907130269204e+00 4.551089747160399490e-01
4.262412907130268991e+00 4.548577366957626822e-01
4.272412907130268778e+00 4.546059258284683713e-01
4.282412907130268565e+00 4.543535422319953110e-01
4.292412907130268351e+00 4.541005860264775151e-01
4.302412907130268138e+00 4.538470573343836301e-01
4.312412907130267925e+00 4.535929562805546822e-01
4.322412907130267712e+00 4.533382829922433799e-01
4.332412907130267499e+00 4.530830375991524717e-01
4.342412907130267286e+00 4.528272202334740482e-01
4.352412907130267072e+00 4.525708310299285109e-01
4.362412907130266859e+00 4.523138701258039851e-01
4.372412907130266646e+00 4.520563376609960660e-01
4.382412907130266433e+00 4.517982337780470647e-01
4.392412907130266220e+00 4.515395586221859769e-01
4.402412907130266007e+00 4.512803123413686168e-01
4.412412907130265793e+00 4.510204950863178075e-01
4.422412907130265580e+00 4.507601070105632379e-01
4.432412907130265367e+00 4.504991482704319150e-01
4.442412907130265154e+00 4.502376190245102050e-01
4.452412907130264941e+00 4.499755194338871389e-01
4.462412907130264728e+00 4.497128496626363048e-01
4.472412907130264514e+00 4.494496098778656412e-01
4.482412907130264301e+00 4.491858002497595148e-01
4.492412907130264088e+00 4.489214207870232398e-01
4.502412907130263875e+00 4.486564697571117644e-01
4.512412907130263662e+00 4.483909467299906360e-01
4.522412907130263449e+00 4.481248518066239805e-01
4.532412907130263235e+00 4.478581850908059936e-01
4.542412907130263022e+00 4.475909466892077360e-01
4.552412907130262809e+00 4.473231367114237633e-01
4.562412907130262596e+00 4.470547552700185889e-01
4.572412907130262383e+00 4.467858024805735351e-01
4.582412907130262170e+00 4.465162784617340286e-01
4.592412907130261956e+00 4.462461833352564522e-01
4.602412907130261743e+00 4.459755172260559397e-01
4.612412907130261530e+00 4.457042802622532829e-01
4.622412907130261317e+00 4.454324725752230596e-01
4.632412907130261104e+00 4.451600942996412624e-01
4.642412907130260891e+00 4.448871455735332048e-01
4.652412907130260677e+00 4.446136265383218156e-01
4.662412907130260464e+00 4.443395373388754344e-01
4.672412907130260251e+00 4.440648781235566056e-01
4.682412907130260038e+00 4.437896490442691522e-01
4.692412907130259825e+00 4.435138502561931650e-01
4.702412907130259612e+00 4.432374819172751890e-01
4.712412907130259399e+00 4.429605441890304141e-01
4.722412907130259185e+00 4.426830372367461797e-01
4.732412907130258972e+00 4.424049612295330447e-01
4.742412907130258759e+00 4.421263163403743035e-01
4.752412907130258546e+00 4.418471025806020025e-01
4.762412907130258333e+00 4.415673179453832864e-01
4.772412907130258120e+00 4.412869618615781753e-01
4.782412907130257906e+00 4.410060344160266488e-01
4.792412907130257693e+00 4.407245356992121610e-01
4.802412907130257480e+00 4.404424658053176511e-01
4.812412907130257267e+00 4.401598248322817764e-01
4.822412907130257054e+00 4.398766128818547005e-01
4.832412907130256841e+00 4.395928300596548266e-01
4.842412907130256627e+00 4.393084764752251958e-01
4.852412907130256414e+00 4.390235522420899428e-01
4.862412907130256201e+00 4.387380574778112496e-01
4.872412907130255988e+00 4.384519923040460232e-01
4.882412907130255775e+00 4.381653568466028492e-01
4.892412907130255562e+00 4.378781512354992245e-01
4.902412907130255348e+00 4.375903756050187887e-01
4.912412907130255135e+00 4.373020300937682237e-01
4.922412907130254922e+00 4.370131148447324310e-01
4.932412907130254709e+00 4.367236300048346065e-01
4.942412907130254496e+00 4.364335757245440539e-01
4.952412907130254283e+00 4.361429521588145453e-01
4.962412907130254069e+00 4.358517594672603468e-01
4.972412907130253856e+00 4.355599978142161155e-01
4.982412907130253643e+00 4.352676673687955189e-01
4.992412907130253430e+00 4.349747683049245417e-01
5.002412907130253217e+00 4.346812990807637500e-01
5.012412907130253004e+00 4.343872581063266125e-01
5.022412907130252790e+00 4.340926454498426068e-01
5.032412907130252577e+00 4.337974611841480255e-01
5.042412907130252364e+00 4.335017053867520342e-01
5.052412907130252151e+00 4.332053781399030634e-01
5.062412907130251938e+00 4.329084795306551436e-01
5.072412907130251725e+00 4.326110096509340197e-01
5.082412907130251511e+00 4.323129685976037084e-01
5.092412907130251298e+00 4.320143564725332230e-01
5.102412907130251085e+00 4.317151733826629645e-01
5.112412907130250872e+00 4.314154194400712794e-01
5.122412907130250659e+00 4.311150947620415175e-01
5.132412907130250446e+00 4.308141994711288669e-01
5.142412907130250233e+00 4.305127336952265793e-01
5.152412907130250019e+00 4.302106975674874212e-01
5.162412907130249806e+00 4.299080912253961384e-01
5.172412907130249593e+00 4.296049148114911564e-01
5.182412907130249380e+00 4.293011684739796996e-01
5.192412907130249167e+00 4.289968523668110101e-01
5.202412907130248954e+00 4.286919666497450709e-01
5.212412907130248740e+00 4.283865114884218839e-01
5.222412907130248527e+00 4.280804870204427681e-01
5.232412907130248314e+00 4.277738910553061102e-01
5.242412907130248101e+00 4.274667222278674683e-01
5.252412907130247888e+00 4.271589805844803189e-01
5.262412907130247675e+00 4.268506661772771271e-01
5.272412907130247461e+00 4.265417790642465623e-01
5.282412907130247248e+00 4.262323193093103813e-01
5.292412907130247035e+00 4.259222869824005331e-01
5.302412907130246822e+00 4.256116821595361532e-01
5.312412907130246609e+00 4.253005049229007239e-01
5.322412907130246396e+00 4.249887553609190682e-01
5.332412907130246182e+00 4.246764335683345104e-01
5.342412907130245969e+00 4.243635396462859810e-01
5.352412907130245756e+00 4.240500737023847888e-01
5.362412907130245543e+00 4.237360358507298863e-01
5.372412907130245330e+00 4.234214262109811111e-01
5.382412907130245117e+00 4.231062449086208654e-01
5.392412907130244903e+00 4.227904920759706919e-01
5.402412907130244690e+00 4.224741678522996868e-01
5.412412907130244477e+00 4.221572723839038810e-01
5.422412907130244264e+00 4.218398058241851767e-01
5.432412907130244051e+00 4.215217683337301180e-01
5.442412907130243838e+00 4.212031594623154573e-01
5.452412907130243624e+00 4.208839761371705457e-01
5.462412907130243411e+00 4.205642179292978233e-01
5.472412907130243198e+00 4.202438848624073797e-01
5.482412907130242985e+00 4.199229769674027724e-01
5.492412907130242772e+00 4.196014942824699001e-01
5.502412907130242559e+00 4.192794368531649329e-01
5.512412907130242345e+00 4.189568047325026301e-01
5.522412907130242132e+00 4.186335979810445473e-01
5.532412907130241919e+00 4.183098166669867446e-01
5.542412907130241706e+00 4.179854608662483817e-01
5.552412907130241493e+00 4.176605306625588154e-01
5.562412907130241280e+00 4.173350261475166634e-01
5.572412907130241067e+00 4.170089474196838064e-01
5.582412907130240853e+00 4.166822945845161108e-01
5.592412907130240640e+00 4.163550677556649982e-01
5.602412907130240427e+00 4.160272670551462548e-01
5.612412907130240214e+00 4.156988926134296269e-01
5.622412907130240001e+00 4.153699445695287484e-01
5.632412907130239788e+00 4.150404230710906250e-01
5.642412907130239574e+00 4.147103282616371733e-01
5.652412907130239361e+00 4.143796576211266625e-01
5.662412907130239148e+00 4.140484091599435645e-01
5.672412907130238935e+00 4.137165828630064990e-01
5.682412907130238722e+00 4.133841787239868060e-01
5.692412907130238509e+00 4.130511967454096323e-01
5.702412907130238295e+00 4.127176369387543509e-01
5.712412907130238082e+00 4.123834993245542591e-01
5.722412907130237869e+00 4.120487839324972201e-01
5.732412907130237656e+00 4.117134908015250283e-01
5.742412907130237443e+00 4.113776199799333289e-01
5.752412907130237230e+00 4.110411715254644327e-01
5.762412907130237016e+00 4.107041455045234990e-01
5.772412907130236803e+00 4.103665419916390222e-01
5.782412907130236590e+00 4.100283610710557802e-01
5.792412907130236377e+00 4.096896028370139442e-01
5.802412907130236164e+00 4.093502673938503311e-01
5.812412907130235951e+00 4.090103548560994895e-01
5.822412907130235737e+00 4.086698653485951738e-01
5.832412907130235524e+00 4.083287990065702089e-01
5.842412907130235311e+00 4.079871549831262101e-01
5.852412907130235098e+00 4.076449295513318583e-01
5.862412907130234885e+00 4.073021222919056550e-01
5.872412907130234672e+00 4.069587331607216751e-01
5.882412907130234458e+00 4.066147621243534349e-01
5.892412907130234245e+00 4.062702091601868570e-01
5.902412907130234032e+00 4.059250742565321812e-01
5.912412907130233819e+00 4.055793574127365964e-01
5.922412907130233606e+00 4.052330586392954292e-01
5.932412907130233393e+00 4.048861779579638331e-01
5.942412907130233179e+00 4.045387154013545539e-01
5.952412907130232966e+00 4.041906710116369150e-01
5.962412907130232753e+00 4.038420448422573861e-01
5.972412907130232540e+00 4.034928369585462082e-01
5.982412907130232327e+00 4.031430474378307482e-01
5.992412907130232114e+00 4.027926763695484635e-01
6.002412907130231901e+00 4.024417238553591458e-01
6.012412907130231687e+00 4.020901900092570536e-01
6.022412907130231474e+00 4.017380749390431216e-01
6.032412907130231261e+00 4.013853755184865757e-01
6.042412907130231048e+00 4.010320893184138313e-01
6.052412907130230835e+00 4.006782162432390715e-01
6.062412907130230622e+00 4.003237562101940594e-01
6.072412907130230408e+00 3.999687091494537605e-01
6.082412907130230195e+00 3.996130750042616309e-01
6.092412907130229982e+00 3.992568537310550170e-01
6.102412907130229769e+00 3.989000452995888346e-01
6.112412907130229556e+00 3.985426496929609930e-01
6.122412907130229343e+00 3.981846669061742117e-01
6.132412907130229129e+00 3.978260969466103636e-01
6.142412907130228916e+00 3.974669398356392991e-01
6.152412907130228703e+00 3.971071956087900423e-01
6.162412907130228490e+00 3.967468643158764130e-01
6.172412907130228277e+00 3.963859460211217600e-01
6.182412907130228064e+00 3.960244408032830843e-01
6.192412907130227850e+00 3.956623487557750507e-01
6.202412907130227637e+00 3.952996695585465625e-01
6.212412907130227424e+00 3.949363987656255848e-01
6.222412907130227211e+00 3.945725350471034343e-01
6.232412907130226998e+00 3.942080782598762489e-01
6.242412907130226785e+00 3.938430282762240831e-01
6.252412907130226571e+00 3.934773849839506843e-01
6.262412907130226358e+00 3.931111482865208839e-01
6.272412907130226145e+00 3.927443181031986530e-01
6.282412907130225932e+00 3.923768943688206723e-01
6.292412907130225719e+00 3.920088770320248051e-01
6.302412907130225506e+00 3.916402660569758831e-01
6.312412907130225292e+00 3.912710614244505059e-01
6.322412907130225079e+00 3.909012631319798703e-01
6.332412907130224866e+00 3.905308711939879385e-01
6.342412907130224653e+00 3.901598856419284944e-01
6.352412907130224440e+00 3.897883065244210909e-01
6.362412907130224227e+00 3.894161339073874406e-01
6.372412907130224013e+00 3.890433672593653913e-01
6.382412907130223800e+00 3.886700016448953465e-01
6.392412907130223587e+00 3.882960357958831210e-01
6.402412907130223374e+00 3.879214695108418320e-01
6.412412907130223161e+00 3.875463026065998906e-01
6.422412907130222948e+00 3.871705349184541567e-01
6.432412907130222735e+00 3.867941663003208186e-01
6.442412907130222521e+00 3.864171966245273926e-01
6.452412907130222308e+00 3.860396257798771602e-01
6.462412907130222095e+00 3.856614536734553345e-01
6.472412907130221882e+00 3.852826802318883304e-01
6.482412907130221669e+00 3.849033054015015831e-01
6.492412907130221456e+00 3.845233291484704830e-01
6.502412907130221242e+00 3.841427514589706438e-01
6.512412907130221029e+00 3.837615723393267286e-01
6.522412907130220816e+00 3.833797918161600538e-01
6.532412907130220603e+00 3.829974098057205567e-01
6.542412907130220390e+00 3.826144216613696081e-01
6.552412907130220177e+00 3.822308248239554285e-01
6.562412907130219963e+00 3.818466190105243574e-01
6.572412907130219750e+00 3.814618039597782451e-01
6.582412907130219537e+00 3.810763794322405418e-01
6.592412907130219324e+00 3.806903452103680419e-01
6.602412907130219111e+00 3.803037010969427811e-01
6.612412907130218898e+00 3.799164469150714818e-01
6.622412907130218684e+00 3.795285825105914057e-01
6.632412907130218471e+00 3.791401077523791074e-01
6.642412907130218258e+00 3.787510225325149138e-01
6.652412907130218045e+00 3.783613267664476809e-01
6.662412907130217832e+00 3.779710203931567758e-01
6.672412907130217619e+00 3.775801033753136138e-01
6.682412907130217405e+00 3.771885756994414751e-01
6.692412907130217192e+00 3.767964359445847289e-01
6.702412907130216979e+00 3.764036782354189259e-01
6.712412907130216766e+00 3.760103016392576936e-01
6.722412907130216553e+00 3.756163058379154429e-01
6.732412907130216340e+00 3.752216905387652512e-01
6.742412907130216126e+00 3.748264554747243182e-01
6.752412907130215913e+00 3.744306004021819567e-01
6.762412907130215700e+00 3.740341251021336300e-01
6.772412907130215487e+00 3.736370293822589561e-01
6.782412907130215274e+00 3.732393130771359258e-01
6.792412907130215061e+00 3.728409760484160951e-01
6.802412907130214847e+00 3.724420181850001121e-01
6.812412907130214634e+00 3.720424394032097459e-01
6.822412907130214421e+00 3.716422396469588052e-01
6.832412907130214208e+00 3.712414188879227250e-01
6.842412907130213995e+00 3.708399754922672709e-01
6.852412907130213782e+00 3.704379032197587795e-01
6.862412907130213569e+00 3.700352010262615288e-01
6.872412907130213355e+00 3.696318684458827497e-01
6.882412907130213142e+00 3.692279050428156628e-01
6.892412907130212929e+00 3.688233104095907655e-01
6.902412907130212716e+00 3.684180841668844297e-01
6.912412907130212503e+00 3.680122259664670437e-01
6.922412907130212290e+00 3.676057354916102415e-01
6.932412907130212076e+00 3.671986124572816368e-01
6.942412907130211863e+00 3.667908566103364465e-01
6.952412907130211650e+00 3.663824677297076726e-01
6.962412907130211437e+00 3.659734456265937297e-01
6.972412907130211224e+00 3.655637901446439075e-01
6.982412907130211011e+00 3.651535009419513700e-01
6.992412907130210797e+00 3.647425719326130578e-01
7.002412907130210584e+00 3.643309999838154623e-01
7.012412907130210371e+00 3.639187845718693803e-01
7.022412907130210158e+00 3.635059252079061998e-01
7.032412907130209945e+00 3.630924214354177559e-01
7.042412907130209732e+00 3.626782728318382332e-01
7.052412907130209518e+00 3.622634790108810177e-01
7.062412907130209305e+00 3.618480396227758966e-01
7.072412907130209092e+00 3.614319543544718960e-01
7.082412907130208879e+00 3.610152229298366211e-01
7.092412907130208666e+00 3.605978451098538762e-01
7.102412907130208453e+00 3.601798206928176205e-01
7.112412907130208239e+00 3.597611495145244254e-01
7.122412907130208026e+00 3.593418308638751113e-01
7.132412907130207813e+00 3.589218575971163672e-01
7.142412907130207600e+00 3.585012270681428581e-01
7.152412907130207387e+00 3.580799385960148351e-01
7.162412907130207174e+00 3.576579915385545427e-01
7.172412907130206960e+00 3.572353852925103102e-01
7.182412907130206747e+00 3.568121192967584898e-01
7.192412907130206534e+00 3.563881930327110203e-01
7.202412907130206321e+00 3.559636060245335298e-01
7.212412907130206108e+00 3.555383578393611077e-01
7.222412907130205895e+00 3.551124480875100242e-01
7.232412907130205681e+00 3.546858764226860639e-01
7.242412907130205468e+00 3.542586425421902496e-01
7.252412907130205255e+00 3.538307461871208481e-01
7.262412907130205042e+00 3.534021822368502708e-01
7.272412907130204829e+00 3.529729448878869413e-01
7.282412907130204616e+00 3.525430333307282282e-01
7.292412907130204403e+00 3.521124468013481223e-01
7.302412907130204189e+00 3.516811845821420923e-01
7.312412907130203976e+00 3.512492460045358311e-01
7.322412907130203763e+00 3.508166304492524312e-01
7.332412907130203550e+00 3.503833373465394252e-01
7.342412907130203337e+00 3.499493661763926622e-01
7.352412907130203124e+00 3.495147164687762431e-01
7.362412907130202910e+00 3.490793878038381259e-01
7.372412907130202697e+00 3.486433798121216787e-01
7.382412907130202484e+00 3.482066921247471414e-01
7.392412907130202271e+00 3.477693180783099081e-01
7.402412907130202058e+00 3.473312524388838529e-01
7.412412907130201845e+00 3.468924942398548539e-01
7.422412907130201631e+00 3.464530425672692204e-01
7.432412907130201418e+00 3.460128965636558029e-01
7.442412907130201205e+00 3.455720554285977020e-01
7.452412907130200992e+00 3.451305184189710218e-01
7.462412907130200779e+00 3.446882848491804596e-01
7.472412907130200566e+00 3.442453540913886778e-01
7.482412907130200352e+00 3.438017255757423452e-01
7.492412907130200139e+00 3.433573987905917391e-01
7.502412907130199926e+00 3.429123732827069060e-01
7.512412907130199713e+00 3.424666461610019197e-01
7.522412907130199500e+00 3.420202084026655043e-01
7.532412907130199287e+00 3.415730581978053682e-01
7.542412907130199073e+00 3.411251944381714640e-01
7.552412907130198860e+00 3.406766160810912880e-01
7.562412907130198647e+00 3.402273221499328426e-01
7.572412907130198434e+00 3.397773117343520499e-01
7.582412907130198221e+00 3.393265839905342252e-01
7.592412907130198008e+00 3.388751381414302211e-01
7.602412907130197794e+00 3.384229734769865772e-01
7.612412907130197581e+00 3.379700893543697848e-01
7.622412907130197368e+00 3.375164851981851122e-01
7.632412907130197155e+00 3.370621578869589241e-01
7.642412907130196942e+00 3.366070976885948696e-01
7.652412907130196729e+00 3.361513025257596432e-01
7.662412907130196515e+00 3.356947710984014011e-01
7.672412907130196302e+00 3.352375021826698998e-01
7.682412907130196089e+00 3.347794946311741238e-01
7.692412907130195876e+00 3.343207473732324186e-01
7.702412907130195663e+00 3.338612594151151858e-01
7.712412907130195450e+00 3.334010298402806383e-01
7.722412907130195237e+00 3.329400578096039509e-01
7.732412907130195023e+00 3.324783425615994159e-01
7.742412907130194810e+00 3.320158833894807926e-01
7.752412907130194597e+00 3.315526723848194468e-01
7.762412907130194384e+00 3.310887024354962072e-01
7.772412907130194171e+00 3.306239719742254946e-01
7.782412907130193958e+00 3.301584795216966350e-01
7.792412907130193744e+00 3.296922236868455869e-01
7.802412907130193531e+00 3.292252031671066836e-01
7.812412907130193318e+00 3.287574167486574939e-01
7.822412907130193105e+00 3.282888633066539108e-01
7.832412907130192892e+00 3.278195418054584698e-01
7.842412907130192679e+00 3.273494512988588401e-01
7.852412907130192465e+00 3.268785909302778792e-01
7.862412907130192252e+00 3.264069548252658270e-01
7.872412907130192039e+00 3.259345329339902730e-01
7.882412907130191826e+00 3.254613232808057366e-01
7.892412907130191613e+00 3.249873241288468440e-01
7.902412907130191400e+00 3.245125338431317785e-01
7.912412907130191186e+00 3.240369508908099161e-01
7.922412907130190973e+00 3.235605738413988575e-01
7.932412907130190760e+00 3.230834013670120797e-01
7.942412907130190547e+00 3.226054322425765952e-01
7.952412907130190334e+00 3.221266653460407303e-01
7.962412907130190121e+00 3.216470996519156245e-01
7.972412907130189907e+00 3.211667263599887190e-01
7.982412907130189694e+00 3.206855366795429152e-01
7.992412907130189481e+00 3.202035285099725237e-01
8.002412907130189268e+00 3.197206998680284240e-01
8.012412907130189055e+00 3.192370488880601487e-01
8.022412907130188842e+00 3.187525738222475313e-01
8.032412907130188628e+00 3.182672730408199757e-01
8.042412907130188415e+00 3.177811450322640119e-01
8.052412907130188202e+00 3.172941884035196392e-01
8.062412907130187989e+00 3.168064018799703341e-01
8.072412907130187776e+00 3.163177818268719799e-01
8.082412907130187563e+00 3.158283148706121923e-01
8.092412907130187349e+00 3.153379970806721722e-01
8.102412907130187136e+00 3.148468261145238034e-01
8.112412907130186923e+00 3.143547997650983361e-01
8.122412907130186710e+00 3.138619159610012699e-01
8.132412907130186497e+00 3.133681727667121386e-01
8.142412907130186284e+00 3.128735683827716940e-01
8.152412907130186071e+00 3.123781011459539902e-01
8.162412907130185857e+00 3.118817695289579639e-01
8.172412907130185644e+00 3.113845705215752546e-01
8.182412907130185431e+00 3.108864898089844231e-01
8.192412907130185218e+00 3.103875220126285361e-01
8.202412907130185005e+00 3.098876644319137896e-01
8.212412907130184792e+00 3.093869145222722383e-01
8.222412907130184578e+00 3.088852698953449272e-01
8.232412907130184365e+00 3.083827283191479252e-01
8.242412907130184152e+00 3.078792877182227605e-01
8.252412907130183939e+00 3.073749461737197985e-01
8.262412907130183726e+00 3.068697019223283196e-01
8.272412907130183513e+00 3.063635495406860643e-01
8.282412907130183299e+00 3.058564736054973920e-01
8.292412907130183086e+00 3.053484698387572416e-01
8.302412907130182873e+00 3.048395351976889156e-01
8.312412907130182660e+00 3.043296668191646792e-01
8.322412907130182447e+00 3.038188620198382095e-01
8.332412907130182234e+00 3.033071182962567280e-01
8.342412907130182020e+00 3.027944333249447117e-01
8.352412907130181807e+00 3.022808049619650217e-01
8.362412907130181594e+00 3.017662309279242061e-01
8.372412907130181381e+00 3.012506966094494198e-01
8.382412907130181168e+00 3.007341921458430156e-01
8.392412907130180955e+00 3.002167139813747276e-01
8.402412907130180741e+00 2.996982587669380638e-01
8.412412907130180528e+00 2.991788233601280766e-01
8.422412907130180315e+00 2.986584048252970969e-01
8.432412907130180102e+00 2.981370004335787138e-01
8.442412907130179889e+00 2.976146076633393034e-01
8.452412907130179676e+00 2.970912241972938350e-01
8.462412907130179462e+00 2.965668369051276954e-01
8.472412907130179249e+00 2.960414321946930882e-01
8.482412907130179036e+00 2.955150059972826426e-01
8.492412907130178823e+00 2.949875544817903150e-01
8.502412907130178610e+00 2.944590740547107788e-01
8.512412907130178397e+00 2.939295613601113355e-01
8.522412907130178183e+00 2.933990132799525474e-01
8.532412907130177970e+00 2.928674269369845318e-01
8.542412907130177757e+00 2.923347994045963349e-01
8.552412907130177544e+00 2.918011136887770363e-01
8.562412907130177331e+00 2.912663575673589134e-01
8.572412907130177118e+00 2.907305264788700438e-01
8.582412907130176905e+00 2.901936161349293331e-01
8.592412907130176691e+00 2.896556225201339929e-01
8.602412907130176478e+00 2.891165418922047592e-01
8.612412907130176265e+00 2.885763707858555183e-01
8.622412907130176052e+00 2.880351060150617704e-01
8.632412907130175839e+00 2.874927404406881770e-01
8.642412907130175626e+00 2.869492522222361619e-01
8.652412907130175412e+00 2.864046341015756281e-01
8.662412907130175199e+00 2.858588810717006545e-01
8.672412907130174986e+00 2.853119884392407157e-01
8.682412907130174773e+00 2.847639518246924961e-01
8.692412907130174560e+00 2.842147671684038257e-01
8.702412907130174347e+00 2.836644307323800129e-01
8.712412907130174133e+00 2.831129379361639331e-01
8.722412907130173920e+00 2.825602663416851845e-01
8.732412907130173707e+00 2.820064037676593971e-01
8.742412907130173494e+00 2.814513444837988820e-01
8.752412907130173281e+00 2.808950831200520137e-01
8.762412907130173068e+00 2.803376146682062253e-01
8.772412907130172854e+00 2.797789344915366239e-01
8.782412907130172641e+00 2.792190383220471972e-01
8.792412907130172428e+00 2.786579211671258993e-01
8.802412907130172215e+00 2.780955587380357641e-01
8.812412907130172002e+00 2.775319371727176798e-01
8.822412907130171789e+00 2.769670500393018320e-01
8.832412907130171575e+00 2.764008913197412709e-01
8.842412907130171362e+00 2.758334554187988341e-01
8.852412907130171149e+00 2.752647371698381251e-01
8.862412907130170936e+00 2.746947318270180349e-01
8.872412907130170723e+00 2.741234308669245889e-01
8.882412907130170510e+00 2.735508055156884444e-01
8.892412907130170296e+00 2.729768447972221179e-01
8.902412907130170083e+00 2.724015416351119323e-01
8.912412907130169870e+00 2.718248894354200473e-01
8.922412907130169657e+00 2.712468821002657626e-01
8.932412907130169444e+00 2.706675140163015136e-01
8.942412907130169231e+00 2.700867800473681912e-01
8.952412907130169017e+00 2.695046576112838932e-01
8.962412907130168804e+00 2.689211226505642260e-01
8.972412907130168591e+00 2.683361670026948587e-01
8.982412907130168378e+00 2.677497830602418860e-01
8.992412907130168165e+00 2.671619637882922671e-01
9.002412907130167952e+00 2.665727027084798251e-01
9.012412907130167739e+00 2.659819938948025930e-01
9.022412907130167525e+00 2.653898210808711688e-01
9.032412907130167312e+00 2.647961510997600132e-01
9.042412907130167099e+00 2.642009736666792730e-01
9.052412907130166886e+00 2.636042801826199988e-01
9.062412907130166673e+00 2.630060627059027101e-01
9.072412907130166460e+00 2.624063139313864701e-01
9.082412907130166246e+00 2.618050271872001122e-01
9.092412907130166033e+00 2.612021849525762995e-01
9.102412907130165820e+00 2.605977503387734151e-01
9.112412907130165607e+00 2.599917117679060308e-01
9.122412907130165394e+00 2.593840597229848388e-01
9.132412907130165181e+00 2.587747854302425710e-01
9.142412907130164967e+00 2.581638808436629295e-01
9.152412907130164754e+00 2.575513386426485085e-01
9.162412907130164541e+00 2.569371308618927374e-01
9.172412907130164328e+00 2.563212228413527249e-01
9.182412907130164115e+00 2.557036033690061605e-01
9.192412907130163902e+00 2.550842621356828044e-01
9.202412907130163688e+00 2.544631896694983242e-01
9.212412907130163475e+00 2.538403773316105783e-01
9.222412907130163262e+00 2.532158132080759017e-01
9.232412907130163049e+00 2.525894510897029321e-01
9.242412907130162836e+00 2.519612696836848742e-01
9.252412907130162623e+00 2.513312571141724794e-01
9.262412907130162409e+00 2.506994024686483025e-01
9.272412907130162196e+00 2.500656957906913225e-01
9.282412907130161983e+00 2.494301279401086868e-01
9.292412907130161770e+00 2.487926585960200110e-01
9.302412907130161557e+00 2.481532507548300792e-01
9.312412907130161344e+00 2.475118909986503135e-01
9.322412907130161130e+00 2.468685670136291088e-01
9.332412907130160917e+00 2.462232675823855799e-01
9.342412907130160704e+00 2.455759825793750739e-01
9.352412907130160491e+00 2.449266745340552831e-01
9.362412907130160278e+00 2.442752958759843995e-01
9.372412907130160065e+00 2.436218316471707446e-01
9.382412907130159851e+00 2.429662682262327678e-01
9.392412907130159638e+00 2.423085932483012295e-01
9.402412907130159425e+00 2.416487955486391892e-01
9.412412907130159212e+00 2.409868275060441656e-01
9.422412907130158999e+00 2.403226418617346039e-01
9.432412907130158786e+00 2.396562224543778985e-01
9.442412907130158572e+00 2.389875545675473334e-01
9.452412907130158359e+00 2.383166249227120503e-01
9.462412907130158146e+00 2.376434175446434927e-01
9.472412907130157933e+00 2.369678643858021405e-01
9.482412907130157720e+00 2.362899303589547917e-01
9.492412907130157507e+00 2.356095983006050998e-01
9.502412907130157294e+00 2.349268526995184903e-01
9.512412907130157080e+00 2.342416796997261741e-01
9.522412907130156867e+00 2.335540381528518061e-01
9.532412907130156654e+00 2.328638554997380095e-01
9.542412907130156441e+00 2.321711107634291948e-01
9.552412907130156228e+00 2.314757862132257871e-01
9.562412907130156015e+00 2.307778660195183573e-01
9.572412907130155801e+00 2.300773245096233155e-01
9.582412907130155588e+00 2.293740740392496702e-01
9.592412907130155375e+00 2.286680809671305659e-01
9.602412907130155162e+00 2.279593251236179119e-01
9.612412907130154949e+00 2.272477885448583590e-01
9.622412907130154736e+00 2.265334484125663128e-01
9.632412907130154522e+00 2.258162094888766513e-01
9.642412907130154309e+00 2.250960278635850409e-01
9.652412907130154096e+00 2.243728824589223680e-01
9.662412907130153883e+00 2.236467547768459241e-01
9.672412907130153670e+00 2.229176185810475275e-01
9.682412907130153457e+00 2.221853666388585447e-01
9.692412907130153243e+00 2.214499532642014712e-01
9.702412907130153030e+00 2.207113548985342455e-01
9.712412907130152817e+00 2.199695511174629137e-01
9.722412907130152604e+00 2.192244967424673840e-01
9.732412907130152391e+00 2.184760728229572790e-01
9.742412907130152178e+00 2.177242438987058715e-01
9.752412907130151964e+00 2.169689860450388919e-01
9.762412907130151751e+00 2.162102787667761206e-01
9.772412907130151538e+00 2.154480225341667277e-01
9.782412907130151325e+00 2.146821216189733206e-01
9.792412907130151112e+00 2.139125482661412281e-01
9.802412907130150899e+00 2.131392788693940998e-01
9.812412907130150685e+00 2.123622626187345042e-01
9.822412907130150472e+00 2.115813515586995874e-01
9.832412907130150259e+00 2.107965019927476868e-01
9.842412907130150046e+00 2.100076872709868148e-01
9.852412907130149833e+00 2.092148746532083159e-01
9.862412907130149620e+00 2.084179059594210570e-01
9.872412907130149406e+00 2.076167073614822445e-01
9.882412907130149193e+00 2.068112495890711555e-01
9.892412907130148980e+00 2.060015033231513693e-01
9.902412907130148767e+00 2.051873049812972805e-01
9.912412907130148554e+00 2.043685572482455415e-01
9.922412907130148341e+00 2.035452289072428034e-01
9.932412907130148128e+00 2.027172866956963859e-01
9.942412907130147914e+00 2.018845447234718093e-01
9.952412907130147701e+00 2.010469032174243831e-01
9.962412907130147488e+00 2.002043299826165301e-01
9.972412907130147275e+00 1.993567737319927868e-01
9.982412907130147062e+00 1.985040126535200788e-01
9.992412907130146849e+00 1.976459690435263539e-01
1.000241290713014664e+01 1.967826111263803190e-01
1.001241290713014642e+01 1.959138273536689678e-01
1.002241290713014621e+01 1.950393888253752206e-01
1.003241290713014600e+01 1.941592504753873183e-01
1.004241290713014578e+01 1.932733736793757484e-01
1.005241290713014557e+01 1.923815115829541622e-01
1.006241290713014536e+01 1.914835319632803845e-01
1.007241290713014514e+01 1.905794008931669670e-01
1.008241290713014493e+01 1.896689651731686133e-01
1.009241290713014472e+01 1.887519625108168564e-01
1.010241290713014450e+01 1.878283508808095692e-01
1.011241290713014429e+01 1.868980373007663176e-01
1.012241290713014408e+01 1.859606935853873877e-01
1.013241290713014386e+01 1.850162450234396072e-01
1.014241290713014365e+01 1.840646221675921734e-01
1.015241290713014344e+01 1.831054658524991496e-01
1.016241290713014322e+01 1.821386676273388516e-01
1.017241290713014301e+01 1.811641582387670812e-01
1.018241290713014280e+01 1.801815451316099714e-01
1.019241290713014259e+01 1.791907098713015623e-01
1.020241290713014237e+01 1.781915559778597669e-01
1.021241290713014216e+01 1.771836489510392743e-01
1.022241290713014195e+01 1.761668955531660863e-01
1.023241290713014173e+01 1.751411149794999955e-01
1.024241290713014152e+01 1.741058634615144374e-01
1.025241290713014131e+01 1.730610968217506374e-01
1.026241290713014109e+01 1.720064211443143309e-01
1.027241290713014088e+01 1.709415391191388134e-01
1.028241290713014067e+01 1.698663893750818610e-01
1.029241290713014045e+01 1.687804175076571267e-01
1.030241290713014024e+01 1.676834536012944132e-01
1.031241290713014003e+01 1.665750371998527823e-01
1.032241290713013981e+01 1.654548152482883672e-01
1.033241290713013960e+01 1.643226380945017606e-01
1.034241290713013939e+01 1.631778615992249826e-01
1.035241290713013917e+01 1.620203838021472553e-01
1.036241290713013896e+01 1.608495096346632403e-01
1.037241290713013875e+01 1.596650632534038772e-01
1.038241290713013854e+01 1.584663733469292013e-01
1.039241290713013832e+01 1.572531594382704512e-01
1.040241290713013811e+01 1.560247915248204331e-01
1.041241290713013790e+01 1.547808721471428950e-01
1.042241290713013768e+01 1.535207316992363014e-01
1.043241290713013747e+01 1.522439463148246297e-01
1.044241290713013726e+01 1.509497372197463605e-01
1.045241290713013704e+01 1.496377058887403966e-01
1.046241290713013683e+01 1.483069155777038406e-01
1.047241290713013662e+01 1.469569840973730945e-01
1.048241290713013640e+01 1.455868847054502535e-01
1.049241290713013619e+01 1.441960830866475252e-01
1.050241290713013598e+01 1.427836996519433466e-01
1.051241290713013576e+01 1.413487491571558952e-01
1.052241290713013555e+01 1.398906076963071232e-01
1.053241290713013534e+01 1.384081543494427857e-01
1.054241290713013512e+01 1.369003623996126739e-01
1.055241290713013491e+01 1.353664132908824203e-01
1.056241290713013470e+01 1.338051059196498638e-01
1.057241290713013449e+01 1.322152148062551991e-01
1.058241290713013427e+01 1.305956759864167482e-01
1.059241290713013406e+01 1.289452998196494449e-01
1.060241290713013385e+01 1.272627484701843448e-01
1.061241290713013363e+01 1.255466665160847040e-01
1.062241290713013342e+01 1.237956786590661135e-01
1.063241290713013321e+01 1.220083895442551775e-01
1.064241290713013299e+01 1.201833779030767185e-01
1.065241290713013278e+01 1.183192132068993790e-01
1.066241290713013257e+01 1.164144604980570374e-01
1.067241290713013235e+01 1.144677329084307082e-01
1.068241290713013214e+01 1.124785545602210585e-01
1.069241290713013193e+01 1.104439040717320047e-01
1.070241290713013171e+01 1.083635484238565094e-01
1.071241290713013150e+01 1.062365565553639174e-01
1.072241290713013129e+01 1.040623676985338864e-01
1.073241290713013107e+01 1.018405151732979796e-01
1.074241290713013086e+01 9.957111832347682878e-02
1.075241290713013065e+01 9.725497525638010510e-02
1.076241290713013044e+01 9.489310323677217773e-02
1.077241290713013022e+01 9.248768779622061620e-02
1.078241290713013001e+01 9.004139473598687937e-02
1.079241290713012980e+01 8.755782068719314415e-02
1.080241290713012958e+01 8.504134022791959291e-02
1.081241290713012937e+01 8.249735130374634406e-02
1.082241290713012916e+01 7.993304141254106709e-02
1.083241290713012894e+01 7.735376972449645172e-02
1.084241290713012873e+01 7.476738642432627369e-02
1.085241290713012852e+01 7.218171349689832261e-02
1.086241290713012830e+01 6.960350093403713800e-02
1.087241290713012809e+01 6.694774273465486925e-02
1.088241290713012788e+01 6.248385423296989177e-02
1.089241290713012766e+01 5.848697542660056398e-02
1.090241290713012745e+01 5.488157407395082010e-02
1.091241290713012724e+01 5.161158217396779463e-02
1.092241290713012702e+01 4.863330423574857564e-02
1.093241290713012681e+01 4.589580354950038160e-02
1.094241290713012660e+01 4.294781732891190390e-02
1.095241290713012638e+01 4.066880717953868379e-02
1.096241290713012617e+01 3.854440584575514334e-02
1.097241290713012596e+01 3.656055177810797752e-02
1.098241290713012575e+01 3.469912930647536808e-02
1.099241290713012553e+01 3.295094125409528396e-02
1.100241290713012532e+01 3.130711297970951990e-02
1.101241290713012511e+01 2.975091156907924347e-02
1.102241290713012489e+01 2.827467660269617281e-02
1.103241290713012468e+01 2.687084887903457703e-02
1.104241290713012447e+01 2.553504857488210142e-02
1.105241290713012425e+01 2.426159918040950159e-02
1.106241290713012404e+01 2.305625473649554336e-02
1.107241290713012383e+01 2.189538708547542067e-02
1.108241290713012361e+01 2.078282615490916613e-02
1.109241290713012340e+01 1.972625327017871188e-02
1.110241290713012319e+01 1.869952978875714586e-02
1.111241290713012297e+01 1.771232518709144749e-02
1.112241290713012276e+01 1.676624883412718495e-02
1.113241290713012255e+01 1.585113927895799926e-02
1.114241290713012233e+01 1.496349224294985999e-02
1.115241290713012212e+01 1.411162383672300361e-02
1.116241290713012191e+01 1.329069982609428976e-02
1.117241290713012170e+01 1.249068880558838225e-02
1.118241290713012148e+01 1.171908324435445153e-02
1.119241290713012127e+01 1.098095910318507007e-02
1.120241290713012106e+01 1.026227849446547692e-02
1.121241290713012084e+01 9.568852039083565464e-03
1.122241290713012063e+01 8.900442108930085167e-03
1.123241290713012042e+01 8.256338248887303347e-03
1.124241290713012020e+01 7.632586809915702444e-03
1.125241290713011999e+01 7.032012970215655891e-03
1.126241290713011978e+01 6.462562425704888695e-03
1.127241290713011956e+01 5.914938899349561630e-03
1.128241290713011935e+01 5.385175195804130580e-03
1.129241290713011914e+01 4.878106788410328451e-03
1.130241290713011892e+01 4.397122425364409330e-03
1.131241290713011871e+01 3.938834595090162476e-03
1.132241290713011850e+01 3.505982346598879740e-03
1.133241290713011828e+01 3.096713231344641864e-03
1.134241290713011807e+01 2.719320083253270928e-03
1.135241290713011786e+01 2.369148727380274242e-03
1.136241290713011765e+01 2.019513206064867117e-03
1.137241290713011743e+01 1.627164106761270568e-03
1.138241290713011722e+01 1.248712018405239484e-03
1.139241290713011701e+01 9.531412854308454231e-04
1.140241290713011679e+01 7.383091534449697652e-04
1.141241290713011658e+01 5.848921632258448919e-04
1.142241290713011637e+01 4.748664367789593040e-04
1.143241290713011615e+01 3.949878022703259286e-04
1.144241290713011594e+01 3.361892385654433632e-04
1.145241290713011573e+01 2.923798218943483699e-04
1.146241290713011551e+01 2.570314748385353122e-04
1.147241290713011530e+01 2.339732811631723113e-04
1.148241290713011509e+01 2.060853155268348061e-04
1.149241290713011487e+01 1.871282988574547897e-04
1.150241290713011466e+01 1.694118809832557558e-04
1.151241290713011445e+01 1.483195964727265987e-04
1.152241290713011423e+01 1.316507048107910306e-04
1.153241290713011402e+01 1.186494231530411394e-04
1.154241290713011381e+01 1.036171051547823773e-04
1.155241290713011360e+01 9.304677256811853163e-05
1.156241290713011338e+01 8.349926797498473971e-05
1.157241290713011317e+01 7.133894386823415475e-05
1.158241290713011296e+01 6.363385941586681936e-05
1.159241290713011274e+01 5.652097573156675899e-05
1.160241290713011253e+01 4.997359151966810384e-05
1.161241290713011232e+01 4.291307048326774856e-05
1.162241290713011210e+01 3.672946745602237027e-05
1.163241290713011189e+01 3.218771911237011701e-05
1.164241290713011168e+01 2.762685977624943884e-05
1.165241290713011146e+01 2.397849296577263703e-05
1.166241290713011125e+01 2.067369246253125475e-05
1.167241290713011104e+01 1.790152369240929946e-05
1.168241290713011082e+01 1.453883636635002919e-05
1.169241290713011061e+01 1.231701816110989162e-05
1.170241290713011040e+01 1.033807298256807853e-05
1.171241290713011018e+01 8.587020983279903413e-06
1.172241290713010997e+01 6.792583068829623852e-06
1.173241290713010976e+01 5.551327091186437691e-06
1.174241290713010955e+01 4.465374449144912528e-06
1.175241290713010933e+01 3.532905604313941840e-06
1.176241290713010912e+01 2.741607166383649690e-06
1.177241290713010891e+01 2.122658806200634034e-06
1.178241290713010869e+01 1.498173726707777228e-06
1.179241290713010848e+01 1.081722366986347613e-06
1.180241290713010827e+01 7.201378531628298904e-07
1.181241290713010805e+01 4.864559903727201612e-07
1.182241290713010784e+01 3.096181139097117175e-07
1.183241290713010763e+01 1.879681258134369831e-07
1.184241290713010741e+01 9.359967328646509621e-08
1.185241290713010720e+01 4.161266735209162458e-08
1.186241290713010699e+01 1.292283008061290286e-08
1.187241290713010677e+01 4.361958570227208460e-09
1.187734922656821723e+01 1.737980423590828303e-10
