1.000000000000000021e-03 1.251193041264212803e-03
2.412694047623438563e-03 1.251193085347307834e-03
1.241269404762343834e-02 1.251194440950854350e-03
2.241269404762343681e-02 1.251197625314553943e-03
3.241269404762343875e-02 1.251202638439680116e-03
4.241269404762344070e-02 1.251209480328245366e-03
5.241269404762344264e-02 1.251218150982997060e-03
6.241269404762344458e-02 1.251228650407415922e-03
7.241269404762344652e-02 1.251240978605718196e-03
8.241269404762344153e-02 1.251255135582854568e-03
9.241269404762343653e-02 1.251271121344509508e-03
1.024126940476234315e-01 1.251288935897102578e-03
1.124126940476234265e-01 1.251308579247788211e-03
1.224126940476234215e-01 1.251330051404455062e-03
1.324126940476234304e-01 1.251353352375727092e-03
1.424126940476234393e-01 1.251378482170963351e-03
1.524126940476234482e-01 1.251405440800257111e-03
1.624126940476234571e-01 1.251434228274438468e-03
1.724126940476234660e-01 1.251464844605070870e-03
1.824126940476234748e-01 1.251497289804455243e-03
1.924126940476234837e-01 1.251531563885627165e-03
2.024126940476234926e-01 1.251567666862357523e-03
2.124126940476235015e-01 1.251605598749154459e-03
2.224126940476235104e-01 1.251645359561261855e-03
2.324126940476235192e-01 1.251686949314659552e-03
2.424126940476235281e-01 1.251730368026064428e-03
2.524126940476235093e-01 1.251775615712929970e-03
2.624126940476235181e-01 1.251822692393446271e-03
2.724126940476235270e-01 1.251871598086541333e-03
2.824126940476235359e-01 1.251922332811879549e-03
2.924126940476235448e-01 1.251974896589864300e-03
3.024126940476235537e-01 1.252029289441635796e-03
3.124126940476235625e-01 1.252085511389072368e-03
3.224126940476235714e-01 1.252143562454791125e-03
3.324126940476235803e-01 1.252203442662147299e-03
3.424126940476235892e-01 1.252265152035235331e-03
3.524126940476235981e-01 1.252328690598888440e-03
3.624126940476236070e-01 1.252394058378679918e-03
3.724126940476236158e-01 1.252461255400920967e-03
3.824126940476236247e-01 1.252530281692664817e-03
3.924126940476236336e-01 1.252601137281703254e-03
4.024126940476236425e-01 1.252673822196568578e-03
4.124126940476236514e-01 1.252748336466534248e-03
4.224126940476236602e-01 1.252824680121614447e-03
4.324126940476236691e-01 1.252902853192564957e-03
4.424126940476236780e-01 1.252982855710882068e-03
4.524126940476236869e-01 1.253064687708804314e-03
4.624126940476236958e-01 1.253148349219312041e-03
4.724126940476237047e-01 1.253233840276128924e-03
4.824126940476237135e-01 1.253321160913719147e-03
4.924126940476237224e-01 1.253410311167291093e-03
5.024126940476236758e-01 1.253501291072796255e-03
5.124126940476236847e-01 1.253594100666928805e-03
5.224126940476236935e-01 1.253688739987126677e-03
5.324126940476237024e-01 1.253785209071571352e-03
5.424126940476237113e-01 1.253883507959188508e-03
5.524126940476237202e-01 1.253983636689648667e-03
5.624126940476237291e-01 1.254085595303365682e-03
5.724126940476237380e-01 1.254189383841499339e-03
5.824126940476237468e-01 1.254295002345953399e-03
5.924126940476237557e-01 1.254402450859377557e-03
6.024126940476237646e-01 1.254511729425165922e-03
6.124126940476237735e-01 1.254622838087459400e-03
6.224126940476237824e-01 1.254735776891142875e-03
6.324126940476237912e-01 1.254850545881848684e-03
6.424126940476238001e-01 1.254967145105955091e-03
6.524126940476238090e-01 1.255085574610584993e-03
6.624126940476238179e-01 1.255205834443609602e-03
6.724126940476238268e-01 1.255327924653644326e-03
6.824126940476238357e-01 1.255451845290053974e-03
6.924126940476238445e-01 1.255577596402947336e-03
7.024126940476238534e-01 1.255705178043181082e-03
7.124126940476238623e-01 1.255834590262358682e-03
7.224126940476238712e-01 1.255965833112830188e-03
7.324126940476238801e-01 1.256098906647692233e-03
7.424126940476238889e-01 1.256233810920788898e-03
7.524126940476238978e-01 1.256370545986710630e-03
7.624126940476239067e-01 1.256509111900794458e-03
7.724126940476239156e-01 1.256649508719124425e-03
7.824126940476239245e-01 1.256791736498531374e-03
7.924126940476239334e-01 1.256935795296592294e-03
8.024126940476239422e-01 1.257081685171630324e-03
8.124126940476239511e-01 1.257229406182716050e-03
8.224126940476239600e-01 1.257378958389665123e-03
8.324126940476239689e-01 1.257530341853038908e-03
8.424126940476239778e-01 1.257683556634145569e-03
8.524126940476239866e-01 1.257838602795037465e-03
8.624126940476239955e-01 1.257995480398512670e-03
8.724126940476240044e-01 1.258154189508113672e-03
8.824126940476240133e-01 1.258314730188128021e-03
8.924126940476240222e-01 1.258477102503587032e-03
9.024126940476240311e-01 1.258641306520265997e-03
9.124126940476240399e-01 1.258807342304682888e-03
9.224126940476240488e-01 1.258975209924098572e-03
9.324126940476240577e-01 1.259144909446517028e-03
9.424126940476240666e-01 1.259316440940682746e-03
9.524126940476240755e-01 1.259489804476081809e-03
9.624126940476240843e-01 1.259665000122941027e-03
9.724126940476240932e-01 1.259842027952227288e-03
9.824126940476241021e-01 1.260020888035646037e-03
9.924126940476241110e-01 1.260201580445641494e-03
1.002412694047624120e+00 1.260384105255395572e-03
1.012412694047624129e+00 1.260568462538826789e-03
1.022412694047624138e+00 1.260754652370589838e-03
1.032412694047624147e+00 1.260942674826074500e-03
1.042412694047624155e+00 1.261132529981403910e-03
1.052412694047624164e+00 1.261324217913435642e-03
1.062412694047624173e+00 1.261517738699758241e-03
1.072412694047624182e+00 1.261713092418691217e-03
1.082412694047624191e+00 1.261910279149284836e-03
1.092412694047624200e+00 1.262109298971317078e-03
1.102412694047624209e+00 1.262310151965292558e-03
1.112412694047624218e+00 1.262512838212443821e-03
1.122412694047624226e+00 1.262717357794726578e-03
1.132412694047624235e+00 1.262923710794820352e-03
1.142412694047624244e+00 1.263131897296126526e-03
1.152412694047624253e+00 1.263341917382765963e-03
1.162412694047624262e+00 1.263553771139579217e-03
1.172412694047624271e+00 1.263767458652123284e-03
1.182412694047624280e+00 1.263982980006670082e-03
1.192412694047624289e+00 1.264200335290205802e-03
1.202412694047624298e+00 1.264419524590427871e-03
1.212412694047624306e+00 1.264640547995743653e-03
1.222412694047624315e+00 1.264863405595267843e-03
1.232412694047624324e+00 1.265088097478821606e-03
1.242412694047624333e+00 1.265314623736929532e-03
1.252412694047624342e+00 1.265542984460817262e-03
1.262412694047624351e+00 1.265773179742410610e-03
1.272412694047624360e+00 1.266005209674331018e-03
1.282412694047624369e+00 1.266239074349895981e-03
1.292412694047624377e+00 1.266474773863113636e-03
1.302412694047624386e+00 1.266712308308683187e-03
1.312412694047624395e+00 1.266951677781989706e-03
1.322412694047624404e+00 1.267192882379102395e-03
1.332412694047624413e+00 1.267435922196772854e-03
1.342412694047624422e+00 1.267680797332430527e-03
1.352412694047624431e+00 1.267927507884181616e-03
1.362412694047624440e+00 1.268176053950803876e-03
1.372412694047624449e+00 1.268426435631745102e-03
1.382412694047624457e+00 1.268678653027119439e-03
1.392412694047624466e+00 1.268932706237704778e-03
1.402412694047624475e+00 1.269188595364937992e-03
1.412412694047624484e+00 1.269446320510913195e-03
1.422412694047624493e+00 1.269705881778376540e-03
1.432412694047624502e+00 1.269967279270724052e-03
1.442412694047624511e+00 1.270230513091996855e-03
1.452412694047624520e+00 1.270495583346878139e-03
1.462412694047624528e+00 1.270762490140688386e-03
1.472412694047624537e+00 1.271031233579382339e-03
1.482412694047624546e+00 1.271301813769544226e-03
1.492412694047624555e+00 1.271574230818384079e-03
1.502412694047624564e+00 1.271848484833732959e-03
1.512412694047624573e+00 1.272124575924038405e-03
1.522412694047624582e+00 1.272402504198360748e-03
1.532412694047624591e+00 1.272682513434306596e-03
1.542412694047624599e+00 1.272964999437154691e-03
1.552412694047624608e+00 1.273249329789432260e-03
1.562412694047624617e+00 1.273535504630325058e-03
1.572412694047624626e+00 1.273823524099983130e-03
1.582412694047624635e+00 1.274113388339522977e-03
1.592412694047624644e+00 1.274405097491023223e-03
1.602412694047624653e+00 1.274698651697523744e-03
1.612412694047624662e+00 1.274994051103021985e-03
1.622412694047624671e+00 1.275291295852472306e-03
1.632412694047624679e+00 1.275590386091782083e-03
1.642412694047624688e+00 1.275891321967810837e-03
1.652412694047624697e+00 1.276194103628365897e-03
1.662412694047624706e+00 1.276498731222200237e-03
1.672412694047624715e+00 1.276805204899009866e-03
1.682412694047624724e+00 1.277113524809430798e-03
1.692412694047624733e+00 1.277423691105035149e-03
1.702412694047624742e+00 1.277735703938328313e-03
1.712412694047624750e+00 1.278049563462745715e-03
1.722412694047624759e+00 1.278365269832649771e-03
1.732412694047624768e+00 1.278682823203323819e-03
1.742412694047624777e+00 1.279002223730971903e-03
1.752412694047624786e+00 1.279323471572712048e-03
1.762412694047624795e+00 1.279646566886573225e-03
1.772412694047624804e+00 1.279971509831490583e-03
1.782412694047624813e+00 1.280298300567302627e-03
1.792412694047624822e+00 1.280626939254744280e-03
1.802412694047624830e+00 1.280957426055444499e-03
1.812412694047624839e+00 1.281289761131919986e-03
1.822412694047624848e+00 1.281623944647571067e-03
1.832412694047624857e+00 1.281959976766676706e-03
1.842412694047624866e+00 1.282297857654387781e-03
1.852412694047624875e+00 1.282637587476723618e-03
1.862412694047624884e+00 1.282979166400565699e-03
1.872412694047624893e+00 1.283322594593652461e-03
1.882412694047624901e+00 1.283667872224570836e-03
1.892412694047624910e+00 1.284014999462754734e-03
1.902412694047624919e+00 1.284363976478475073e-03
1.912412694047624928e+00 1.284714803442834783e-03
1.922412694047624937e+00 1.285067480527763177e-03
1.932412694047624946e+00 1.285422007906007920e-03
1.942412694047624955e+00 1.285778385751129181e-03
1.952412694047624964e+00 1.286136614237490955e-03
1.962412694047624973e+00 1.286496693540256295e-03
1.972412694047624981e+00 1.286858623835379070e-03
1.982412694047624990e+00 1.287222405299595076e-03
1.992412694047624999e+00 1.287588038110415965e-03
2.002412694047624786e+00 1.287955522446121654e-03
2.012412694047624573e+00 1.288324858485749916e-03
2.022412694047624360e+00 1.288696046409091396e-03
2.032412694047624147e+00 1.289069086396678332e-03
2.042412694047623933e+00 1.289443978629777401e-03
2.052412694047623720e+00 1.289820723290381480e-03
2.062412694047623507e+00 1.290199320561198583e-03
2.072412694047623294e+00 1.290579770625646227e-03
2.082412694047623081e+00 1.290962073667836904e-03
2.092412694047622868e+00 1.291346229872574608e-03
2.102412694047622654e+00 1.291732239425339660e-03
2.112412694047622441e+00 1.292120102512282201e-03
2.122412694047622228e+00 1.292509819320211348e-03
2.132412694047622015e+00 1.292901390036583706e-03
2.142412694047621802e+00 1.293294814849495124e-03
2.152412694047621589e+00 1.293690093947666387e-03
2.162412694047621375e+00 1.294087227520436274e-03
2.172412694047621162e+00 1.294486215757747463e-03
2.182412694047620949e+00 1.294887058850137428e-03
2.192412694047620736e+00 1.295289756988725425e-03
2.202412694047620523e+00 1.295694310365199482e-03
2.212412694047620310e+00 1.296100719171808377e-03
2.222412694047620096e+00 1.296508983601346240e-03
2.232412694047619883e+00 1.296919103847140415e-03
2.242412694047619670e+00 1.297331080103039961e-03
2.252412694047619457e+00 1.297744912563402863e-03
2.262412694047619244e+00 1.298160601423080851e-03
2.272412694047619031e+00 1.298578146877409425e-03
2.282412694047618817e+00 1.298997549122191814e-03
2.292412694047618604e+00 1.299418808353685305e-03
2.302412694047618391e+00 1.299841924768589761e-03
2.312412694047618178e+00 1.300266898564030049e-03
2.322412694047617965e+00 1.300693729937544337e-03
2.332412694047617752e+00 1.301122419087068043e-03
2.342412694047617538e+00 1.301552966210919090e-03
2.352412694047617325e+00 1.301985371507783382e-03
2.362412694047617112e+00 1.302419635176699404e-03
2.372412694047616899e+00 1.302855757417041094e-03
2.382412694047616686e+00 1.303293738428505048e-03
2.392412694047616473e+00 1.303733578411091004e-03
2.402412694047616259e+00 1.304175277565088401e-03
2.412412694047616046e+00 1.304618836091057726e-03
2.422412694047615833e+00 1.305064254189816208e-03
2.432412694047615620e+00 1.305511532062416779e-03
2.442412694047615407e+00 1.305961573681150125e-03
2.452412694047615194e+00 1.306413518841312554e-03
2.462412694047614981e+00 1.306867331378857916e-03
2.472412694047614767e+00 1.307323011560616605e-03
2.482412694047614554e+00 1.307780559654297438e-03
2.492412694047614341e+00 1.308239975928472253e-03
2.502412694047614128e+00 1.308701260652559654e-03
2.512412694047613915e+00 1.309164414096809824e-03
2.522412694047613702e+00 1.309629436532287836e-03
2.532412694047613488e+00 1.310096328230857601e-03
2.542412694047613275e+00 1.310565089465165391e-03
2.552412694047613062e+00 1.311035720508622491e-03
2.562412694047612849e+00 1.311508221635388069e-03
2.572412694047612636e+00 1.311982593120351826e-03
2.582412694047612423e+00 1.312458835239115138e-03
2.592412694047612209e+00 1.312936948267974134e-03
2.602412694047611996e+00 1.313416932483900835e-03
2.612412694047611783e+00 1.313898788164524073e-03
2.622412694047611570e+00 1.314382515588110190e-03
2.632412694047611357e+00 1.314868115033544392e-03
2.642412694047611144e+00 1.315355586780310579e-03
2.652412694047610930e+00 1.315844931108470965e-03
2.662412694047610717e+00 1.316336148298646565e-03
2.672412694047610504e+00 1.316829238631995937e-03
2.682412694047610291e+00 1.317324202390194156e-03
2.692412694047610078e+00 1.317821039855412643e-03
2.702412694047609865e+00 1.318319751310295315e-03
2.712412694047609651e+00 1.318820337037939286e-03
2.722412694047609438e+00 1.319322797321869929e-03
2.732412694047609225e+00 1.319827132446021577e-03
2.742412694047609012e+00 1.320333342694711073e-03
2.752412694047608799e+00 1.320841428352616731e-03
2.762412694047608586e+00 1.321351389704754050e-03
2.772412694047608372e+00 1.321863227036452300e-03
2.782412694047608159e+00 1.322376940633330448e-03
2.792412694047607946e+00 1.322892530781270707e-03
2.802412694047607733e+00 1.323409997766396631e-03
2.812412694047607520e+00 1.323929341875045582e-03
2.822412694047607307e+00 1.324450563393743353e-03
2.832412694047607093e+00 1.324973662609179453e-03
2.842412694047606880e+00 1.325498639808180652e-03
2.852412694047606667e+00 1.326025495277682788e-03
2.862412694047606454e+00 1.326554229304705186e-03
2.872412694047606241e+00 1.327084842176324197e-03
2.882412694047606028e+00 1.327617334179642845e-03
2.892412694047605815e+00 1.328151705601765889e-03
2.902412694047605601e+00 1.328687956729769030e-03
2.912412694047605388e+00 1.329226087850672242e-03
2.922412694047605175e+00 1.329766099251408979e-03
2.932412694047604962e+00 1.330307991218797553e-03
2.942412694047604749e+00 1.330851764039512296e-03
2.952412694047604536e+00 1.331397418000051245e-03
2.962412694047604322e+00 1.331944953386707958e-03
2.972412694047604109e+00 1.332494370485539422e-03
2.982412694047603896e+00 1.333045669582335040e-03
2.992412694047603683e+00 1.333598850962585194e-03
3.002412694047603470e+00 1.334153914911449801e-03
3.012412694047603257e+00 1.334710861713725135e-03
3.022412694047603043e+00 1.335269691653811737e-03
3.032412694047602830e+00 1.335830405015681673e-03
3.042412694047602617e+00 1.336393002082844053e-03
3.052412694047602404e+00 1.336957483138312940e-03
3.062412694047602191e+00 1.337523848464572005e-03
3.072412694047601978e+00 1.338092293693856271e-03
3.082412694047601764e+00 1.338663185829627430e-03
3.092412694047601551e+00 1.339235971024795328e-03
3.102412694047601338e+00 1.339810649667624691e-03
3.112412694047601125e+00 1.340387222146700516e-03
3.122412694047600912e+00 1.340965688850891645e-03
3.132412694047600699e+00 1.341546050169315418e-03
3.142412694047600485e+00 1.342128306491302981e-03
3.152412694047600272e+00 1.342712458206363289e-03
3.162412694047600059e+00 1.343298505704146458e-03
3.172412694047599846e+00 1.343886449374407559e-03
3.182412694047599633e+00 1.344476289606968879e-03
3.192412694047599420e+00 1.345068026791681765e-03
3.202412694047599206e+00 1.345661661318390623e-03
3.212412694047598993e+00 1.346257193576891071e-03
3.222412694047598780e+00 1.346854623956894158e-03
3.232412694047598567e+00 1.347453952847984951e-03
3.242412694047598354e+00 1.348055180639583283e-03
3.252412694047598141e+00 1.348658307720903204e-03
3.262412694047597927e+00 1.349263334480912870e-03
3.272412694047597714e+00 1.349870261308292472e-03
3.282412694047597501e+00 1.350479088591392384e-03
3.292412694047597288e+00 1.351089816718191970e-03
3.302412694047597075e+00 1.351702446076256860e-03
3.312412694047596862e+00 1.352316977052694718e-03
3.322412694047596649e+00 1.352933410034112523e-03
3.332412694047596435e+00 1.353551745406573635e-03
3.342412694047596222e+00 1.354171983555550957e-03
3.352412694047596009e+00 1.354794124865884219e-03
3.362412694047595796e+00 1.355418169721734440e-03
3.372412694047595583e+00 1.356044118506535790e-03
3.382412694047595370e+00 1.356671971602952439e-03
3.392412694047595156e+00 1.357301729392829765e-03
3.402412694047594943e+00 1.357933392257148391e-03
3.412412694047594730e+00 1.358566960575975386e-03
3.422412694047594517e+00 1.359202434728417437e-03
3.432412694047594304e+00 1.359839815092570535e-03
3.442412694047594091e+00 1.360479102045473359e-03
3.452412694047593877e+00 1.361120295963054797e-03
3.462412694047593664e+00 1.361763397220086894e-03
3.472412694047593451e+00 1.362408406190131725e-03
3.482412694047593238e+00 1.363055323245494126e-03
3.492412694047593025e+00 1.363704148757164877e-03
3.502412694047592812e+00 1.364354883094774304e-03
3.512412694047592598e+00 1.365007526626536979e-03
3.522412694047592385e+00 1.365662079719199467e-03
3.532412694047592172e+00 1.366318542737987411e-03
3.542412694047591959e+00 1.366976916046552196e-03
3.552412694047591746e+00 1.367637200006914999e-03
3.562412694047591533e+00 1.368299394979414748e-03
3.572412694047591319e+00 1.368963501322650010e-03
3.582412694047591106e+00 1.369629519393427168e-03
3.592412694047590893e+00 1.370297857837626592e-03
3.602412694047590680e+00 1.370968297679743238e-03
3.612412694047590467e+00 1.371640660294160419e-03
3.622412694047590254e+00 1.372314946190173216e-03
3.632412694047590040e+00 1.372991155876270497e-03
3.642412694047589827e+00 1.373669289860073549e-03
3.652412694047589614e+00 1.374349348648277319e-03
3.662412694047589401e+00 1.375031332746589263e-03
3.672412694047589188e+00 1.375715242659668412e-03
3.682412694047588975e+00 1.376401078891064658e-03
3.692412694047588761e+00 1.377088841943153704e-03
3.702412694047588548e+00 1.377778532317078296e-03
3.712412694047588335e+00 1.378470150512681224e-03
3.722412694047588122e+00 1.379163697028444168e-03
3.732412694047587909e+00 1.379859172361421566e-03
3.742412694047587696e+00 1.380556577007175777e-03
3.752412694047587483e+00 1.381255911459712028e-03
3.762412694047587269e+00 1.381957176211412496e-03
3.772412694047587056e+00 1.382660371752969086e-03
3.782412694047586843e+00 1.383365498573315344e-03
3.792412694047586630e+00 1.384072557159560972e-03
3.802412694047586417e+00 1.384781547996921571e-03
3.812412694047586204e+00 1.385492471568649901e-03
3.822412694047585990e+00 1.386205328355967362e-03
3.832412694047585777e+00 1.386920118837993085e-03
3.842412694047585564e+00 1.387636843491673461e-03
3.852412694047585351e+00 1.388355502791711665e-03
3.862412694047585138e+00 1.389076097210494368e-03
3.872412694047584925e+00 1.389798627218022126e-03
3.882412694047584711e+00 1.390523093281833275e-03
3.892412694047584498e+00 1.391249495866934104e-03
3.902412694047584285e+00 1.391977835435721875e-03
3.912412694047584072e+00 1.392708112447912407e-03
3.922412694047583859e+00 1.393440327360463953e-03
3.932412694047583646e+00 1.394174480627501534e-03
3.942412694047583432e+00 1.394910572700242338e-03
3.952412694047583219e+00 1.395648604026917010e-03
3.962412694047583006e+00 1.396388575052694625e-03
3.972412694047582793e+00 1.397130486219602674e-03
3.982412694047582580e+00 1.397874337966450086e-03
3.992412694047582367e+00 1.398620130728749165e-03
4.002412694047582598e+00 1.399367864938634055e-03
4.012412694047582384e+00 1.400117541024782251e-03
4.022412694047582171e+00 1.400869159412333927e-03
4.032412694047581958e+00 1.401623053515070692e-03
4.042412694047581745e+00 1.402379151962161860e-03
4.052412694047581532e+00 1.403137206936617845e-03
4.062412694047581319e+00 1.403897219068602972e-03
4.072412694047581105e+00 1.404659188985798090e-03
4.082412694047580892e+00 1.405423117313311888e-03
4.092412694047580679e+00 1.406189004673591338e-03
4.102412694047580466e+00 1.406956851686332576e-03
4.112412694047580253e+00 1.407726658968390041e-03
4.122412694047580040e+00 1.408498427133685190e-03
4.132412694047579826e+00 1.409272156793114775e-03
4.142412694047579613e+00 1.410047848554459114e-03
4.152412694047579400e+00 1.410825503022288202e-03
4.162412694047579187e+00 1.411605120797869558e-03
4.172412694047578974e+00 1.412386702479071290e-03
4.182412694047578761e+00 1.413170248660269510e-03
4.192412694047578547e+00 1.413955759932252268e-03
4.202412694047578334e+00 1.414743236882122415e-03
4.212412694047578121e+00 1.415532680093201752e-03
4.222412694047577908e+00 1.416324090144933674e-03
4.232412694047577695e+00 1.417117467612784070e-03
4.242412694047577482e+00 1.417912813068144184e-03
4.252412694047577268e+00 1.418710127078229993e-03
4.262412694047577055e+00 1.419509410205982251e-03
4.272412694047576842e+00 1.420310663009967172e-03
4.282412694047576629e+00 1.421113886044274733e-03
4.292412694047576416e+00 1.421919079858415457e-03
4.302412694047576203e+00 1.422726244997220887e-03
4.312412694047575989e+00 1.423535382000738845e-03
4.322412694047575776e+00 1.424346491404128489e-03
4.332412694047575563e+00 1.425159573737560560e-03
4.342412694047575350e+00 1.425974629526106799e-03
4.352412694047575137e+00 1.426791659289639762e-03
4.362412694047574924e+00 1.427610663542724402e-03
4.372412694047574711e+00 1.428431642794510733e-03
4.382412694047574497e+00 1.429254597548628878e-03
4.392412694047574284e+00 1.430079528303079784e-03
4.402412694047574071e+00 1.430906435550128751e-03
4.412412694047573858e+00 1.431735319776192891e-03
4.422412694047573645e+00 1.432566430785034081e-03
4.432412694047573432e+00 1.433399667274501844e-03
4.442412694047573218e+00 1.434234898272485417e-03
4.452412694047573005e+00 1.435072124514870980e-03
4.462412694047572792e+00 1.435911346732602484e-03
4.472412694047572579e+00 1.436752565651558920e-03
4.482412694047572366e+00 1.437595781992431375e-03
4.492412694047572153e+00 1.438440996470602678e-03
4.502412694047571939e+00 1.439288209796021206e-03
4.512412694047571726e+00 1.440137422673077715e-03
4.522412694047571513e+00 1.440988635800478056e-03
4.532412694047571300e+00 1.441841849871121524e-03
4.542412694047571087e+00 1.442697065571969892e-03
4.552412694047570874e+00 1.443554283583924893e-03
4.562412694047570660e+00 1.444413504581695514e-03
4.572412694047570447e+00 1.445274729233673528e-03
4.582412694047570234e+00 1.446137958201803393e-03
4.592412694047570021e+00 1.447003192141451495e-03
4.602412694047569808e+00 1.447870431701276696e-03
4.612412694047569595e+00 1.448739677523098708e-03
4.622412694047569381e+00 1.449610930241768863e-03
4.632412694047569168e+00 1.450484190485033711e-03
4.642412694047568955e+00 1.451359458873405358e-03
4.652412694047568742e+00 1.452236736020027673e-03
4.662412694047568529e+00 1.453116022530541191e-03
4.672412694047568316e+00 1.453997319002948247e-03
4.682412694047568102e+00 1.454880626027478963e-03
4.692412694047567889e+00 1.455765944186454205e-03
4.702412694047567676e+00 1.456653274054149844e-03
4.712412694047567463e+00 1.457542616196658408e-03
4.722412694047567250e+00 1.458433971171753775e-03
4.732412694047567037e+00 1.459327339528749580e-03
4.742412694047566823e+00 1.460222721808363900e-03
4.752412694047566610e+00 1.461120118542577444e-03
4.762412694047566397e+00 1.462019530254493908e-03
4.772412694047566184e+00 1.462921749138771255e-03
4.782412694047565971e+00 1.463826424850077747e-03
4.792412694047565758e+00 1.464733138893171450e-03
4.802412694047565545e+00 1.465641892143929427e-03
4.812412694047565331e+00 1.466552685470422701e-03
4.822412694047565118e+00 1.467465519732758395e-03
4.832412694047564905e+00 1.468380395782916455e-03
4.842412694047564692e+00 1.469297314464590920e-03
4.852412694047564479e+00 1.470216276613025338e-03
4.862412694047564266e+00 1.471137283054852309e-03
4.872412694047564052e+00 1.472060334607928683e-03
4.882412694047563839e+00 1.472985432081172930e-03
4.892412694047563626e+00 1.473912576274398825e-03
4.902412694047563413e+00 1.474841767978151731e-03
4.912412694047563200e+00 1.475773007973540767e-03
4.922412694047562987e+00 1.476706297032074440e-03
4.932412694047562773e+00 1.477641635915491296e-03
4.942412694047562560e+00 1.478579025375592951e-03
4.952412694047562347e+00 1.479518466154075606e-03
4.962412694047562134e+00 1.480459958982361128e-03
4.972412694047561921e+00 1.481403504581426615e-03
4.982412694047561708e+00 1.482349103661634391e-03
4.992412694047561494e+00 1.483296756922560704e-03
5.002412694047561281e+00 1.484246465052825505e-03
5.012412694047561068e+00 1.485198228729918326e-03
5.022412694047560855e+00 1.486152048620027408e-03
5.032412694047560642e+00 1.487107925377864929e-03
5.042412694047560429e+00 1.488065859646495268e-03
5.052412694047560215e+00 1.489025852057158277e-03
5.062412694047560002e+00 1.489987903229096243e-03
5.072412694047559789e+00 1.490952013769377164e-03
5.082412694047559576e+00 1.491918184272719760e-03
5.092412694047559363e+00 1.492888113309426669e-03
5.102412694047559150e+00 1.493860661266179684e-03
5.112412694047558936e+00 1.494835299087808253e-03
5.122412694047558723e+00 1.495812027743501733e-03
5.132412694047558510e+00 1.496790848190582670e-03
5.142412694047558297e+00 1.497771761374307523e-03
5.152412694047558084e+00 1.498754768227663703e-03
5.162412694047557871e+00 1.499739869671167913e-03
5.172412694047557657e+00 1.500727066612663613e-03
5.182412694047557444e+00 1.501716359947116762e-03
5.192412694047557231e+00 1.502707750556411337e-03
5.202412694047557018e+00 1.503701239309146367e-03
5.212412694047556805e+00 1.504696827060429285e-03
5.222412694047556592e+00 1.505694514651669284e-03
5.232412694047556379e+00 1.506694302910373696e-03
5.242412694047556165e+00 1.507696192649937662e-03
5.252412694047555952e+00 1.508700184669439868e-03
5.262412694047555739e+00 1.509706279753431340e-03
5.272412694047555526e+00 1.510714478671730098e-03
5.282412694047555313e+00 1.511724782179209303e-03
5.292412694047555100e+00 1.512737191015590173e-03
5.302412694047554886e+00 1.513751705905229698e-03
5.312412694047554673e+00 1.514768327556912037e-03
5.322412694047554460e+00 1.515787056663636884e-03
5.332412694047554247e+00 1.516807893902406964e-03
5.342412694047554034e+00 1.517830839934019649e-03
5.352412694047553821e+00 1.518855895402849683e-03
5.362412694047553607e+00 1.519883060936641451e-03
5.372412694047553394e+00 1.520912337146291919e-03
5.382412694047553181e+00 1.521944934981221903e-03
5.392412694047552968e+00 1.522981342302742432e-03
5.402412694047552755e+00 1.524019896259713736e-03
5.412412694047552542e+00 1.525060597948200026e-03
5.422412694047552328e+00 1.526103448447706928e-03
5.432412694047552115e+00 1.527148448820934501e-03
5.442412694047551902e+00 1.528195600113528736e-03
5.452412694047551689e+00 1.529244903353833059e-03
5.462412694047551476e+00 1.530296359552641349e-03
5.472412694047551263e+00 1.531349969702946838e-03
5.482412694047551049e+00 1.532405734779693609e-03
5.492412694047550836e+00 1.533463655739526798e-03
5.502412694047550623e+00 1.534523733520540625e-03
5.512412694047550410e+00 1.535585969042027946e-03
5.522412694047550197e+00 1.536650363204230879e-03
5.532412694047549984e+00 1.537716916888086675e-03
5.542412694047549770e+00 1.538785630954975312e-03
5.552412694047549557e+00 1.539856506246469478e-03
5.562412694047549344e+00 1.540929543584080219e-03
5.572412694047549131e+00 1.542004743769003448e-03
5.582412694047548918e+00 1.543082107581867334e-03
5.592412694047548705e+00 1.544161635782477721e-03
5.602412694047548491e+00 1.545243329109565735e-03
5.612412694047548278e+00 1.546327188280530607e-03
5.622412694047548065e+00 1.547413213991189005e-03
5.632412694047547852e+00 1.548501406915515476e-03
5.642412694047547639e+00 1.549591767705392432e-03
5.652412694047547426e+00 1.550685370127091083e-03
5.662412694047547213e+00 1.551784858942936588e-03
5.672412694047546999e+00 1.552886560242552286e-03
5.682412694047546786e+00 1.553990475249969472e-03
5.692412694047546573e+00 1.555096605166840203e-03
5.702412694047546360e+00 1.556204951172136981e-03
5.712412694047546147e+00 1.557315514421856546e-03
5.722412694047545934e+00 1.558428296048719984e-03
5.732412694047545720e+00 1.559543297161874792e-03
5.742412694047545507e+00 1.560660518846593032e-03
5.752412694047545294e+00 1.561779962163974047e-03
5.762412694047545081e+00 1.562901628150644567e-03
5.772412694047544868e+00 1.564025517818457955e-03
5.782412694047544655e+00 1.565151632154193444e-03
5.792412694047544441e+00 1.566279972119257770e-03
5.802412694047544228e+00 1.567410538649383327e-03
5.812412694047544015e+00 1.568543332654327629e-03
5.822412694047543802e+00 1.569678355017572330e-03
5.832412694047543589e+00 1.570815606596025074e-03
5.842412694047543376e+00 1.571955088219714400e-03
5.852412694047543162e+00 1.573096800691491798e-03
5.862412694047542949e+00 1.574240744786730957e-03
5.872412694047542736e+00 1.575386921253025705e-03
5.882412694047542523e+00 1.576535330809889033e-03
5.892412694047542310e+00 1.577685974148454288e-03
5.902412694047542097e+00 1.578838851931171385e-03
5.912412694047541883e+00 1.579999906220870597e-03
5.922412694047541670e+00 1.581164089848706303e-03
5.932412694047541457e+00 1.582330562353851918e-03
5.942412694047541244e+00 1.583499325068217934e-03
5.952412694047541031e+00 1.584670379293935498e-03
5.962412694047540818e+00 1.585843726303005343e-03
5.972412694047540604e+00 1.587019367336941090e-03
5.982412694047540391e+00 1.588197303606415575e-03
5.992412694047540178e+00 1.589377536290908274e-03
6.002412694047539965e+00 1.590560066538349894e-03
6.012412694047539752e+00 1.591744895464769147e-03
6.022412694047539539e+00 1.592932024153938860e-03
6.032412694047539325e+00 1.594121453657022748e-03
6.042412694047539112e+00 1.595313184992221958e-03
6.052412694047538899e+00 1.596507219144422708e-03
6.062412694047538686e+00 1.597703557064841752e-03
6.072412694047538473e+00 1.598902199670675095e-03
6.082412694047538260e+00 1.600103147844746283e-03
6.092412694047538047e+00 1.601306402435152300e-03
6.102412694047537833e+00 1.602511964254914670e-03
6.112412694047537620e+00 1.603719834081627094e-03
6.122412694047537407e+00 1.604930012657103952e-03
6.132412694047537194e+00 1.606142500687030321e-03
6.142412694047536981e+00 1.607358574200459453e-03
6.152412694047536768e+00 1.608585070315428226e-03
6.162412694047536554e+00 1.609813940601206384e-03
6.172412694047536341e+00 1.611045186562512152e-03
6.182412694047536128e+00 1.612278809665890298e-03
6.192412694047535915e+00 1.613514811339292329e-03
6.202412694047535702e+00 1.614753192971662976e-03
6.212412694047535489e+00 1.615993955912524080e-03
6.222412694047535275e+00 1.617237101471558905e-03
6.232412694047535062e+00 1.618482630918198842e-03
6.242412694047534849e+00 1.619730545481207944e-03
6.252412694047534636e+00 1.620980846348272011e-03
6.262412694047534423e+00 1.622233534665583343e-03
6.272412694047534210e+00 1.623488611537430258e-03
6.282412694047533996e+00 1.624746078025785748e-03
6.292412694047533783e+00 1.626005935149897001e-03
6.302412694047533570e+00 1.627268183885874483e-03
6.312412694047533357e+00 1.628532825166284070e-03
6.322412694047533144e+00 1.629799859879740246e-03
6.332412694047532931e+00 1.631069288870494547e-03
6.342412694047532717e+00 1.632341112938035270e-03
6.352412694047532504e+00 1.633615332836676559e-03
6.362412694047532291e+00 1.634891949275157907e-03
6.372412694047532078e+00 1.636181117831856475e-03
6.382412694047531865e+00 1.637474951669938041e-03
6.392412694047531652e+00 1.638771259419406550e-03
6.402412694047531438e+00 1.640070042713747669e-03
6.412412694047531225e+00 1.641371303137424643e-03
6.422412694047531012e+00 1.642675042225392795e-03
6.432412694047530799e+00 1.643981261462619005e-03
6.442412694047530586e+00 1.645289962283597723e-03
6.452412694047530373e+00 1.646601146071872621e-03
6.462412694047530159e+00 1.647914814159555635e-03
6.472412694047529946e+00 1.649230967826851007e-03
6.482412694047529733e+00 1.650549608301575847e-03
6.492412694047529520e+00 1.651870736758687640e-03
6.502412694047529307e+00 1.653194354319807843e-03
6.512412694047529094e+00 1.654520462052750697e-03
6.522412694047528881e+00 1.655849060971051811e-03
6.532412694047528667e+00 1.657180152033498922e-03
6.542412694047528454e+00 1.658513736143662652e-03
6.552412694047528241e+00 1.659849814149431165e-03
6.562412694047528028e+00 1.661188386842544400e-03
6.572412694047527815e+00 1.662529454958132629e-03
6.582412694047527602e+00 1.663885304896981290e-03
6.592412694047527388e+00 1.665247166003571908e-03
6.602412694047527175e+00 1.666611613251539311e-03
6.612412694047526962e+00 1.667978648463898763e-03
6.622412694047526749e+00 1.669348273401883133e-03
6.632412694047526536e+00 1.670720489764384968e-03
6.642412694047526323e+00 1.672095299187397691e-03
6.652412694047526109e+00 1.673472703243463096e-03
6.662412694047525896e+00 1.674852703441117316e-03
6.672412694047525683e+00 1.676235301224338536e-03
6.682412694047525470e+00 1.677620497972002285e-03
6.692412694047525257e+00 1.679008294997330446e-03
6.702412694047525044e+00 1.680398693547349590e-03
6.712412694047524830e+00 1.681791694802348440e-03
6.722412694047524617e+00 1.683187299875338154e-03
6.732412694047524404e+00 1.684585509811513480e-03
6.742412694047524191e+00 1.685986325587721275e-03
6.752412694047523978e+00 1.687389748111924048e-03
6.762412694047523765e+00 1.688795778222672815e-03
6.772412694047523551e+00 1.690204416688580397e-03
6.782412694047523338e+00 1.691633164386301342e-03
6.792412694047523125e+00 1.693066774982235952e-03
6.802412694047522912e+00 1.694503099891132023e-03
6.812412694047522699e+00 1.695942141151223935e-03
6.822412694047522486e+00 1.697383900723386293e-03
6.832412694047522272e+00 1.698828380490494463e-03
6.842412694047522059e+00 1.700275582256785762e-03
6.852412694047521846e+00 1.701725507747226061e-03
6.862412694047521633e+00 1.703178158606876618e-03
6.872412694047521420e+00 1.704633536400266321e-03
6.882412694047521207e+00 1.706091642610767407e-03
6.892412694047520993e+00 1.707552478639970742e-03
6.902412694047520780e+00 1.709016045807071728e-03
6.912412694047520567e+00 1.710482345348251229e-03
6.922412694047520354e+00 1.711951378416066462e-03
6.932412694047520141e+00 1.713423146078842541e-03
6.942412694047519928e+00 1.714897649320067064e-03
6.952412694047519715e+00 1.716374889037792931e-03
6.962412694047519501e+00 1.717855923378579881e-03
6.972412694047519288e+00 1.719362567763928424e-03
6.982412694047519075e+00 1.720872069828463351e-03
6.992412694047518862e+00 1.722384431961824581e-03
7.002412694047518649e+00 1.723899656458060094e-03
7.012412694047518436e+00 1.725417745514890846e-03
7.022412694047518222e+00 1.726938701232980013e-03
7.032412694047518009e+00 1.728462525615207879e-03
7.042412694047517796e+00 1.729989220565949105e-03
7.052412694047517583e+00 1.731518787890356072e-03
7.062412694047517370e+00 1.733051229293646562e-03
7.072412694047517157e+00 1.734586546380396639e-03
7.082412694047516943e+00 1.736124740653836570e-03
7.092412694047516730e+00 1.737665813515153678e-03
7.102412694047516517e+00 1.739209766262800414e-03
7.112412694047516304e+00 1.740756600091805878e-03
7.122412694047516091e+00 1.742306316093093213e-03
7.132412694047515878e+00 1.743858915252803274e-03
7.142412694047515664e+00 1.745418816091230717e-03
7.152412694047515451e+00 1.747005772503228962e-03
7.162412694047515238e+00 1.748595751564271245e-03
7.172412694047515025e+00 1.750188756003886840e-03
7.182412694047514812e+00 1.751784788433045350e-03
7.192412694047514599e+00 1.753383851343322079e-03
7.202412694047514385e+00 1.754985947106068190e-03
7.212412694047514172e+00 1.756591077971589960e-03
7.222412694047513959e+00 1.758199246068331296e-03
7.232412694047513746e+00 1.759810453402064698e-03
7.242412694047513533e+00 1.761424701855088086e-03
7.252412694047513320e+00 1.763041993185430079e-03
7.262412694047513106e+00 1.764662329026057876e-03
7.272412694047512893e+00 1.766285710884097282e-03
7.282412694047512680e+00 1.767912140140055982e-03
7.292412694047512467e+00 1.769541618047056368e-03
7.302412694047512254e+00 1.771174145730074851e-03
7.312412694047512041e+00 1.772814640298577341e-03
7.322412694047511827e+00 1.774486948669252778e-03
7.332412694047511614e+00 1.776162466436193672e-03
7.342412694047511401e+00 1.777841196764776187e-03
7.352412694047511188e+00 1.779523142673882560e-03
7.362412694047510975e+00 1.781208307034952637e-03
7.372412694047510762e+00 1.782896692571052117e-03
7.382412694047510549e+00 1.784588301855939696e-03
7.392412694047510335e+00 1.786283137313153307e-03
7.402412694047510122e+00 1.787981201215097004e-03
7.412412694047509909e+00 1.789682495682141288e-03
7.422412694047509696e+00 1.791387022681731681e-03
7.432412694047509483e+00 1.793094784027507048e-03
7.442412694047509270e+00 1.794805781378426600e-03
7.452412694047509056e+00 1.796520016237907087e-03
7.462412694047508843e+00 1.798237489952970178e-03
7.472412694047508630e+00 1.799958203713398737e-03
7.482412694047508417e+00 1.801719077847426008e-03
7.492412694047508204e+00 1.803485196716791581e-03
7.502412694047507991e+00 1.805254738863383947e-03
7.512412694047507777e+00 1.807027707857057153e-03
7.522412694047507564e+00 1.808804107086126435e-03
7.532412694047507351e+00 1.810583939756314591e-03
7.542412694047507138e+00 1.812367208889708540e-03
7.552412694047506925e+00 1.814153917323725216e-03
7.562412694047506712e+00 1.815944067710094584e-03
7.572412694047506498e+00 1.817737662513851764e-03
7.582412694047506285e+00 1.819534704012341518e-03
7.592412694047506072e+00 1.821335194294236180e-03
7.602412694047505859e+00 1.823139135258568114e-03
7.612412694047505646e+00 1.824946528613771279e-03
7.622412694047505433e+00 1.826757375876741224e-03
7.632412694047505219e+00 1.828594302645319405e-03
7.642412694047505006e+00 1.830455989366525918e-03
7.652412694047504793e+00 1.832321335555482092e-03
7.662412694047504580e+00 1.834190345484033608e-03
7.672412694047504367e+00 1.836063023201249924e-03
7.682412694047504154e+00 1.837939372532239454e-03
7.692412694047503940e+00 1.839819397076978419e-03
7.702412694047503727e+00 1.841703100209160721e-03
7.712412694047503514e+00 1.843590485075058232e-03
7.722412694047503301e+00 1.845481554592402545e-03
7.732412694047503088e+00 1.847376311449278660e-03
7.742412694047502875e+00 1.849274758103040123e-03
7.752412694047502661e+00 1.851176896779235673e-03
7.762412694047502448e+00 1.853082729470559731e-03
7.772412694047502235e+00 1.854992257935816338e-03
7.782412694047502022e+00 1.856944469331099287e-03
7.792412694047501809e+00 1.858911077191159915e-03
7.802412694047501596e+00 1.860881613862133211e-03
7.812412694047501382e+00 1.862856084384930874e-03
7.822412694047501169e+00 1.864834493525961744e-03
7.832412694047500956e+00 1.866816845775817746e-03
7.842412694047500743e+00 1.868803145347982392e-03
7.852412694047500530e+00 1.870793396177555107e-03
7.862412694047500317e+00 1.872787601919999843e-03
7.872412694047500104e+00 1.874785765949919065e-03
7.882412694047499890e+00 1.876787891359841826e-03
7.892412694047499677e+00 1.878793980959043292e-03
7.902412694047499464e+00 1.880804037272379220e-03
7.912412694047499251e+00 1.882818062539149285e-03
7.922412694047499038e+00 1.884876150317426431e-03
7.932412694047498825e+00 1.886953930485703920e-03
7.942412694047498611e+00 1.889035942322278214e-03
7.952412694047498398e+00 1.891122191833923168e-03
7.962412694047498185e+00 1.893212684690295800e-03
7.972412694047497972e+00 1.895307426222487147e-03
7.982412694047497759e+00 1.897406421421600009e-03
7.992412694047497546e+00 1.899509674937352064e-03
8.002412694047498221e+00 1.901617191076711939e-03
8.012412694047498007e+00 1.903728973802558920e-03
8.022412694047497794e+00 1.905845026732375406e-03
8.032412694047497581e+00 1.907965353136967549e-03
8.042412694047497368e+00 1.910089955939213869e-03
8.052412694047497155e+00 1.912235837018322251e-03
8.062412694047496942e+00 1.914430614318477766e-03
8.072412694047496728e+00 1.916629960637400779e-03
8.082412694047496515e+00 1.918833883485055944e-03
8.092412694047496302e+00 1.921042389957255698e-03
8.102412694047496089e+00 1.923255486734048265e-03
8.112412694047495876e+00 1.925473180078145783e-03
8.122412694047495663e+00 1.927695475833383866e-03
8.132412694047495449e+00 1.929922379423222806e-03
8.142412694047495236e+00 1.932153895849281081e-03
8.152412694047495023e+00 1.934390029689912228e-03
8.162412694047494810e+00 1.936630785098814901e-03
8.172412694047494597e+00 1.938876165803685419e-03
8.182412694047494384e+00 1.941153607473561837e-03
8.192412694047494170e+00 1.943473991932789845e-03
8.202412694047493957e+00 1.945799326409285461e-03
8.212412694047493744e+00 1.948129619745779702e-03
8.222412694047493531e+00 1.950464880277097586e-03
8.232412694047493318e+00 1.952805115828427961e-03
8.242412694047493105e+00 1.955150333713640606e-03
8.252412694047492892e+00 1.957500540733650169e-03
8.262412694047492678e+00 1.959855743174829766e-03
8.272412694047492465e+00 1.962215946807469458e-03
8.282412694047492252e+00 1.964581156884290247e-03
8.292412694047492039e+00 1.966951378139001217e-03
8.302412694047491826e+00 1.969334715619503427e-03
8.312412694047491613e+00 1.971785762913775327e-03
8.322412694047491399e+00 1.974242181051191151e-03
8.332412694047491186e+00 1.976703980967900454e-03
8.342412694047490973e+00 1.979171172976922771e-03
8.352412694047490760e+00 1.981643766766275419e-03
8.362412694047490547e+00 1.984121771397165043e-03
8.372412694047490334e+00 1.986605195302237285e-03
8.382412694047490120e+00 1.989094046283890627e-03
8.392412694047489907e+00 1.991588331512654866e-03
8.402412694047489694e+00 1.994088057525628989e-03
8.412412694047489481e+00 1.996593230224988445e-03
8.422412694047489268e+00 1.999129398586654664e-03
8.432412694047489055e+00 2.001721838245673971e-03
8.442412694047488841e+00 2.004320127233033978e-03
8.452412694047488628e+00 2.006924278553353768e-03
8.462412694047488415e+00 2.009534304446676956e-03
8.472412694047488202e+00 2.012150216386521424e-03
8.482412694047487989e+00 2.014772025078014062e-03
8.492412694047487776e+00 2.017399740456097927e-03
8.502412694047487562e+00 2.020033371683827017e-03
8.512412694047487349e+00 2.022672927150738226e-03
8.522412694047487136e+00 2.025318414471308746e-03
8.532412694047486923e+00 2.027974197613249211e-03
8.542412694047486710e+00 2.030711410012776049e-03
8.552412694047486497e+00 2.033454996191189513e-03
8.562412694047486283e+00 2.036204972097944901e-03
8.572412694047486070e+00 2.038961352746285465e-03
8.582412694047485857e+00 2.041724152211214088e-03
8.592412694047485644e+00 2.044493383627577713e-03
8.602412694047485431e+00 2.047269059188244582e-03
8.612412694047485218e+00 2.050051190142392066e-03
8.622412694047485004e+00 2.052839786793899876e-03
8.632412694047484791e+00 2.055634858499843891e-03
8.642412694047484578e+00 2.058457022165647438e-03
8.652412694047484365e+00 2.061348580646047909e-03
8.662412694047484152e+00 2.064247104427445380e-03
8.672412694047483939e+00 2.067152612469261557e-03
8.682412694047483726e+00 2.070065122584753385e-03
8.692412694047483512e+00 2.072984651439025924e-03
8.702412694047483299e+00 2.075911214547185735e-03
8.712412694047483086e+00 2.078844826272621769e-03
8.722412694047482873e+00 2.081785499825420261e-03
8.732412694047482660e+00 2.084733247260921445e-03
8.742412694047482447e+00 2.087688079478407666e-03
8.752412694047482233e+00 2.090726614320092408e-03
8.762412694047482020e+00 2.093782010088458476e-03
8.772412694047481807e+00 2.096845038284410757e-03
8.782412694047481594e+00 2.099915720738067693e-03
8.792412694047481381e+00 2.102994077877666946e-03
8.802412694047481168e+00 2.106080128727803782e-03
8.812412694047480954e+00 2.109173890907855078e-03
8.822412694047480741e+00 2.112275380630566392e-03
8.832412694047480528e+00 2.115384612700821603e-03
8.842412694047480315e+00 2.118501600514585172e-03
8.852412694047480102e+00 2.121711020323463048e-03
8.862412694047479889e+00 2.124931637431104903e-03
8.872412694047479675e+00 2.128160613475106253e-03
8.882412694047479462e+00 2.131397974373612763e-03
8.892412694047479249e+00 2.134643744334804166e-03
8.902412694047479036e+00 2.137897945855447065e-03
8.912412694047478823e+00 2.141160599719676288e-03
8.922412694047478610e+00 2.144431724997993526e-03
8.932412694047478396e+00 2.147711339046491467e-03
8.942412694047478183e+00 2.151039334924825276e-03
8.952412694047477970e+00 2.154424215723191750e-03
8.962412694047477757e+00 2.157818238305466221e-03
8.972412694047477544e+00 2.161221434513791329e-03
8.982412694047477331e+00 2.164633834109429104e-03
8.992412694047477117e+00 2.168055464771679805e-03
9.002412694047476904e+00 2.171486352097077004e-03
9.012412694047476691e+00 2.174926519598868475e-03
9.022412694047476478e+00 2.178375988706784602e-03
9.032412694047476265e+00 2.181863896659399539e-03
9.042412694047476052e+00 2.185419335966149942e-03
9.052412694047475838e+00 2.188984788263364459e-03
9.062412694047475625e+00 2.192560291494753330e-03
9.072412694047475412e+00 2.196145881076286190e-03
9.082412694047475199e+00 2.199741589895802193e-03
9.092412694047474986e+00 2.203347448312978352e-03
9.102412694047474773e+00 2.206963484159665204e-03
9.112412694047474560e+00 2.210589722740585478e-03
9.122412694047474346e+00 2.214276405710189667e-03
9.132412694047474133e+00 2.218008256810168229e-03
9.142412694047473920e+00 2.221751091125863473e-03
9.152412694047473707e+00 2.225504952474158683e-03
9.162412694047473494e+00 2.229269881609019597e-03
9.172412694047473281e+00 2.233045916222297592e-03
9.182412694047473067e+00 2.236833090945000366e-03
9.192412694047472854e+00 2.240631437349024056e-03
9.202412694047472641e+00 2.244458217180932049e-03
9.212412694047472428e+00 2.248359844527169672e-03
9.222412694047472215e+00 2.252273482017294950e-03
9.232412694047472002e+00 2.256199182216762911e-03
9.242412694047471788e+00 2.260136993989467387e-03
9.252412694047471575e+00 2.264086962499897281e-03
9.262412694047471362e+00 2.268049129215871790e-03
9.272412694047471149e+00 2.272023531911878010e-03
9.282412694047470936e+00 2.276023803308800837e-03
9.292412694047470723e+00 2.280097746208927575e-03
9.302412694047470509e+00 2.284184831053036584e-03
9.312412694047470296e+00 2.288285119004252778e-03
9.322412694047470083e+00 2.292398666766318985e-03
9.332412694047469870e+00 2.296525526587829547e-03
9.342412694047469657e+00 2.300665746267212004e-03
9.352412694047469444e+00 2.304819369158469904e-03
9.362412694047469230e+00 2.309018767256496973e-03
9.372412694047469017e+00 2.313266657763693793e-03
9.382412694047468804e+00 2.317528936372798866e-03
9.392412694047468591e+00 2.321805671965528062e-03
9.402412694047468378e+00 2.326096928071564197e-03
9.412412694047468165e+00 2.330402762875922237e-03
9.422412694047467951e+00 2.334723229227272934e-03
9.432412694047467738e+00 2.339064450445473096e-03
9.442412694047467525e+00 2.343471268154220799e-03
9.452412694047467312e+00 2.347893760429399772e-03
9.462412694047467099e+00 2.352332008389355997e-03
9.472412694047466886e+00 2.356786086747155503e-03
9.482412694047466672e+00 2.361256063821352228e-03
9.492412694047466459e+00 2.365742001547979298e-03
9.502412694047466246e+00 2.370245681536145652e-03
9.512412694047466033e+00 2.374808137375894468e-03
9.522412694047465820e+00 2.379387662580225229e-03
9.532412694047465607e+00 2.383984349718508509e-03
9.542412694047465394e+00 2.388598283727701513e-03
9.552412694047465180e+00 2.393229541927944549e-03
9.562412694047464967e+00 2.397878194039706600e-03
9.572412694047464754e+00 2.402552080942968113e-03
9.582412694047464541e+00 2.407265353301517828e-03
9.592412694047464328e+00 2.411997202100264834e-03
9.602412694047464115e+00 2.416747729414053369e-03
9.612412694047463901e+00 2.421517028268604672e-03
9.622412694047463688e+00 2.426305182662907064e-03
9.632412694047463475e+00 2.431112267593585341e-03
9.642412694047463262e+00 2.435947376072655161e-03
9.652412694047463049e+00 2.440804965895584846e-03
9.662412694047462836e+00 2.445682749963378096e-03
9.672412694047462622e+00 2.450580836388993166e-03
9.682412694047462409e+00 2.455499322618162096e-03
9.692412694047462196e+00 2.460438295461287936e-03
9.702412694047461983e+00 2.465394010378505439e-03
9.712412694047461770e+00 2.470368317886452534e-03
9.722412694047461557e+00 2.475364427533604736e-03
9.732412694047461343e+00 2.480382460684256093e-03
9.742412694047461130e+00 2.485422526162557686e-03
9.752412694047460917e+00 2.490484720294490126e-03
9.762412694047460704e+00 2.495547845249658329e-03
9.772412694047460491e+00 2.500621390617059278e-03
9.782412694047460278e+00 2.505718402336336650e-03
9.792412694047460064e+00 2.510839012107215357e-03
9.802412694047459851e+00 2.515983336976917138e-03
9.812412694047459638e+00 2.521151479395507787e-03
9.822412694047459425e+00 2.526281324958710127e-03
9.832412694047459212e+00 2.531431831596000614e-03
9.842412694047458999e+00 2.536607494676309214e-03
9.852412694047458785e+00 2.541808447556218216e-03
9.862412694047458572e+00 2.547034806687923595e-03
9.872412694047458359e+00 2.552244231676533380e-03
9.882412694047458146e+00 2.557435769356489370e-03
9.892412694047457933e+00 2.562654068421920620e-03
9.902412694047457720e+00 2.567899280177041513e-03
9.912412694047457506e+00 2.573171536336658211e-03
9.922412694047457293e+00 2.578437134138385559e-03
9.932412694047457080e+00 2.583643721954301080e-03
9.942412694047456867e+00 2.588878653198462085e-03
9.952412694047456654e+00 2.594142088887006498e-03
9.962412694047456441e+00 2.599434167617308781e-03
9.972412694047456228e+00 2.604705547642679597e-03
9.982412694047456014e+00 2.609889744427202393e-03
9.992412694047455801e+00 2.615103749634813991e-03
1.000241269404745559e+01 2.620347726995705690e-03
1.001241269404745537e+01 2.625621814841732141e-03
1.002241269404745516e+01 2.630816579087488696e-03
1.003241269404745495e+01 2.635946597435520882e-03
1.004241269404745474e+01 2.641107764147362317e-03
1.005241269404745452e+01 2.646300235500597189e-03
1.006241269404745431e+01 2.651524139306929428e-03
1.007241269404745410e+01 2.656532856702746581e-03
1.008241269404745388e+01 2.661568676070777493e-03
1.009241269404745367e+01 2.666636753514598380e-03
1.010241269404745346e+01 2.671737225017165474e-03
1.011241269404745324e+01 2.676679867278220111e-03
1.012241269404745303e+01 2.681542518284849366e-03
1.013241269404745282e+01 2.686438054611677353e-03
1.014241269404745260e+01 2.691366611454723383e-03
1.015241269404745239e+01 2.696159585921782936e-03
1.016241269404745218e+01 2.700795156289460298e-03
1.017241269404745196e+01 2.705463803631674626e-03
1.018241269404745175e+01 2.710165651212544016e-03
1.019241269404745154e+01 2.714691691081915631e-03
1.020241269404745132e+01 2.719039252791444379e-03
1.021241269404745111e+01 2.723419510106764915e-03
1.022241269404745090e+01 2.727832561711892190e-03
1.023241269404745069e+01 2.731944319239892373e-03
1.024241269404745047e+01 2.735947010835394072e-03
1.025241269404745026e+01 2.739981371750432795e-03
1.026241269404745005e+01 2.744013291910134527e-03
1.027241269404744983e+01 2.747686247510494791e-03
1.028241269404744962e+01 2.751389891211273968e-03
1.029241269404744941e+01 2.755124282353886653e-03
1.030241269404744919e+01 2.758269530909426490e-03
1.031241269404744898e+01 2.761062668790718877e-03
1.032241269404744877e+01 2.763880266411703271e-03
1.033241269404744855e+01 2.766420728265419227e-03
1.034241269404744834e+01 2.768337323251138151e-03
1.035241269404744813e+01 2.770271571514014430e-03
1.036241269404744791e+01 2.772242834004129061e-03
1.037241269404744770e+01 2.774330382631183447e-03
1.038241269404744749e+01 2.776438074537266546e-03
1.039241269404744727e+01 2.778391211126973390e-03
1.040241269404744706e+01 2.779422748973866143e-03
1.041241269404744685e+01 2.780464760855736774e-03
1.042241269404744664e+01 2.781058675467797895e-03
1.043241269404744642e+01 2.780501964103902508e-03
1.044241269404744621e+01 2.779939363251536424e-03
1.045241269404744600e+01 2.778925709759121933e-03
1.046241269404744578e+01 2.777524275653992653e-03
1.047241269404744557e+01 2.776107444428595368e-03
1.048241269404744536e+01 2.773524725754215273e-03
1.049241269404744514e+01 2.770819292215844724e-03
1.050241269404744493e+01 2.767502578794339089e-03
1.051241269404744472e+01 2.763361904158286204e-03
1.052241269404744450e+01 2.759111629582045640e-03
1.053241269404744429e+01 2.753378584249571367e-03
1.054241269404744408e+01 2.747574016744441360e-03
1.055241269404744386e+01 2.740463520220408258e-03
1.056241269404744365e+01 2.732872372397479946e-03
1.057241269404744344e+01 2.724160209663002881e-03
1.058241269404744322e+01 2.714598954512566567e-03
1.059241269404744301e+01 2.703960814813276790e-03
1.060241269404744280e+01 2.692234393555462037e-03
1.061241269404744259e+01 2.679306816940181957e-03
1.062241269404744237e+01 2.665209104336082723e-03
1.063241269404744216e+01 2.649591476371722203e-03
1.064241269404744195e+01 2.632906443261657809e-03
1.065241269404744173e+01 2.612763958481938067e-03
1.066241269404744152e+01 2.591382613230466120e-03
1.067241269404744131e+01 2.567882590298628618e-03
1.068241269404744109e+01 2.544577436775622304e-03
1.069241269404744088e+01 2.521803613380831349e-03
1.070241269404744067e+01 2.494858424780323301e-03
1.071241269404744045e+01 2.465160904749889685e-03
1.072241269404744024e+01 2.431137425095861605e-03
1.073241269404744003e+01 2.395548103063650010e-03
1.074241269404743981e+01 2.358051471621702960e-03
1.075241269404743960e+01 2.318089209336203927e-03
1.076241269404743939e+01 2.274556799558952961e-03
1.077241269404743917e+01 2.228327400403548857e-03
1.078241269404743896e+01 2.179237270646526125e-03
1.079241269404743875e+01 2.127149293045581778e-03
1.080241269404743853e+01 2.071963230697415181e-03
1.081241269404743832e+01 2.013380443238631072e-03
1.082241269404743811e+01 1.951690456633084058e-03
1.083241269404743790e+01 1.887045223153053283e-03
1.084241269404743768e+01 1.819535981868417246e-03
1.085241269404743747e+01 1.748416025871047091e-03
1.086241269404743726e+01 1.673929266042883902e-03
1.087241269404743704e+01 1.592480993431129744e-03
1.088241269404743683e+01 1.512649135800482646e-03
1.089241269404743662e+01 1.446631432154070864e-03
1.090241269404743640e+01 1.368090588388050713e-03
1.091241269404743619e+01 1.282443180335362176e-03
1.092241269404743598e+01 1.202692509205495908e-03
1.093241269404743576e+01 1.123885442676487512e-03
1.094241269404743555e+01 1.046645294528872772e-03
1.095241269404743534e+01 9.719050174203687628e-04
1.096241269404743512e+01 9.001577771920865742e-04
1.097241269404743491e+01 8.318123894793906037e-04
1.098241269404743470e+01 7.677233065801362727e-04
1.099241269404743448e+01 0.000000000000000000e+00
1.100241269404743427e+01 0.000000000000000000e+00
1.101241269404743406e+01 0.000000000000000000e+00
1.102241269404743385e+01 0.000000000000000000e+00
1.103241269404743363e+01 0.000000000000000000e+00
1.104241269404743342e+01 0.000000000000000000e+00
1.105241269404743321e+01 0.000000000000000000e+00
1.106241269404743299e+01 0.000000000000000000e+00
1.107241269404743278e+01 0.000000000000000000e+00
1.108241269404743257e+01 0.000000000000000000e+00
1.109241269404743235e+01 0.000000000000000000e+00
1.110241269404743214e+01 0.000000000000000000e+00
1.111241269404743193e+01 0.000000000000000000e+00
1.112241269404743171e+01 0.000000000000000000e+00
1.113241269404743150e+01 0.000000000000000000e+00
1.114241269404743129e+01 0.000000000000000000e+00
1.115241269404743107e+01 0.000000000000000000e+00
1.116241269404743086e+01 0.000000000000000000e+00
1.117241269404743065e+01 0.000000000000000000e+00
1.118241269404743043e+01 0.000000000000000000e+00
1.119241269404743022e+01 0.000000000000000000e+00
1.120241269404743001e+01 0.000000000000000000e+00
1.121241269404742980e+01 0.000000000000000000e+00
1.122241269404742958e+01 0.000000000000000000e+00
1.123241269404742937e+01 0.000000000000000000e+00
1.124241269404742916e+01 0.000000000000000000e+00
1.125241269404742894e+01 0.000000000000000000e+00
1.126241269404742873e+01 0.000000000000000000e+00
1.127241269404742852e+01 0.000000000000000000e+00
1.128241269404742830e+01 0.000000000000000000e+00
1.129241269404742809e+01 0.000000000000000000e+00
1.130241269404742788e+01 0.000000000000000000e+00
1.131241269404742766e+01 0.000000000000000000e+00
1.132241269404742745e+01 0.000000000000000000e+00
1.133241269404742724e+01 0.000000000000000000e+00
1.134241269404742702e+01 0.000000000000000000e+00
1.135241269404742681e+01 0.000000000000000000e+00
1.136241269404742660e+01 0.000000000000000000e+00
1.137241269404742638e+01 0.000000000000000000e+00
1.138241269404742617e+01 0.000000000000000000e+00
1.139241269404742596e+01 0.000000000000000000e+00
1.140241269404742575e+01 0.000000000000000000e+00
1.141241269404742553e+01 0.000000000000000000e+00
1.142241269404742532e+01 0.000000000000000000e+00
1.143241269404742511e+01 0.000000000000000000e+00
1.144241269404742489e+01 0.000000000000000000e+00
1.145241269404742468e+01 0.000000000000000000e+00
1.146241269404742447e+01 0.000000000000000000e+00
1.147241269404742425e+01 0.000000000000000000e+00
1.148241269404742404e+01 0.000000000000000000e+00
1.149241269404742383e+01 0.000000000000000000e+00
1.150241269404742361e+01 0.000000000000000000e+00
1.151241269404742340e+01 0.000000000000000000e+00
1.152241269404742319e+01 0.000000000000000000e+00
1.153241269404742297e+01 0.000000000000000000e+00
1.154241269404742276e+01 0.000000000000000000e+00
1.155241269404742255e+01 0.000000000000000000e+00
1.156241269404742233e+01 0.000000000000000000e+00
1.157241269404742212e+01 0.000000000000000000e+00
1.158241269404742191e+01 0.000000000000000000e+00
1.159241269404742170e+01 0.000000000000000000e+00
1.160241269404742148e+01 0.000000000000000000e+00
1.161241269404742127e+01 0.000000000000000000e+00
1.162241269404742106e+01 0.000000000000000000e+00
1.163241269404742084e+01 0.000000000000000000e+00
1.164241269404742063e+01 0.000000000000000000e+00
1.165241269404742042e+01 0.000000000000000000e+00
1.166241269404742020e+01 0.000000000000000000e+00
1.167241269404741999e+01 0.000000000000000000e+00
1.168241269404741978e+01 0.000000000000000000e+00
1.169241269404741956e+01 0.000000000000000000e+00
1.170241269404741935e+01 0.000000000000000000e+00
1.171241269404741914e+01 0.000000000000000000e+00
1.172241269404741892e+01 0.000000000000000000e+00
1.173241269404741871e+01 0.000000000000000000e+00
1.174241269404741850e+01 0.000000000000000000e+00
1.175241269404741828e+01 0.000000000000000000e+00
1.176241269404741807e+01 0.000000000000000000e+00
1.177241269404741786e+01 0.000000000000000000e+00
1.178241269404741765e+01 0.000000000000000000e+00
1.179241269404741743e+01 0.000000000000000000e+00
1.180241269404741722e+01 0.000000000000000000e+00
1.181241269404741701e+01 0.000000000000000000e+00
1.182241269404741679e+01 0.000000000000000000e+00
1.183241269404741658e+01 0.000000000000000000e+00
1.184241269404741637e+01 0.000000000000000000e+00
1.185241269404741615e+01 0.000000000000000000e+00
1.186241269404741594e+01 0.000000000000000000e+00
1.187241269404741573e+01 0.000000000000000000e+00
1.188241269404741551e+01 0.000000000000000000e+00
1.189241269404741530e+01 0.000000000000000000e+00
1.190241269404741509e+01 0.000000000000000000e+00
1.191241269404741487e+01 0.000000000000000000e+00
1.192241269404741466e+01 0.000000000000000000e+00
1.193241269404741445e+01 0.000000000000000000e+00
1.194241269404741423e+01 0.000000000000000000e+00
1.195241269404741402e+01 0.000000000000000000e+00
1.196241269404741381e+01 0.000000000000000000e+00
1.197241269404741359e+01 0.000000000000000000e+00
1.198241269404741338e+01 0.000000000000000000e+00
1.199241269404741317e+01 0.000000000000000000e+00
1.200241269404741296e+01 0.000000000000000000e+00
1.201241269404741274e+01 0.000000000000000000e+00
1.202241269404741253e+01 0.000000000000000000e+00
1.203241269404741232e+01 0.000000000000000000e+00
1.204241269404741210e+01 0.000000000000000000e+00
1.205241269404741189e+01 0.000000000000000000e+00
1.206241269404741168e+01 0.000000000000000000e+00
1.207241269404741146e+01 0.000000000000000000e+00
1.208241269404741125e+01 0.000000000000000000e+00
1.209241269404741104e+01 0.000000000000000000e+00
1.210241269404741082e+01 0.000000000000000000e+00
1.211241269404741061e+01 0.000000000000000000e+00
1.212241269404741040e+01 0.000000000000000000e+00
1.213241269404741018e+01 0.000000000000000000e+00
1.214241269404740997e+01 0.000000000000000000e+00
1.215241269404740976e+01 0.000000000000000000e+00
1.216241269404740954e+01 0.000000000000000000e+00
1.217241269404740933e+01 0.000000000000000000e+00
1.218241269404740912e+01 0.000000000000000000e+00
1.219241269404740891e+01 0.000000000000000000e+00
1.220241269404740869e+01 0.000000000000000000e+00
1.220273625486368907e+01 0.000000000000000000e+00
