1.000000000000000021e-03 9.660114355018526973e-04
2.412907130315165502e-03 9.660114705266282034e-04
1.241290713031516571e-02 9.660125473780404974e-04
2.241290713031516418e-02 9.660150768994855584e-04
3.241290713031516613e-02 9.660190590889396146e-04
4.241290713031516807e-02 9.660244939432228095e-04
5.241290713031517001e-02 9.660313814579963828e-04
6.241290713031517196e-02 9.660397216277620200e-04
7.241290713031517390e-02 9.660495144458618524e-04
8.241290713031516890e-02 9.660607599044785656e-04
9.241290713031516391e-02 9.660734579946353992e-04
1.024129071303151589e-01 9.660876087061952798e-04
1.124129071303151539e-01 9.661032120278617965e-04
1.224129071303151489e-01 9.661202679471799599e-04
1.324129071303151439e-01 9.661387764505337088e-04
1.424129071303151528e-01 9.661587375231493790e-04
1.524129071303151617e-01 9.661801511490923427e-04
1.624129071303151706e-01 9.662030173112692855e-04
1.724129071303151794e-01 9.662273359914270131e-04
1.824129071303151883e-01 9.662531071701540783e-04
1.924129071303151972e-01 9.662803308268780702e-04
2.024129071303152061e-01 9.663090069398693003e-04
2.124129071303152150e-01 9.663391354862368998e-04
2.224129071303152239e-01 9.663707164419328309e-04
2.324129071303152327e-01 9.664037497817475498e-04
2.424129071303152416e-01 9.664382354793144524e-04
2.524129071303152227e-01 9.664741735071072717e-04
2.624129071303152316e-01 9.665115638364400784e-04
2.724129071303152405e-01 9.665504064374689066e-04
2.824129071303152494e-01 9.665907012791904529e-04
2.924129071303152583e-01 9.666324483294419685e-04
3.024129071303152672e-01 9.666756475549031016e-04
3.124129071303152760e-01 9.667202989210934043e-04
3.224129071303152849e-01 9.667664023923742836e-04
3.324129071303152938e-01 9.668139579319485685e-04
3.424129071303153027e-01 9.668629655018597504e-04
3.524129071303153116e-01 9.669134250629931758e-04
3.624129071303153204e-01 9.669653365750740951e-04
3.724129071303153293e-01 9.670186999966722159e-04
3.824129071303153382e-01 9.670735152851951981e-04
3.924129071303153471e-01 9.671297823968935323e-04
4.024129071303153560e-01 9.671875012868595646e-04
4.124129071303153649e-01 9.672466719090257615e-04
4.224129071303153737e-01 9.673072942161675290e-04
4.324129071303153826e-01 9.673693681598994178e-04
4.424129071303153915e-01 9.674328936906795686e-04
4.524129071303154004e-01 9.674978707578062425e-04
4.624129071303154093e-01 9.675642993094187971e-04
4.724129071303154181e-01 9.676321792924985534e-04
4.824129071303154270e-01 9.677015106528669532e-04
4.924129071303154359e-01 9.677722933351876186e-04
5.024129071303153893e-01 9.678445272829646175e-04
5.124129071303153982e-01 9.679182124385430058e-04
5.224129071303154070e-01 9.679933487431094776e-04
5.324129071303154159e-01 9.680699361366898719e-04
5.424129071303154248e-01 9.681479745581518829e-04
5.524129071303154337e-01 9.682274639452036506e-04
5.624129071303154426e-01 9.683084042343938691e-04
5.724129071303154515e-01 9.683907953611111362e-04
5.824129071303154603e-01 9.684746372595839535e-04
5.924129071303154692e-01 9.685599298628805092e-04
6.024129071303154781e-01 9.686466731029104134e-04
6.124129071303154870e-01 9.687348669104209027e-04
6.224129071303154959e-01 9.688245112149985756e-04
6.324129071303155047e-01 9.689156059450703675e-04
6.424129071303155136e-01 9.690081510279011665e-04
6.524129071303155225e-01 9.691021463895945712e-04
6.624129071303155314e-01 9.691975919550922412e-04
6.724129071303155403e-01 9.692944876481735710e-04
6.824129071303155492e-01 9.693928333914559074e-04
6.924129071303155580e-01 9.694926291063938988e-04
7.024129071303155669e-01 9.695938747132787361e-04
7.124129071303155758e-01 9.696965701312381530e-04
7.224129071303155847e-01 9.698007152782358838e-04
7.324129071303155936e-01 9.699063100710709042e-04
7.424129071303156024e-01 9.700133544253781905e-04
7.524129071303156113e-01 9.701218482556263345e-04
7.624129071303156202e-01 9.702317914751180852e-04
7.724129071303156291e-01 9.703431839959914332e-04
7.824129071303156380e-01 9.704560257292149487e-04
7.924129071303156469e-01 9.705703165845903837e-04
8.024129071303156557e-01 9.706860564707523462e-04
8.124129071303156646e-01 9.708032452951648314e-04
8.224129071303156735e-01 9.709218829641233896e-04
8.324129071303156824e-01 9.710419693827529583e-04
8.424129071303156913e-01 9.711635044550073195e-04
8.524129071303157001e-01 9.712864880836684497e-04
8.624129071303157090e-01 9.714109201703452186e-04
8.724129071303157179e-01 9.715368006154733891e-04
8.824129071303157268e-01 9.716641293183145333e-04
8.924129071303157357e-01 9.717929061769539720e-04
9.024129071303157446e-01 9.719231310883015345e-04
9.124129071303157534e-01 9.720548039480893894e-04
9.224129071303157623e-01 9.721879246508716111e-04
9.324129071303157712e-01 9.723224930900223372e-04
9.424129071303157801e-01 9.724585091577356592e-04
9.524129071303157890e-01 9.725959727450232380e-04
9.624129071303157978e-01 9.727348837417149540e-04
9.724129071303158067e-01 9.728752420364553295e-04
9.824129071303158156e-01 9.730170475167042874e-04
9.924129071303158245e-01 9.731603000687344407e-04
1.002412907130315833e+00 9.733049995776307676e-04
1.012412907130315842e+00 9.734511459272874668e-04
1.022412907130315851e+00 9.735987390004095842e-04
1.032412907130315860e+00 9.737477786785080254e-04
1.042412907130315869e+00 9.738982648419000979e-04
1.052412907130315878e+00 9.740501973697073424e-04
1.062412907130315887e+00 9.742035761398536902e-04
1.072412907130315896e+00 9.743584010290640531e-04
1.082412907130315904e+00 9.745146719128618303e-04
1.092412907130315913e+00 9.746723886655686911e-04
1.102412907130315922e+00 9.748315511603011059e-04
1.112412907130315931e+00 9.749921592689685026e-04
1.122412907130315940e+00 9.751542128622716406e-04
1.132412907130315949e+00 9.753177118097017435e-04
1.142412907130315958e+00 9.754826559795358367e-04
1.152412907130315967e+00 9.756490452388370729e-04
1.162412907130315975e+00 9.758168794534506120e-04
1.172412907130315984e+00 9.759861584880022119e-04
1.182412907130315993e+00 9.761568822058961682e-04
1.192412907130316002e+00 9.763290504693117365e-04
1.202412907130316011e+00 9.765026631392019398e-04
1.212412907130316020e+00 9.766812479452555498e-04
1.222412907130316029e+00 9.768630829386274438e-04
1.232412907130316038e+00 9.770464055516578719e-04
1.242412907130316047e+00 9.772312156360132319e-04
1.252412907130316055e+00 9.774175130420848998e-04
1.262412907130316064e+00 9.776052976189822906e-04
1.272412907130316073e+00 9.777945692145311243e-04
1.282412907130316082e+00 9.779853276752695224e-04
1.292412907130316091e+00 9.781775728464462728e-04
1.302412907130316100e+00 9.783713045720158433e-04
1.312412907130316109e+00 9.785665226946366462e-04
1.322412907130316118e+00 9.787632270556651838e-04
1.332412907130316126e+00 9.789614174951562654e-04
1.342412907130316135e+00 9.791610938518552007e-04
1.352412907130316144e+00 9.793622559631962824e-04
1.362412907130316153e+00 9.795649036652999669e-04
1.372412907130316162e+00 9.797690367929665859e-04
1.382412907130316171e+00 9.799746551796743952e-04
1.392412907130316180e+00 9.801817586575743702e-04
1.402412907130316189e+00 9.803903470574852185e-04
1.412412907130316198e+00 9.806004202088925131e-04
1.422412907130316206e+00 9.808119779399411022e-04
1.432412907130316215e+00 9.810250200774309898e-04
1.442412907130316224e+00 9.812395464468147335e-04
1.452412907130316233e+00 9.814555568721911559e-04
1.462412907130316242e+00 9.816730511763014418e-04
1.472412907130316251e+00 9.818920291805239339e-04
1.482412907130316260e+00 9.821124907048695788e-04
1.492412907130316269e+00 9.823344355679767236e-04
1.502412907130316277e+00 9.825578635871052603e-04
1.512412907130316286e+00 9.827827745781335909e-04
1.522412907130316295e+00 9.830091683555508206e-04
1.532412907130316304e+00 9.832370447324526377e-04
1.542412907130316313e+00 9.834664035218640410e-04
1.552412907130316322e+00 9.836972448852667524e-04
1.562412907130316331e+00 9.839295689169824579e-04
1.572412907130316340e+00 9.841633754418307577e-04
1.582412907130316349e+00 9.843986642835411954e-04
1.592412907130316357e+00 9.846354352647250681e-04
1.602412907130316366e+00 9.848736882068316253e-04
1.612412907130316375e+00 9.851134229301450329e-04
1.622412907130316384e+00 9.853546392537804698e-04
1.632412907130316393e+00 9.855973369956787071e-04
1.642412907130316402e+00 9.858415159726039399e-04
1.652412907130316411e+00 9.860871760001374987e-04
1.662412907130316420e+00 9.863343168926750303e-04
1.672412907130316428e+00 9.865829384634204266e-04
1.682412907130316437e+00 9.868330405243821383e-04
1.692412907130316446e+00 9.870846228863692715e-04
1.702412907130316455e+00 9.873376853589837816e-04
1.712412907130316464e+00 9.875922277506183049e-04
1.722412907130316473e+00 9.878482498684496536e-04
1.732412907130316482e+00 9.881057515184333943e-04
1.742412907130316491e+00 9.883647325052984274e-04
1.752412907130316500e+00 9.886251926325422164e-04
1.762412907130316508e+00 9.888871317024242828e-04
1.772412907130316517e+00 9.891505495159605681e-04
1.782412907130316526e+00 9.894154458729171459e-04
1.792412907130316535e+00 9.896818205718045831e-04
1.802412907130316544e+00 9.899496734098712190e-04
1.812412907130316553e+00 9.902190041830973097e-04
1.822412907130316562e+00 9.904898126861876560e-04
1.832412907130316571e+00 9.907620987125659653e-04
1.842412907130316579e+00 9.910358620543666119e-04
1.852412907130316588e+00 9.913111025024292158e-04
1.862412907130316597e+00 9.915878198462899692e-04
1.872412907130316606e+00 9.918660138741753479e-04
1.882412907130316615e+00 9.921456843729949560e-04
1.892412907130316624e+00 9.924268311283319845e-04
1.902412907130316633e+00 9.927094539244380074e-04
1.912412907130316642e+00 9.929935525442236573e-04
1.922412907130316650e+00 9.932791267692506025e-04
1.932412907130316659e+00 9.935661763797228735e-04
1.942412907130316668e+00 9.938547011544803574e-04
1.952412907130316677e+00 9.941447008709883900e-04
1.962412907130316686e+00 9.944361753053286481e-04
1.972412907130316695e+00 9.947291242321930783e-04
1.982412907130316704e+00 9.950235474248719705e-04
1.992412907130316713e+00 9.953194446552461518e-04
2.002412907130316722e+00 9.956168156937767952e-04
2.012412907130316508e+00 9.959156603094969622e-04
2.022412907130316295e+00 9.962159782700009784e-04
2.032412907130316082e+00 9.965265319819456569e-04
2.042412907130315869e+00 9.968390117731553823e-04
2.052412907130315656e+00 9.971530089550105329e-04
2.062412907130315443e+00 9.974685232820110908e-04
2.072412907130315229e+00 9.977855545071218080e-04
2.082412907130315016e+00 9.981041023817624480e-04
2.092412907130314803e+00 9.984241666557943425e-04
2.102412907130314590e+00 9.987457470775110667e-04
2.112412907130314377e+00 9.990688433936256458e-04
2.122412907130314164e+00 9.993934553492590626e-04
2.132412907130313950e+00 9.997195826879281145e-04
2.142412907130313737e+00 1.000047225151533921e-03
2.152412907130313524e+00 1.000376382480347827e-03
2.162412907130313311e+00 1.000707054413000566e-03
2.172412907130313098e+00 1.001039240686468160e-03
2.182412907130312885e+00 1.001372941036060863e-03
2.192412907130312671e+00 1.001708155195407115e-03
2.202412907130312458e+00 1.002044882896442699e-03
2.212412907130312245e+00 1.002383123869396214e-03
2.222412907130312032e+00 1.002722877842774328e-03
2.232412907130311819e+00 1.003064144543349854e-03
2.242412907130311606e+00 1.003406923747923079e-03
2.252412907130311392e+00 1.003751216161090755e-03
2.262412907130311179e+00 1.004097021904647819e-03
2.272412907130310966e+00 1.004444340734140292e-03
2.282412907130310753e+00 1.004793172403784310e-03
2.292412907130310540e+00 1.005143516666452902e-03
2.302412907130310327e+00 1.005495373273662977e-03
2.312412907130310114e+00 1.005848741975561879e-03
2.322412907130309900e+00 1.006203622520915244e-03
2.332412907130309687e+00 1.006560014657091173e-03
2.342412907130309474e+00 1.006917918130048519e-03
2.352412907130309261e+00 1.007277332684321063e-03
2.362412907130309048e+00 1.007638258063003845e-03
2.372412907130308835e+00 1.008000694007739079e-03
2.382412907130308621e+00 1.008364640258699882e-03
2.392412907130308408e+00 1.008730096554575750e-03
2.402412907130308195e+00 1.009097062632558677e-03
2.412412907130307982e+00 1.009465538228324728e-03
2.422412907130307769e+00 1.009835523076020375e-03
2.432412907130307556e+00 1.010207016908245799e-03
2.442412907130307342e+00 1.010580019456037981e-03
2.452412907130307129e+00 1.010954530448855302e-03
2.462412907130306916e+00 1.011330549614558897e-03
2.472412907130306703e+00 1.011708076679396608e-03
2.482412907130306490e+00 1.012087111367986720e-03
2.492412907130306277e+00 1.012467653403298232e-03
2.502412907130306063e+00 1.012849702506633722e-03
2.512412907130305850e+00 1.013233258397612220e-03
2.522412907130305637e+00 1.013618320794148825e-03
2.532412907130305424e+00 1.014004889412438220e-03
2.542412907130305211e+00 1.014392963966934515e-03
2.552412907130304998e+00 1.014782544170331289e-03
2.562412907130304784e+00 1.015173629733544681e-03
2.572412907130304571e+00 1.015566220365690837e-03
2.582412907130304358e+00 1.015960315774067264e-03
2.592412907130304145e+00 1.016361363419069274e-03
2.602412907130303932e+00 1.016770606514340661e-03
2.612412907130303719e+00 1.017181399468735249e-03
2.622412907130303505e+00 1.017593741972894813e-03
2.632412907130303292e+00 1.018007633715479858e-03
2.642412907130303079e+00 1.018423074383146415e-03
2.652412907130302866e+00 1.018840063660525225e-03
2.662412907130302653e+00 1.019258601230197238e-03
2.672412907130302440e+00 1.019678686772671709e-03
2.682412907130302226e+00 1.020100319966362346e-03
2.692412907130302013e+00 1.020523500487563462e-03
2.702412907130301800e+00 1.020948228010426333e-03
2.712412907130301587e+00 1.021374502206935349e-03
2.722412907130301374e+00 1.021802322746882211e-03
2.732412907130301161e+00 1.022231689297842076e-03
2.742412907130300948e+00 1.022662601525153175e-03
2.752412907130300734e+00 1.023095059092149917e-03
2.762412907130300521e+00 1.023529061688214017e-03
2.772412907130300308e+00 1.023964610405659866e-03
2.782412907130300095e+00 1.024401705747397025e-03
2.792412907130299882e+00 1.024840347425414779e-03
2.802412907130299669e+00 1.025280535149977442e-03
2.812412907130299455e+00 1.025722268629598562e-03
2.822412907130299242e+00 1.026165547571014462e-03
2.832412907130299029e+00 1.026610371679158654e-03
2.842412907130298816e+00 1.027056740657134948e-03
2.852412907130298603e+00 1.027504654206190570e-03
2.862412907130298390e+00 1.027954112025689266e-03
2.872412907130298176e+00 1.028405113813082904e-03
2.882412907130297963e+00 1.028857659263884795e-03
2.892412907130297750e+00 1.029311748071639774e-03
2.902412907130297537e+00 1.029767379927897528e-03
2.912412907130297324e+00 1.030224554522182019e-03
2.922412907130297111e+00 1.030683271541962646e-03
2.932412907130296897e+00 1.031143530672625408e-03
2.942412907130296684e+00 1.031605331597441671e-03
2.952412907130296471e+00 1.032068673997538688e-03
2.962412907130296258e+00 1.032533557551868365e-03
2.972412907130296045e+00 1.032999981937176908e-03
2.982412907130295832e+00 1.033467946827972299e-03
2.992412907130295618e+00 1.033937451896494580e-03
3.002412907130295405e+00 1.034408496812681171e-03
3.012412907130295192e+00 1.034881081244136284e-03
3.022412907130294979e+00 1.035355204856097970e-03
3.032412907130294766e+00 1.035830867311403856e-03
3.042412907130294553e+00 1.036308068270459055e-03
3.052412907130294339e+00 1.036798294154494182e-03
3.062412907130294126e+00 1.037293343440343334e-03
3.072412907130293913e+00 1.037789977485688644e-03
3.082412907130293700e+00 1.038288195930105748e-03
3.092412907130293487e+00 1.038787998410484062e-03
3.102412907130293274e+00 1.039289384560990355e-03
3.112412907130293060e+00 1.039792354013032534e-03
3.122412907130292847e+00 1.040296906395220614e-03
3.132412907130292634e+00 1.040803041333330072e-03
3.142412907130292421e+00 1.041310758450263250e-03
3.152412907130292208e+00 1.041820057366011406e-03
3.162412907130291995e+00 1.042330937697619588e-03
3.172412907130291781e+00 1.042843399059532059e-03
3.182412907130291568e+00 1.043357441063792876e-03
3.192412907130291355e+00 1.043873063319440036e-03
3.202412907130291142e+00 1.044390266869569053e-03
3.212412907130290929e+00 1.044909053135912669e-03
3.222412907130290716e+00 1.045429421807687366e-03
3.232412907130290503e+00 1.045951372567222341e-03
3.242412907130290289e+00 1.046474905094440296e-03
3.252412907130290076e+00 1.047000019066814287e-03
3.262412907130289863e+00 1.047526714159326740e-03
3.272412907130289650e+00 1.048054990044424567e-03
3.282412907130289437e+00 1.048584846391976445e-03
3.292412907130289224e+00 1.049116282869229887e-03
3.302412907130289010e+00 1.049649299140765699e-03
3.312412907130288797e+00 1.050183894868453316e-03
3.322412907130288584e+00 1.050720069711406565e-03
3.332412907130288371e+00 1.051257823325937694e-03
3.342412907130288158e+00 1.051797155365510970e-03
3.352412907130287945e+00 1.052338065480696487e-03
3.362412907130287731e+00 1.052880553319123988e-03
3.372412907130287518e+00 1.053424618525434283e-03
3.382412907130287305e+00 1.053970260741232852e-03
3.392412907130287092e+00 1.054517479605041053e-03
3.402412907130286879e+00 1.055066274752247332e-03
3.412412907130286666e+00 1.055616645815059306e-03
3.422412907130286452e+00 1.056168592422453449e-03
3.432412907130286239e+00 1.056722114200125224e-03
3.442412907130286026e+00 1.057287516478289027e-03
3.452412907130285813e+00 1.057861418369654459e-03
3.462412907130285600e+00 1.058436943009830652e-03
3.472412907130285387e+00 1.059014089998876890e-03
3.482412907130285173e+00 1.059592858933206937e-03
3.492412907130284960e+00 1.060173249405535261e-03
3.502412907130284747e+00 1.060755261004822604e-03
3.512412907130284534e+00 1.061338893316221771e-03
3.522412907130284321e+00 1.061924145921021474e-03
3.532412907130284108e+00 1.062511018396674516e-03
3.542412907130283894e+00 1.063099510317561721e-03
3.552412907130283681e+00 1.063689621254592732e-03
3.562412907130283468e+00 1.064281350774592136e-03
3.572412907130283255e+00 1.064874698763767927e-03
3.582412907130283042e+00 1.065469667927408789e-03
3.592412907130282829e+00 1.066066258708979215e-03
3.602412907130282615e+00 1.066664470777728586e-03
3.612412907130282402e+00 1.067264303799575400e-03
3.622412907130282189e+00 1.067865757437045466e-03
3.632412907130281976e+00 1.068468831349211196e-03
3.642412907130281763e+00 1.069073525191626762e-03
3.652412907130281550e+00 1.069679838616267170e-03
3.662412907130281337e+00 1.070287771271463207e-03
3.672412907130281123e+00 1.070897322801837685e-03
3.682412907130280910e+00 1.071508492848240179e-03
3.692412907130280697e+00 1.072121281047683922e-03
3.702412907130280484e+00 1.072735687033277933e-03
3.712412907130280271e+00 1.073351710434161102e-03
3.722412907130280058e+00 1.073969350875437784e-03
3.732412907130279844e+00 1.074588607978107764e-03
3.742412907130279631e+00 1.075209481359001851e-03
3.752412907130279418e+00 1.075831970630710755e-03
3.762412907130279205e+00 1.076456075401518954e-03
3.772412907130278992e+00 1.077081795275334434e-03
3.782412907130278779e+00 1.077709129851619953e-03
3.792412907130278565e+00 1.078355504167871539e-03
3.802412907130278352e+00 1.079005710443859626e-03
3.812412907130278139e+00 1.079657580456828796e-03
3.822412907130277926e+00 1.080311113774703232e-03
3.832412907130277713e+00 1.080966309960456652e-03
3.842412907130277500e+00 1.081623168572040531e-03
3.852412907130277286e+00 1.082281689162306907e-03
3.862412907130277073e+00 1.082941871279204625e-03
3.872412907130276860e+00 1.083603714466826020e-03
3.882412907130276647e+00 1.084267218264369989e-03
3.892412907130276434e+00 1.084932382205613770e-03
3.902412907130276221e+00 1.085599205818834007e-03
3.912412907130276007e+00 1.086267690632783086e-03
3.922412907130275794e+00 1.086937839618234590e-03
3.932412907130275581e+00 1.087609652489180323e-03
3.942412907130275368e+00 1.088283128902077599e-03
3.952412907130275155e+00 1.088958268508613677e-03
3.962412907130274942e+00 1.089635070955621409e-03
3.972412907130274728e+00 1.090313535884994455e-03
3.982412907130274515e+00 1.090993662933599680e-03
3.992412907130274302e+00 1.091675451733191285e-03
4.002412907130274533e+00 1.092358901910322989e-03
4.012412907130274320e+00 1.093044013086260204e-03
4.022412907130274107e+00 1.093730784876893302e-03
4.032412907130273894e+00 1.094419216892647193e-03
4.042412907130273680e+00 1.095109308738392417e-03
4.052412907130273467e+00 1.095801060013355376e-03
4.062412907130273254e+00 1.096494470311028778e-03
4.072412907130273041e+00 1.097189539219079911e-03
4.082412907130272828e+00 1.097886266319259571e-03
4.092412907130272615e+00 1.098584651187310126e-03
4.102412907130272401e+00 1.099295962057620767e-03
4.112412907130272188e+00 1.100019660249688730e-03
4.122412907130271975e+00 1.100745066831775986e-03
4.132412907130271762e+00 1.101472181340582349e-03
4.142412907130271549e+00 1.102201003306130028e-03
4.152412907130271336e+00 1.102931532251666923e-03
4.162412907130271122e+00 1.103663767694175110e-03
4.172412907130270909e+00 1.104397709145466325e-03
4.182412907130270696e+00 1.105133356110578422e-03
4.192412907130270483e+00 1.105870708087339747e-03
4.202412907130270270e+00 1.106609764566264618e-03
4.212412907130270057e+00 1.107350525532511390e-03
4.222412907130269843e+00 1.108092995424917598e-03
4.232412907130269630e+00 1.108837175149989885e-03
4.242412907130269417e+00 1.109583064382540455e-03
4.252412907130269204e+00 1.110330662790984290e-03
4.262412907130268991e+00 1.111079970037228771e-03
4.272412907130268778e+00 1.111830985776560273e-03
4.282412907130268565e+00 1.112583709657531195e-03
4.292412907130268351e+00 1.113338141321846110e-03
4.302412907130268138e+00 1.114094280404247716e-03
4.312412907130267925e+00 1.114852126532402555e-03
4.322412907130267712e+00 1.115611679326784355e-03
4.332412907130267499e+00 1.116372938400560190e-03
4.342412907130267286e+00 1.117135903359472299e-03
4.352412907130267072e+00 1.117900573801722730e-03
4.362412907130266859e+00 1.118666949317854943e-03
4.372412907130266646e+00 1.119435029490636283e-03
4.382412907130266433e+00 1.120204813894939803e-03
4.392412907130266220e+00 1.120994712189602805e-03
4.402412907130266007e+00 1.121792295034379234e-03
4.412412907130265793e+00 1.122591634507069322e-03
4.422412907130265580e+00 1.123392730135332153e-03
4.432412907130265367e+00 1.124195581438220629e-03
4.442412907130265154e+00 1.125000187927836619e-03
4.452412907130264941e+00 1.125806549108582418e-03
4.462412907130264728e+00 1.126614664475678431e-03
4.472412907130264514e+00 1.127424533515009649e-03
4.482412907130264301e+00 1.128236155702995762e-03
4.492412907130264088e+00 1.129049531012855023e-03
4.502412907130263875e+00 1.129864664774839732e-03
4.512412907130263662e+00 1.130681558311970574e-03
4.522412907130263449e+00 1.131500211313626663e-03
4.532412907130263235e+00 1.132320623460480753e-03
4.542412907130263022e+00 1.133142794424354168e-03
4.552412907130262809e+00 1.133966723868074780e-03
4.562412907130262596e+00 1.134792411445332367e-03
4.572412907130262383e+00 1.135619856800535940e-03
4.582412907130262170e+00 1.136449059568667586e-03
4.592412907130261956e+00 1.137280019375138057e-03
4.602412907130261743e+00 1.138112735835640618e-03
4.612412907130261530e+00 1.138947208556005978e-03
4.622412907130261317e+00 1.139783437132053977e-03
4.632412907130261104e+00 1.140621421149448081e-03
4.642412907130260891e+00 1.141461160183547281e-03
4.652412907130260677e+00 1.142306226686414482e-03
4.662412907130260464e+00 1.143176233692267015e-03
4.672412907130260251e+00 1.144048050028087732e-03
4.682412907130260038e+00 1.144921675211706992e-03
4.692412907130259825e+00 1.145797108750556568e-03
4.702412907130259612e+00 1.146674350143285981e-03
4.712412907130259399e+00 1.147553398877218305e-03
4.722412907130259185e+00 1.148434254427702257e-03
4.732412907130258972e+00 1.149316916257951725e-03
4.742412907130258759e+00 1.150201383818887264e-03
4.752412907130258546e+00 1.151087657074538950e-03
4.762412907130258333e+00 1.151975742388596739e-03
4.772412907130258120e+00 1.152865641580306990e-03
4.782412907130257906e+00 1.153757354374024312e-03
4.792412907130257693e+00 1.154650880482538562e-03
4.802412907130257480e+00 1.155546219606896604e-03
4.812412907130257267e+00 1.156443371436224063e-03
4.822412907130257054e+00 1.157342335647547956e-03
4.832412907130256841e+00 1.158243111905617141e-03
4.842412907130256627e+00 1.159145699862722994e-03
4.852412907130256414e+00 1.160050099158519863e-03
4.862412907130256201e+00 1.160956309419844878e-03
4.872412907130255988e+00 1.161864330260537967e-03
4.882412907130255775e+00 1.162774161281260365e-03
4.892412907130255562e+00 1.163685802069314200e-03
4.902412907130255348e+00 1.164607958422809227e-03
4.912412907130255135e+00 1.165552422299517442e-03
4.922412907130254922e+00 1.166498752328936099e-03
4.932412907130254709e+00 1.167446948029824067e-03
4.942412907130254496e+00 1.168397008909325590e-03
4.952412907130254283e+00 1.169348934459895706e-03
4.962412907130254069e+00 1.170302724158724756e-03
4.972412907130253856e+00 1.171258377467541056e-03
4.982412907130253643e+00 1.172215893832420077e-03
4.992412907130253430e+00 1.173175272683673860e-03
5.002412907130253217e+00 1.174136519071534556e-03
5.012412907130253004e+00 1.175099638203937593e-03
5.022412907130252790e+00 1.176064629857400063e-03
5.032412907130252577e+00 1.177031493793350000e-03
5.042412907130252364e+00 1.178000229757908890e-03
5.052412907130252151e+00 1.178970837481675476e-03
5.062412907130251938e+00 1.179943316679508058e-03
5.072412907130251725e+00 1.180917667050307429e-03
5.082412907130251511e+00 1.181893888276799604e-03
5.092412907130251298e+00 1.182871980025316811e-03
5.102412907130251085e+00 1.183851941945579999e-03
5.112412907130250872e+00 1.184833773670481349e-03
5.122412907130250659e+00 1.185817474815864178e-03
5.132412907130250446e+00 1.186803044980303500e-03
5.142412907130250233e+00 1.187821898844701940e-03
5.152412907130250019e+00 1.188842930344220566e-03
5.162412907130249806e+00 1.189865889450278857e-03
5.172412907130249593e+00 1.190890775681026142e-03
5.182412907130249380e+00 1.191917588535448911e-03
5.192412907130249167e+00 1.192946327493122315e-03
5.202412907130248954e+00 1.193976992013979013e-03
5.212412907130248740e+00 1.195009581538073471e-03
5.222412907130248527e+00 1.196044095600245442e-03
5.232412907130248314e+00 1.197080541605473683e-03
5.242412907130248101e+00 1.198118924168621591e-03
5.252412907130247888e+00 1.199159243132991593e-03
5.262412907130247675e+00 1.200201498322350097e-03
5.272412907130247461e+00 1.201245689540666843e-03
5.282412907130247248e+00 1.202291816571854485e-03
5.292412907130247035e+00 1.203339879179508376e-03
5.302412907130246822e+00 1.204389877106646582e-03
5.312412907130246609e+00 1.205441810075448148e-03
5.322412907130246396e+00 1.206495677786993117e-03
5.332412907130246182e+00 1.207551479921002745e-03
5.342412907130245969e+00 1.208609216135576913e-03
5.352412907130245756e+00 1.209669419757341755e-03
5.362412907130245543e+00 1.210765211580552923e-03
5.372412907130245330e+00 1.211862998579551261e-03
5.382412907130245117e+00 1.212962780316483025e-03
5.392412907130244903e+00 1.214064556329630742e-03
5.402412907130244690e+00 1.215168326133033968e-03
5.412412907130244477e+00 1.216274089216213021e-03
5.422412907130244264e+00 1.217381845043892519e-03
5.432412907130244051e+00 1.218491593055728590e-03
5.442412907130243838e+00 1.219603334822712618e-03
5.452412907130243624e+00 1.220717081066854904e-03
5.462412907130243411e+00 1.221832833285083032e-03
5.472412907130243198e+00 1.222950591394664135e-03
5.482412907130242985e+00 1.224070355287764549e-03
5.492412907130242772e+00 1.225192124831139514e-03
5.502412907130242559e+00 1.226315899865827426e-03
5.512412907130242345e+00 1.227441680206840411e-03
5.522412907130242132e+00 1.228569465642857274e-03
5.532412907130241919e+00 1.229699255935917104e-03
5.542412907130241706e+00 1.230831050821110714e-03
5.552412907130241493e+00 1.231964850006275975e-03
5.562412907130241280e+00 1.233108442220147340e-03
5.572412907130241067e+00 1.234283017583534103e-03
5.582412907130240853e+00 1.235459660951589199e-03
5.592412907130240640e+00 1.236638371914926347e-03
5.602412907130240427e+00 1.237819150034030150e-03
5.612412907130240214e+00 1.239001994838932362e-03
5.622412907130240001e+00 1.240186905828888787e-03
5.632412907130239788e+00 1.241373882472057277e-03
5.642412907130239574e+00 1.242562924251454240e-03
5.652412907130239361e+00 1.243754040244577329e-03
5.662412907130239148e+00 1.244947237618264412e-03
5.672412907130238935e+00 1.246142516426840523e-03
5.682412907130238722e+00 1.247339876693102532e-03
5.692412907130238509e+00 1.248539318407954199e-03
5.702412907130238295e+00 1.249740841530045570e-03
5.712412907130238082e+00 1.250944445985413241e-03
5.722412907130237869e+00 1.252150131667117798e-03
5.732412907130237656e+00 1.253357898434886031e-03
5.742412907130237443e+00 1.254567746114751631e-03
5.752412907130237230e+00 1.255779674498719084e-03
5.762412907130237016e+00 1.257011582781744673e-03
5.772412907130236803e+00 1.258267066000627902e-03
5.782412907130236590e+00 1.259524696488862824e-03
5.792412907130236377e+00 1.260784473895988243e-03
5.802412907130236164e+00 1.262046397833995305e-03
5.812412907130235951e+00 1.263310467876951936e-03
5.822412907130235737e+00 1.264576683560625098e-03
5.832412907130235524e+00 1.265845044382109567e-03
5.842412907130235311e+00 1.267115553490859563e-03
5.852412907130235098e+00 1.268388224746623072e-03
5.862412907130234885e+00 1.269663059708628318e-03
5.872412907130234672e+00 1.270940058540971250e-03
5.882412907130234458e+00 1.272219221367958683e-03
5.892412907130234245e+00 1.273500548273688061e-03
5.902412907130234032e+00 1.274784039301631120e-03
5.912412907130233819e+00 1.276069694454215822e-03
5.922412907130233606e+00 1.277357513692411973e-03
5.932412907130233393e+00 1.278647496935316191e-03
5.942412907130233179e+00 1.279939644061648101e-03
5.952412907130232966e+00 1.281260852043670205e-03
5.962412907130232753e+00 1.282599378638958881e-03
5.972412907130232540e+00 1.283940138687075187e-03
5.982412907130232327e+00 1.285283131891125754e-03
5.992412907130232114e+00 1.286628357907721636e-03
6.002412907130231901e+00 1.287975816346547233e-03
6.012412907130231687e+00 1.289325506769928775e-03
6.022412907130231474e+00 1.290677428763972083e-03
6.032412907130231261e+00 1.292031594331628959e-03
6.042412907130231048e+00 1.293388012799546712e-03
6.052412907130230835e+00 1.294746684534720839e-03
6.062412907130230622e+00 1.296107609854934466e-03
6.072412907130230408e+00 1.297470789028275879e-03
6.082412907130230195e+00 1.298836222272658006e-03
6.092412907130229982e+00 1.300203909755336812e-03
6.102412907130229769e+00 1.301573851592436205e-03
6.112412907130229556e+00 1.302946047848850672e-03
6.122412907130229343e+00 1.304320498543766905e-03
6.132412907130229129e+00 1.305727681909708837e-03
6.142412907130228916e+00 1.307151368201227857e-03
6.152412907130228703e+00 1.308577381799660251e-03
6.162412907130228490e+00 1.310005722507545482e-03
6.172412907130228277e+00 1.311436390070304858e-03
6.182412907130228064e+00 1.312869384175748000e-03
6.192412907130227850e+00 1.314304704453582570e-03
6.202412907130227637e+00 1.315742352172479934e-03
6.212412907130227424e+00 1.317182344956118649e-03
6.222412907130227211e+00 1.318624688076210387e-03
6.232412907130226998e+00 1.320069382100013842e-03
6.242412907130226785e+00 1.321516427533806545e-03
6.252412907130226571e+00 1.322965824822330393e-03
6.262412907130226358e+00 1.324417574348247389e-03
6.272412907130226145e+00 1.325871676431592764e-03
6.282412907130225932e+00 1.327328131330671179e-03
6.292412907130225719e+00 1.328786939249080624e-03
6.302412907130225506e+00 1.330271204829315676e-03
6.312412907130225292e+00 1.331780278828835961e-03
6.322412907130225079e+00 1.333291779333088418e-03
6.332412907130224866e+00 1.334805706283116950e-03
6.342412907130224653e+00 1.336322059550358599e-03
6.352412907130224440e+00 1.337840838936087346e-03
6.362412907130224227e+00 1.339362044170857267e-03
6.372412907130224013e+00 1.340885677426947864e-03
6.382412907130223800e+00 1.342411758877382760e-03
6.392412907130223587e+00 1.343940293705325750e-03
6.402412907130223374e+00 1.345471282734326613e-03
6.412412907130223161e+00 1.347004726713075086e-03
6.422412907130222948e+00 1.348540626314772466e-03
6.432412907130222735e+00 1.350078982136516861e-03
6.442412907130222521e+00 1.351619794700152123e-03
6.452412907130222308e+00 1.353163064460179707e-03
6.462412907130222095e+00 1.354711512431441443e-03
6.472412907130221882e+00 1.356309654803699314e-03
6.482412907130221669e+00 1.357910334589750370e-03
6.492412907130221456e+00 1.359513551932308795e-03
6.502412907130221242e+00 1.361119306889703798e-03
6.512412907130221029e+00 1.362727599435249477e-03
6.522412907130220816e+00 1.364338429456624004e-03
6.532412907130220603e+00 1.365951797307190336e-03
6.542412907130220390e+00 1.367567722592309427e-03
6.552412907130220177e+00 1.369186216109699681e-03
6.562412907130219963e+00 1.370807279053214926e-03
6.572412907130219750e+00 1.372430912525339584e-03
6.582412907130219537e+00 1.374057117536486112e-03
6.592412907130219324e+00 1.375685895004525542e-03
6.602412907130219111e+00 1.377317245761570897e-03
6.612412907130218898e+00 1.378951170553980449e-03
6.622412907130218684e+00 1.380603021509912770e-03
6.632412907130218471e+00 1.382299183505429629e-03
6.642412907130218258e+00 1.383998010904120921e-03
6.652412907130218045e+00 1.385699504075154232e-03
6.662412907130217832e+00 1.387403663284958802e-03
6.672412907130217619e+00 1.389110488696518840e-03
6.682412907130217405e+00 1.390819980368676384e-03
6.692412907130217192e+00 1.392532144505621156e-03
6.702412907130216979e+00 1.394247006760247244e-03
6.712412907130216766e+00 1.395964571204858775e-03
6.722412907130216553e+00 1.397684839228720321e-03
6.732412907130216340e+00 1.399407812109502340e-03
6.742412907130216126e+00 1.401133491013343852e-03
6.752412907130215913e+00 1.402861877003900313e-03
6.762412907130215700e+00 1.404592971037391200e-03
6.772412907130215487e+00 1.406332404268193295e-03
6.782412907130215274e+00 1.408122412871906084e-03
6.792412907130215061e+00 1.409915215176969642e-03
6.802412907130214847e+00 1.411710811683410637e-03
6.812412907130214634e+00 1.413509202767840789e-03
6.822412907130214421e+00 1.415310388682688818e-03
6.832412907130214208e+00 1.417114369555435216e-03
6.842412907130213995e+00 1.418921152739505576e-03
6.852412907130213782e+00 1.420730766320427076e-03
6.862412907130213569e+00 1.422543214997559324e-03
6.872412907130213355e+00 1.424358500867753440e-03
6.882412907130213142e+00 1.426176625892453019e-03
6.892412907130212929e+00 1.427997591905562618e-03
6.902412907130212716e+00 1.429821400614310995e-03
6.912412907130212503e+00 1.431648053585980697e-03
6.922412907130212290e+00 1.433506081837376258e-03
6.932412907130212076e+00 1.435393118165875824e-03
6.942412907130211863e+00 1.437283087613594685e-03
6.952412907130211650e+00 1.439175991205189978e-03
6.962412907130211437e+00 1.441071829815766597e-03
6.972412907130211224e+00 1.442970604170018501e-03
6.982412907130211011e+00 1.444872315852701239e-03
6.992412907130210797e+00 1.446776993072290294e-03
7.002412907130210584e+00 1.448684650349538758e-03
7.012412907130210371e+00 1.450595290111772982e-03
7.022412907130210158e+00 1.452508914624924333e-03
7.032412907130209945e+00 1.454425526004931527e-03
7.042412907130209732e+00 1.456345126210409260e-03
7.052412907130209518e+00 1.458267717031815937e-03
7.062412907130209305e+00 1.460223117454188813e-03
7.072412907130209092e+00 1.462213351522674868e-03
7.082412907130208879e+00 1.464206676309439022e-03
7.092412907130208666e+00 1.466203092957752514e-03
7.102412907130208453e+00 1.468202602432422789e-03
7.112412907130208239e+00 1.470205205518873440e-03
7.122412907130208026e+00 1.472210905618460052e-03
7.132412907130207813e+00 1.474219736901441046e-03
7.142412907130207600e+00 1.476231712024762876e-03
7.152412907130207387e+00 1.478246834245521089e-03
7.162412907130207174e+00 1.480265106635403772e-03
7.172412907130206960e+00 1.482286532079905936e-03
7.182412907130206747e+00 1.484311113263014296e-03
7.192412907130206534e+00 1.486338852665258304e-03
7.202412907130206321e+00 1.488429406988577485e-03
7.212412907130206108e+00 1.490525756396321152e-03
7.222412907130205895e+00 1.492625367134655821e-03
7.232412907130205681e+00 1.494728240910710507e-03
7.242412907130205468e+00 1.496834379216703233e-03
7.252412907130205255e+00 1.498943783328943570e-03
7.262412907130205042e+00 1.501056478490630760e-03
7.272412907130204829e+00 1.503172493311284068e-03
7.282412907130204616e+00 1.505291831781515157e-03
7.292412907130204403e+00 1.507414497667749131e-03
7.302412907130204189e+00 1.509540494507567027e-03
7.312412907130203976e+00 1.511669825596844785e-03
7.322412907130203763e+00 1.513802493988436818e-03
7.332412907130203550e+00 1.515997522355318552e-03
7.342412907130203337e+00 1.518201190870655925e-03
7.352412907130203124e+00 1.520408304941277310e-03
7.362412907130202910e+00 1.522618866699155258e-03
7.372412907130202697e+00 1.524832878020359163e-03
7.382412907130202484e+00 1.527050340778028908e-03
7.392412907130202271e+00 1.529271288808363525e-03
7.402412907130202058e+00 1.531495748688792725e-03
7.412412907130201845e+00 1.533723725327700103e-03
7.422412907130201631e+00 1.535955223366064883e-03
7.432412907130201418e+00 1.538190247158051881e-03
7.442412907130201205e+00 1.540428800768109960e-03
7.452412907130200992e+00 1.542693203705968255e-03
7.462412907130200779e+00 1.545004887403247668e-03
7.472412907130200566e+00 1.547320215505308726e-03
7.482412907130200352e+00 1.549639190990940952e-03
7.492412907130200139e+00 1.551961816534686142e-03
7.502412907130199926e+00 1.554288094505709705e-03
7.512412907130199713e+00 1.556618040016559791e-03
7.522412907130199500e+00 1.558951700232099344e-03
7.532412907130199287e+00 1.561289084613162606e-03
7.542412907130199073e+00 1.563630198952895489e-03
7.552412907130198860e+00 1.565975048701650834e-03
7.562412907130198647e+00 1.568323638964568912e-03
7.572412907130198434e+00 1.570689051144693628e-03
7.582412907130198221e+00 1.573112702691259988e-03
7.592412907130198008e+00 1.575540215630898827e-03
7.602412907130197794e+00 1.577971593781706591e-03
7.612412907130197581e+00 1.580406840600325370e-03
7.622412907130197368e+00 1.582845959180765672e-03
7.632412907130197155e+00 1.585288966307803757e-03
7.642412907130196942e+00 1.587735914312832100e-03
7.652412907130196729e+00 1.590186814366079289e-03
7.662412907130196515e+00 1.592641673458179523e-03
7.672412907130196302e+00 1.595100498170015776e-03
7.682412907130196089e+00 1.597563294671334620e-03
7.692412907130195876e+00 1.600062012862843355e-03
7.702412907130195663e+00 1.602601562241871055e-03
7.712412907130195450e+00 1.605145210471022217e-03
7.722412907130195237e+00 1.607692962188065960e-03
7.732412907130195023e+00 1.610244821601666300e-03
7.742412907130194810e+00 1.612800792618168753e-03
7.752412907130194597e+00 1.615360918946759762e-03
7.762412907130194384e+00 1.617925239895494404e-03
7.772412907130194171e+00 1.620493764126621546e-03
7.782412907130193958e+00 1.623066499816160730e-03
7.792412907130193744e+00 1.625643454652400113e-03
7.802412907130193531e+00 1.628233869230017589e-03
7.812412907130193318e+00 1.630888858195723295e-03
7.822412907130193105e+00 1.633548200513713347e-03
7.832412907130192892e+00 1.636211902061896796e-03
7.842412907130192679e+00 1.638879968210637736e-03
7.852412907130192465e+00 1.641552403821562459e-03
7.862412907130192252e+00 1.644229242235954042e-03
7.872412907130192039e+00 1.646910540493078589e-03
7.882412907130191826e+00 1.649596309805995880e-03
7.892412907130191613e+00 1.652286560032534659e-03
7.902412907130191400e+00 1.654981300452268997e-03
7.912412907130191186e+00 1.657693141110702130e-03
7.922412907130190973e+00 1.660466856281346375e-03
7.932412907130190760e+00 1.663245202830276057e-03
7.942412907130190547e+00 1.666028187890503673e-03
7.952412907130190334e+00 1.668815817995198195e-03
7.962412907130190121e+00 1.671608099115289752e-03
7.972412907130189907e+00 1.674405082490196869e-03
7.982412907130189694e+00 1.677206819304050698e-03
7.992412907130189481e+00 1.680013321787671111e-03
8.002412907130189268e+00 1.682824601488566935e-03
8.012412907130189055e+00 1.685640669269526486e-03
8.022412907130188842e+00 1.688502834584340801e-03
8.032412907130188628e+00 1.691398432055551916e-03
8.042412907130188415e+00 1.694298965263264616e-03
8.052412907130188202e+00 1.697204442519315796e-03
8.062412907130187989e+00 1.700114871428837476e-03
8.072412907130187776e+00 1.703030273678907353e-03
8.082412907130187563e+00 1.705950729064571649e-03
8.092412907130187349e+00 1.708876261037678684e-03
8.102412907130187136e+00 1.711806883575165252e-03
8.112412907130186923e+00 1.714742609845736412e-03
8.122412907130186710e+00 1.717707789484983422e-03
8.132412907130186497e+00 1.720723023827347604e-03
8.142412907130186284e+00 1.723743517358379031e-03
8.152412907130186071e+00 1.726769280235212166e-03
8.162412907130185857e+00 1.729800321784903281e-03
8.172412907130185644e+00 1.732836660390457348e-03
8.182412907130185431e+00 1.735878383470884547e-03
8.192412907130185218e+00 1.738925523872429267e-03
8.202412907130185005e+00 1.741978098087314675e-03
8.212412907130184792e+00 1.745036121654932378e-03
8.222412907130184578e+00 1.748130051802365649e-03
8.232412907130184365e+00 1.751267070319585586e-03
8.242412907130184152e+00 1.754409700824655430e-03
8.252412907130183939e+00 1.757557955295622641e-03
8.262412907130183726e+00 1.760711844739613202e-03
8.272412907130183513e+00 1.763871403010915844e-03
8.282412907130183299e+00 1.767036726386468810e-03
8.292412907130183086e+00 1.770207841570890219e-03
8.302412907130182873e+00 1.773384767558124726e-03
8.312412907130182660e+00 1.776567522220693068e-03
8.322412907130182447e+00 1.779813480106048115e-03
8.332412907130182234e+00 1.783074179778489565e-03
8.342412907130182020e+00 1.786340876839907733e-03
8.352412907130181807e+00 1.789613584950919527e-03
8.362412907130181594e+00 1.792892318635235308e-03
8.372412907130181381e+00 1.796177171005516318e-03
8.382412907130181168e+00 1.799468204891597426e-03
8.392412907130180955e+00 1.802765442949679116e-03
8.402412907130180741e+00 1.806068906519408667e-03
8.412412907130180528e+00 1.809416665768483635e-03
8.422412907130180315e+00 1.812796284473904701e-03
8.432412907130180102e+00 1.816182305373241837e-03
8.442412907130179889e+00 1.819574744842084512e-03
8.452412907130179676e+00 1.822973617928973916e-03
8.462412907130179462e+00 1.826379009902696438e-03
8.472412907130179249e+00 1.829791009031201451e-03
8.482412907130179036e+00 1.833209641736836771e-03
8.492412907130178823e+00 1.836634932898957920e-03
8.502412907130178610e+00 1.840104934430713320e-03
8.512412907130178397e+00 1.843603957567097095e-03
8.522412907130178183e+00 1.847109822537612448e-03
8.532412907130177970e+00 1.850622548355145046e-03
8.542412907130177757e+00 1.854142154358757360e-03
8.552412907130177544e+00 1.857668752844978234e-03
8.562412907130177331e+00 1.861202424577967137e-03
8.572412907130177118e+00 1.864743199699958045e-03
8.582412907130176905e+00 1.868291106548600027e-03
8.592412907130176691e+00 1.871899806934405365e-03
8.602412907130176478e+00 1.875518350366555493e-03
8.612412907130176265e+00 1.879144213563728027e-03
8.622412907130176052e+00 1.882777417911904059e-03
8.632412907130175839e+00 1.886418011332062191e-03
8.642412907130175626e+00 1.890066140427119727e-03
8.652412907130175412e+00 1.893721853916799803e-03
8.662412907130175199e+00 1.897385185410301826e-03
8.672412907130174986e+00 1.901084852638106320e-03
8.682412907130174773e+00 1.904814849880812760e-03
8.692412907130174560e+00 1.908552660821386752e-03
8.702412907130174347e+00 1.912298310901029523e-03
8.712412907130174133e+00 1.916051831294834180e-03
8.722412907130173920e+00 1.919813374718766464e-03
8.732412907130173707e+00 1.923583024079982126e-03
8.742412907130173494e+00 1.927360818379447033e-03
8.752412907130173281e+00 1.931166691507294137e-03
8.762412907130173068e+00 1.935006435079142167e-03
8.772412907130172854e+00 1.938854524796117425e-03
8.782412907130172641e+00 1.942710990055417910e-03
8.792412907130172428e+00 1.946575865245267663e-03
8.802412907130172215e+00 1.950449317662167770e-03
8.812412907130172002e+00 1.954331442785516709e-03
8.822412907130171789e+00 1.958222284916889908e-03
8.832412907130171575e+00 1.962144395835777651e-03
8.842412907130171362e+00 1.966091697892519922e-03
8.852412907130171149e+00 1.970047920454576218e-03
8.862412907130170936e+00 1.974013096535840676e-03
8.872412907130170723e+00 1.977987285428453937e-03
8.882412907130170510e+00 1.981970687294502560e-03
8.892412907130170296e+00 1.985963378487865926e-03
8.902412907130170083e+00 1.989965408234796018e-03
8.912412907130169870e+00 1.994007428036224418e-03
8.922412907130169657e+00 1.998059628924608085e-03
8.932412907130169444e+00 2.002121369531955318e-03
8.942412907130169231e+00 2.006192685866025390e-03
8.952412907130169017e+00 2.010273736242347824e-03
8.962412907130168804e+00 2.014364689319266422e-03
8.972412907130168591e+00 2.018465602321223816e-03
8.982412907130168378e+00 2.022590784670651263e-03
8.992412907130168165e+00 2.026734603194073770e-03
9.002412907130167952e+00 2.030888585709074348e-03
9.012412907130167739e+00 2.035052773990867359e-03
9.022412907130167525e+00 2.039227282708993595e-03
9.032412907130167312e+00 2.043412345672936982e-03
9.042412907130167099e+00 2.047608035385088329e-03
9.052412907130166886e+00 2.051821288648843656e-03
9.062412907130166673e+00 2.056051789321078262e-03
9.072412907130166460e+00 2.060293119092461087e-03
9.082412907130166246e+00 2.064545325145425003e-03
9.092412907130166033e+00 2.068808531384103058e-03
9.102412907130165820e+00 2.073082998679920842e-03
9.112412907130165607e+00 2.077368808909878760e-03
9.122412907130165394e+00 2.081667936905335151e-03
9.132412907130165181e+00 2.085979621492027505e-03
9.142412907130164967e+00 2.090302843267953341e-03
9.152412907130164754e+00 2.094637654039182943e-03
9.162412907130164541e+00 2.098984251709325177e-03
9.172412907130164328e+00 2.103342881558994439e-03
9.182412907130164115e+00 2.107713622932919865e-03
9.192412907130163902e+00 2.112088286036024540e-03
9.202412907130163688e+00 2.116475105313131086e-03
9.212412907130163475e+00 2.120874213820791391e-03
9.222412907130163262e+00 2.125285695710727504e-03
9.232412907130163049e+00 2.129709877372182314e-03
9.242412907130162836e+00 2.134146909202572998e-03
9.252412907130162623e+00 2.138585229524846316e-03
9.262412907130162409e+00 2.143027573370715963e-03
9.272412907130162196e+00 2.147482938193702451e-03
9.282412907130161983e+00 2.151951388255229219e-03
9.292412907130161770e+00 2.156433207036974505e-03
9.302412907130161557e+00 2.160928654697970210e-03
9.312412907130161344e+00 2.165425807580429081e-03
9.322412907130161130e+00 2.169914955663415808e-03
9.332412907130160917e+00 2.174417888512443844e-03
9.342412907130160704e+00 2.178934676784087966e-03
9.352412907130160491e+00 2.183465581949732212e-03
9.362412907130160278e+00 2.188010935958383495e-03
9.372412907130160065e+00 2.192553791388762111e-03
9.382412907130159851e+00 2.197080375050750999e-03
9.392412907130159638e+00 2.201621538750434415e-03
9.402412907130159425e+00 2.206177359578928836e-03
9.412412907130159212e+00 2.210748166354697605e-03
9.422412907130158999e+00 2.215334285393733612e-03
9.432412907130158786e+00 2.219900549715388138e-03
9.442412907130158572e+00 2.224454546748426322e-03
9.452412907130158359e+00 2.229023947600678162e-03
9.462412907130158146e+00 2.233608861072260143e-03
9.472412907130157933e+00 2.238209750604438966e-03
9.482412907130157720e+00 2.242826855160621417e-03
9.492412907130157507e+00 2.247384232642295893e-03
9.502412907130157294e+00 2.251954947678622664e-03
9.512412907130157080e+00 2.256541913200848636e-03
9.522412907130156867e+00 2.261145404681275898e-03
9.532412907130156654e+00 2.265765907875113509e-03
9.542412907130156441e+00 2.270349914908785949e-03
9.552412907130156228e+00 2.274908924008612644e-03
9.562412907130156015e+00 2.279484951869464350e-03
9.572412907130155801e+00 2.284078166818488426e-03
9.582412907130155588e+00 2.288689143509809072e-03
9.592412907130155375e+00 2.293278863182974473e-03
9.602412907130155162e+00 2.297812175853356387e-03
9.612412907130154949e+00 2.302363274539110174e-03
9.622412907130154736e+00 2.306932305189541860e-03
9.632412907130154522e+00 2.311519876960857391e-03
9.642412907130154309e+00 2.316084937425985733e-03
9.652412907130154096e+00 2.320578184110292340e-03
9.662412907130153883e+00 2.325089961104014318e-03
9.672412907130153670e+00 2.329620431425826182e-03
9.682412907130153457e+00 2.334170261363350662e-03
9.692412907130153243e+00 2.338670399162163550e-03
9.702412907130153030e+00 2.343108321862574783e-03
9.712412907130152817e+00 2.347565504537617656e-03
9.722412907130152604e+00 2.352042218645759419e-03
9.732412907130152391e+00 2.356539178910387316e-03
9.742412907130152178e+00 2.360922680227978219e-03
9.752412907130151964e+00 2.365287976610400827e-03
9.762412907130151751e+00 2.369673210237615603e-03
9.772412907130151538e+00 2.374078956379192373e-03
9.782412907130151325e+00 2.378454516049455236e-03
9.792412907130151112e+00 2.382708944477320012e-03
9.802412907130150899e+00 2.386983805725844190e-03
9.812412907130150685e+00 2.391279380687677189e-03
9.822412907130150472e+00 2.395596487304245837e-03
9.832412907130150259e+00 2.399738418817491756e-03
9.842412907130150046e+00 2.403883169388502678e-03
9.852412907130149833e+00 2.408048926517003616e-03
9.862412907130149620e+00 2.412236521344441036e-03
9.872412907130149406e+00 2.416273613739352774e-03
9.882412907130149193e+00 2.420266545159489077e-03
9.892412907130148980e+00 2.424280736118067554e-03
9.902412907130148767e+00 2.428316997549477291e-03
9.912412907130148554e+00 2.432195278370961108e-03
9.922412907130148341e+00 2.436013366000644616e-03
9.932412907130148128e+00 2.439852849908302323e-03
9.942412907130147914e+00 2.443714592137407292e-03
9.952412907130147701e+00 2.447368761923722578e-03
9.962412907130147488e+00 2.450987227977502719e-03
9.972412907130147275e+00 2.454627093801451873e-03
9.982412907130147062e+00 2.458270712609506373e-03
9.992412907130146849e+00 2.461641842084104359e-03
1.000241290713014664e+01 2.465033850704318342e-03
1.001241290713014642e+01 2.468447176727760380e-03
1.002241290713014621e+01 2.471726792841764941e-03
1.003241290713014600e+01 2.474842793492708706e-03
1.004241290713014578e+01 2.477979110269572065e-03
1.005241290713014557e+01 2.481136617124079808e-03
1.006241290713014536e+01 2.483948941136935023e-03
1.007241290713014514e+01 2.486778020961075576e-03
1.008241290713014493e+01 2.489626828409204507e-03
1.009241290713014472e+01 2.492233020650599668e-03
1.010241290713014450e+01 2.494722147430424204e-03
1.011241290713014429e+01 2.497229335917973241e-03
1.012241290713014408e+01 2.499560108887262117e-03
1.013241290713014386e+01 2.501673943603515034e-03
1.014241290713014365e+01 2.503803835596067791e-03
1.015241290713014344e+01 2.505778150251447740e-03
1.016241290713014322e+01 2.507478356569325766e-03
1.017241290713014301e+01 2.509192123698973306e-03
1.018241290713014280e+01 2.510716192222885688e-03
1.019241290713014259e+01 2.511960963520876080e-03
1.020241290713014237e+01 2.513216185391406194e-03
1.021241290713014216e+01 2.514182306725551430e-03
1.022241290713014195e+01 2.514925818144484772e-03
1.023241290713014173e+01 2.515675930778911613e-03
1.024241290713014152e+01 2.515961144612828809e-03
1.025241290713014131e+01 2.516152919519384044e-03
1.026241290713014109e+01 2.516222915636253700e-03
1.027241290713014088e+01 2.515811063727207714e-03
1.028241290713014067e+01 2.515395240693169953e-03
1.029241290713014045e+01 2.514535608844004760e-03
1.030241290713014024e+01 2.513461043499920500e-03
1.031241290713014003e+01 2.512197982570257230e-03
1.032241290713013981e+01 2.510411506393782528e-03
1.033241290713013960e+01 2.508605964634880343e-03
1.034241290713013939e+01 2.506099533751814795e-03
1.035241290713013917e+01 2.503515996429407729e-03
1.036241290713013896e+01 2.500330589975089009e-03
1.037241290713013875e+01 2.496861272196969350e-03
1.038241290713013854e+01 2.492909239897070275e-03
1.039241290713013832e+01 2.488554841772463826e-03
1.040241290713013811e+01 2.483769349965488267e-03
1.041241290713013790e+01 2.478541335799381261e-03
1.042241290713013768e+01 2.472730078087725762e-03
1.043241290713013747e+01 2.466369257507268486e-03
1.044241290713013726e+01 2.459277588379093007e-03
1.045241290713013704e+01 2.451703032321251533e-03
1.046241290713013683e+01 2.443241286693206577e-03
1.047241290713013662e+01 2.434406344106272192e-03
1.048241290713013640e+01 2.424441108059613176e-03
1.049241290713013619e+01 2.413898758158104698e-03
1.050241290713013598e+01 2.402506713141443467e-03
1.051241290713013576e+01 2.390032808516765958e-03
1.052241290713013555e+01 2.376817662138559946e-03
1.053241290713013534e+01 2.362450655448685224e-03
1.054241290713013512e+01 2.346901012151183467e-03
1.055241290713013491e+01 2.330345203631213613e-03
1.056241290713013470e+01 2.312612622983871002e-03
1.057241290713013449e+01 2.294502431693967379e-03
1.058241290713013427e+01 2.274652385391307246e-03
1.059241290713013406e+01 2.251959325473264651e-03
1.060241290713013385e+01 2.226165932483180517e-03
1.061241290713013363e+01 2.200500319928508797e-03
1.062241290713013342e+01 2.174629806035110156e-03
1.063241290713013321e+01 2.145752601201673850e-03
1.064241290713013299e+01 2.114739443158989568e-03
1.065241290713013278e+01 2.076704290406512169e-03
1.066241290713013257e+01 2.038112452705335802e-03
1.067241290713013235e+01 2.010158261672330676e-03
1.068241290713013214e+01 1.973667192316141874e-03
1.069241290713013193e+01 1.925437185767549676e-03
1.070241290713013171e+01 1.880345683437266912e-03
1.071241290713013150e+01 1.832779328713992966e-03
1.072241290713013129e+01 1.782776501358350040e-03
1.073241290713013107e+01 1.730258510854145153e-03
1.074241290713013086e+01 1.675431791233321062e-03
1.075241290713013065e+01 1.618525746821024942e-03
1.076241290713013044e+01 1.559751701427727595e-03
1.077241290713013022e+01 1.499516205472332725e-03
1.078241290713013001e+01 1.438281126050951165e-03
1.079241290713012980e+01 1.376574596567748309e-03
1.080241290713012958e+01 1.315097016996686925e-03
1.081241290713012937e+01 1.254549675381334611e-03
1.082241290713012916e+01 0.000000000000000000e+00
1.083241290713012894e+01 0.000000000000000000e+00
1.084241290713012873e+01 0.000000000000000000e+00
1.085241290713012852e+01 0.000000000000000000e+00
1.086241290713012830e+01 0.000000000000000000e+00
1.087241290713012809e+01 0.000000000000000000e+00
1.088241290713012788e+01 0.000000000000000000e+00
1.089241290713012766e+01 0.000000000000000000e+00
1.090241290713012745e+01 0.000000000000000000e+00
1.091241290713012724e+01 0.000000000000000000e+00
1.092241290713012702e+01 0.000000000000000000e+00
1.093241290713012681e+01 0.000000000000000000e+00
1.094241290713012660e+01 0.000000000000000000e+00
1.095241290713012638e+01 0.000000000000000000e+00
1.096241290713012617e+01 0.000000000000000000e+00
1.097241290713012596e+01 0.000000000000000000e+00
1.098241290713012575e+01 0.000000000000000000e+00
1.099241290713012553e+01 0.000000000000000000e+00
1.100241290713012532e+01 0.000000000000000000e+00
1.101241290713012511e+01 0.000000000000000000e+00
1.102241290713012489e+01 0.000000000000000000e+00
1.103241290713012468e+01 0.000000000000000000e+00
1.104241290713012447e+01 0.000000000000000000e+00
1.105241290713012425e+01 0.000000000000000000e+00
1.106241290713012404e+01 0.000000000000000000e+00
1.107241290713012383e+01 0.000000000000000000e+00
1.108241290713012361e+01 0.000000000000000000e+00
1.109241290713012340e+01 0.000000000000000000e+00
1.110241290713012319e+01 0.000000000000000000e+00
1.111241290713012297e+01 0.000000000000000000e+00
1.112241290713012276e+01 0.000000000000000000e+00
1.113241290713012255e+01 0.000000000000000000e+00
1.114241290713012233e+01 0.000000000000000000e+00
1.115241290713012212e+01 0.000000000000000000e+00
1.116241290713012191e+01 0.000000000000000000e+00
1.117241290713012170e+01 0.000000000000000000e+00
1.118241290713012148e+01 0.000000000000000000e+00
1.119241290713012127e+01 0.000000000000000000e+00
1.120241290713012106e+01 0.000000000000000000e+00
1.121241290713012084e+01 0.000000000000000000e+00
1.122241290713012063e+01 0.000000000000000000e+00
1.123241290713012042e+01 0.000000000000000000e+00
1.124241290713012020e+01 0.000000000000000000e+00
1.125241290713011999e+01 0.000000000000000000e+00
1.126241290713011978e+01 0.000000000000000000e+00
1.127241290713011956e+01 0.000000000000000000e+00
1.128241290713011935e+01 0.000000000000000000e+00
1.129241290713011914e+01 0.000000000000000000e+00
1.130241290713011892e+01 0.000000000000000000e+00
1.131241290713011871e+01 0.000000000000000000e+00
1.132241290713011850e+01 0.000000000000000000e+00
1.133241290713011828e+01 0.000000000000000000e+00
1.134241290713011807e+01 0.000000000000000000e+00
1.135241290713011786e+01 0.000000000000000000e+00
1.136241290713011765e+01 0.000000000000000000e+00
1.137241290713011743e+01 0.000000000000000000e+00
1.138241290713011722e+01 0.000000000000000000e+00
1.139241290713011701e+01 0.000000000000000000e+00
1.140241290713011679e+01 0.000000000000000000e+00
1.141241290713011658e+01 0.000000000000000000e+00
1.142241290713011637e+01 0.000000000000000000e+00
1.143241290713011615e+01 0.000000000000000000e+00
1.144241290713011594e+01 0.000000000000000000e+00
1.145241290713011573e+01 0.000000000000000000e+00
1.146241290713011551e+01 0.000000000000000000e+00
1.147241290713011530e+01 0.000000000000000000e+00
1.148241290713011509e+01 0.000000000000000000e+00
1.149241290713011487e+01 0.000000000000000000e+00
1.150241290713011466e+01 0.000000000000000000e+00
1.151241290713011445e+01 0.000000000000000000e+00
1.152241290713011423e+01 0.000000000000000000e+00
1.153241290713011402e+01 0.000000000000000000e+00
1.154241290713011381e+01 0.000000000000000000e+00
1.155241290713011360e+01 0.000000000000000000e+00
1.156241290713011338e+01 0.000000000000000000e+00
1.157241290713011317e+01 0.000000000000000000e+00
1.158241290713011296e+01 0.000000000000000000e+00
1.159241290713011274e+01 0.000000000000000000e+00
1.160241290713011253e+01 0.000000000000000000e+00
1.161241290713011232e+01 0.000000000000000000e+00
1.162241290713011210e+01 0.000000000000000000e+00
1.163241290713011189e+01 0.000000000000000000e+00
1.164241290713011168e+01 0.000000000000000000e+00
1.165241290713011146e+01 0.000000000000000000e+00
1.166241290713011125e+01 0.000000000000000000e+00
1.167241290713011104e+01 0.000000000000000000e+00
1.168241290713011082e+01 0.000000000000000000e+00
1.169241290713011061e+01 0.000000000000000000e+00
1.170241290713011040e+01 0.000000000000000000e+00
1.171241290713011018e+01 0.000000000000000000e+00
1.172241290713010997e+01 0.000000000000000000e+00
1.173241290713010976e+01 0.000000000000000000e+00
1.174241290713010955e+01 0.000000000000000000e+00
1.175241290713010933e+01 0.000000000000000000e+00
1.176241290713010912e+01 0.000000000000000000e+00
1.177241290713010891e+01 0.000000000000000000e+00
1.178241290713010869e+01 0.000000000000000000e+00
1.179241290713010848e+01 0.000000000000000000e+00
1.180241290713010827e+01 0.000000000000000000e+00
1.181241290713010805e+01 0.000000000000000000e+00
1.182241290713010784e+01 0.000000000000000000e+00
1.183241290713010763e+01 0.000000000000000000e+00
1.184241290713010741e+01 0.000000000000000000e+00
1.185241290713010720e+01 0.000000000000000000e+00
1.186241290713010699e+01 0.000000000000000000e+00
1.187241290713010677e+01 0.000000000000000000e+00
1.187734922656821723e+01 0.000000000000000000e+00
