1.000000000000000021e-03 1.187195959567537672e-03
2.412411329832898129e-03 1.187195996190804808e-03
1.241241132983289877e-02 1.187197122672204288e-03
2.241241132983289724e-02 1.187199768876953752e-03
3.241241132983289919e-02 1.187203934805210409e-03
4.241241132983290113e-02 1.187209620457228181e-03
5.241241132983290307e-02 1.187216825833351625e-03
6.241241132983290502e-02 1.187225550934020929e-03
7.241241132983290696e-02 1.187235795759766918e-03
8.241241132983290196e-02 1.187247560311212573e-03
9.241241132983289697e-02 1.187260844589074337e-03
1.024124113298328920e-01 1.187275648594161024e-03
1.124124113298328870e-01 1.187291972327372954e-03
1.224124113298328820e-01 1.187309815789703909e-03
1.324124113298328909e-01 1.187329178982239391e-03
1.424124113298328997e-01 1.187350061906157061e-03
1.524124113298329086e-01 1.187372464562727820e-03
1.624124113298329175e-01 1.187396386953313426e-03
1.724124113298329264e-01 1.187421829079368446e-03
1.824124113298329353e-01 1.187448790942440035e-03
1.924124113298329442e-01 1.187477272544167290e-03
2.024124113298329530e-01 1.187507273886279947e-03
2.124124113298329619e-01 1.187538794970601419e-03
2.224124113298329708e-01 1.187571835799046405e-03
2.324124113298329797e-01 1.187606396373620679e-03
2.424124113298329886e-01 1.187642476696423475e-03
2.524124113298329974e-01 1.187680076769643362e-03
2.624124113298330063e-01 1.187719196595562804e-03
2.724124113298330152e-01 1.187759836176553816e-03
2.824124113298330241e-01 1.187801995515081008e-03
2.924124113298330330e-01 1.187845674613699628e-03
3.024124113298330419e-01 1.187890873475056864e-03
3.124124113298330507e-01 1.187937592101890108e-03
3.224124113298330596e-01 1.187985830497027828e-03
3.324124113298330685e-01 1.188035588663390214e-03
3.424124113298330774e-01 1.188086866603986795e-03
3.524124113298330863e-01 1.188139664321918821e-03
3.624124113298330951e-01 1.188193981820377535e-03
3.724124113298331040e-01 1.188249819102644815e-03
3.824124113298331129e-01 1.188307176172091230e-03
3.924124113298331218e-01 1.188366053032179721e-03
4.024124113298331307e-01 1.188426449686460834e-03
4.124124113298331396e-01 1.188488366138576186e-03
4.224124113298331484e-01 1.188551802392256085e-03
4.324124113298331573e-01 1.188616758451320607e-03
4.424124113298331662e-01 1.188683234319678301e-03
4.524124113298331751e-01 1.188751230001327056e-03
4.624124113298331840e-01 1.188820745500353228e-03
4.724124113298331928e-01 1.188891780820932080e-03
4.824124113298332017e-01 1.188964335967325828e-03
4.924124113298332106e-01 1.189038410943886242e-03
5.024124113298331640e-01 1.189114005755051613e-03
5.124124113298331729e-01 1.189191120405348485e-03
5.224124113298331817e-01 1.189269754899389703e-03
5.324124113298331906e-01 1.189349909241875503e-03
5.424124113298331995e-01 1.189431583437593068e-03
5.524124113298332084e-01 1.189514777491415022e-03
5.624124113298332173e-01 1.189599491408301372e-03
5.724124113298332261e-01 1.189685725193296044e-03
5.824124113298332350e-01 1.189773478851529048e-03
5.924124113298332439e-01 1.189862752388216264e-03
6.024124113298332528e-01 1.189953545808657056e-03
6.124124113298332617e-01 1.190045859118234704e-03
6.224124113298332706e-01 1.190139692322418142e-03
6.324124113298332794e-01 1.190235045426757832e-03
6.424124113298332883e-01 1.190331918436887942e-03
6.524124113298332972e-01 1.190430311358526335e-03
6.624124113298333061e-01 1.190530224197471326e-03
6.724124113298333150e-01 1.190631656959603409e-03
6.824124113298333238e-01 1.190734609650885263e-03
6.924124113298333327e-01 1.190839082277359582e-03
7.024124113298333416e-01 1.190945074845148419e-03
7.124124113298333505e-01 1.191052587360456015e-03
7.224124113298333594e-01 1.191161619829562285e-03
7.324124113298333683e-01 1.191272172258829760e-03
7.424124113298333771e-01 1.191384244654695350e-03
7.524124113298333860e-01 1.191497837023675977e-03
7.624124113298333949e-01 1.191612949372363806e-03
7.724124113298334038e-01 1.191729581707428199e-03
7.824124113298334127e-01 1.191847734035613544e-03
7.924124113298334215e-01 1.191967406363739473e-03
8.024124113298334304e-01 1.192090152329678852e-03
8.124124113298334393e-01 1.192215110960807758e-03
8.224124113298334482e-01 1.192341617613627315e-03
8.324124113298334571e-01 1.192469672302531826e-03
8.424124113298334660e-01 1.192599275042115084e-03
8.524124113298334748e-01 1.192730425847169078e-03
8.624124113298334837e-01 1.192863124732686155e-03
8.724124113298334926e-01 1.192997371713858806e-03
8.824124113298335015e-01 1.193133166806081185e-03
8.924124113298335104e-01 1.193270510024947153e-03
9.024124113298335192e-01 1.193409401386253755e-03
9.124124113298335281e-01 1.193549840905999042e-03
9.224124113298335370e-01 1.193691828600384900e-03
9.324124113298335459e-01 1.193835364485815956e-03
9.424124113298335548e-01 1.193980448578900672e-03
9.524124113298335637e-01 1.194127080896450685e-03
9.624124113298335725e-01 1.194275261455483199e-03
9.724124113298335814e-01 1.194424990273219465e-03
9.824124113298335903e-01 1.194576267367086298e-03
9.924124113298335992e-01 1.194729092754716077e-03
1.002412411329833608e+00 1.194883466453946531e-03
1.012412411329833617e+00 1.195039388482822687e-03
1.022412411329833626e+00 1.195196858859594704e-03
1.032412411329833635e+00 1.195355877602720255e-03
1.042412411329833644e+00 1.195516444730864098e-03
1.052412411329833652e+00 1.195678560262898290e-03
1.062412411329833661e+00 1.195842224217901970e-03
1.072412411329833670e+00 1.196007436615162010e-03
1.082412411329833679e+00 1.196174197474173017e-03
1.092412411329833688e+00 1.196342506814638412e-03
1.102412411329833697e+00 1.196512364656468486e-03
1.112412411329833706e+00 1.196683771019782343e-03
1.122412411329833715e+00 1.196856725924907473e-03
1.132412411329833724e+00 1.197031229392379534e-03
1.142412411329833732e+00 1.197207281442941480e-03
1.152412411329833741e+00 1.197384882097546170e-03
1.162412411329833750e+00 1.197564031377353327e-03
1.172412411329833759e+00 1.197744729303731924e-03
1.182412411329833768e+00 1.197926975898257586e-03
1.192412411329833777e+00 1.198110771182715186e-03
1.202412411329833786e+00 1.198296115179096682e-03
1.212412411329833795e+00 1.198483007909601113e-03
1.222412411329833803e+00 1.198671449396635467e-03
1.232412411329833812e+00 1.198861439662813385e-03
1.242412411329833821e+00 1.199052978730955369e-03
1.252412411329833830e+00 1.199246066624087923e-03
1.262412411329833839e+00 1.199440703365443114e-03
1.272412411329833848e+00 1.199636888978460525e-03
1.282412411329833857e+00 1.199834623486782052e-03
1.292412411329833866e+00 1.200033906914256022e-03
1.302412411329833875e+00 1.200234739284933945e-03
1.312412411329833883e+00 1.200437120623070938e-03
1.322412411329833892e+00 1.200641050953125738e-03
1.332412411329833901e+00 1.200846530299757653e-03
1.342412411329833910e+00 1.201053558687828959e-03
1.352412411329833919e+00 1.201262136142401639e-03
1.362412411329833928e+00 1.201472262688737819e-03
1.372412411329833937e+00 1.201683938352299556e-03
1.382412411329833946e+00 1.201897163158745360e-03
1.392412411329833954e+00 1.202111937133932803e-03
1.402412411329833963e+00 1.202328260303914178e-03
1.412412411329833972e+00 1.202546132694938021e-03
1.422412411329833981e+00 1.202765554333447371e-03
1.432412411329833990e+00 1.202986525246076957e-03
1.442412411329833999e+00 1.203209045459653842e-03
1.452412411329834008e+00 1.203433115001196563e-03
1.462412411329834017e+00 1.203658733897911655e-03
1.472412411329834026e+00 1.203885902177194954e-03
1.482412411329834034e+00 1.204114619866628131e-03
1.492412411329834043e+00 1.204344886993977603e-03
1.502412411329834052e+00 1.204576703587194320e-03
1.512412411329834061e+00 1.204810069674410724e-03
1.522412411329834070e+00 1.205044985283939890e-03
1.532412411329834079e+00 1.205281450444273999e-03
1.542412411329834088e+00 1.205519465184081524e-03
1.552412411329834097e+00 1.205759029532206365e-03
1.562412411329834105e+00 1.206000143517666108e-03
1.572412411329834114e+00 1.206242807169649644e-03
1.582412411329834123e+00 1.206487020517515432e-03
1.592412411329834132e+00 1.206732783590788683e-03
1.602412411329834141e+00 1.206980096419160708e-03
1.612412411329834150e+00 1.207228959032485447e-03
1.622412411329834159e+00 1.207479371460777520e-03
1.632412411329834168e+00 1.207731333734210922e-03
1.642412411329834176e+00 1.207984845883114692e-03
1.652412411329834185e+00 1.208239907937972042e-03
1.662412411329834194e+00 1.208496519929417538e-03
1.672412411329834203e+00 1.208754681888234064e-03
1.682412411329834212e+00 1.209014393845350439e-03
1.692412411329834221e+00 1.209275655831838596e-03
1.702412411329834230e+00 1.209538467878910548e-03
1.712412411329834239e+00 1.209802830017916650e-03
1.722412411329834248e+00 1.210068742280340183e-03
1.732412411329834256e+00 1.210336204697797348e-03
1.742412411329834265e+00 1.210605217302032502e-03
1.752412411329834274e+00 1.210875780124913599e-03
1.762412411329834283e+00 1.211147893198432192e-03
1.772412411329834292e+00 1.211421556554697146e-03
1.782412411329834301e+00 1.211696770225933551e-03
1.792412411329834310e+00 1.211973534244476652e-03
1.802412411329834319e+00 1.212251848642770550e-03
1.812412411329834327e+00 1.212531713453362994e-03
1.822412411329834336e+00 1.212813128708902346e-03
1.832412411329834345e+00 1.213096094442134548e-03
1.842412411329834354e+00 1.213380610685896180e-03
1.852412411329834363e+00 1.213666677473114030e-03
1.862412411329834372e+00 1.213954294836798583e-03
1.872412411329834381e+00 1.214243462810041859e-03
1.882412411329834390e+00 1.214534181426010035e-03
1.892412411329834399e+00 1.214826450717941932e-03
1.902412411329834407e+00 1.215120270719143806e-03
1.912412411329834416e+00 1.215415641462983063e-03
1.922412411329834425e+00 1.215712562982886524e-03
1.932412411329834434e+00 1.216011035312333918e-03
1.942412411329834443e+00 1.216311058484852246e-03
1.952412411329834452e+00 1.216612632534012093e-03
1.962412411329834461e+00 1.216915757493423076e-03
1.972412411329834470e+00 1.217220433396726904e-03
1.982412411329834478e+00 1.217526660277594344e-03
1.992412411329834487e+00 1.217834438169716977e-03
2.002412411329834274e+00 1.218143767106804600e-03
2.012412411329834061e+00 1.218454647122578722e-03
2.022412411329833848e+00 1.218767078250765617e-03
2.032412411329833635e+00 1.219081060525092864e-03
2.042412411329833422e+00 1.219396593979280453e-03
2.052412411329833208e+00 1.219713678647039046e-03
2.062412411329832995e+00 1.220032314562059144e-03
2.072412411329832782e+00 1.220352501758008908e-03
2.082412411329832569e+00 1.220674240268524629e-03
2.092412411329832356e+00 1.220997530127207681e-03
2.102412411329832143e+00 1.221322371367614774e-03
2.112412411329831929e+00 1.221648764023252742e-03
2.122412411329831716e+00 1.221980890295454227e-03
2.132412411329831503e+00 1.222316216977364879e-03
2.142412411329831290e+00 1.222653123980972168e-03
2.152412411329831077e+00 1.222991611370856813e-03
2.162412411329830864e+00 1.223331679211907665e-03
2.172412411329830650e+00 1.223673327569315631e-03
2.182412411329830437e+00 1.224016556508569775e-03
2.192412411329830224e+00 1.224361366095450595e-03
2.202412411329830011e+00 1.224707756396027419e-03
2.212412411329829798e+00 1.225055727476649734e-03
2.222412411329829585e+00 1.225405279403943932e-03
2.232412411329829371e+00 1.225756412244807672e-03
2.242412411329829158e+00 1.226109126066403160e-03
2.252412411329828945e+00 1.226463420936150638e-03
2.262412411329828732e+00 1.226819296921724273e-03
2.272412411329828519e+00 1.227176754091045645e-03
2.282412411329828306e+00 1.227535792512274206e-03
2.292412411329828092e+00 1.227896412253806418e-03
2.302412411329827879e+00 1.228258613384263821e-03
2.312412411329827666e+00 1.228622395972489133e-03
2.322412411329827453e+00 1.228987760087539528e-03
2.332412411329827240e+00 1.229354705798677743e-03
2.342412411329827027e+00 1.229723233175366659e-03
2.352412411329826813e+00 1.230093342287261280e-03
2.362412411329826600e+00 1.230465033204200921e-03
2.372412411329826387e+00 1.230838305996202493e-03
2.382412411329826174e+00 1.231213160733451604e-03
2.392412411329825961e+00 1.231589597486295413e-03
2.402412411329825748e+00 1.231967616325234816e-03
2.412412411329825535e+00 1.232347217320915777e-03
2.422412411329825321e+00 1.232728400544119782e-03
2.432412411329825108e+00 1.233111166065758426e-03
2.442412411329824895e+00 1.233495513956861045e-03
2.452412411329824682e+00 1.233881444288568432e-03
2.462412411329824469e+00 1.234268957132123295e-03
2.472412411329824256e+00 1.234658052558860282e-03
2.482412411329824042e+00 1.235048730640197524e-03
2.492412411329823829e+00 1.235440991447626447e-03
2.502412411329823616e+00 1.235834835052703091e-03
2.512412411329823403e+00 1.236230261527037711e-03
2.522412411329823190e+00 1.236627270942284142e-03
2.532412411329822977e+00 1.237025863370130483e-03
2.542412411329822763e+00 1.237426038882290420e-03
2.552412411329822550e+00 1.237827797550488263e-03
2.562412411329822337e+00 1.238231139446452442e-03
2.572412411329822124e+00 1.238636064641904233e-03
2.582412411329821911e+00 1.239042573208544093e-03
2.592412411329821698e+00 1.239450665218043207e-03
2.602412411329821484e+00 1.239860340742031343e-03
2.612412411329821271e+00 1.240271599852084492e-03
2.622412411329821058e+00 1.240684442619715546e-03
2.632412411329820845e+00 1.241098869116359334e-03
2.642412411329820632e+00 1.241514879413362429e-03
2.652412411329820419e+00 1.241932473581971227e-03
2.662412411329820205e+00 1.242351651693318930e-03
2.672412411329819992e+00 1.242772413818412757e-03
2.682412411329819779e+00 1.243194760028122018e-03
2.692412411329819566e+00 1.243618690393164016e-03
2.702412411329819353e+00 1.244044204984092123e-03
2.712412411329819140e+00 1.244471303871282552e-03
2.722412411329818926e+00 1.244899987124919397e-03
2.732412411329818713e+00 1.245330254814982270e-03
2.742412411329818500e+00 1.245762107011232642e-03
2.752412411329818287e+00 1.246195543783199314e-03
2.762412411329818074e+00 1.246630565200163672e-03
2.772412411329817861e+00 1.247067171331146676e-03
2.782412411329817647e+00 1.247505362244892601e-03
2.792412411329817434e+00 1.247945138009856018e-03
2.802412411329817221e+00 1.248386498694185540e-03
2.812412411329817008e+00 1.248829444365708420e-03
2.822412411329816795e+00 1.249273975091917980e-03
2.832412411329816582e+00 1.249720090939953438e-03
2.842412411329816369e+00 1.250167791976588422e-03
2.852412411329816155e+00 1.250617078268212315e-03
2.862412411329815942e+00 1.251067949880816385e-03
2.872412411329815729e+00 1.251521045290635622e-03
2.882412411329815516e+00 1.251982896512159656e-03
2.892412411329815303e+00 1.252446363215509693e-03
2.902412411329815090e+00 1.252911445525499087e-03
2.912412411329814876e+00 1.253378143567102304e-03
2.922412411329814663e+00 1.253846457465438661e-03
2.932412411329814450e+00 1.254316387345757143e-03
2.942412411329814237e+00 1.254787933333420145e-03
2.952412411329814024e+00 1.255261095553888290e-03
2.962412411329813811e+00 1.255735874132703298e-03
2.972412411329813597e+00 1.256212269195471076e-03
2.982412411329813384e+00 1.256690280867845885e-03
2.992412411329813171e+00 1.257169909275512127e-03
3.002412411329812958e+00 1.257651154544168082e-03
3.012412411329812745e+00 1.258134016799508127e-03
3.022412411329812532e+00 1.258618496167204304e-03
3.032412411329812318e+00 1.259104592772888756e-03
3.042412411329812105e+00 1.259592306742135081e-03
3.052412411329811892e+00 1.260081638200440980e-03
3.062412411329811679e+00 1.260572587273207880e-03
3.072412411329811466e+00 1.261065154085722713e-03
3.082412411329811253e+00 1.261559338763139707e-03
3.092412411329811039e+00 1.262055141430458265e-03
3.102412411329810826e+00 1.262552562212504968e-03
3.112412411329810613e+00 1.263051601233913844e-03
3.122412411329810400e+00 1.263552258619105549e-03
3.132412411329810187e+00 1.264054534492266768e-03
3.142412411329809974e+00 1.264558428977328964e-03
3.152412411329809760e+00 1.265063942197948432e-03
3.162412411329809547e+00 1.265571074277483960e-03
3.172412411329809334e+00 1.266079825338976882e-03
3.182412411329809121e+00 1.266590195505127008e-03
3.192412411329808908e+00 1.267102184898272676e-03
3.202412411329808695e+00 1.267615793640366898e-03
3.212412411329808481e+00 1.268131021852955675e-03
3.222412411329808268e+00 1.268647869657155017e-03
3.232412411329808055e+00 1.269166337173628385e-03
3.242412411329807842e+00 1.269686424522561106e-03
3.252412411329807629e+00 1.270208131823640429e-03
3.262412411329807416e+00 1.270731459196027978e-03
3.272412411329807203e+00 1.271256406758337638e-03
3.282412411329806989e+00 1.271782974628611488e-03
3.292412411329806776e+00 1.272311162924293559e-03
3.302412411329806563e+00 1.272840971762206203e-03
3.312412411329806350e+00 1.273372401258524933e-03
3.322412411329806137e+00 1.273905451528751110e-03
3.332412411329805924e+00 1.274440122687689166e-03
3.342412411329805710e+00 1.274976414849417986e-03
3.352412411329805497e+00 1.275514328127266405e-03
3.362412411329805284e+00 1.276053862633785233e-03
3.372412411329805071e+00 1.276595018480721671e-03
3.382412411329804858e+00 1.277137795778991768e-03
3.392412411329804645e+00 1.277682194638653321e-03
3.402412411329804431e+00 1.278228215168877684e-03
3.412412411329804218e+00 1.278775857477921574e-03
3.422412411329804005e+00 1.279325121673101275e-03
3.432412411329803792e+00 1.279876007860761408e-03
3.442412411329803579e+00 1.280428516146247392e-03
3.452412411329803366e+00 1.280982646633875956e-03
3.462412411329803152e+00 1.281543812676861575e-03
3.472412411329802939e+00 1.282110608256444061e-03
3.482412411329802726e+00 1.282679058081844566e-03
3.492412411329802513e+00 1.283249162349558471e-03
3.502412411329802300e+00 1.283820921255761100e-03
3.512412411329802087e+00 1.284394334996276062e-03
3.522412411329801873e+00 1.284969403766545327e-03
3.532412411329801660e+00 1.285546127761597783e-03
3.542412411329801447e+00 1.286124507176017798e-03
3.552412411329801234e+00 1.286704542203914638e-03
3.562412411329801021e+00 1.287286233038888866e-03
3.572412411329800808e+00 1.287869579874001543e-03
3.582412411329800594e+00 1.288454582901741056e-03
3.592412411329800381e+00 1.289041242313988637e-03
3.602412411329800168e+00 1.289629558301987793e-03
3.612412411329799955e+00 1.290219531056308955e-03
3.622412411329799742e+00 1.290811160766814573e-03
3.632412411329799529e+00 1.291404447622628102e-03
3.642412411329799315e+00 1.291999391812095194e-03
3.652412411329799102e+00 1.292595993522751598e-03
3.662412411329798889e+00 1.293194252941287170e-03
3.672412411329798676e+00 1.293794170253509662e-03
3.682412411329798463e+00 1.294395745644308935e-03
3.692412411329798250e+00 1.294998979297621623e-03
3.702412411329798037e+00 1.295603871396392099e-03
3.712412411329797823e+00 1.296210422122538210e-03
3.722412411329797610e+00 1.296818631656911818e-03
3.732412411329797397e+00 1.297428500179262801e-03
3.742412411329797184e+00 1.298040027868199373e-03
3.752412411329796971e+00 1.298653214901151218e-03
3.762412411329796758e+00 1.299268061454329814e-03
3.772412411329796544e+00 1.299884567702689828e-03
3.782412411329796331e+00 1.300502733819889007e-03
3.792412411329796118e+00 1.301122559978250661e-03
3.802412411329795905e+00 1.301744046348719862e-03
3.812412411329795692e+00 1.302367193100826366e-03
3.822412411329795479e+00 1.302992000402643409e-03
3.832412411329795265e+00 1.303618468420744995e-03
3.842412411329795052e+00 1.304246597320165560e-03
3.852412411329794839e+00 1.304876387264358338e-03
3.862412411329794626e+00 1.305507838415153948e-03
3.872412411329794413e+00 1.306140950932715072e-03
3.882412411329794200e+00 1.306775724975498074e-03
3.892412411329793986e+00 1.307412160700205947e-03
3.902412411329793773e+00 1.308050258261746895e-03
3.912412411329793560e+00 1.308690017813191400e-03
3.922412411329793347e+00 1.309331439505725600e-03
3.932412411329793134e+00 1.309974523488608138e-03
3.942412411329792921e+00 1.310619269909126146e-03
3.952412411329792707e+00 1.311271169952235366e-03
3.962412411329792494e+00 1.311930030101193237e-03
3.972412411329792281e+00 1.312590586943139037e-03
3.982412411329792068e+00 1.313252840757368235e-03
3.992412411329791855e+00 1.313916791822017718e-03
4.002412411329792086e+00 1.314582440414021345e-03
4.012412411329791873e+00 1.315249786809056165e-03
4.022412411329791659e+00 1.315918831281496018e-03
4.032412411329791446e+00 1.316589574104357757e-03
4.042412411329791233e+00 1.317262015549255493e-03
4.052412411329791020e+00 1.317936155886344869e-03
4.062412411329790807e+00 1.318611995384274052e-03
4.072412411329790594e+00 1.319289534310131694e-03
4.082412411329790380e+00 1.319968772929394022e-03
4.092412411329790167e+00 1.320649711505874095e-03
4.102412411329789954e+00 1.321332350301666295e-03
4.112412411329789741e+00 1.322016689577093420e-03
4.122412411329789528e+00 1.322702729590655071e-03
4.132412411329789315e+00 1.323390470598970192e-03
4.142412411329789101e+00 1.324079912856725031e-03
4.152412411329788888e+00 1.324771056616616321e-03
4.162412411329788675e+00 1.325463902129297078e-03
4.172412411329788462e+00 1.326158449643319347e-03
4.182412411329788249e+00 1.326854699405079782e-03
4.192412411329788036e+00 1.327552651658761530e-03
4.202412411329787822e+00 1.328252306646277199e-03
4.212412411329787609e+00 1.328953664607212268e-03
4.222412411329787396e+00 1.329656725778766537e-03
4.232412411329787183e+00 1.330361490395696447e-03
4.242412411329786970e+00 1.331067958690255668e-03
4.252412411329786757e+00 1.331776130892136116e-03
4.262412411329786543e+00 1.332486007228410275e-03
4.272412411329786330e+00 1.333197587923467663e-03
4.282412411329786117e+00 1.333910873198958669e-03
4.292412411329785904e+00 1.334625863273731236e-03
4.302412411329785691e+00 1.335342558363770580e-03
4.312412411329785478e+00 1.336060958682138474e-03
4.322412411329785265e+00 1.336781064438910581e-03
4.332412411329785051e+00 1.337502875841114222e-03
4.342412411329784838e+00 1.338226393092666576e-03
4.352412411329784625e+00 1.338951616394310710e-03
4.362412411329784412e+00 1.339678545943553565e-03
4.372412411329784199e+00 1.340407181934600471e-03
4.382412411329783986e+00 1.341145905138794179e-03
4.392412411329783772e+00 1.341890023023621517e-03
4.402412411329783559e+00 1.342635884311822562e-03
4.412412411329783346e+00 1.343383489376184618e-03
4.422412411329783133e+00 1.344132838587057703e-03
4.432412411329782920e+00 1.344883932312285158e-03
4.442412411329782707e+00 1.345636770917127108e-03
4.452412411329782493e+00 1.346391354764193016e-03
4.462412411329782280e+00 1.347147684213365147e-03
4.472412411329782067e+00 1.347905759621726568e-03
4.482412411329781854e+00 1.348665581343488950e-03
4.492412411329781641e+00 1.349427149729914063e-03
4.502412411329781428e+00 1.350190465129243742e-03
4.512412411329781214e+00 1.350955527886621389e-03
4.522412411329781001e+00 1.351722338344017380e-03
4.532412411329780788e+00 1.352490896840153603e-03
4.542412411329780575e+00 1.353261203710425832e-03
4.552412411329780362e+00 1.354033259286826748e-03
4.562412411329780149e+00 1.354807063897869391e-03
4.572412411329779935e+00 1.355582617868508668e-03
4.582412411329779722e+00 1.356359921520062422e-03
4.592412411329779509e+00 1.357138975170133150e-03
4.602412411329779296e+00 1.357919779132529293e-03
4.612412411329779083e+00 1.358702333717184355e-03
4.622412411329778870e+00 1.359486639230077102e-03
4.632412411329778656e+00 1.360272695973151766e-03
4.642412411329778443e+00 1.361060504244236300e-03
4.652412411329778230e+00 1.361850064336961276e-03
4.662412411329778017e+00 1.362641376540676616e-03
4.672412411329777804e+00 1.363434441140371368e-03
4.682412411329777591e+00 1.364229258416590432e-03
4.692412411329777377e+00 1.365025828645350216e-03
4.702412411329777164e+00 1.365824152098055796e-03
4.712412411329776951e+00 1.366624229041417220e-03
4.722412411329776738e+00 1.367426059737364722e-03
4.732412411329776525e+00 1.368229644442963940e-03
4.742412411329776312e+00 1.369034983410330692e-03
4.752412411329776099e+00 1.369842076886544895e-03
4.762412411329775885e+00 1.370656813724049558e-03
4.772412411329775672e+00 1.371480753056183175e-03
4.782412411329775459e+00 1.372306487051435210e-03
4.792412411329775246e+00 1.373134016188302031e-03
4.802412411329775033e+00 1.373963340941083706e-03
4.812412411329774820e+00 1.374794461779790334e-03
4.822412411329774606e+00 1.375627379170042078e-03
4.832412411329774393e+00 1.376462093572969206e-03
4.842412411329774180e+00 1.377298605445115591e-03
4.852412411329773967e+00 1.378136915238337016e-03
4.862412411329773754e+00 1.378977023399700777e-03
4.872412411329773541e+00 1.379818930371386372e-03
4.882412411329773327e+00 1.380662636590583364e-03
4.892412411329773114e+00 1.381508142489389470e-03
4.902412411329772901e+00 1.382355448494708428e-03
4.912412411329772688e+00 1.383204555028148298e-03
4.922412411329772475e+00 1.384055462505918250e-03
4.932412411329772262e+00 1.384908171338722739e-03
4.942412411329772048e+00 1.385762681931659596e-03
4.952412411329771835e+00 1.386618994684115291e-03
4.962412411329771622e+00 1.387477109989659983e-03
4.972412411329771409e+00 1.388337028235940400e-03
4.982412411329771196e+00 1.389198749804575759e-03
4.992412411329770983e+00 1.390062275071051292e-03
5.002412411329770769e+00 1.390927604404610047e-03
5.012412411329770556e+00 1.391794738168147284e-03
5.022412411329770343e+00 1.392663676718101625e-03
5.032412411329770130e+00 1.393534420404347494e-03
5.042412411329769917e+00 1.394406969570086488e-03
5.052412411329769704e+00 1.395281324551737867e-03
5.062412411329769490e+00 1.396157485678830353e-03
5.072412411329769277e+00 1.397035453273890023e-03
5.082412411329769064e+00 1.397915227652333841e-03
5.092412411329768851e+00 1.398796809122355165e-03
5.102412411329768638e+00 1.399680197984814025e-03
5.112412411329768425e+00 1.400576010697587078e-03
5.122412411329768211e+00 1.401477765529346659e-03
5.132412411329767998e+00 1.402381371942796077e-03
5.142412411329767785e+00 1.403286830535827511e-03
5.152412411329767572e+00 1.404194141899758755e-03
5.162412411329767359e+00 1.405103306619206365e-03
5.172412411329767146e+00 1.406014325271954689e-03
5.182412411329766933e+00 1.406927198428828798e-03
5.192412411329766719e+00 1.407841926653562430e-03
5.202412411329766506e+00 1.408758510502668973e-03
5.212412411329766293e+00 1.409676950525310269e-03
5.222412411329766080e+00 1.410597247263163916e-03
5.232412411329765867e+00 1.411519401250293159e-03
5.242412411329765654e+00 1.412443413013013318e-03
5.252412411329765440e+00 1.413369283069759296e-03
5.262412411329765227e+00 1.414297011930951576e-03
5.272412411329765014e+00 1.415226600098864378e-03
5.282412411329764801e+00 1.416158048067489269e-03
5.292412411329764588e+00 1.417091356322401803e-03
5.302412411329764375e+00 1.418026525340625133e-03
5.312412411329764161e+00 1.418963555590495784e-03
5.322412411329763948e+00 1.419902447531527041e-03
5.332412411329763735e+00 1.420843201614272995e-03
5.342412411329763522e+00 1.421785818280190414e-03
5.352412411329763309e+00 1.422730297961502348e-03
5.362412411329763096e+00 1.423676641081062172e-03
5.372412411329762882e+00 1.424624848052211991e-03
5.382412411329762669e+00 1.425574919278647110e-03
5.392412411329762456e+00 1.426526855154275093e-03
5.402412411329762243e+00 1.427480656063078931e-03
5.412412411329762030e+00 1.428436322378975236e-03
5.422412411329761817e+00 1.429393854465675021e-03
5.432412411329761603e+00 1.430366999728959311e-03
5.442412411329761390e+00 1.431344429741861213e-03
5.452412411329761177e+00 1.432323774201613295e-03
5.462412411329760964e+00 1.433305033834189092e-03
5.472412411329760751e+00 1.434288209355875877e-03
5.482412411329760538e+00 1.435273301473112247e-03
5.492412411329760324e+00 1.436260310882324408e-03
5.502412411329760111e+00 1.437249238269760945e-03
5.512412411329759898e+00 1.438240084311329537e-03
5.522412411329759685e+00 1.439232849672431079e-03
5.532412411329759472e+00 1.440227535007794013e-03
5.542412411329759259e+00 1.441224140961309529e-03
5.552412411329759045e+00 1.442222668165863949e-03
5.562412411329758832e+00 1.443223117243171974e-03
5.572412411329758619e+00 1.444225488803610371e-03
5.582412411329758406e+00 1.445229783446050353e-03
5.592412411329758193e+00 1.446236001757687795e-03
5.602412411329757980e+00 1.447244144313877346e-03
5.612412411329757767e+00 1.448254211677961131e-03
5.622412411329757553e+00 1.449266204401102650e-03
5.632412411329757340e+00 1.450280123022114169e-03
5.642412411329757127e+00 1.451295968067288673e-03
5.652412411329756914e+00 1.452313740050229429e-03
5.662412411329756701e+00 1.453333439471678245e-03
5.672412411329756488e+00 1.454355066819347422e-03
5.682412411329756274e+00 1.455378622567745197e-03
5.692412411329756061e+00 1.456404107178005955e-03
5.702412411329755848e+00 1.457431521097719580e-03
5.712412411329755635e+00 1.458460864760756023e-03
5.722412411329755422e+00 1.459498419210277431e-03
5.732412411329755209e+00 1.460549251189268176e-03
5.742412411329754995e+00 1.461602066405939555e-03
5.752412411329754782e+00 1.462656865743711858e-03
5.762412411329754569e+00 1.463713650072527009e-03
5.772412411329754356e+00 1.464772420248648416e-03
5.782412411329754143e+00 1.465833177114454116e-03
5.792412411329753930e+00 1.466895921498236836e-03
5.802412411329753716e+00 1.467960654213999738e-03
5.812412411329753503e+00 1.469027376061250636e-03
5.822412411329753290e+00 1.470096087824798812e-03
5.832412411329753077e+00 1.471166790274550541e-03
5.842412411329752864e+00 1.472239484165303088e-03
5.852412411329752651e+00 1.473314170236540450e-03
5.862412411329752437e+00 1.474390849212226266e-03
5.872412411329752224e+00 1.475469521800599343e-03
5.882412411329752011e+00 1.476550188693966786e-03
5.892412411329751798e+00 1.477632850568496052e-03
5.902412411329751585e+00 1.478717508084010897e-03
5.912412411329751372e+00 1.479804161883781482e-03
5.922412411329751158e+00 1.480892812594319886e-03
5.932412411329750945e+00 1.481983460825169992e-03
5.942412411329750732e+00 1.483076107168701486e-03
5.952412411329750519e+00 1.484170752199901041e-03
5.962412411329750306e+00 1.485267396476164800e-03
5.972412411329750093e+00 1.486366040537089343e-03
5.982412411329749879e+00 1.487466684904264818e-03
5.992412411329749666e+00 1.488569330081063961e-03
6.002412411329749453e+00 1.489691049614558791e-03
6.012412411329749240e+00 1.490817116296376576e-03
6.022412411329749027e+00 1.491945243544661164e-03
6.032412411329748814e+00 1.493075432398291609e-03
6.042412411329748601e+00 1.494207683877651341e-03
6.052412411329748387e+00 1.495341998984381620e-03
6.062412411329748174e+00 1.496478378701134992e-03
6.072412411329747961e+00 1.497616823991325266e-03
6.082412411329747748e+00 1.498757335798884226e-03
6.092412411329747535e+00 1.499899915048010304e-03
6.102412411329747322e+00 1.501044562642922693e-03
6.112412411329747108e+00 1.502191279467611539e-03
6.122412411329746895e+00 1.503340066385591613e-03
6.132412411329746682e+00 1.504490924239652513e-03
6.142412411329746469e+00 1.505643853851611029e-03
6.152412411329746256e+00 1.506798856022061994e-03
6.162412411329746043e+00 1.507955931530130219e-03
6.172412411329745829e+00 1.509115081133221561e-03
6.182412411329745616e+00 1.510276305566772689e-03
6.192412411329745403e+00 1.511439605544005185e-03
6.202412411329745190e+00 1.512604981755674444e-03
6.212412411329744977e+00 1.513772434869821827e-03
6.222412411329744764e+00 1.514941965531524208e-03
6.232412411329744550e+00 1.516113574362648510e-03
6.242412411329744337e+00 1.517287261961598873e-03
6.252412411329744124e+00 1.518466420325740576e-03
6.262412411329743911e+00 1.519665794831270801e-03
6.272412411329743698e+00 1.520867314514538727e-03
6.282412411329743485e+00 1.522070980633485806e-03
6.292412411329743271e+00 1.523276794421733749e-03
6.302412411329743058e+00 1.524484757088286156e-03
6.312412411329742845e+00 1.525694869817231228e-03
6.322412411329742632e+00 1.526907133767444478e-03
6.332412411329742419e+00 1.528121550072292743e-03
6.342412411329742206e+00 1.529338119839335382e-03
6.352412411329741992e+00 1.530556844150028281e-03
6.362412411329741779e+00 1.531777724059426356e-03
6.372412411329741566e+00 1.533000760595888213e-03
6.382412411329741353e+00 1.534225954760776037e-03
6.392412411329741140e+00 1.535453307528163299e-03
6.402412411329740927e+00 1.536682819844534427e-03
6.412412411329740713e+00 1.537914492628490986e-03
6.422412411329740500e+00 1.539148326770454394e-03
6.432412411329740287e+00 1.540384323132370148e-03
6.442412411329740074e+00 1.541622482547413140e-03
6.452412411329739861e+00 1.542862805819690802e-03
6.462412411329739648e+00 1.544105293723950154e-03
6.472412411329739435e+00 1.545349947005279214e-03
6.482412411329739221e+00 1.546596766378818388e-03
6.492412411329739008e+00 1.547845752529459053e-03
6.502412411329738795e+00 1.549120007050689644e-03
6.512412411329738582e+00 1.550397105101283379e-03
6.522412411329738369e+00 1.551676444632880091e-03
6.532412411329738156e+00 1.552958027096268054e-03
6.542412411329737942e+00 1.554241853910167661e-03
6.552412411329737729e+00 1.555527926460876890e-03
6.562412411329737516e+00 1.556816246101919154e-03
6.572412411329737303e+00 1.558106814153694623e-03
6.582412411329737090e+00 1.559399631903126120e-03
6.592412411329736877e+00 1.560694700603306980e-03
6.602412411329736663e+00 1.561992021473156481e-03
6.612412411329736450e+00 1.563291595697061847e-03
6.622412411329736237e+00 1.564593424424535204e-03
6.632412411329736024e+00 1.565897508769861649e-03
6.642412411329735811e+00 1.567203849811750569e-03
6.652412411329735598e+00 1.568512448592989132e-03
6.662412411329735384e+00 1.569823306120094039e-03
6.672412411329735171e+00 1.571136423362964147e-03
6.682412411329734958e+00 1.572451801254536345e-03
6.692412411329734745e+00 1.573769440690437954e-03
6.702412411329734532e+00 1.575089342528643256e-03
6.712412411329734319e+00 1.576411507589130017e-03
6.722412411329734105e+00 1.577740179520427605e-03
6.732412411329733892e+00 1.579093003220893117e-03
6.742412411329733679e+00 1.580448172817459050e-03
6.752412411329733466e+00 1.581805690051922651e-03
6.762412411329733253e+00 1.583165556625169878e-03
6.772412411329733040e+00 1.584527774196761458e-03
6.782412411329732826e+00 1.585892344384518286e-03
6.792412411329732613e+00 1.587259268764105958e-03
6.802412411329732400e+00 1.588628548868625161e-03
6.812412411329732187e+00 1.590000186188198373e-03
6.822412411329731974e+00 1.591374182169559386e-03
6.832412411329731761e+00 1.592750538215642175e-03
6.842412411329731547e+00 1.594129255685174541e-03
6.852412411329731334e+00 1.595510335892266762e-03
6.862412411329731121e+00 1.596893780106007190e-03
6.872412411329730908e+00 1.598279589550055885e-03
6.882412411329730695e+00 1.599667765402238914e-03
6.892412411329730482e+00 1.601058308794144373e-03
6.902412411329730269e+00 1.602451220810722533e-03
6.912412411329730055e+00 1.603846502489881653e-03
6.922412411329729842e+00 1.605244154822088121e-03
6.932412411329729629e+00 1.606644178749969858e-03
6.942412411329729416e+00 1.608063575008506808e-03
6.952412411329729203e+00 1.609497522534598154e-03
6.962412411329728990e+00 1.610933935036516903e-03
6.972412411329728776e+00 1.612372814542043127e-03
6.982412411329728563e+00 1.613814163026656284e-03
6.992412411329728350e+00 1.615257982413047981e-03
7.002412411329728137e+00 1.616704274570640804e-03
7.012412411329727924e+00 1.618153041315107798e-03
7.022412411329727711e+00 1.619604284407892602e-03
7.032412411329727497e+00 1.621058005555731096e-03
7.042412411329727284e+00 1.622514206410176742e-03
7.052412411329727071e+00 1.623972888567123962e-03
7.062412411329726858e+00 1.625434053566336299e-03
7.072412411329726645e+00 1.626897702890974136e-03
7.082412411329726432e+00 1.628363837967125886e-03
7.092412411329726218e+00 1.629832460163339186e-03
7.102412411329726005e+00 1.631303570790156206e-03
7.112412411329725792e+00 1.632777171099648525e-03
7.122412411329725579e+00 1.634253262284953096e-03
7.132412411329725366e+00 1.635731845479815793e-03
7.142412411329725153e+00 1.637216926186348684e-03
7.152412411329724939e+00 1.638732886769274063e-03
7.162412411329724726e+00 1.640251443575184735e-03
7.172412411329724513e+00 1.641772599022090938e-03
7.182412411329724300e+00 1.643296355462243010e-03
7.192412411329724087e+00 1.644822715181574113e-03
7.202412411329723874e+00 1.646351680399140566e-03
7.212412411329723660e+00 1.647883253266561963e-03
7.222412411329723447e+00 1.649417435867469315e-03
7.232412411329723234e+00 1.650954230216952106e-03
7.242412411329723021e+00 1.652493638261007518e-03
7.252412411329722808e+00 1.654035661875994431e-03
7.262412411329722595e+00 1.655580302868085675e-03
7.272412411329722381e+00 1.657127562972729624e-03
7.282412411329722168e+00 1.658677443854107659e-03
7.292412411329721955e+00 1.660229947104596834e-03
7.302412411329721742e+00 1.661785074244237752e-03
7.312412411329721529e+00 1.663342826720200273e-03
7.322412411329721316e+00 1.664903205906257018e-03
7.332412411329721103e+00 1.666466213102255588e-03
7.342412411329720889e+00 1.668057627273520803e-03
7.352412411329720676e+00 1.669663603882120140e-03
7.362412411329720463e+00 1.671272329205471816e-03
7.372412411329720250e+00 1.672883806053771481e-03
7.382412411329720037e+00 1.674498037154293273e-03
7.392412411329719824e+00 1.676115025150741239e-03
7.402412411329719610e+00 1.677734772602610530e-03
7.412412411329719397e+00 1.679357281984546202e-03
7.422412411329719184e+00 1.680982555685708521e-03
7.432412411329718971e+00 1.682610596009140660e-03
7.442412411329718758e+00 1.684241405171140295e-03
7.452412411329718545e+00 1.685874985300635318e-03
7.462412411329718331e+00 1.687511338438562377e-03
7.472412411329718118e+00 1.689150466537249961e-03
7.482412411329717905e+00 1.690792371459804095e-03
7.492412411329717692e+00 1.692437054979499663e-03
7.502412411329717479e+00 1.694084518779174564e-03
7.512412411329717266e+00 1.695734764450627973e-03
7.522412411329717052e+00 1.697394855947073275e-03
7.532412411329716839e+00 1.699088675966067699e-03
7.542412411329716626e+00 1.700785405486605678e-03
7.552412411329716413e+00 1.702485047988490461e-03
7.562412411329716200e+00 1.704187606848405964e-03
7.572412411329715987e+00 1.705893085339169101e-03
7.582412411329715773e+00 1.707601486628988188e-03
7.592412411329715560e+00 1.709312813780722870e-03
7.602412411329715347e+00 1.711027069751152284e-03
7.612412411329715134e+00 1.712744257390247772e-03
7.622412411329714921e+00 1.714464379440450810e-03
7.632412411329714708e+00 1.716187438535950920e-03
7.642412411329714494e+00 1.717913437201976394e-03
7.652412411329714281e+00 1.719642377854085436e-03
7.662412411329714068e+00 1.721374262797464904e-03
7.672412411329713855e+00 1.723109094226231864e-03
7.682412411329713642e+00 1.724846874222743390e-03
7.692412411329713429e+00 1.726587604756911780e-03
7.702412411329713215e+00 1.728353871654267609e-03
7.712412411329713002e+00 1.730141279578388796e-03
7.722412411329712789e+00 1.731931781382486414e-03
7.732412411329712576e+00 1.733725380619842915e-03
7.742412411329712363e+00 1.735522080716623249e-03
7.752412411329712150e+00 1.737321884971056293e-03
7.762412411329711937e+00 1.739124796552625170e-03
7.772412411329711723e+00 1.740930818501264070e-03
7.782412411329711510e+00 1.742739953726558108e-03
7.792412411329711297e+00 1.744552205006954463e-03
7.802412411329711084e+00 1.746367574988978710e-03
7.812412411329710871e+00 1.748186066186457454e-03
7.822412411329710658e+00 1.750007680979749408e-03
7.832412411329710444e+00 1.751832421614981684e-03
7.842412411329710231e+00 1.753660290203295623e-03
7.852412411329710018e+00 1.755491288720099127e-03
7.862412411329709805e+00 1.757325419004325713e-03
7.872412411329709592e+00 1.759205060066047419e-03
7.882412411329709379e+00 1.761103551201624248e-03
7.892412411329709165e+00 1.763005356465389539e-03
7.902412411329708952e+00 1.764910481007066602e-03
7.912412411329708739e+00 1.766818929815574439e-03
7.922412411329708526e+00 1.768730707718044149e-03
7.932412411329708313e+00 1.770645819378844667e-03
7.942412411329708100e+00 1.772564269298615653e-03
7.952412411329707886e+00 1.774486061813313397e-03
7.962412411329707673e+00 1.776411201093260842e-03
7.972412411329707460e+00 1.778339691142213430e-03
7.982412411329707247e+00 1.780271535796427562e-03
7.992412411329707034e+00 1.782206738723744440e-03
8.002412411329707709e+00 1.784145303422681296e-03
8.012412411329707496e+00 1.786087233221530417e-03
8.022412411329707282e+00 1.788032531277475735e-03
8.032412411329707069e+00 1.790018421096660570e-03
8.042412411329706856e+00 1.792027020129590559e-03
8.052412411329706643e+00 1.794039178105142273e-03
8.062412411329706430e+00 1.796054900466514991e-03
8.072412411329706217e+00 1.798074192460153049e-03
8.082412411329706003e+00 1.800097059134675090e-03
8.092412411329705790e+00 1.802123505339815876e-03
8.102412411329705577e+00 1.804153535725377001e-03
8.112412411329705364e+00 1.806187154740194513e-03
8.122412411329705151e+00 1.808224366631116077e-03
8.132412411329704938e+00 1.810265175441990934e-03
8.142412411329704724e+00 1.812309585012671347e-03
8.152412411329704511e+00 1.814357598978032921e-03
8.162412411329704298e+00 1.816409220766999682e-03
8.172412411329704085e+00 1.818464453601587386e-03
8.182412411329703872e+00 1.820539792892965185e-03
8.192412411329703659e+00 1.822658578356317269e-03
8.202412411329703446e+00 1.824781178984512687e-03
8.212412411329703232e+00 1.826907601570186687e-03
8.222412411329703019e+00 1.829037852663252875e-03
8.232412411329702806e+00 1.831171938569686741e-03
8.242412411329702593e+00 1.833309865350322195e-03
8.252412411329702380e+00 1.835451638819668701e-03
8.262412411329702167e+00 1.837597264544739255e-03
8.272412411329701953e+00 1.839746747843899397e-03
8.282412411329701740e+00 1.841900093785727279e-03
8.292412411329701527e+00 1.844057307187899541e-03
8.302412411329701314e+00 1.846218392616082605e-03
8.312412411329701101e+00 1.848383354382849989e-03
8.322412411329700888e+00 1.850552196546613286e-03
8.332412411329700674e+00 1.852767492593963405e-03
8.342412411329700461e+00 1.855016473571047958e-03
8.352412411329700248e+00 1.857269583569249065e-03
8.362412411329700035e+00 1.859526830743560982e-03
8.372412411329699822e+00 1.861788222947976124e-03
8.382412411329699609e+00 1.864053767734120482e-03
8.392412411329699395e+00 1.866323472349913767e-03
8.402412411329699182e+00 1.868597343738248422e-03
8.412412411329698969e+00 1.870875388535691393e-03
8.422412411329698756e+00 1.873157613071202172e-03
8.432412411329698543e+00 1.875444023364886831e-03
8.442412411329698330e+00 1.877734625126754441e-03
8.452412411329698116e+00 1.880029423755511225e-03
8.462412411329697903e+00 1.882328424337374002e-03
8.472412411329697690e+00 1.884671120983425841e-03
8.482412411329697477e+00 1.887056031190575099e-03
8.492412411329697264e+00 1.889445419152153537e-03
8.502412411329697051e+00 1.891839294724437974e-03
8.512412411329696837e+00 1.894237667391927317e-03
8.522412411329696624e+00 1.896640546265826628e-03
8.532412411329696411e+00 1.899047940082557000e-03
8.542412411329696198e+00 1.901459857202291229e-03
8.552412411329695985e+00 1.903876305607518984e-03
8.562412411329695772e+00 1.906297292901638863e-03
8.572412411329695558e+00 1.908722826307581669e-03
8.582412411329695345e+00 1.911152912666460582e-03
8.592412411329695132e+00 1.913587558436250597e-03
8.602412411329694919e+00 1.916028723735108477e-03
8.612412411329694706e+00 1.918558234838747953e-03
8.622412411329694493e+00 1.921092614837458185e-03
8.632412411329694280e+00 1.923631875929775192e-03
8.642412411329694066e+00 1.926176029855185745e-03
8.652412411329693853e+00 1.928725087892425166e-03
8.662412411329693640e+00 1.931279060857818723e-03
8.672412411329693427e+00 1.933837959103646862e-03
8.682412411329693214e+00 1.936401792516555340e-03
8.692412411329693001e+00 1.938970570516000691e-03
8.702412411329692787e+00 1.941544302052730176e-03
8.712412411329692574e+00 1.944122995607300546e-03
8.722412411329692361e+00 1.946706659188637790e-03
8.732412411329692148e+00 1.949304354489641644e-03
8.742412411329691935e+00 1.951993528606641272e-03
8.752412411329691722e+00 1.954688025444563989e-03
8.762412411329691508e+00 1.957387859825677773e-03
8.772412411329691295e+00 1.960093046003574205e-03
8.782412411329691082e+00 1.962803597661293229e-03
8.792412411329690869e+00 1.965519527909501477e-03
8.802412411329690656e+00 1.968240849284706804e-03
8.812412411329690443e+00 1.970967573747536145e-03
8.822412411329690229e+00 1.973699712681045888e-03
8.832412411329690016e+00 1.976437276889089073e-03
8.842412411329689803e+00 1.979180276594730281e-03
8.852412411329689590e+00 1.981928721438708241e-03
8.862412411329689377e+00 1.984756514638516111e-03
8.872412411329689164e+00 1.987621852181434973e-03
8.882412411329688950e+00 1.990493041045256466e-03
8.892412411329688737e+00 1.993370098917096687e-03
8.902412411329688524e+00 1.996253042777623374e-03
8.912412411329688311e+00 1.999141888899052307e-03
8.922412411329688098e+00 2.002036652843188803e-03
8.932412411329687885e+00 2.004937349459545541e-03
8.942412411329687671e+00 2.007843992883508524e-03
8.952412411329687458e+00 2.010756596534579808e-03
8.962412411329687245e+00 2.013675173114671396e-03
8.972412411329687032e+00 2.016599734606473304e-03
8.982412411329686819e+00 2.019625055928768280e-03
8.992412411329686606e+00 2.022678886514200133e-03
9.002412411329686392e+00 2.025739166160455112e-03
9.012412411329686179e+00 2.028805916436905808e-03
9.022412411329685966e+00 2.031879158035457007e-03
9.032412411329685753e+00 2.034958910768386395e-03
9.042412411329685540e+00 2.038045193566257254e-03
9.052412411329685327e+00 2.041138024475915719e-03
9.062412411329685114e+00 2.044237420658570441e-03
9.072412411329684900e+00 2.047343398387947710e-03
9.082412411329684687e+00 2.050455973048538518e-03
9.092412411329684474e+00 2.053627495438058777e-03
9.102412411329684261e+00 2.056882572267093416e-03
9.112412411329684048e+00 2.060144770970392426e-03
9.122412411329683835e+00 2.063414118475499336e-03
9.132412411329683621e+00 2.066690640619449782e-03
9.142412411329683408e+00 2.069974362146427029e-03
9.152412411329683195e+00 2.073265306705526344e-03
9.162412411329682982e+00 2.076563496848614354e-03
9.172412411329682769e+00 2.079868954028297242e-03
9.182412411329682556e+00 2.083181698595996945e-03
9.192412411329682342e+00 2.086501749800134461e-03
9.202412411329682129e+00 2.089894990527236315e-03
9.212412411329681916e+00 2.093372167977389838e-03
9.222412411329681703e+00 2.096857253129559562e-03
9.232412411329681490e+00 2.100350279050566035e-03
9.242412411329681277e+00 2.103851277447831101e-03
9.252412411329681063e+00 2.107360278666928471e-03
9.262412411329680850e+00 2.110877311689262226e-03
9.272412411329680637e+00 2.114402404129885841e-03
9.282412411329680424e+00 2.117935582235454337e-03
9.292412411329680211e+00 2.121476870882323465e-03
9.302412411329679998e+00 2.125026293574778114e-03
9.312412411329679784e+00 2.128736859438054574e-03
9.322412411329679571e+00 2.132461882050301714e-03
9.332412411329679358e+00 2.136195741748329446e-03
9.342412411329679145e+00 2.139938478487817593e-03
9.352412411329678932e+00 2.143690130524292508e-03
9.362412411329678719e+00 2.147450734410702791e-03
9.372412411329678505e+00 2.151220324995165023e-03
9.382412411329678292e+00 2.154998935418891634e-03
9.392412411329678079e+00 2.158786597114301792e-03
9.402412411329677866e+00 2.162583339803310096e-03
9.412412411329677653e+00 2.166538511798973832e-03
9.422412411329677440e+00 2.170521972361840694e-03
9.432412411329677226e+00 2.174515303959255897e-03
9.442412411329677013e+00 2.178518556420556713e-03
9.452412411329676800e+00 2.182531777445719922e-03
9.462412411329676587e+00 2.186555012602950116e-03
9.472412411329676374e+00 2.190588305326494380e-03
9.482412411329676161e+00 2.194631696914698098e-03
9.492412411329675948e+00 2.198685226528286282e-03
9.502412411329675734e+00 2.202789681467910016e-03
9.512412411329675521e+00 2.207046568895185135e-03
9.522412411329675308e+00 2.211314485632968115e-03
9.532412411329675095e+00 2.215593493196248241e-03
9.542412411329674882e+00 2.219883650454723689e-03
9.552412411329674669e+00 2.224185013630471369e-03
9.562412411329674455e+00 2.228497636295912951e-03
9.572412411329674242e+00 2.232821569372076247e-03
9.582412411329674029e+00 2.237156861127174903e-03
9.592412411329673816e+00 2.241503557175490366e-03
9.602412411329673603e+00 2.246067139585406630e-03
9.612412411329673390e+00 2.250654079733132359e-03
9.622412411329673176e+00 2.255253517276792179e-03
9.632412411329672963e+00 2.259865529426922665e-03
9.642412411329672750e+00 2.264490190020598294e-03
9.652412411329672537e+00 2.269127569519530183e-03
9.662412411329672324e+00 2.273777735008554284e-03
9.672412411329672111e+00 2.278440750194532429e-03
9.682412411329671897e+00 2.283128567782880761e-03
9.692412411329671684e+00 2.288041236822235640e-03
9.702412411329671471e+00 2.292967949346946029e-03
9.712412411329671258e+00 2.297908802231579325e-03
9.722412411329671045e+00 2.302863888135417252e-03
9.732412411329670832e+00 2.307833295500852540e-03
9.742412411329670618e+00 2.312817108552303429e-03
9.752412411329670405e+00 2.317815407295655949e-03
9.762412411329670192e+00 2.322828267518237469e-03
9.772412411329669979e+00 2.327981170258287737e-03
9.782412411329669766e+00 2.333264689871375561e-03
9.792412411329669553e+00 2.338564167036793692e-03
9.802412411329669339e+00 2.343879720225115759e-03
9.812412411329669126e+00 2.349211462577299302e-03
9.822412411329668913e+00 2.354559501904241684e-03
9.832412411329668700e+00 2.359923940687024251e-03
9.842412411329668487e+00 2.365304876077860795e-03
9.852412411329668274e+00 2.370791338654789238e-03
9.862412411329668060e+00 2.376466929497974938e-03
9.872412411329667847e+00 2.382160622660199362e-03
9.882412411329667634e+00 2.387872567599996169e-03
9.892412411329667421e+00 2.393602907018934235e-03
9.902412411329667208e+00 2.399351776862378334e-03
9.912412411329666995e+00 2.405119306321156641e-03
9.922412411329666782e+00 2.410905617834171056e-03
9.932412411329666568e+00 2.416848330759613795e-03
9.942412411329666355e+00 2.422948243837182939e-03
9.952412411329666142e+00 2.429068795823266166e-03
9.962412411329665929e+00 2.435210165030261744e-03
9.972412411329665716e+00 2.441372521306374183e-03
9.982412411329665503e+00 2.447556026038885061e-03
9.992412411329665289e+00 2.453760832158649423e-03
1.000241241132966508e+01 2.459987084145849427e-03
1.001241241132966486e+01 2.466562746930901079e-03
1.002241241132966465e+01 2.473165814085140270e-03
1.003241241132966444e+01 2.479792655523933940e-03
1.004241241132966422e+01 2.486443497972076842e-03
1.005241241132966401e+01 2.493118557211193315e-03
1.006241241132966380e+01 2.499818038086288902e-03
1.007241241132966358e+01 2.506542134513977706e-03
1.008241241132966337e+01 2.513580939527971115e-03
1.009241241132966316e+01 2.520722152558997533e-03
1.010241241132966294e+01 2.527890710954546621e-03
1.011241241132966273e+01 2.535086893672715020e-03
1.012241241132966252e+01 2.542310965787654593e-03
1.013241241132966231e+01 2.549563178500404478e-03
1.014241241132966209e+01 2.556843769151987376e-03
1.015241241132966188e+01 2.564446530209972454e-03
1.016241241132966167e+01 2.572110806338497556e-03
1.017241241132966145e+01 2.579806399295481688e-03
1.018241241132966124e+01 2.587533663851961183e-03
1.019241241132966103e+01 2.595292936936616744e-03
1.020241241132966081e+01 2.603084537651957544e-03
1.021241241132966060e+01 2.611001070897993586e-03
1.022241241132966039e+01 2.619152602693338838e-03
1.023241241132966017e+01 2.627339607781031469e-03
1.024241241132965996e+01 2.635562496342339339e-03
1.025241241132965975e+01 2.643821656737577706e-03
1.026241241132965953e+01 2.652117455529779538e-03
1.027241241132965932e+01 2.660456729573350797e-03
1.028241241132965911e+01 2.669328155611149292e-03
1.029241241132965889e+01 2.678240691616128218e-03
1.030241241132965868e+01 2.687194904958021234e-03
1.031241241132965847e+01 2.696191333907524586e-03
1.032241241132965825e+01 2.705230487665796508e-03
1.033241241132965804e+01 2.714312846399469150e-03
1.034241241132965783e+01 2.723993008064186545e-03
1.035241241132965762e+01 2.733726866786728021e-03
1.036241241132965740e+01 2.743509573245916325e-03
1.037241241132965719e+01 2.753341820970396994e-03
1.038241241132965698e+01 2.763224265353851627e-03
1.039241241132965676e+01 2.773247589146376167e-03
1.040241241132965655e+01 2.783613458552856162e-03
1.041241241132965634e+01 2.794034880130747290e-03
1.042241241132965612e+01 2.804512692971035479e-03
1.043241241132965591e+01 2.815047688651882690e-03
1.044241241132965570e+01 2.825640611298467931e-03
1.045241241132965548e+01 2.836651632530850543e-03
1.046241241132965527e+01 2.847847312345610019e-03
1.047241241132965506e+01 2.859107872395828375e-03
1.048241241132965484e+01 2.870434353477417742e-03
1.049241241132965463e+01 2.881827734590273159e-03
1.050241241132965442e+01 2.893588389978223648e-03
1.051241241132965420e+01 2.905707632289992494e-03
1.052241241132965399e+01 2.917902419994619807e-03
1.053241241132965378e+01 2.930174067920297658e-03
1.054241241132965357e+01 2.942523810765014861e-03
1.055241241132965335e+01 2.955257047940473836e-03
1.056241241132965314e+01 2.968353459161300958e-03
1.057241241132965293e+01 2.981538057581761131e-03
1.058241241132965271e+01 2.994812484944248294e-03
1.059241241132965250e+01 3.008178278958172774e-03
1.060241241132965229e+01 3.022125037136077705e-03
1.061241241132965207e+01 3.036316779188435403e-03
1.062241241132965186e+01 3.050612252289264421e-03
1.063241241132965165e+01 3.065013474655577976e-03
1.064241241132965143e+01 3.079692207579867117e-03
1.065241241132965122e+01 3.094987424408716502e-03
1.066241241132965101e+01 3.110402929508879980e-03
1.067241241132965079e+01 3.125941337617916399e-03
1.068241241132965058e+01 3.141605086480479033e-03
1.069241241132965037e+01 3.158088398471592829e-03
1.070241241132965015e+01 3.174742153883344797e-03
1.071241241132964994e+01 3.191539521863005682e-03
1.072241241132964973e+01 3.208483616482849833e-03
1.073241241132964952e+01 3.226437760144184545e-03
1.074241241132964930e+01 3.244675064470891983e-03
1.075241241132964909e+01 3.263083194520286553e-03
1.076241241132964888e+01 3.281675079873854015e-03
1.077241241132964866e+01 3.301198130656619618e-03
1.078241241132964845e+01 3.320917383144549560e-03
1.079241241132964824e+01 3.340838445780962111e-03
1.080241241132964802e+01 3.360961155019040990e-03
1.081241241132964781e+01 3.381290214598014609e-03
1.082241241132964760e+01 3.401843678140188849e-03
1.083241241132964738e+01 3.422627146420501292e-03
1.084241241132964717e+01 3.444862773246134581e-03
1.085241241132964696e+01 3.467532707113016310e-03
1.086241241132964674e+01 3.490477590595356117e-03
1.087241241132964653e+01 3.515126580527194820e-03
1.088241241132964632e+01 3.541051547796808703e-03
1.089241241132964610e+01 3.567319523575931527e-03
1.090241241132964589e+01 3.594117740298309171e-03
1.091241241132964568e+01 3.621469022981140418e-03
1.092241241132964547e+01 3.649216273414275426e-03
1.093241241132964525e+01 3.677696522366133685e-03
1.094241241132964504e+01 3.706852203017914609e-03
1.095241241132964483e+01 3.736471297859329105e-03
1.096241241132964461e+01 3.768035593482137006e-03
1.097241241132964440e+01 3.800443085609702190e-03
1.098241241132964419e+01 3.833805529177996586e-03
1.099241241132964397e+01 3.869000719557937583e-03
1.100241241132964376e+01 3.904867057470915847e-03
1.101241241132964355e+01 3.942697869026043182e-03
1.102241241132964333e+01 3.981610336014611978e-03
1.103241241132964312e+01 4.022045077926237645e-03
1.104241241132964291e+01 4.064012605130124488e-03
1.105241241132964269e+01 4.107809188442460013e-03
1.106241241132964248e+01 4.154011577041255045e-03
1.107241241132964227e+01 4.202377944234092152e-03
1.108241241132964205e+01 4.253577924748037399e-03
1.109241241132964184e+01 4.307400538125135021e-03
1.110241241132964163e+01 4.363916076642776129e-03
1.111241241132964142e+01 4.424365211065174434e-03
1.112241241132964120e+01 4.487974681393185408e-03
1.113241241132964099e+01 4.556449152571706747e-03
1.114241241132964078e+01 4.629850418084319359e-03
1.115241241132964056e+01 4.708537414618836278e-03
1.116241241132964035e+01 4.793695148499768632e-03
1.117241241132964014e+01 4.887323072755330247e-03
1.118241241132963992e+01 4.990011700564498699e-03
1.119241241132963971e+01 5.103783917298096613e-03
1.120241241132963950e+01 5.226503655826531501e-03
1.121241241132963928e+01 5.363911762330834596e-03
1.122241241132963907e+01 5.542900184246907572e-03
1.123241241132963886e+01 5.740483044375006491e-03
1.124241241132963864e+01 5.973059784229501831e-03
1.125241241132963843e+01 6.263837534263023109e-03
1.126241241132963822e+01 6.647784658096805681e-03
1.127241241132963800e+01 7.133241722261683855e-03
1.128241241132963779e+01 7.191590169338218236e-03
1.129241241132963758e+01 0.000000000000000000e+00
1.130241241132963737e+01 0.000000000000000000e+00
1.131241241132963715e+01 0.000000000000000000e+00
1.132241241132963694e+01 0.000000000000000000e+00
1.133241241132963673e+01 0.000000000000000000e+00
1.134241241132963651e+01 0.000000000000000000e+00
1.135241241132963630e+01 0.000000000000000000e+00
1.136241241132963609e+01 0.000000000000000000e+00
1.137241241132963587e+01 0.000000000000000000e+00
1.138241241132963566e+01 0.000000000000000000e+00
1.139241241132963545e+01 0.000000000000000000e+00
1.140241241132963523e+01 0.000000000000000000e+00
1.141241241132963502e+01 0.000000000000000000e+00
1.142241241132963481e+01 0.000000000000000000e+00
1.143241241132963459e+01 0.000000000000000000e+00
1.144241241132963438e+01 0.000000000000000000e+00
1.145241241132963417e+01 0.000000000000000000e+00
1.146241241132963395e+01 0.000000000000000000e+00
1.147241241132963374e+01 0.000000000000000000e+00
1.148241241132963353e+01 0.000000000000000000e+00
1.149241241132963331e+01 0.000000000000000000e+00
1.150241241132963310e+01 0.000000000000000000e+00
1.151241241132963289e+01 0.000000000000000000e+00
1.152241241132963268e+01 0.000000000000000000e+00
1.153241241132963246e+01 0.000000000000000000e+00
1.154241241132963225e+01 0.000000000000000000e+00
1.155241241132963204e+01 0.000000000000000000e+00
1.156241241132963182e+01 0.000000000000000000e+00
1.157241241132963161e+01 0.000000000000000000e+00
1.158241241132963140e+01 0.000000000000000000e+00
1.159241241132963118e+01 0.000000000000000000e+00
1.160241241132963097e+01 0.000000000000000000e+00
1.161241241132963076e+01 0.000000000000000000e+00
1.162241241132963054e+01 0.000000000000000000e+00
1.163241241132963033e+01 0.000000000000000000e+00
1.164241241132963012e+01 0.000000000000000000e+00
1.165241241132962990e+01 0.000000000000000000e+00
1.166241241132962969e+01 0.000000000000000000e+00
1.167241241132962948e+01 0.000000000000000000e+00
1.168241241132962926e+01 0.000000000000000000e+00
1.169241241132962905e+01 0.000000000000000000e+00
1.170241241132962884e+01 0.000000000000000000e+00
1.171241241132962863e+01 0.000000000000000000e+00
1.172241241132962841e+01 0.000000000000000000e+00
1.173241241132962820e+01 0.000000000000000000e+00
1.174241241132962799e+01 0.000000000000000000e+00
1.175241241132962777e+01 0.000000000000000000e+00
1.176241241132962756e+01 0.000000000000000000e+00
1.177241241132962735e+01 0.000000000000000000e+00
1.178241241132962713e+01 0.000000000000000000e+00
1.179241241132962692e+01 0.000000000000000000e+00
1.180241241132962671e+01 0.000000000000000000e+00
1.181241241132962649e+01 0.000000000000000000e+00
1.182241241132962628e+01 0.000000000000000000e+00
1.183241241132962607e+01 0.000000000000000000e+00
1.184241241132962585e+01 0.000000000000000000e+00
1.185241241132962564e+01 0.000000000000000000e+00
1.186241241132962543e+01 0.000000000000000000e+00
1.187241241132962521e+01 0.000000000000000000e+00
1.188241241132962500e+01 0.000000000000000000e+00
1.189241241132962479e+01 0.000000000000000000e+00
1.190241241132962458e+01 0.000000000000000000e+00
1.191241241132962436e+01 0.000000000000000000e+00
1.192241241132962415e+01 0.000000000000000000e+00
1.193241241132962394e+01 0.000000000000000000e+00
1.194241241132962372e+01 0.000000000000000000e+00
1.195241241132962351e+01 0.000000000000000000e+00
1.196241241132962330e+01 0.000000000000000000e+00
1.197241241132962308e+01 0.000000000000000000e+00
1.198241241132962287e+01 0.000000000000000000e+00
1.199241241132962266e+01 0.000000000000000000e+00
1.200241241132962244e+01 0.000000000000000000e+00
1.201241241132962223e+01 0.000000000000000000e+00
1.202241241132962202e+01 0.000000000000000000e+00
1.203241241132962180e+01 0.000000000000000000e+00
1.204241241132962159e+01 0.000000000000000000e+00
1.205241241132962138e+01 0.000000000000000000e+00
1.206241241132962116e+01 0.000000000000000000e+00
1.207241241132962095e+01 0.000000000000000000e+00
1.208241241132962074e+01 0.000000000000000000e+00
1.209241241132962053e+01 0.000000000000000000e+00
1.210241241132962031e+01 0.000000000000000000e+00
1.211241241132962010e+01 0.000000000000000000e+00
1.212241241132961989e+01 0.000000000000000000e+00
1.213241241132961967e+01 0.000000000000000000e+00
1.214241241132961946e+01 0.000000000000000000e+00
1.215241241132961925e+01 0.000000000000000000e+00
1.216241241132961903e+01 0.000000000000000000e+00
1.217241241132961882e+01 0.000000000000000000e+00
1.218241241132961861e+01 0.000000000000000000e+00
1.219241241132961839e+01 0.000000000000000000e+00
1.220241241132961818e+01 0.000000000000000000e+00
1.221241241132961797e+01 0.000000000000000000e+00
1.222241241132961775e+01 0.000000000000000000e+00
1.223241241132961754e+01 0.000000000000000000e+00
1.224241241132961733e+01 0.000000000000000000e+00
1.225241241132961711e+01 0.000000000000000000e+00
1.226241241132961690e+01 0.000000000000000000e+00
1.227241241132961669e+01 0.000000000000000000e+00
1.228241241132961648e+01 0.000000000000000000e+00
1.229241241132961626e+01 0.000000000000000000e+00
1.230241241132961605e+01 0.000000000000000000e+00
1.231241241132961584e+01 0.000000000000000000e+00
1.232241241132961562e+01 0.000000000000000000e+00
1.233241241132961541e+01 0.000000000000000000e+00
1.234241241132961520e+01 0.000000000000000000e+00
1.235241241132961498e+01 0.000000000000000000e+00
1.236241241132961477e+01 0.000000000000000000e+00
1.237241241132961456e+01 0.000000000000000000e+00
1.237408713575896613e+01 0.000000000000000000e+00
