1.000000000000000021e-03 1.017087469011290161e-03
2.412759359306133888e-03 1.017087504824730048e-03
1.241275935930613410e-02 1.017088606064908522e-03
2.241275935930613430e-02 1.017091192905452595e-03
3.241275935930613278e-02 1.017095265345095700e-03
4.241275935930613472e-02 1.017100823381848762e-03
5.241275935930613666e-02 1.017107867012998889e-03
6.241275935930613861e-02 1.017116396235108293e-03
7.241275935930613361e-02 1.017126411044012770e-03
8.241275935930612861e-02 1.017137911434824521e-03
9.241275935930612362e-02 1.017150897401928895e-03
1.024127593593061186e-01 1.017165368938986779e-03
1.124127593593061136e-01 1.017181326038933947e-03
1.224127593593061086e-01 1.017198768693980621e-03
1.324127593593061036e-01 1.017217696895611262e-03
1.424127593593061125e-01 1.017238110634585213e-03
1.524127593593061214e-01 1.017260009900936056e-03
1.624127593593061303e-01 1.017283394683972256e-03
1.724127593593061392e-01 1.017308264972276513e-03
1.824127593593061480e-01 1.017334620753705546e-03
1.924127593593061569e-01 1.017362462015390743e-03
2.024127593593061658e-01 1.017391788743736859e-03
2.124127593593061747e-01 1.017422600924423968e-03
2.224127593593061836e-01 1.017454898542405079e-03
2.324127593593061925e-01 1.017488681581907870e-03
2.424127593593062013e-01 1.017523950026432951e-03
2.524127593593061825e-01 1.017560703858755170e-03
2.624127593593061913e-01 1.017598943060923390e-03
2.724127593593062002e-01 1.017638667614259194e-03
2.824127593593062091e-01 1.017679877499357748e-03
2.924127593593062180e-01 1.017722572696087369e-03
3.024127593593062269e-01 1.017766753183589742e-03
3.124127593593062358e-01 1.017812418940279703e-03
3.224127593593062446e-01 1.017859569943843504e-03
3.324127593593062535e-01 1.017908206171241848e-03
3.424127593593062624e-01 1.017958327598706639e-03
3.524127593593062713e-01 1.018009934201742498e-03
3.624127593593062802e-01 1.018063025955126544e-03
3.724127593593062890e-01 1.018117602832906664e-03
3.824127593593062979e-01 1.018173664808403461e-03
3.924127593593063068e-01 1.018231211854208522e-03
4.024127593593063157e-01 1.018290243942185282e-03
4.124127593593063246e-01 1.018350761043467076e-03
4.224127593593063335e-01 1.018412763128459303e-03
4.324127593593063423e-01 1.018476250166837046e-03
4.424127593593063512e-01 1.018541222127546152e-03
4.524127593593063601e-01 1.018607678978801934e-03
4.624127593593063690e-01 1.018675620688089820e-03
4.724127593593063779e-01 1.018745047222164701e-03
4.824127593593063867e-01 1.018815958547050066e-03
4.924127593593063956e-01 1.018888354628038869e-03
5.024127593593064045e-01 1.018962235429691793e-03
5.124127593593064134e-01 1.019037600915838121e-03
5.224127593593064223e-01 1.019114451049574644e-03
5.324127593593064312e-01 1.019192785793265671e-03
5.424127593593064400e-01 1.019272605108541719e-03
5.524127593593064489e-01 1.019353908956301038e-03
5.624127593593064578e-01 1.019436697296707004e-03
5.724127593593064667e-01 1.019520970089188771e-03
5.824127593593064756e-01 1.019606727292441273e-03
5.924127593593064844e-01 1.019693968864423704e-03
6.024127593593064933e-01 1.019782694762359082e-03
6.124127593593065022e-01 1.019872904942735340e-03
6.224127593593065111e-01 1.019964599361302500e-03
6.324127593593065200e-01 1.020057777973073761e-03
6.424127593593065289e-01 1.020152440732323765e-03
6.524127593593065377e-01 1.020248587592589677e-03
6.624127593593065466e-01 1.020346218506668805e-03
6.724127593593065555e-01 1.020445333426618596e-03
6.824127593593065644e-01 1.020545932303756637e-03
6.924127593593065733e-01 1.020648015088658706e-03
7.024127593593065821e-01 1.020751581731159418e-03
7.124127593593065910e-01 1.020856632180350710e-03
7.224127593593065999e-01 1.020963166384581625e-03
7.324127593593066088e-01 1.021071184291456142e-03
7.424127593593066177e-01 1.021180685847834259e-03
7.524127593593066265e-01 1.021291670999830477e-03
7.624127593593066354e-01 1.021404139692812067e-03
7.724127593593066443e-01 1.021518091871399933e-03
7.824127593593066532e-01 1.021633527479466228e-03
7.924127593593066621e-01 1.021750446460133492e-03
8.024127593593066710e-01 1.021868848755774859e-03
8.124127593593066798e-01 1.021988734308012549e-03
8.224127593593066887e-01 1.022110103057715692e-03
8.324127593593066976e-01 1.022232954945001202e-03
8.424127593593067065e-01 1.022357289909231167e-03
8.524127593593067154e-01 1.022483107889012857e-03
8.624127593593067242e-01 1.022610408822196334e-03
8.724127593593067331e-01 1.022739192645875103e-03
8.824127593593067420e-01 1.022869459296382863e-03
8.924127593593067509e-01 1.023001208709293933e-03
9.024127593593067598e-01 1.023134440819421093e-03
9.124127593593067687e-01 1.023269155560813408e-03
9.224127593593067775e-01 1.023405352866758400e-03
9.324127593593067864e-01 1.023543032669775761e-03
9.424127593593067953e-01 1.023682194901619951e-03
9.524127593593068042e-01 1.023822839493276080e-03
9.624127593593068131e-01 1.023964966374960777e-03
9.724127593593068219e-01 1.024108575476118284e-03
9.824127593593068308e-01 1.024253666725420241e-03
9.924127593593068397e-01 1.024400240050764820e-03
1.002412759359306849e+00 1.024548295379272816e-03
1.012412759359306857e+00 1.024697832637288088e-03
1.022412759359306866e+00 1.024848851750373869e-03
1.032412759359306875e+00 1.025001352643313849e-03
1.042412759359306884e+00 1.025155335240106758e-03
1.052412759359306893e+00 1.025310799463967663e-03
1.062412759359306902e+00 1.025467745237323633e-03
1.072412759359306911e+00 1.025626172481813305e-03
1.082412759359306920e+00 1.025786081118284935e-03
1.092412759359306929e+00 1.025947471066792271e-03
1.102412759359306937e+00 1.026110342246595863e-03
1.112412759359306946e+00 1.026274694576157854e-03
1.122412759359306955e+00 1.026440527973140676e-03
1.132412759359306964e+00 1.026607842354405756e-03
1.142412759359306973e+00 1.026776637636010042e-03
1.152412759359306982e+00 1.026946913733204269e-03
1.162412759359306991e+00 1.027118670560430358e-03
1.172412759359307000e+00 1.027291908031318377e-03
1.182412759359307008e+00 1.027466626058685679e-03
1.192412759359307017e+00 1.027642824554531910e-03
1.202412759359307026e+00 1.027820503430037710e-03
1.212412759359307035e+00 1.028002012780536911e-03
1.222412759359307044e+00 1.028187238951680993e-03
1.232412759359307053e+00 1.028373983199526095e-03
1.242412759359307062e+00 1.028562245441334583e-03
1.252412759359307071e+00 1.028752025593699651e-03
1.262412759359307080e+00 1.028943323572543153e-03
1.272412759359307088e+00 1.029136139293115827e-03
1.282412759359307097e+00 1.029330472669994032e-03
1.292412759359307106e+00 1.029526323617081492e-03
1.302412759359307115e+00 1.029723692047604952e-03
1.312412759359307124e+00 1.029922577874114401e-03
1.322412759359307133e+00 1.030122981008480898e-03
1.332412759359307142e+00 1.030324901361895275e-03
1.342412759359307151e+00 1.030528338844867052e-03
1.352412759359307159e+00 1.030733293367221614e-03
1.362412759359307168e+00 1.030939764838098701e-03
1.372412759359307177e+00 1.031147753165951751e-03
1.382412759359307186e+00 1.031357258258544648e-03
1.392412759359307195e+00 1.031568280022950859e-03
1.402412759359307204e+00 1.031780818365549959e-03
1.412412759359307213e+00 1.031994873192027201e-03
1.422412759359307222e+00 1.032210444407369830e-03
1.432412759359307231e+00 1.032427531915866429e-03
1.442412759359307239e+00 1.032646135621103235e-03
1.452412759359307248e+00 1.032866255425961971e-03
1.462412759359307257e+00 1.033087891232617678e-03
1.472412759359307266e+00 1.033311042942536978e-03
1.482412759359307275e+00 1.033535710456473088e-03
1.492412759359307284e+00 1.033761893674465821e-03
1.502412759359307293e+00 1.033989592495837030e-03
1.512412759359307302e+00 1.034218806819188008e-03
1.522412759359307310e+00 1.034449536542397102e-03
1.532412759359307319e+00 1.034681781562616244e-03
1.542412759359307328e+00 1.034915541776267479e-03
1.552412759359307337e+00 1.035150817079040367e-03
1.562412759359307346e+00 1.035387607365888946e-03
1.572412759359307355e+00 1.035625912531026524e-03
1.582412759359307364e+00 1.035865732467925035e-03
1.592412759359307373e+00 1.036107067069308094e-03
1.602412759359307382e+00 1.036349916227151217e-03
1.612412759359307390e+00 1.036594279832673150e-03
1.622412759359307399e+00 1.036840157776337378e-03
1.632412759359307408e+00 1.037087549947844113e-03
1.642412759359307417e+00 1.037336456236127684e-03
1.652412759359307426e+00 1.037586876529352636e-03
1.662412759359307435e+00 1.037838810714909179e-03
1.672412759359307444e+00 1.038092258679408630e-03
1.682412759359307453e+00 1.038347220308679080e-03
1.692412759359307461e+00 1.038603695487760404e-03
1.702412759359307470e+00 1.038861684100900575e-03
1.712412759359307479e+00 1.039121186031550462e-03
1.722412759359307488e+00 1.039382201162357758e-03
1.732412759359307497e+00 1.039644729375164157e-03
1.742412759359307506e+00 1.039908770550997770e-03
1.752412759359307515e+00 1.040174324570070519e-03
1.762412759359307524e+00 1.040441391311770335e-03
1.772412759359307532e+00 1.040709970654657684e-03
1.782412759359307541e+00 1.040980062476458629e-03
1.792412759359307550e+00 1.041251666654059629e-03
1.802412759359307559e+00 1.041524783063502114e-03
1.812412759359307568e+00 1.041799411579975767e-03
1.822412759359307577e+00 1.042075552077813749e-03
1.832412759359307586e+00 1.042353204430484679e-03
1.842412759359307595e+00 1.042632368510588515e-03
1.852412759359307604e+00 1.042913044189847874e-03
1.862412759359307612e+00 1.043195231339103923e-03
1.872412759359307621e+00 1.043478929828307910e-03
1.882412759359307630e+00 1.043764139526514667e-03
1.892412759359307639e+00 1.044050860301876972e-03
1.902412759359307648e+00 1.044339092021636653e-03
1.912412759359307657e+00 1.044628834552118737e-03
1.922412759359307666e+00 1.044920087758724079e-03
1.932412759359307675e+00 1.045212851505921336e-03
1.942412759359307683e+00 1.045507125657239595e-03
1.952412759359307692e+00 1.045802910075261218e-03
1.962412759359307701e+00 1.046100204621613601e-03
1.972412759359307710e+00 1.046399009156961154e-03
1.982412759359307719e+00 1.046699323540997489e-03
1.992412759359307728e+00 1.047001147632436535e-03
2.002412759359307515e+00 1.047304481289005164e-03
2.012412759359307302e+00 1.047609324367433864e-03
2.022412759359307088e+00 1.047915676723449154e-03
2.032412759359306875e+00 1.048223538211762737e-03
2.042412759359306662e+00 1.048532908686065218e-03
2.052412759359306449e+00 1.048843787999014822e-03
2.062412759359306236e+00 1.049156176002229374e-03
2.072412759359306023e+00 1.049470072546276542e-03
2.082412759359305809e+00 1.049787047605411092e-03
2.092412759359305596e+00 1.050112014888644318e-03
2.102412759359305383e+00 1.050438529780680155e-03
2.112412759359305170e+00 1.050766592153176606e-03
2.122412759359304957e+00 1.051096201877060703e-03
2.132412759359304744e+00 1.051427358822522870e-03
2.142412759359304530e+00 1.051760062859006953e-03
2.152412759359304317e+00 1.052094313855202190e-03
2.162412759359304104e+00 1.052430111679035843e-03
2.172412759359303891e+00 1.052767456197662788e-03
2.182412759359303678e+00 1.053106347277457710e-03
2.192412759359303465e+00 1.053446784784006210e-03
2.202412759359303251e+00 1.053788768582094183e-03
2.212412759359303038e+00 1.054132298535700877e-03
2.222412759359302825e+00 1.054477374507986100e-03
2.232412759359302612e+00 1.054823996361283498e-03
2.242412759359302399e+00 1.055172163957088195e-03
2.252412759359302186e+00 1.055521877156048120e-03
2.262412759359301972e+00 1.055873135817953379e-03
2.272412759359301759e+00 1.056225939801725203e-03
2.282412759359301546e+00 1.056580288965405963e-03
2.292412759359301333e+00 1.056936183166147904e-03
2.302412759359301120e+00 1.057293622260201214e-03
2.312412759359300907e+00 1.057652606102904699e-03
2.322412759359300694e+00 1.058013134548672343e-03
2.332412759359300480e+00 1.058375207450983112e-03
2.342412759359300267e+00 1.058738824662367730e-03
2.352412759359300054e+00 1.059103986034398487e-03
2.362412759359299841e+00 1.059470691417674490e-03
2.372412759359299628e+00 1.059838940661810827e-03
2.382412759359299415e+00 1.060208733615426637e-03
2.392412759359299201e+00 1.060580070126129716e-03
2.402412759359298988e+00 1.060952950040505672e-03
2.412412759359298775e+00 1.061327373204104052e-03
2.422412759359298562e+00 1.061703339461424244e-03
2.432412759359298349e+00 1.062080848655902248e-03
2.442412759359298136e+00 1.062459900629897022e-03
2.452412759359297922e+00 1.062840495224676380e-03
2.462412759359297709e+00 1.063222632280401599e-03
2.472412759359297496e+00 1.063606311636114410e-03
2.482412759359297283e+00 1.063991533129721384e-03
2.492412759359297070e+00 1.064378296597978972e-03
2.502412759359296857e+00 1.064766601876478104e-03
2.512412759359296643e+00 1.065156448799630317e-03
2.522412759359296430e+00 1.065547837200649973e-03
2.532412759359296217e+00 1.065940766911540379e-03
2.542412759359296004e+00 1.066335237763076007e-03
2.552412759359295791e+00 1.066731249584787532e-03
2.562412759359295578e+00 1.067128802204945137e-03
2.572412759359295364e+00 1.067527895450540946e-03
2.582412759359295151e+00 1.067928529147273414e-03
2.592412759359294938e+00 1.068330703119529110e-03
2.602412759359294725e+00 1.068734417190366024e-03
2.612412759359294512e+00 1.069139671181494914e-03
2.622412759359294299e+00 1.069546464913263481e-03
2.632412759359294085e+00 1.069954798204636199e-03
2.642412759359293872e+00 1.070364670873177187e-03
2.652412759359293659e+00 1.070776082735031562e-03
2.662412759359293446e+00 1.071189033604905919e-03
2.672412759359293233e+00 1.071603523296050771e-03
2.682412759359293020e+00 1.072026656636497575e-03
2.692412759359292806e+00 1.072454920091570237e-03
2.702412759359292593e+00 1.072884763306730833e-03
2.712412759359292380e+00 1.073316186135619878e-03
2.722412759359292167e+00 1.073749188430892128e-03
2.732412759359291954e+00 1.074183770044197499e-03
2.742412759359291741e+00 1.074619930826162641e-03
2.752412759359291528e+00 1.075057670626370331e-03
2.762412759359291314e+00 1.075496989293341478e-03
2.772412759359291101e+00 1.075937886674513443e-03
2.782412759359290888e+00 1.076380362616220733e-03
2.792412759359290675e+00 1.076824416963674405e-03
2.802412759359290462e+00 1.077270049560941686e-03
2.812412759359290249e+00 1.077717260250923197e-03
2.822412759359290035e+00 1.078166048875334095e-03
2.832412759359289822e+00 1.078616415274679784e-03
2.842412759359289609e+00 1.079068359288236183e-03
2.852412759359289396e+00 1.079521880754026738e-03
2.862412759359289183e+00 1.079976979508798576e-03
2.872412759359288970e+00 1.080433655388002333e-03
2.882412759359288756e+00 1.080891908225766786e-03
2.892412759359288543e+00 1.081351737854876083e-03
2.902412759359288330e+00 1.081813144106747414e-03
2.912412759359288117e+00 1.082276126811403897e-03
2.922412759359287904e+00 1.082740685797454420e-03
2.932412759359287691e+00 1.083206820892065880e-03
2.942412759359287477e+00 1.083674531920939335e-03
2.952412759359287264e+00 1.084143818708285497e-03
2.962412759359287051e+00 1.084614681076798062e-03
2.972412759359286838e+00 1.085087118847629208e-03
2.982412759359286625e+00 1.085561131840362924e-03
2.992412759359286412e+00 1.086036719872987902e-03
3.002412759359286198e+00 1.086513882761873254e-03
3.012412759359285985e+00 1.086992620321738587e-03
3.022412759359285772e+00 1.087472932365628848e-03
3.032412759359285559e+00 1.087954818704885921e-03
3.042412759359285346e+00 1.088438279149121302e-03
3.052412759359285133e+00 1.088923313506187695e-03
3.062412759359284919e+00 1.089409921582149953e-03
3.072412759359284706e+00 1.089898103181257544e-03
3.082412759359284493e+00 1.090387858105914187e-03
3.092412759359284280e+00 1.090879186156649885e-03
3.102412759359284067e+00 1.091372087132089913e-03
3.112412759359283854e+00 1.091866560828925982e-03
3.122412759359283640e+00 1.092362607041884792e-03
3.132412759359283427e+00 1.092860225563698330e-03
3.142412759359283214e+00 1.093359416185073728e-03
3.152412759359283001e+00 1.093860178694659431e-03
3.162412759359282788e+00 1.094372556070697658e-03
3.172412759359282575e+00 1.094889313992071858e-03
3.182412759359282362e+00 1.095407686359884791e-03
3.192412759359282148e+00 1.095927673023364048e-03
3.202412759359281935e+00 1.096449273830215005e-03
3.212412759359281722e+00 1.096972488626584601e-03
3.222412759359281509e+00 1.097497317257030121e-03
3.232412759359281296e+00 1.098023759564485365e-03
3.242412759359281083e+00 1.098551815390223351e-03
3.252412759359280869e+00 1.099081484573825309e-03
3.262412759359280656e+00 1.099612766953143167e-03
3.272412759359280443e+00 1.100145662364265938e-03
3.282412759359280230e+00 1.100680170641481345e-03
3.292412759359280017e+00 1.101216291617243071e-03
3.302412759359279804e+00 1.101754025122131300e-03
3.312412759359279590e+00 1.102293370984816934e-03
3.322412759359279377e+00 1.102834329032025169e-03
3.332412759359279164e+00 1.103376899088495807e-03
3.342412759359278951e+00 1.103921080976947482e-03
3.352412759359278738e+00 1.104466874518037541e-03
3.362412759359278525e+00 1.105014279530324535e-03
3.372412759359278311e+00 1.105563295830227881e-03
3.382412759359278098e+00 1.106113923231989487e-03
3.392412759359277885e+00 1.106666161547633200e-03
3.402412759359277672e+00 1.107220010586924689e-03
3.412412759359277459e+00 1.107775470157331115e-03
3.422412759359277246e+00 1.108332540063979499e-03
3.432412759359277032e+00 1.108891220109617035e-03
3.442412759359276819e+00 1.109451510094566209e-03
3.452412759359276606e+00 1.110013409816685984e-03
3.462412759359276393e+00 1.110576919071327778e-03
3.472412759359276180e+00 1.111142037651292099e-03
3.482412759359275967e+00 1.111708765346787128e-03
3.492412759359275753e+00 1.112277101945383399e-03
3.502412759359275540e+00 1.112847047231969996e-03
3.512412759359275327e+00 1.113418600988712055e-03
3.522412759359275114e+00 1.113991762995004140e-03
3.532412759359274901e+00 1.114566533027424927e-03
3.542412759359274688e+00 1.115142910859693833e-03
3.552412759359274474e+00 1.115720896262623529e-03
3.562412759359274261e+00 1.116300489004074621e-03
3.572412759359274048e+00 1.116893987350058145e-03
3.582412759359273835e+00 1.117491762327941195e-03
3.592412759359273622e+00 1.118091189426396320e-03
3.602412759359273409e+00 1.118692268509355282e-03
3.612412759359273196e+00 1.119294999438514432e-03
3.622412759359272982e+00 1.119899382073285274e-03
3.632412759359272769e+00 1.120505416270741340e-03
3.642412759359272556e+00 1.121113101885568095e-03
3.652412759359272343e+00 1.121722438770011336e-03
3.662412759359272130e+00 1.122333426773822326e-03
3.672412759359271917e+00 1.122946065744208138e-03
3.682412759359271703e+00 1.123560355525776147e-03
3.692412759359271490e+00 1.124176295960480467e-03
3.702412759359271277e+00 1.124793886887568827e-03
3.712412759359271064e+00 1.125413128143526627e-03
3.722412759359270851e+00 1.126034019562022507e-03
3.732412759359270638e+00 1.126656560973851974e-03
3.742412759359270424e+00 1.127280752206883188e-03
3.752412759359270211e+00 1.127906593085998416e-03
3.762412759359269998e+00 1.128534083433038954e-03
3.772412759359269785e+00 1.129163223066746583e-03
3.782412759359269572e+00 1.129794011802705668e-03
3.792412759359269359e+00 1.130426449453286134e-03
3.802412759359269145e+00 1.131060535827583613e-03
3.812412759359268932e+00 1.131696270731361986e-03
3.822412759359268719e+00 1.132333653966992012e-03
3.832412759359268506e+00 1.132972685333392352e-03
3.842412759359268293e+00 1.133613364625969287e-03
3.852412759359268080e+00 1.134255691636555131e-03
3.862412759359267866e+00 1.134899666153348823e-03
3.872412759359267653e+00 1.135545287960852169e-03
3.882412759359267440e+00 1.136192556839809350e-03
3.892412759359267227e+00 1.136841472567142516e-03
3.902412759359267014e+00 1.137492034915891506e-03
3.912412759359266801e+00 1.138144243655148796e-03
3.922412759359266587e+00 1.138798098549995749e-03
3.932412759359266374e+00 1.139464119945870699e-03
3.942412759359266161e+00 1.140138405973958619e-03
3.952412759359265948e+00 1.140814385705156593e-03
3.962412759359265735e+00 1.141492059025518008e-03
3.972412759359265522e+00 1.142171425817749102e-03
3.982412759359265308e+00 1.142852485961137407e-03
3.992412759359265095e+00 1.143535239331479976e-03
4.002412759359264882e+00 1.144219685801010087e-03
4.012412759359264669e+00 1.144905825238324171e-03
4.022412759359264456e+00 1.145593657508309172e-03
4.032412759359264243e+00 1.146283182472067732e-03
4.042412759359264030e+00 1.146974399986843383e-03
4.052412759359263816e+00 1.147667309905946609e-03
4.062412759359263603e+00 1.148361912078677645e-03
4.072412759359263390e+00 1.149058206350251883e-03
4.082412759359263177e+00 1.149756192561722902e-03
4.092412759359262964e+00 1.150455870549904613e-03
4.102412759359262751e+00 1.151157240147294937e-03
4.112412759359262537e+00 1.151860301181997304e-03
4.122412759359262324e+00 1.152565053477642163e-03
4.132412759359262111e+00 1.153271496853307612e-03
4.142412759359261898e+00 1.153979631123440690e-03
4.152412759359261685e+00 1.154689456097777360e-03
4.162412759359261472e+00 1.155400971581262062e-03
4.172412759359261258e+00 1.156114177373965745e-03
4.182412759359261045e+00 1.156829073271007161e-03
4.192412759359260832e+00 1.157545659062468070e-03
4.202412759359260619e+00 1.158263934533313453e-03
4.212412759359260406e+00 1.158983899463306936e-03
4.222412759359260193e+00 1.159705553626929481e-03
4.232412759359259979e+00 1.160428896793294813e-03
4.242412759359259766e+00 1.161153928726064641e-03
4.252412759359259553e+00 1.161880649183365602e-03
4.262412759359259340e+00 1.162627034695150243e-03
4.272412759359259127e+00 1.163376236378356162e-03
4.282412759359258914e+00 1.164127176750933378e-03
4.292412759359258700e+00 1.164879855735303322e-03
4.302412759359258487e+00 1.165634273249041911e-03
4.312412759359258274e+00 1.166390429204783915e-03
4.322412759359258061e+00 1.167148323510124519e-03
4.332412759359257848e+00 1.167907956067524341e-03
4.342412759359257635e+00 1.168669326774208171e-03
4.352412759359257421e+00 1.169432435522070428e-03
4.362412759359257208e+00 1.170197282197572592e-03
4.372412759359256995e+00 1.170963866681646280e-03
4.382412759359256782e+00 1.171732188849591112e-03
4.392412759359256569e+00 1.172502248570976048e-03
4.402412759359256356e+00 1.173274045709537042e-03
4.412412759359256142e+00 1.174047580123075557e-03
4.422412759359255929e+00 1.174822851663357088e-03
4.432412759359255716e+00 1.175599860176007941e-03
4.442412759359255503e+00 1.176378605500413106e-03
4.452412759359255290e+00 1.177159087469610652e-03
4.462412759359255077e+00 1.177941305910190249e-03
4.472412759359254864e+00 1.178725260642186695e-03
4.482412759359254650e+00 1.179510951478974969e-03
4.492412759359254437e+00 1.180298378227166581e-03
4.502412759359254224e+00 1.181087540686500932e-03
4.512412759359254011e+00 1.181878438649741018e-03
4.522412759359253798e+00 1.182671071902565438e-03
4.532412759359253585e+00 1.183465440223460414e-03
4.542412759359253371e+00 1.184261543383614401e-03
4.552412759359253158e+00 1.185060370053811095e-03
4.562412759359252945e+00 1.185881050050592318e-03
4.572412759359252732e+00 1.186703517925803914e-03
4.582412759359252519e+00 1.187527773657888691e-03
4.592412759359252306e+00 1.188353817218607521e-03
4.602412759359252092e+00 1.189181648572913350e-03
4.612412759359251879e+00 1.190011267678827605e-03
4.622412759359251666e+00 1.190842674487313339e-03
4.632412759359251453e+00 1.191675868942151419e-03
4.642412759359251240e+00 1.192510850979812582e-03
4.652412759359251027e+00 1.193347620529330595e-03
4.662412759359250813e+00 1.194186177512176475e-03
4.672412759359250600e+00 1.195026521842128394e-03
4.682412759359250387e+00 1.195868653425143525e-03
4.692412759359250174e+00 1.196712572159231184e-03
4.702412759359249961e+00 1.197558277934320349e-03
4.712412759359249748e+00 1.198405770632131719e-03
4.722412759359249534e+00 1.199255050126046959e-03
4.732412759359249321e+00 1.200106116280976430e-03
4.742412759359249108e+00 1.200958968953229735e-03
4.752412759359248895e+00 1.201813607990381708e-03
4.762412759359248682e+00 1.202670033231142315e-03
4.772412759359248469e+00 1.203528244505221775e-03
4.782412759359248255e+00 1.204388241633198289e-03
4.792412759359248042e+00 1.205250024426384684e-03
4.802412759359247829e+00 1.206113592686692887e-03
4.812412759359247616e+00 1.206978946206500782e-03
4.822412759359247403e+00 1.207846084768516908e-03
4.832412759359247190e+00 1.208724511213751232e-03
4.842412759359246976e+00 1.209618406310751515e-03
4.852412759359246763e+00 1.210514142873630019e-03
4.862412759359246550e+00 1.211411720947223923e-03
4.872412759359246337e+00 1.212311140567178327e-03
4.882412759359246124e+00 1.213212401759789687e-03
4.892412759359245911e+00 1.214115504541849041e-03
4.902412759359245698e+00 1.215020448920484152e-03
4.912412759359245484e+00 1.215927234893000126e-03
4.922412759359245271e+00 1.216835862446720038e-03
4.932412759359245058e+00 1.217746331558827288e-03
4.942412759359244845e+00 1.218658642196204485e-03
4.952412759359244632e+00 1.219572794315273642e-03
4.962412759359244419e+00 1.220488787861833757e-03
4.972412759359244205e+00 1.221406622770901439e-03
4.982412759359243992e+00 1.222326298966548057e-03
4.992412759359243779e+00 1.223247816361737548e-03
5.002412759359243566e+00 1.224171174858164216e-03
5.012412759359243353e+00 1.225096374346089020e-03
5.022412759359243140e+00 1.226023414704176294e-03
5.032412759359242926e+00 1.226952295799330680e-03
5.042412759359242713e+00 1.227883017486531680e-03
5.052412759359242500e+00 1.228815579608669292e-03
5.062412759359242287e+00 1.229749981996378994e-03
5.072412759359242074e+00 1.230686224467877378e-03
5.082412759359241861e+00 1.231624306828794533e-03
5.092412759359241647e+00 1.232581101585010757e-03
5.102412759359241434e+00 1.233548241865407152e-03
5.112412759359241221e+00 1.234517282332732793e-03
5.122412759359241008e+00 1.235488223112587080e-03
5.132412759359240795e+00 1.236461064318198667e-03
5.142412759359240582e+00 1.237435806050234859e-03
5.152412759359240368e+00 1.238412448396604285e-03
5.162412759359240155e+00 1.239390991432263263e-03
5.172412759359239942e+00 1.240371435219021507e-03
5.182412759359239729e+00 1.241353779805345892e-03
5.192412759359239516e+00 1.242338025226164206e-03
5.202412759359239303e+00 1.243324171502670000e-03
5.212412759359239089e+00 1.244312218642124827e-03
5.222412759359238876e+00 1.245302166637660482e-03
5.232412759359238663e+00 1.246294015468084283e-03
5.242412759359238450e+00 1.247287765097679140e-03
5.252412759359238237e+00 1.248283415476005584e-03
5.262412759359238024e+00 1.249280966537704221e-03
5.272412759359237810e+00 1.250280418202296458e-03
5.282412759359237597e+00 1.251281770373986312e-03
5.292412759359237384e+00 1.252285022941459830e-03
5.302412759359237171e+00 1.253290175777686246e-03
5.312412759359236958e+00 1.254297228739718710e-03
5.322412759359236745e+00 1.255306181668493703e-03
5.332412759359236532e+00 1.256331972800843423e-03
5.342412759359236318e+00 1.257372454126875301e-03
5.352412759359236105e+00 1.258414900010236710e-03
5.362412759359235892e+00 1.259459310693137333e-03
5.372412759359235679e+00 1.260505686401588435e-03
5.382412759359235466e+00 1.261554027345172585e-03
5.392412759359235253e+00 1.262604333716804694e-03
5.402412759359235039e+00 1.263656605692496096e-03
5.412412759359234826e+00 1.264710843431118619e-03
5.422412759359234613e+00 1.265767047074166938e-03
5.432412759359234400e+00 1.266825216745520906e-03
5.442412759359234187e+00 1.267885352551209642e-03
5.452412759359233974e+00 1.268947454579173002e-03
5.462412759359233760e+00 1.270011522899023269e-03
5.472412759359233547e+00 1.271077557561807502e-03
5.482412759359233334e+00 1.272145558599770522e-03
5.492412759359233121e+00 1.273215526026112926e-03
5.502412759359232908e+00 1.274287459834757110e-03
5.512412759359232695e+00 1.275361360000105060e-03
5.522412759359232481e+00 1.276437226476801129e-03
5.532412759359232268e+00 1.277515059199493081e-03
5.542412759359232055e+00 1.278594858082592479e-03
5.552412759359231842e+00 1.279676623020036159e-03
5.562412759359231629e+00 1.280784898111210707e-03
5.572412759359231416e+00 1.281900570759533699e-03
5.582412759359231202e+00 1.283018278563513971e-03
5.592412759359230989e+00 1.284138021884861968e-03
5.602412759359230776e+00 1.285259801064185005e-03
5.612412759359230563e+00 1.286383616420706030e-03
5.622412759359230350e+00 1.287509468251979775e-03
5.632412759359230137e+00 1.288637356833611516e-03
5.642412759359229923e+00 1.289767282418974965e-03
5.652412759359229710e+00 1.290899245238928640e-03
5.662412759359229497e+00 1.292033245501534623e-03
5.672412759359229284e+00 1.293169283391775804e-03
5.682412759359229071e+00 1.294307359071273115e-03
5.692412759359228858e+00 1.295447472678002993e-03
5.702412759359228644e+00 1.296589624326015700e-03
5.712412759359228431e+00 1.297733814105152999e-03
5.722412759359228218e+00 1.298880042080763873e-03
5.732412759359228005e+00 1.300028308293426325e-03
5.742412759359227792e+00 1.301178612758661359e-03
5.752412759359227579e+00 1.302330955466653260e-03
5.762412759359227366e+00 1.303485336381968347e-03
5.772412759359227152e+00 1.304652802267021591e-03
5.782412759359226939e+00 1.305843562254324153e-03
5.792412759359226726e+00 1.307036434225712597e-03
5.802412759359226513e+00 1.308231418718862728e-03
5.812412759359226300e+00 1.309428516244622422e-03
5.822412759359226087e+00 1.310627727286677036e-03
5.832412759359225873e+00 1.311829052301213957e-03
5.842412759359225660e+00 1.313032491716590623e-03
5.852412759359225447e+00 1.314238045932999499e-03
5.862412759359225234e+00 1.315445715322135015e-03
5.872412759359225021e+00 1.316655500226859843e-03
5.882412759359224808e+00 1.317867400960872487e-03
5.892412759359224594e+00 1.319081417808373562e-03
5.902412759359224381e+00 1.320297551023734677e-03
5.912412759359224168e+00 1.321515800831165157e-03
5.922412759359223955e+00 1.322736167424382438e-03
5.932412759359223742e+00 1.323958650966277056e-03
5.942412759359223529e+00 1.325183251588587813e-03
5.952412759359223315e+00 1.326409969391565032e-03
5.962412759359223102e+00 1.327638804443645720e-03
5.972412759359222889e+00 1.328869756781120943e-03
5.982412759359222676e+00 1.330136778016375275e-03
5.992412759359222463e+00 1.331406979271556679e-03
6.002412759359222250e+00 1.332679377744963806e-03
6.012412759359222036e+00 1.333953974151116245e-03
6.022412759359221823e+00 1.335230769170293180e-03
6.032412759359221610e+00 1.336509763448143510e-03
6.042412759359221397e+00 1.337790957595292717e-03
6.052412759359221184e+00 1.339074352186952989e-03
6.062412759359220971e+00 1.340359947762531818e-03
6.072412759359220757e+00 1.341647744825243214e-03
6.082412759359220544e+00 1.342937743841719333e-03
6.092412759359220331e+00 1.344229945241619956e-03
6.102412759359220118e+00 1.345524349417248459e-03
6.112412759359219905e+00 1.346820956723161289e-03
6.122412759359219692e+00 1.348119767475785885e-03
6.132412759359219478e+00 1.349420781953032319e-03
6.142412759359219265e+00 1.350724000393912312e-03
6.152412759359219052e+00 1.352029422998153466e-03
6.162412759359218839e+00 1.353337049925818717e-03
6.172412759359218626e+00 1.354669539743427655e-03
6.182412759359218413e+00 1.356019487771919184e-03
6.192412759359218200e+00 1.357371726345480735e-03
6.202412759359217986e+00 1.358726256428375483e-03
6.212412759359217773e+00 1.360083078942044303e-03
6.222412759359217560e+00 1.361442194764652790e-03
6.232412759359217347e+00 1.362803604730632645e-03
6.242412759359217134e+00 1.364167309630229122e-03
6.252412759359216921e+00 1.365533310209047406e-03
6.262412759359216707e+00 1.366901607167599845e-03
6.272412759359216494e+00 1.368272201160856440e-03
6.282412759359216281e+00 1.369645092797793602e-03
6.292412759359216068e+00 1.371020282640947894e-03
6.302412759359215855e+00 1.372397771205966953e-03
6.312412759359215642e+00 1.373777558961165835e-03
6.322412759359215428e+00 1.375159646327082713e-03
6.332412759359215215e+00 1.376544033676034345e-03
6.342412759359215002e+00 1.377930721331678716e-03
6.352412759359214789e+00 1.379324972453306814e-03
6.362412759359214576e+00 1.380756209360885526e-03
6.372412759359214363e+00 1.382189837757997770e-03
6.382412759359214149e+00 1.383625858940834563e-03
6.392412759359213936e+00 1.385064274152484872e-03
6.402412759359213723e+00 1.386505084582406082e-03
6.412412759359213510e+00 1.387948291365897948e-03
6.422412759359213297e+00 1.389393895583574800e-03
6.432412759359213084e+00 1.390841898260842526e-03
6.442412759359212870e+00 1.392292300367375772e-03
6.452412759359212657e+00 1.393745102816598387e-03
6.462412759359212444e+00 1.395200306465162361e-03
6.472412759359212231e+00 1.396657912112437162e-03
6.482412759359212018e+00 1.398117920499987584e-03
6.492412759359211805e+00 1.399580332311069382e-03
6.502412759359211591e+00 1.401045148170113183e-03
6.512412759359211378e+00 1.402512368642220338e-03
6.522412759359211165e+00 1.403981994232655949e-03
6.532412759359210952e+00 1.405475055616981070e-03
6.542412759359210739e+00 1.406992106973161370e-03
6.552412759359210526e+00 1.408511662266480466e-03
6.562412759359210312e+00 1.410033723013759312e-03
6.572412759359210099e+00 1.411558290665818061e-03
6.582412759359209886e+00 1.413085366606877140e-03
6.592412759359209673e+00 1.414614952153958778e-03
6.602412759359209460e+00 1.416147048556293296e-03
6.612412759359209247e+00 1.417681656994727564e-03
6.622412759359209034e+00 1.419218778581135196e-03
6.632412759359208820e+00 1.420758414357829996e-03
6.642412759359208607e+00 1.422300565296985260e-03
6.652412759359208394e+00 1.423845232300049828e-03
6.662412759359208181e+00 1.425392416197172798e-03
6.672412759359207968e+00 1.426942117746629775e-03
6.682412759359207755e+00 1.428494337634251274e-03
6.692412759359207541e+00 1.430049076472854818e-03
6.702412759359207328e+00 1.431635722264909668e-03
6.712412759359207115e+00 1.433242957829901267e-03
6.722412759359206902e+00 1.434852822050533029e-03
6.732412759359206689e+00 1.436465317025253973e-03
6.742412759359206476e+00 1.438080444770960514e-03
6.752412759359206262e+00 1.439698207222296286e-03
6.762412759359206049e+00 1.441318606230963025e-03
6.772412759359205836e+00 1.442941643565028628e-03
6.782412759359205623e+00 1.444567320908244539e-03
6.792412759359205410e+00 1.446195639859362923e-03
6.802412759359205197e+00 1.447826601931461203e-03
6.812412759359204983e+00 1.449460208551267039e-03
6.822412759359204770e+00 1.451096461058492409e-03
6.832412759359204557e+00 1.452735360705164876e-03
6.842412759359204344e+00 1.454376908654972291e-03
6.852412759359204131e+00 1.456021105982602737e-03
6.862412759359203918e+00 1.457690211238322391e-03
6.872412759359203704e+00 1.459388885433655914e-03
6.882412759359203491e+00 1.461090325152790501e-03
6.892412759359203278e+00 1.462794532805965697e-03
6.902412759359203065e+00 1.464501510703737760e-03
6.912412759359202852e+00 1.466211261056203814e-03
6.922412759359202639e+00 1.467923785972228591e-03
6.932412759359202425e+00 1.469639087458679419e-03
6.942412759359202212e+00 1.471357167419663596e-03
6.952412759359201999e+00 1.473078027655772481e-03
6.962412759359201786e+00 1.474801669863329929e-03
6.972412759359201573e+00 1.476528095633648958e-03
6.982412759359201360e+00 1.478257306452290592e-03
6.992412759359201146e+00 1.479989303698331371e-03
7.002412759359200933e+00 1.481724088643634986e-03
7.012412759359200720e+00 1.483461662452130415e-03
7.022412759359200507e+00 1.485251535770035691e-03
7.032412759359200294e+00 1.487047239562277155e-03
7.042412759359200081e+00 1.488845859364307071e-03
7.052412759359199868e+00 1.490647398248828122e-03
7.062412759359199654e+00 1.492451859166072812e-03
7.072412759359199441e+00 1.494259244942920065e-03
7.082412759359199228e+00 1.496069558282023737e-03
7.092412759359199015e+00 1.497882801760939400e-03
7.102412759359198802e+00 1.499698977831263273e-03
7.112412759359198589e+00 1.501518088817781985e-03
7.122412759359198375e+00 1.503340136917621049e-03
7.132412759359198162e+00 1.505165124199408068e-03
7.142412759359197949e+00 1.506993052602440940e-03
7.152412759359197736e+00 1.508823923935859960e-03
7.162412759359197523e+00 1.510660559309530155e-03
7.172412759359197310e+00 1.512553721561452546e-03
7.182412759359197096e+00 1.514449963624204263e-03
7.192412759359196883e+00 1.516349289289688511e-03
7.202412759359196670e+00 1.518251702201772616e-03
7.212412759359196457e+00 1.520157205855300099e-03
7.222412759359196244e+00 1.522065803595104702e-03
7.232412759359196031e+00 1.523977498615040676e-03
7.242412759359195817e+00 1.525892293957018930e-03
7.252412759359195604e+00 1.527810192510051191e-03
7.262412759359195391e+00 1.529731197009306974e-03
7.272412759359195178e+00 1.531655310035179209e-03
7.282412759359194965e+00 1.533582534012356167e-03
7.292412759359194752e+00 1.535512871208910514e-03
7.302412759359194538e+00 1.537446323735389662e-03
7.312412759359194325e+00 1.539425891398457516e-03
7.322412759359194112e+00 1.541424381161888950e-03
7.332412759359193899e+00 1.543426134914946271e-03
7.342412759359193686e+00 1.545431157170082826e-03
7.352412759359193473e+00 1.547439452259213215e-03
7.362412759359193259e+00 1.549451024332619119e-03
7.372412759359193046e+00 1.551465877357859676e-03
7.382412759359192833e+00 1.553484015118697468e-03
7.392412759359192620e+00 1.555505441214037957e-03
7.402412759359192407e+00 1.557530159056877807e-03
7.412412759359192194e+00 1.559558171873267306e-03
7.422412759359191980e+00 1.561589482701285572e-03
7.432412759359191767e+00 1.563624094390029216e-03
7.442412759359191554e+00 1.565662009598612053e-03
7.452412759359191341e+00 1.567763763103045393e-03
7.462412759359191128e+00 1.569871579605713711e-03
7.472412759359190915e+00 1.571982863548686531e-03
7.482412759359190702e+00 1.574097620336380350e-03
7.492412759359190488e+00 1.576215855154307344e-03
7.502412759359190275e+00 1.578337572967866264e-03
7.512412759359190062e+00 1.580462778521143311e-03
7.522412759359189849e+00 1.582591476335731438e-03
7.532412759359189636e+00 1.584723670709562446e-03
7.542412759359189423e+00 1.586859365715757950e-03
7.552412759359189209e+00 1.588998565201494651e-03
7.562412759359188996e+00 1.591141272786885221e-03
7.572412759359188783e+00 1.593287491863876974e-03
7.582412759359188570e+00 1.595483534526586592e-03
7.592412759359188357e+00 1.597703272818563761e-03
7.602412759359188144e+00 1.599926699709721799e-03
7.612412759359187930e+00 1.602153821767928052e-03
7.622412759359187717e+00 1.604384645296981363e-03
7.632412759359187504e+00 1.606619176335280031e-03
7.642412759359187291e+00 1.608857420654500377e-03
7.652412759359187078e+00 1.611099383758297660e-03
7.662412759359186865e+00 1.613345070881028014e-03
7.672412759359186651e+00 1.615594486986488389e-03
7.682412759359186438e+00 1.617847636766679914e-03
7.692412759359186225e+00 1.620104524640585131e-03
7.702412759359186012e+00 1.622365154752974719e-03
7.712412759359185799e+00 1.624694105350064704e-03
7.722412759359185586e+00 1.627032327369779766e-03
7.732412759359185372e+00 1.629374485548893033e-03
7.742412759359185159e+00 1.631720587679067651e-03
7.752412759359184946e+00 1.634070641233277034e-03
7.762412759359184733e+00 1.636424653364347255e-03
7.772412759359184520e+00 1.638782630903528074e-03
7.782412759359184307e+00 1.641144580359085855e-03
7.792412759359184093e+00 1.643510507914923164e-03
7.802412759359183880e+00 1.645880419429223947e-03
7.812412759359183667e+00 1.648254320433123216e-03
7.822412759359183454e+00 1.650632216129404055e-03
7.832412759359183241e+00 1.653058988939298509e-03
7.842412759359183028e+00 1.655518495336720996e-03
7.852412759359182814e+00 1.657982206609003462e-03
7.862412759359182601e+00 1.660450132171664185e-03
7.872412759359182388e+00 1.662922281057214232e-03
7.882412759359182175e+00 1.665398661913570404e-03
7.892412759359181962e+00 1.667879283002503309e-03
7.902412759359181749e+00 1.670364152198113624e-03
7.912412759359181536e+00 1.672853276985341968e-03
7.922412759359181322e+00 1.675346664458507613e-03
7.932412759359181109e+00 1.677844321319882761e-03
7.942412759359180896e+00 1.680346253878297171e-03
7.952412759359180683e+00 1.682909253751564043e-03
7.962412759359180470e+00 1.685496837802718563e-03
7.972412759359180257e+00 1.688088927554427278e-03
7.982412759359180043e+00 1.690685534132568835e-03
7.992412759359179830e+00 1.693286668202658796e-03
8.002412759359179617e+00 1.695892339968156550e-03
8.012412759359179404e+00 1.698502559168808216e-03
8.022412759359179191e+00 1.701117335079027930e-03
8.032412759359178978e+00 1.703736676506321848e-03
8.042412759359178764e+00 1.706360591789748580e-03
8.052412759359178551e+00 1.708989088798422993e-03
8.062412759359178338e+00 1.711645104835333043e-03
8.072412759359178125e+00 1.714363167486669280e-03
8.082412759359177912e+00 1.717086060396711767e-03
8.092412759359177699e+00 1.719813796990166078e-03
8.102412759359177485e+00 1.722546390140345524e-03
8.112412759359177272e+00 1.725283852167351206e-03
8.122412759359177059e+00 1.728026194836304987e-03
8.132412759359176846e+00 1.730773429355623441e-03
8.142412759359176633e+00 1.733525566375345144e-03
8.152412759359176420e+00 1.736282615985507410e-03
8.162412759359176206e+00 1.739044587714569422e-03
8.172412759359175993e+00 1.741831095568684151e-03
8.182412759359175780e+00 1.744686599239588789e-03
8.192412759359175567e+00 1.747547296282484994e-03
8.202412759359175354e+00 1.750413202578293909e-03
8.212412759359175141e+00 1.753284333347469989e-03
8.222412759359174927e+00 1.756160703148092585e-03
8.232412759359174714e+00 1.759042325874015430e-03
8.242412759359174501e+00 1.761929214753078137e-03
8.252412759359174288e+00 1.764821382345374730e-03
8.262412759359174075e+00 1.767718840541590043e-03
8.272412759359173862e+00 1.770621600561390115e-03
8.282412759359173648e+00 1.773578915618427695e-03
8.292412759359173435e+00 1.776579124306473237e-03
8.302412759359173222e+00 1.779584933989585395e-03
8.312412759359173009e+00 1.782596363091346926e-03
8.322412759359172796e+00 1.785613429244540650e-03
8.332412759359172583e+00 1.788636149289208731e-03
8.342412759359172369e+00 1.791664539270779828e-03
8.352412759359172156e+00 1.794698614438277554e-03
8.362412759359171943e+00 1.797738389242596818e-03
8.372412759359171730e+00 1.800783877334865592e-03
8.382412759359171517e+00 1.803859383888772438e-03
8.392412759359171304e+00 1.807005909272640454e-03
8.402412759359171091e+00 1.810158472607002007e-03
8.412412759359170877e+00 1.813317095777052575e-03
8.422412759359170664e+00 1.816481799723949171e-03
8.432412759359170451e+00 1.819652604442831452e-03
8.442412759359170238e+00 1.822829528980930008e-03
8.452412759359170025e+00 1.826012591435768103e-03
8.462412759359169812e+00 1.829201808953451235e-03
8.472412759359169598e+00 1.832397197727064254e-03
8.482412759359169385e+00 1.835629110051147095e-03
8.492412759359169172e+00 1.838929014064571770e-03
8.502412759359168959e+00 1.842235445216434259e-03
8.512412759359168746e+00 1.845548429032016534e-03
8.522412759359168533e+00 1.848867989910197131e-03
8.532412759359168319e+00 1.852194151121519961e-03
8.542412759359168106e+00 1.855526934806368301e-03
8.552412759359167893e+00 1.858866361973261728e-03
8.562412759359167680e+00 1.862212452497259306e-03
8.572412759359167467e+00 1.865565225118487455e-03
8.582412759359167254e+00 1.868993439802643305e-03
8.592412759359167040e+00 1.872454064915843059e-03
8.602412759359166827e+00 1.875921766421396195e-03
8.612412759359166614e+00 1.879396573535647985e-03
8.622412759359166401e+00 1.882878514132186633e-03
8.632412759359166188e+00 1.886367614740084046e-03
8.642412759359165975e+00 1.889863900542277340e-03
8.652412759359165761e+00 1.893367395374093458e-03
8.662412759359165548e+00 1.896878121721916246e-03
8.672412759359165335e+00 1.900440163481635766e-03
8.682412759359165122e+00 1.904061507990336506e-03
8.692412759359164909e+00 1.907690512327334066e-03
8.702412759359164696e+00 1.911327210858640218e-03
8.712412759359164482e+00 1.914971636353322805e-03
8.722412759359164269e+00 1.918623819981941881e-03
8.732412759359164056e+00 1.922283791315156521e-03
8.742412759359163843e+00 1.925951578322504651e-03
8.752412759359163630e+00 1.929627207371362434e-03
8.762412759359163417e+00 1.933359959661043286e-03
8.772412759359163203e+00 1.937148702048374811e-03
8.782412759359162990e+00 1.940945756266654245e-03
8.792412759359162777e+00 1.944751162027106130e-03
8.802412759359162564e+00 1.948564957143567164e-03
8.812412759359162351e+00 1.952387177531306368e-03
8.822412759359162138e+00 1.956217857206045407e-03
8.832412759359161925e+00 1.960057028283199859e-03
8.842412759359161711e+00 1.963904720977336683e-03
8.852412759359161498e+00 1.967845290221205759e-03
8.862412759359161285e+00 1.971808287182633384e-03
8.872412759359161072e+00 1.975780326258226929e-03
8.882412759359160859e+00 1.979761452491350399e-03
8.892412759359160646e+00 1.983751708674064921e-03
8.902412759359160432e+00 1.987751135346590980e-03
8.912412759359160219e+00 1.991759770797016556e-03
8.922412759359160006e+00 1.995777651061282805e-03
8.932412759359159793e+00 1.999855066979849220e-03
8.942412759359159580e+00 2.003989584094583755e-03
8.952412759359159367e+00 2.008133909432272598e-03
8.962412759359159153e+00 2.012288095721479451e-03
8.972412759359158940e+00 2.016452193024046574e-03
8.982412759359158727e+00 2.020626248735235726e-03
8.992412759359158514e+00 2.024810307584187872e-03
9.002412759359158301e+00 2.029004411634706840e-03
9.012412759359158088e+00 2.033252608952844029e-03
9.022412759359157874e+00 2.037564225828882459e-03
9.032412759359157661e+00 2.041886503209435193e-03
9.042412759359157448e+00 2.046219501753005626e-03
9.052412759359157235e+00 2.050563278963654732e-03
9.062412759359157022e+00 2.054917889192181546e-03
9.072412759359156809e+00 2.059283383637696124e-03
9.082412759359156595e+00 2.063659810349591922e-03
9.092412759359156382e+00 2.068111359840777482e-03
9.102412759359156169e+00 2.072605683223469487e-03
9.112412759359155956e+00 2.077111617062409391e-03
9.122412759359155743e+00 2.081629229876611874e-03
9.132412759359155530e+00 2.086158586460095180e-03
9.142412759359155316e+00 2.090699747884578602e-03
9.152412759359155103e+00 2.095252771502673951e-03
9.162412759359154890e+00 2.099832562964451359e-03
9.172412759359154677e+00 2.104502676754430555e-03
9.182412759359154464e+00 2.109185380285709139e-03
9.192412759359154251e+00 2.113880753818372146e-03
9.202412759359154037e+00 2.118588873218466961e-03
9.212412759359153824e+00 2.123309809962288085e-03
9.222412759359153611e+00 2.128043631141255613e-03
9.232412759359153398e+00 2.132790399467416470e-03
9.242412759359153185e+00 2.137631758756984839e-03
9.252412759359152972e+00 2.142494874544039613e-03
9.262412759359152759e+00 2.147371753845779985e-03
9.272412759359152545e+00 2.152262483925269920e-03
9.282412759359152332e+00 2.157167146877683826e-03
9.292412759359152119e+00 2.162085819637522572e-03
9.302412759359151906e+00 2.167018573986582812e-03
9.312412759359151693e+00 2.172043253523382646e-03
9.322412759359151480e+00 2.177090170576932802e-03
9.332412759359151266e+00 2.182152059444977289e-03
9.342412759359151053e+00 2.187229018666642620e-03
9.352412759359150840e+00 2.192321140709489313e-03
9.362412759359150627e+00 2.197428511979923269e-03
9.372412759359150414e+00 2.202564178450891388e-03
9.382412759359150201e+00 2.207782149729875781e-03
9.392412759359149987e+00 2.213016313027164027e-03
9.402412759359149774e+00 2.218266784531358268e-03
9.412412759359149561e+00 2.223533673300966823e-03
9.422412759359149348e+00 2.228817081277987503e-03
9.432412759359149135e+00 2.234117103302628478e-03
9.442412759359148922e+00 2.239481478944337946e-03
9.452412759359148708e+00 2.244888648466458487e-03
9.462412759359148495e+00 2.250313476515446772e-03
9.472412759359148282e+00 2.255756089527596094e-03
9.482412759359148069e+00 2.261216605598971498e-03
9.492412759359147856e+00 2.266695134504551588e-03
9.502412759359147643e+00 2.272215921629513764e-03
9.512412759359147429e+00 2.277795894590375295e-03
9.522412759359147216e+00 2.283395000203510515e-03
9.532412759359147003e+00 2.289013382291864296e-03
9.542412759359146790e+00 2.294651174929627623e-03
9.552412759359146577e+00 2.300308502467151694e-03
9.562412759359146364e+00 2.306003181554812029e-03
9.572412759359146150e+00 2.311755630309767461e-03
9.582412759359145937e+00 2.317528823048352685e-03
9.592412759359145724e+00 2.323322920431942964e-03
9.602412759359145511e+00 2.329138071753933652e-03
9.612412759359145298e+00 2.334974414972191669e-03
9.622412759359145085e+00 2.340857565802731063e-03
9.632412759359144871e+00 2.346789691506040530e-03
9.642412759359144658e+00 2.352744352083566658e-03
9.652412759359144445e+00 2.358721723575585121e-03
9.662412759359144232e+00 2.364721968786585426e-03
9.672412759359144019e+00 2.370745237327623323e-03
9.682412759359143806e+00 2.376816715160089480e-03
9.692412759359143593e+00 2.382916253411995061e-03
9.702412759359143379e+00 2.389040235308310424e-03
9.712412759359143166e+00 2.395188851413040682e-03
9.722412759359142953e+00 2.401362276903859852e-03
9.732412759359142740e+00 2.407560118333732999e-03
9.742412759359142527e+00 2.413783067183933404e-03
9.752412759359142314e+00 2.420032255838628407e-03
9.762412759359142100e+00 2.426307891701870272e-03
9.772412759359141887e+00 2.432610164568759642e-03
9.782412759359141674e+00 2.438942784558104614e-03
9.792412759359141461e+00 2.445314423020796858e-03
9.802412759359141248e+00 2.451714346055663962e-03
9.812412759359141035e+00 2.458142793129376377e-03
9.822412759359140821e+00 2.464599983124155912e-03
9.832412759359140608e+00 2.471085760831390546e-03
9.842412759359140395e+00 2.477600076532757069e-03
9.852412759359140182e+00 2.484144890854723519e-03
9.862412759359139969e+00 2.490720461853932789e-03
9.872412759359139756e+00 2.497327023900272093e-03
9.882412759359139542e+00 2.503948673143075333e-03
9.892412759359139329e+00 2.510576993051935428e-03
9.902412759359139116e+00 2.517238067219360054e-03
9.912412759359138903e+00 2.523932169276549373e-03
9.922412759359138690e+00 2.530659545707376629e-03
9.932412759359138477e+00 2.537380841138857021e-03
9.942412759359138263e+00 2.544122992496053882e-03
9.952412759359138050e+00 2.550900332552726284e-03
9.962412759359137837e+00 2.557713143516480905e-03
9.972412759359137624e+00 2.564540968760738431e-03
9.982412759359137411e+00 2.571349813684445026e-03
9.992412759359137198e+00 2.578196088968731734e-03
1.000241275935913698e+01 2.585080110660945701e-03
1.001241275935913677e+01 2.592002159323506146e-03
1.002241275935913656e+01 2.598864407553244833e-03
1.003241275935913634e+01 2.605763791015303695e-03
1.004241275935913613e+01 2.612703265968818658e-03
1.005241275935913592e+01 2.619683137931406568e-03
1.006241275935913571e+01 2.626595936886120565e-03
1.007241275935913549e+01 2.633530906962349653e-03
1.008241275935913528e+01 2.640508366323710259e-03
1.009241275935913507e+01 2.647528638478642039e-03
1.010241275935913485e+01 2.654454686828457491e-03
1.011241275935913464e+01 2.661405802992811501e-03
1.012241275935913443e+01 2.668401831450667797e-03
1.013241275935913421e+01 2.675430885948340207e-03
1.014241275935913400e+01 2.682329554693496654e-03
1.015241275935913379e+01 2.689275157976121419e-03
1.016241275935913357e+01 2.696268079850591345e-03
1.017241275935913336e+01 2.703218527561416281e-03
1.018241275935913315e+01 2.710085071037340605e-03
1.019241275935913293e+01 2.717000893869969593e-03
1.020241275935913272e+01 2.723966364203294667e-03
1.021241275935913251e+01 2.730750649272286213e-03
1.022241275935913229e+01 2.737557812063138359e-03
1.023241275935913208e+01 2.744416458261310799e-03
1.024241275935913187e+01 2.751171415772774454e-03
1.025241275935913166e+01 2.757835149890466072e-03
1.026241275935913144e+01 2.764551973684147273e-03
1.027241275935913123e+01 2.771224819876522225e-03
1.028241275935913102e+01 2.777706674255058916e-03
1.029241275935913080e+01 2.784242914178176008e-03
1.030241275935913059e+01 2.790763305686924482e-03
1.031241275935913038e+01 2.797020551214522699e-03
1.032241275935913016e+01 2.803333064505508440e-03
1.033241275935912995e+01 2.809610816977781578e-03
1.034241275935912974e+01 2.815595731160479114e-03
1.035241275935912952e+01 2.821636251439765906e-03
1.036241275935912931e+01 2.827432920860511924e-03
1.037241275935912910e+01 2.832733463547366329e-03
1.038241275935912888e+01 2.838085746486907184e-03
1.039241275935912867e+01 2.843262832323074224e-03
1.040241275935912846e+01 2.848351754932169130e-03
1.041241275935912824e+01 2.853492648217834451e-03
1.042241275935912803e+01 2.858985472277371376e-03
1.043241275935912782e+01 2.864538081779352627e-03
1.044241275935912761e+01 2.869532562280345273e-03
1.045241275935912739e+01 2.873927102627889772e-03
1.046241275935912718e+01 2.878268790181085293e-03
1.047241275935912697e+01 2.881485923388227462e-03
1.048241275935912675e+01 2.884741177784110478e-03
1.049241275935912654e+01 2.887682992958068556e-03
1.050241275935912633e+01 2.890558926388103918e-03
1.051241275935912611e+01 2.892864819685727912e-03
1.052241275935912590e+01 2.894737344466185702e-03
1.053241275935912569e+01 2.896217135804890746e-03
1.054241275935912547e+01 2.897211673368571203e-03
1.055241275935912526e+01 2.897783328448042765e-03
1.056241275935912505e+01 2.897777507009753444e-03
1.057241275935912483e+01 2.897147347233400110e-03
1.058241275935912462e+01 2.895851282699366588e-03
1.059241275935912441e+01 2.893700261313169805e-03
1.060241275935912419e+01 2.891024931906735658e-03
1.061241275935912398e+01 2.887078378760024166e-03
1.062241275935912377e+01 2.882623498428863677e-03
1.063241275935912356e+01 2.876757893223583391e-03
1.064241275935912334e+01 2.869923259187708974e-03
1.065241275935912313e+01 2.862144251149192648e-03
1.066241275935912292e+01 2.852486135269901180e-03
1.067241275935912270e+01 2.841677115885280890e-03
1.068241275935912249e+01 2.829551084452108962e-03
1.069241275935912228e+01 2.815108488185391611e-03
1.070241275935912206e+01 2.798950680289985938e-03
1.071241275935912185e+01 2.780890010621409839e-03
1.072241275935912164e+01 2.760685385480426794e-03
1.073241275935912142e+01 2.737619556331187445e-03
1.074241275935912121e+01 2.711821810131309803e-03
1.075241275935912100e+01 2.683124786064171492e-03
1.076241275935912078e+01 2.651223953610250088e-03
1.077241275935912057e+01 2.615801544361561100e-03
1.078241275935912036e+01 2.576531351534779544e-03
1.079241275935912014e+01 2.529667161342904081e-03
1.080241275935911993e+01 2.475942315846678746e-03
1.081241275935911972e+01 2.430252100374455642e-03
1.082241275935911951e+01 2.379614450051583188e-03
1.083241275935911929e+01 2.310362732625824422e-03
1.084241275935911908e+01 2.240485359993230063e-03
1.085241275935911887e+01 2.165075832215149036e-03
1.086241275935911865e+01 2.083881439996494202e-03
1.087241275935911844e+01 1.996476214818883235e-03
1.088241275935911823e+01 1.903292456812654115e-03
1.089241275935911801e+01 1.804683256821719775e-03
1.090241275935911780e+01 1.701314063647326553e-03
1.091241275935911759e+01 1.593945172379547959e-03
1.092241275935911737e+01 1.489022133989861309e-03
1.093241275935911716e+01 1.361393968381465532e-03
1.094241275935911695e+01 1.268524990381871172e-03
1.095241275935911673e+01 1.152790497785918062e-03
1.096241275935911652e+01 0.000000000000000000e+00
1.097241275935911631e+01 0.000000000000000000e+00
1.098241275935911609e+01 0.000000000000000000e+00
1.099241275935911588e+01 0.000000000000000000e+00
1.100241275935911567e+01 0.000000000000000000e+00
1.101241275935911546e+01 0.000000000000000000e+00
1.102241275935911524e+01 0.000000000000000000e+00
1.103241275935911503e+01 0.000000000000000000e+00
1.104241275935911482e+01 0.000000000000000000e+00
1.105241275935911460e+01 0.000000000000000000e+00
1.106241275935911439e+01 0.000000000000000000e+00
1.107241275935911418e+01 0.000000000000000000e+00
1.108241275935911396e+01 0.000000000000000000e+00
1.109241275935911375e+01 0.000000000000000000e+00
1.110241275935911354e+01 0.000000000000000000e+00
1.111241275935911332e+01 0.000000000000000000e+00
1.112241275935911311e+01 0.000000000000000000e+00
1.113241275935911290e+01 0.000000000000000000e+00
1.114241275935911268e+01 0.000000000000000000e+00
1.115241275935911247e+01 0.000000000000000000e+00
1.116241275935911226e+01 0.000000000000000000e+00
1.117241275935911204e+01 0.000000000000000000e+00
1.118241275935911183e+01 0.000000000000000000e+00
1.119241275935911162e+01 0.000000000000000000e+00
1.120241275935911140e+01 0.000000000000000000e+00
1.121241275935911119e+01 0.000000000000000000e+00
1.122241275935911098e+01 0.000000000000000000e+00
1.123241275935911077e+01 0.000000000000000000e+00
1.124241275935911055e+01 0.000000000000000000e+00
1.125241275935911034e+01 0.000000000000000000e+00
1.126241275935911013e+01 0.000000000000000000e+00
1.127241275935910991e+01 0.000000000000000000e+00
1.128241275935910970e+01 0.000000000000000000e+00
1.129241275935910949e+01 0.000000000000000000e+00
1.130241275935910927e+01 0.000000000000000000e+00
1.131241275935910906e+01 0.000000000000000000e+00
1.132241275935910885e+01 0.000000000000000000e+00
1.133241275935910863e+01 0.000000000000000000e+00
1.134241275935910842e+01 0.000000000000000000e+00
1.135241275935910821e+01 0.000000000000000000e+00
1.136241275935910799e+01 0.000000000000000000e+00
1.137241275935910778e+01 0.000000000000000000e+00
1.138241275935910757e+01 0.000000000000000000e+00
1.139241275935910735e+01 0.000000000000000000e+00
1.140241275935910714e+01 0.000000000000000000e+00
1.141241275935910693e+01 0.000000000000000000e+00
1.142241275935910672e+01 0.000000000000000000e+00
1.143241275935910650e+01 0.000000000000000000e+00
1.144241275935910629e+01 0.000000000000000000e+00
1.145241275935910608e+01 0.000000000000000000e+00
1.146241275935910586e+01 0.000000000000000000e+00
1.147241275935910565e+01 0.000000000000000000e+00
1.148241275935910544e+01 0.000000000000000000e+00
1.149241275935910522e+01 0.000000000000000000e+00
1.150241275935910501e+01 0.000000000000000000e+00
1.151241275935910480e+01 0.000000000000000000e+00
1.152241275935910458e+01 0.000000000000000000e+00
1.153241275935910437e+01 0.000000000000000000e+00
1.154241275935910416e+01 0.000000000000000000e+00
1.155241275935910394e+01 0.000000000000000000e+00
1.156241275935910373e+01 0.000000000000000000e+00
1.157241275935910352e+01 0.000000000000000000e+00
1.158241275935910330e+01 0.000000000000000000e+00
1.159241275935910309e+01 0.000000000000000000e+00
1.160241275935910288e+01 0.000000000000000000e+00
1.161241275935910267e+01 0.000000000000000000e+00
1.162241275935910245e+01 0.000000000000000000e+00
1.163241275935910224e+01 0.000000000000000000e+00
1.164241275935910203e+01 0.000000000000000000e+00
1.165241275935910181e+01 0.000000000000000000e+00
1.166241275935910160e+01 0.000000000000000000e+00
1.167241275935910139e+01 0.000000000000000000e+00
1.168241275935910117e+01 0.000000000000000000e+00
1.169241275935910096e+01 0.000000000000000000e+00
1.170241275935910075e+01 0.000000000000000000e+00
1.171241275935910053e+01 0.000000000000000000e+00
1.172241275935910032e+01 0.000000000000000000e+00
1.173241275935910011e+01 0.000000000000000000e+00
1.174241275935909989e+01 0.000000000000000000e+00
1.175241275935909968e+01 0.000000000000000000e+00
1.176241275935909947e+01 0.000000000000000000e+00
1.177241275935909925e+01 0.000000000000000000e+00
1.178241275935909904e+01 0.000000000000000000e+00
1.179241275935909883e+01 0.000000000000000000e+00
1.180241275935909862e+01 0.000000000000000000e+00
1.181241275935909840e+01 0.000000000000000000e+00
1.182241275935909819e+01 0.000000000000000000e+00
1.183241275935909798e+01 0.000000000000000000e+00
1.184241275935909776e+01 0.000000000000000000e+00
1.185241275935909755e+01 0.000000000000000000e+00
1.186241275935909734e+01 0.000000000000000000e+00
1.187241275935909712e+01 0.000000000000000000e+00
1.188241275935909691e+01 0.000000000000000000e+00
1.189241275935909670e+01 0.000000000000000000e+00
1.190241275935909648e+01 0.000000000000000000e+00
1.191241275935909627e+01 0.000000000000000000e+00
1.192241275935909606e+01 0.000000000000000000e+00
1.193241275935909584e+01 0.000000000000000000e+00
1.194241275935909563e+01 0.000000000000000000e+00
1.195241275935909542e+01 0.000000000000000000e+00
1.196241275935909520e+01 0.000000000000000000e+00
1.197241275935909499e+01 0.000000000000000000e+00
1.198241275935909478e+01 0.000000000000000000e+00
1.199241275935909457e+01 0.000000000000000000e+00
1.200241275935909435e+01 0.000000000000000000e+00
1.201241275935909414e+01 0.000000000000000000e+00
1.202241275935909393e+01 0.000000000000000000e+00
1.203241275935909371e+01 0.000000000000000000e+00
1.204241275935909350e+01 0.000000000000000000e+00
1.204659083923259288e+01 0.000000000000000000e+00
