1.023735911233381590e-01 2.581965621826292040e-05
1.072756581490595940e-01 2.719488602537471964e-05
1.126048084510884034e-01 2.862239262322590431e-05
1.183760414946665868e-01 3.010250055991052845e-05
1.246043445526414245e-01 3.163709360551766702e-05
1.313050152240011204e-01 3.323222286433891143e-05
1.384941134479223401e-01 3.488914361003177543e-05
1.461897065359260284e-01 3.661015030019107907e-05
1.544110112841592941e-01 3.839848184555612472e-05
1.631782183335732661e-01 4.025853120476879774e-05
1.725123519165128738e-01 4.219099961311182945e-05
1.824348572404124458e-01 4.419913743037533606e-05
1.929672059984002264e-01 4.628666749469173900e-05
2.041329993928557018e-01 4.845518163069464527e-05
2.159575683666917212e-01 5.070665579130902520e-05
2.284659053648620264e-01 5.304710523534498330e-05
2.416826363368389519e-01 5.548175879618803249e-05
2.556329984828377144e-01 5.801192542985016696e-05
2.703423558330142473e-01 6.063848134168970305e-05
2.858366470919037061e-01 6.336567513065533399e-05
3.021430167221549334e-01 6.620083374912058886e-05
3.192879154867472868e-01 6.914828298006664843e-05
3.372967768373022479e-01 7.221045561290849999e-05
3.561952387549541799e-01 7.539138487975024616e-05
3.760102018161541881e-01 7.869771223027234065e-05
3.967671712762624314e-01 8.213464762810427147e-05
4.184900185650758941e-01 8.570777705403458645e-05
4.412019109737655986e-01 8.942182290360233920e-05
4.649260576334301454e-01 9.328068530248655329e-05
4.896838563345807804e-01 9.729050159451666652e-05
5.154949647230380183e-01 1.014600904382076846e-04
5.423778018866884931e-01 1.057940447730113860e-04
5.703507390527207122e-01 1.102972353507960531e-04
5.994286396176874421e-01 1.149772967223350372e-04
6.296227813219826830e-01 1.198432916138860582e-04
6.609421151312597775e-01 1.248953828115762236e-04
6.933931156253839712e-01 1.301429292582282835e-04
7.269792957669278799e-01 1.355944297866921327e-04
7.617015031577486495e-01 1.412493141596937046e-04
7.975551109881309220e-01 1.471144877429266418e-04
8.345293639422038945e-01 1.532021961642198110e-04
8.726114054936645603e-01 1.595082390603743251e-04
9.117856866059537158e-01 1.660351432672838110e-04
9.520281126725788079e-01 1.727947443833749940e-04
9.933065303552761627e-01 1.797825852607613166e-04
1.035585963135918552e+00 1.869953093856407717e-04
1.078826802798394935e+00 1.944391472548573959e-04
1.122981373767500735e+00 2.021138933702462637e-04
1.167995193768267770e+00 2.100059108206291840e-04
1.213804667771963608e+00 2.181184858345127579e-04
1.260339335862547205e+00 2.264430650412147645e-04
1.307525163867304441e+00 2.349663975197671575e-04
1.355282714743380801e+00 2.436790935739233045e-04
1.403521412871759022e+00 2.525792104512910056e-04
1.452145997458770932e+00 2.616459544495415026e-04
1.501057258505971159e+00 2.708614736583197678e-04
1.550150937431031162e+00 2.802109456990425971e-04
1.599316046200547126e+00 2.896804356703133613e-04
1.648438996299776749e+00 2.992459564643168857e-04
1.697404052949043063e+00 3.088806228685195493e-04
1.746091165698521630e+00 3.185714267016459371e-04
1.794379173418374940e+00 3.282797530847000747e-04
1.842144573714166844e+00 3.379783089692669010e-04
1.889265305593422539e+00 3.476403771499262784e-04
1.935619754673894688e+00 3.572207810470072334e-04
1.981090535840279276e+00 3.666833951659533714e-04
2.025564807398275935e+00 3.759997666294250516e-04
2.068928278647528707e+00 3.851141069881539448e-04
2.111072908889203514e+00 3.939821960279509482e-04
2.151898312582491091e+00 4.025558753520438581e-04
2.191312207660196076e+00 4.107673545848657885e-04
2.229227742320747829e+00 4.185991641416421946e-04
2.265561060786247971e+00 4.259795935838055301e-04
2.300239270874508080e+00 4.328455233881276583e-04
2.333198804915199265e+00 4.391530975659667141e-04
2.364384184356561835e+00 4.448567819209395474e-04
2.393747760059254492e+00 4.499085210890204603e-04
2.421252159337771825e+00 4.542587802998100904e-04
2.446868938847880148e+00 4.578870367516997488e-04
2.470576393080035960e+00 4.607652148863821502e-04
2.492362223767960572e+00 4.628705641166342560e-04
2.512222463730256816e+00 4.642159965715951303e-04
2.530160614047808565e+00 4.648106375067577413e-04
2.546186662762852659e+00 4.646359266213430502e-04
2.560319776527814284e+00 4.637135994532345928e-04
2.572584581582562535e+00 4.620900288440951513e-04
2.583012090042199116e+00 4.597958650901721165e-04
2.591639175686774710e+00 4.568040422089299267e-04
2.598507703389474344e+00 4.532045734304070194e-04
2.603664374377356872e+00 4.490639614786189776e-04
2.607158551459359597e+00 4.443805727537669106e-04
2.609045148059556674e+00 4.392121705776632365e-04
2.609381734407902886e+00 4.335900305111488654e-04
2.608227820961442234e+00 4.275357401280312827e-04
2.605645129916660085e+00 4.211136515430863336e-04
2.601698072706895903e+00 4.143628713124086586e-04
2.596452104222694679e+00 4.073135809475067568e-04
2.589974086494068573e+00 4.000199145797459681e-04
2.582330942591152922e+00 3.924918199537340540e-04
2.573590588417227210e+00 3.847602427464248990e-04
