1.023735911233381590e-01 4.315689221646379359e+00
1.072756581490595940e-01 4.243934870373523793e+00
1.126048084510884034e-01 4.176196014808830625e+00
1.183760414946665868e-01 4.112644689423009758e+00
1.246043445526414245e-01 4.050648706219956985e+00
1.313050152240011204e-01 3.989762835454264689e+00
1.384941134479223401e-01 3.929145773218077675e+00
1.461897065359260284e-01 3.868447689197254125e+00
1.544110112841592941e-01 3.807837122505899785e+00
1.631782183335732661e-01 3.747378723192730909e+00
1.725123519165128738e-01 3.687369688012019697e+00
1.824348572404124458e-01 3.628185695457871063e+00
1.929672059984002264e-01 3.570834065785937650e+00
2.041329993928557018e-01 3.516322225769347831e+00
2.159575683666917212e-01 3.464220801398709249e+00
2.284659053648620264e-01 3.413537436186294460e+00
2.416826363368389519e-01 3.364382933120494190e+00
2.556329984828377144e-01 3.317271303915773739e+00
2.703423558330142473e-01 3.272537988636579076e+00
2.858366470919037061e-01 3.229830062096697763e+00
3.021430167221549334e-01 3.189170160897787376e+00
3.192879154867472868e-01 3.150600579335351537e+00
3.372967768373022479e-01 3.114297987045041793e+00
3.561952387549541799e-01 3.080061340777767054e+00
3.760102018161541881e-01 3.047883723586727545e+00
3.967671712762624314e-01 3.017629596151730986e+00
4.184900185650758941e-01 2.989480720382956758e+00
4.412019109737655986e-01 2.963952858873839524e+00
4.649260576334301454e-01 2.941169248127610381e+00
4.896838563345807804e-01 2.920643033742400974e+00
5.154949647230380183e-01 2.902313026120275197e+00
5.423778018866884931e-01 2.885845810059251004e+00
5.703507390527207122e-01 2.870827726351581344e+00
5.994286396176874421e-01 2.856283827315786894e+00
6.296227813219826830e-01 2.842511948440328506e+00
6.609421151312597775e-01 2.830536889211797913e+00
6.933931156253839712e-01 2.820400221311150091e+00
7.269792957669278799e-01 2.811986279062091310e+00
7.617015031577486495e-01 2.804428683231702912e+00
7.975551109881309220e-01 2.796128572465630402e+00
8.345293639422038945e-01 2.787586404079189339e+00
8.726114054936645603e-01 2.779778388903322739e+00
9.117856866059537158e-01 2.772249318988318390e+00
9.520281126725788079e-01 2.764508155021158764e+00
9.933065303552761627e-01 2.755958321015643087e+00
1.035585963135918552e+00 2.745880256971682698e+00
1.078826802798394935e+00 2.734250950653468681e+00
1.122981373767500735e+00 2.721031997733851071e+00
1.167995193768267770e+00 2.705585817315876440e+00
1.213804667771963608e+00 2.687507798162021011e+00
1.260339335862547205e+00 2.667086813110367771e+00
1.307525163867304441e+00 2.644331850765148761e+00
1.355282714743380801e+00 2.618933028382757211e+00
1.403521412871759022e+00 2.590630616467699099e+00
1.452145997458770932e+00 2.558867167324797354e+00
1.501057258505971159e+00 2.523456064885311267e+00
1.550150937431031162e+00 2.484355506599450703e+00
1.599316046200547126e+00 2.441702758761371772e+00
1.648438996299776749e+00 2.395990979679798460e+00
1.697404052949043063e+00 2.346862406437979942e+00
1.746091165698521630e+00 2.293832242600836402e+00
1.794379173418374940e+00 2.236820123180972342e+00
1.842144573714166844e+00 2.175880577751389655e+00
1.889265305593422539e+00 2.111668651367271998e+00
1.935619754673894688e+00 2.044197870287260077e+00
1.981090535840279276e+00 1.973161232026959588e+00
2.025564807398275935e+00 1.899151956786607087e+00
2.068928278647528707e+00 1.822576925690861271e+00
2.111072908889203514e+00 1.743164433872420593e+00
2.151898312582491091e+00 1.661757188271774321e+00
2.191312207660196076e+00 1.579240712913347222e+00
2.229227742320747829e+00 1.496255020706025451e+00
2.265561060786247971e+00 1.412545588639973815e+00
2.300239270874508080e+00 1.328087327902762516e+00
2.333198804915199265e+00 1.244496637558025309e+00
2.364384184356561835e+00 1.162090162095802404e+00
2.393747760059254492e+00 1.081133843798124383e+00
2.421252159337771825e+00 1.002010636128707777e+00
2.446868938847880148e+00 9.252372918181371864e-01
2.470576393080035960e+00 8.515629675176017432e-01
2.492362223767960572e+00 7.819339425919558106e-01
2.512222463730256816e+00 7.166876660413312727e-01
2.530160614047808565e+00 6.541461303652896797e-01
2.546186662762852659e+00 5.945144591068850515e-01
2.560319776527814284e+00 5.395690167898766765e-01
2.572584581582562535e+00 4.891184910164952937e-01
2.583012090042199116e+00 4.405964610224619715e-01
2.591639175686774710e+00 3.948450909889841265e-01
2.598507703389474344e+00 3.550389016086383798e-01
2.603664374377356872e+00 3.179760678693177578e-01
2.607158551459359597e+00 2.828831546040310174e-01
2.609045148059556674e+00 2.503740807262400114e-01
2.609381734407902886e+00 2.195988184981968738e-01
2.608227820961442234e+00 1.909889730787258655e-01
2.605645129916660085e+00 1.651441233282370524e-01
2.601698072706895903e+00 1.410848943546355316e-01
2.596452104222694679e+00 1.190084062585360924e-01
2.589974086494068573e+00 9.830113700565114299e-02
2.582330942591152922e+00 7.796984229130199395e-02
2.573590588417227210e+00 5.900830707100893080e-02
