1.564479282030371288e-01 2.314729921261050955e-05
1.625889374556526157e-01 2.416248766288610979e-05
1.690376457434454027e-01 2.523094283968227422e-05
1.758137829139168884e-01 2.635442864969484282e-05
1.829389115322296033e-01 2.754084251440401404e-05
1.904276636066347117e-01 2.879459642965279988e-05
1.982948767310396820e-01 3.011605625166567998e-05
2.065585138735041293e-01 3.150760612260488790e-05
2.152402133993134015e-01 3.297194083040938149e-05
2.243658707968556876e-01 3.451193088071627570e-05
2.339629662778587582e-01 3.613768237972269038e-05
2.440505317972318788e-01 3.785105040025368010e-05
2.546474015705015304e-01 3.964981412971200250e-05
2.657754134159602266e-01 4.153692557261583483e-05
2.774597045272234608e-01 4.351633535246642623e-05
2.897289256641453759e-01 4.559306630173512741e-05
3.026148020055078880e-01 4.777523081716198984e-05
3.161428199115344229e-01 5.007257201445817043e-05
3.303329193218701443e-01 5.247399019403031024e-05
3.452074219770866481e-01 5.498031155462384107e-05
3.607913831073119582e-01 5.759555180450223093e-05
3.771125242210722761e-01 6.032559587403126547e-05
3.942009405908485364e-01 6.317818286484964334e-05
4.120874876400409947e-01 6.616573145794841094e-05
4.307942098163827227e-01 6.929341851094717266e-05
4.503391107538410876e-01 7.254516290946517825e-05
4.707419731139702024e-01 7.592286397778195918e-05
4.920241251136687199e-01 7.943192647362640614e-05
5.142078413099113732e-01 8.308067919057403241e-05
5.373153425205617895e-01 8.688008933807186084e-05
5.613668906838081840e-01 9.084494840760428162e-05
5.863740212785524264e-01 9.497358056653968099e-05
6.123430084996240863e-01 9.923794042374573844e-05
6.392806106117584486e-01 1.036333245069301047e-04
6.671936695748182933e-01 1.081621223441397414e-04
6.960881897039089550e-01 1.128305796915103317e-04
7.259679237390107565e-01 1.176484991734642101e-04
7.568323359420948693e-01 1.226300464670192886e-04
7.886737743658370769e-01 1.277922897308811855e-04
8.214794015313061637e-01 1.331268914561291154e-04
8.552340956037438602e-01 1.386367288582457901e-04
8.899192472685947264e-01 1.443337139369502370e-04
9.255107223352143642e-01 1.502335700569981843e-04
9.619760841441007404e-01 1.563566539721824699e-04
9.992709422171075495e-01 1.627280184789596323e-04
1.037355344382391742e+00 1.692513777734330424e-04
1.076230279810253654e+00 1.757689228178308059e-04
1.115881070921010743e+00 1.822343118683287459e-04
1.156253967571870600e+00 1.886440277506715982e-04
1.197240895618561840e+00 1.950259318472417414e-04
1.238661333094543071e+00 2.014384712995684822e-04
1.280241962597766348e+00 2.079666466414834632e-04
1.321634371648338080e+00 2.145458809414465672e-04
1.362534559033491188e+00 2.210370047001202756e-04
1.402706976107644721e+00 2.273039470614967867e-04
1.441995302213042063e+00 2.331623088375895910e-04
1.480338423264144998e+00 2.383763475748128127e-04
1.517744650023082453e+00 2.428822195513101662e-04
1.554160607351368295e+00 2.467500575627357812e-04
1.589525470607282109e+00 2.498652292526487052e-04
1.623798804714326804e+00 2.520435654957269857e-04
1.656963368966754446e+00 2.530602712531860839e-04
1.689013829597000305e+00 2.529475969011132832e-04
1.719933017716456902e+00 2.527287655075501679e-04
1.749703655624750942e+00 2.525263791231301212e-04
1.778310289969034619e+00 2.523803141101055672e-04
1.805738308789358371e+00 2.523750588109577807e-04
1.831974359141532283e+00 2.528563876979069607e-04
1.857007996548144968e+00 2.542360423789118726e-04
1.880830918425533849e+00 2.564860638884241704e-04
1.903435847062249220e+00 2.596255550359698573e-04
1.924815734948504664e+00 2.637282422689208195e-04
1.944966559414277318e+00 2.680631780762900672e-04
1.963887775625725363e+00 2.722132074845091108e-04
1.981580675212702980e+00 2.761557111445517082e-04
1.998047299124964926e+00 2.798708405441489204e-04
2.013290798491262912e+00 2.833710571597667554e-04
2.027318325641956687e+00 2.868006980844115981e-04
2.040139650760906420e+00 2.901529718673338527e-04
2.051765914566041626e+00 2.934027084923886250e-04
2.062208826166683551e+00 2.965235050622928034e-04
2.071482482764909872e+00 2.995125118422359550e-04
2.079604317581324580e+00 3.023669779069501715e-04
2.086593361289889259e+00 3.050545992765380313e-04
2.092469359093966030e+00 3.075437010479799413e-04
2.097252749875516020e+00 3.098149619871779577e-04
2.100966835861102222e+00 3.119375611145470029e-04
2.103636863628275844e+00 3.138965168718791505e-04
2.105288946759751756e+00 3.156612543493781059e-04
2.105949463477015726e+00 3.171995136741276983e-04
2.105646042307530497e+00 3.185427677151558249e-04
2.104408313479053660e+00 3.197147149797391731e-04
2.102266776506473978e+00 3.206856119621952976e-04
2.099252128358533032e+00 3.214258138944165095e-04
2.095394823485139835e+00 3.219271385628367241e-04
2.090725419522646789e+00 3.222471427704170772e-04
2.085275979130971624e+00 3.223615400553168854e-04
2.079080637787025676e+00 3.222425975170198397e-04
2.072175658340885018e+00 3.218746148761600671e-04
2.064599262359557041e+00 3.213325902500195077e-04
