1.564479282030371288e-01 1.785100280519614557e+00
1.625889374556526157e-01 1.819731064863270742e+00
1.690376457434454027e-01 1.855408596597603044e+00
1.758137829139168884e-01 1.892073872073593455e+00
1.829389115322296033e-01 1.929714392838540293e+00
1.904276636066347117e-01 1.967797466077277013e+00
1.982948767310396820e-01 2.005921741035325834e+00
2.065585138735041293e-01 2.043905885567897318e+00
2.152402133993134015e-01 2.081627636160371608e+00
2.243658707968556876e-01 2.119006455103239261e+00
2.339629662778587582e-01 2.156027037002178570e+00
2.440505317972318788e-01 2.192285359206962436e+00
2.546474015705015304e-01 2.227419214818398441e+00
2.657754134159602266e-01 2.261227242407776838e+00
2.774597045272234608e-01 2.293581618590806226e+00
2.897289256641453759e-01 2.324405555668733303e+00
3.026148020055078880e-01 2.353684951064822783e+00
3.161428199115344229e-01 2.381389451935084445e+00
3.303329193218701443e-01 2.407485231898332856e+00
3.452074219770866481e-01 2.431812186184256319e+00
3.607913831073119582e-01 2.454247048361376304e+00
3.771125242210722761e-01 2.474708390449050111e+00
3.942009405908485364e-01 2.493141934581724062e+00
4.120874876400409947e-01 2.509507448540572838e+00
4.307942098163827227e-01 2.523770732327318633e+00
4.503391107538410876e-01 2.536150945805510482e+00
4.707419731139702024e-01 2.546504180927007699e+00
4.920241251136687199e-01 2.554696944958775084e+00
5.142078413099113732e-01 2.560615488353281677e+00
5.373153425205617895e-01 2.564154071610338814e+00
5.613668906838081840e-01 2.565234813452637042e+00
5.863740212785524264e-01 2.564128426639634029e+00
6.123430084996240863e-01 2.561600634025943624e+00
6.392806106117584486e-01 2.557761575193632897e+00
6.671936695748182933e-01 2.552613265918752816e+00
6.960881897039089550e-01 2.546139822376494610e+00
7.259679237390107565e-01 2.538302545716475844e+00
7.568323359420948693e-01 2.529015591220564740e+00
7.886737743658370769e-01 2.517516036824583470e+00
8.214794015313061637e-01 2.503401432145480054e+00
8.552340956037438602e-01 2.486254145145793348e+00
8.899192472685947264e-01 2.465570446391031290e+00
9.255107223352143642e-01 2.440875664542104584e+00
9.619760841441007404e-01 2.411691694847637013e+00
9.992709422171075495e-01 2.377503742755840310e+00
1.037355344382391742e+00 2.337536185656924115e+00
1.076230279810253654e+00 2.291079093306582326e+00
1.115881070921010743e+00 2.237392486523329893e+00
1.156253967571870600e+00 2.175372478790530195e+00
1.197240895618561840e+00 2.103718888162496192e+00
1.238661333094543071e+00 2.020740449166279262e+00
1.280241962597766348e+00 1.924104834818735732e+00
1.321634371648338080e+00 1.814489250897429962e+00
1.362534559033491188e+00 1.694754557652130122e+00
1.402706976107644721e+00 1.565868608641590942e+00
1.441995302213042063e+00 1.428597613776301012e+00
1.480338423264144998e+00 1.284370108075234329e+00
1.517744650023082453e+00 1.133895529704782579e+00
1.554160607351368295e+00 9.836951513935806579e-01
1.589525470607282109e+00 8.382060252104470699e-01
1.623798804714326804e+00 7.011607828032739853e-01
1.656963368966754446e+00 5.775587287088680410e-01
1.689013829597000305e+00 4.708733071146082860e-01
1.719933017716456902e+00 3.887719645505602895e-01
1.749703655624750942e+00 3.425985148837812910e-01
1.778310289969034619e+00 3.433383023470191753e-01
1.805738308789358371e+00 3.943094990564938174e-01
1.831974359141532283e+00 4.719463752261808254e-01
1.857007996548144968e+00 5.453085862901252412e-01
1.880830918425533849e+00 6.141731176660728542e-01
1.903435847062249220e+00 6.789004491042683886e-01
1.924815734948504664e+00 7.400160342047421569e-01
1.944966559414277318e+00 7.906695750217914709e-01
1.963887775625725363e+00 8.261453786273068589e-01
1.981580675212702980e+00 8.448531637074706557e-01
1.998047299124964926e+00 8.448285269764029826e-01
2.013290798491262912e+00 8.276728940783131261e-01
2.027318325641956687e+00 8.096477383225205715e-01
2.040139650760906420e+00 7.930020829178201502e-01
2.051765914566041626e+00 7.780479798694448501e-01
2.062208826166683551e+00 7.651341182368527338e-01
2.071482482764909872e+00 7.529515119457148575e-01
2.079604317581324580e+00 7.400872296477496448e-01
2.086593361289889259e+00 7.265639656662477019e-01
2.092469359093966030e+00 7.123941663649735467e-01
2.097252749875516020e+00 6.976885024815894232e-01
2.100966835861102222e+00 6.828355050327717946e-01
2.103636863628275844e+00 6.680179235605103738e-01
2.105288946759751756e+00 6.533816916143796449e-01
2.105949463477015726e+00 6.390922004977876991e-01
2.105646042307530497e+00 6.248409616016576962e-01
2.104408313479053660e+00 6.103505660805196298e-01
2.102266776506473978e+00 5.957316413882006723e-01
2.099252128358533032e+00 5.811006667681349880e-01
2.095394823485139835e+00 5.665701508831830768e-01
2.090725419522646789e+00 5.520168611105424894e-01
2.085275979130971624e+00 5.377032046507905783e-01
2.079080637787025676e+00 5.239356181254144484e-01
2.072175658340885018e+00 5.109903350341260531e-01
2.064599262359557041e+00 4.985520118329111461e-01
