1.642006811497959684e-01 2.304683228915516136e+00
1.701551238324912063e-01 2.412085384063439086e+00
1.764219839811690949e-01 2.492659834070540370e+00
1.830123081912486682e-01 2.547450954775273058e+00
1.899396646483013373e-01 2.575121932227575350e+00
1.972205764935106853e-01 2.579349449184003884e+00
2.048730920374500220e-01 2.564671605207339500e+00
2.129099019397601433e-01 2.535749581459072033e+00
2.213429556111600749e-01 2.494024193049817040e+00
2.301855425020873924e-01 2.437826253260240161e+00
2.394521835101218743e-01 2.363963097137320446e+00
2.491583413669652969e-01 2.290949428077006633e+00
2.593198972665038404e-01 2.222202734677444891e+00
2.699512167881807367e-01 2.158029810458416797e+00
2.810622645353554327e-01 2.099023101209750664e+00
2.926633758409142860e-01 2.047018894352826468e+00
3.047665864244226697e-01 2.004257034132295168e+00
3.173856456488362010e-01 1.971140779319788594e+00
3.305358883586452801e-01 1.943079042662315015e+00
3.442339213502826900e-01 1.919476330317392287e+00
3.584953506860786288e-01 1.900363332700808261e+00
3.733290842097516937e-01 1.886030727628691173e+00
3.887434539105556475e-01 1.876854530775482033e+00
4.047482904470086074e-01 1.873258132050184654e+00
4.213547497732901270e-01 1.874831915265763982e+00
4.385749245820766973e-01 1.876027054857372756e+00
4.564211816034429714e-01 1.875750424779408121e+00
4.749039612970275548e-01 1.873946579983271299e+00
4.940259873985226036e-01 1.870530495243541536e+00
5.137884778734376212e-01 1.865383493717830410e+00
5.341939890297543458e-01 1.858380765712340121e+00
5.552461948971427752e-01 1.849551170482225837e+00
5.769494180314337362e-01 1.840426664154241276e+00
5.993078512930827273e-01 1.831435016532385385e+00
6.223234824076805394e-01 1.822574047075992354e+00
6.459893015202415878e-01 1.813896538798812630e+00
6.702951778958938789e-01 1.805469761850565735e+00
6.952319398708566300e-01 1.797347570171623721e+00
7.207910522436805634e-01 1.789552751860964408e+00
7.469639618114916058e-01 1.781614951995476037e+00
7.737410779955116169e-01 1.773337859378509851e+00
8.011097108415520252e-01 1.764703969188027077e+00
8.290477895972291345e-01 1.755738982547812688e+00
8.575292795055730055e-01 1.746474524318629262e+00
8.865289643661889984e-01 1.736925069485147688e+00
9.160221163562517477e-01 1.727100644033799037e+00
9.459837498843755021e-01 1.717053614373562187e+00
9.763874871835858116e-01 1.706799633750596401e+00
1.007203512760939557e+00 1.696328434734091450e+00
1.038392975429294429e+00 1.685692055165704861e+00
1.069913246086198422e+00 1.674957942407870659e+00
1.101722807915240354e+00 1.664171557520433220e+00
1.133780903957592789e+00 1.653364471036937511e+00
1.166046713117194100e+00 1.642396191356952251e+00
1.198478138357141898e+00 1.631191198838336742e+00
1.231029758676333907e+00 1.619741806282691376e+00
1.263648628174775856e+00 1.608114062508996245e+00
1.296279842733562004e+00 1.596387243806340450e+00
1.328870599864889313e+00 1.584617362364134641e+00
1.361369815878637146e+00 1.572843295667639696e+00
1.393727283452439014e+00 1.560930084208304702e+00
1.425892454139466414e+00 1.548820748335505204e+00
1.457812482844115465e+00 1.536516642767044694e+00
1.489429615604617174e+00 1.524108292913031848e+00
1.520686827477435221e+00 1.511693085853988316e+00
1.551530506485189198e+00 1.499345986700759026e+00
1.581909985661555496e+00 1.487104830288302759e+00
1.611776663916435259e+00 1.474741061617335314e+00
1.641082801757226761e+00 1.462197590374683331e+00
1.669779734195032006e+00 1.449487467432502452e+00
1.697817191315281304e+00 1.436725630718902025e+00
1.725148179021003481e+00 1.424020503705327734e+00
1.751730207976867293e+00 1.411461217232340637e+00
1.777524709510734935e+00 1.399057561530890004e+00
1.802496125337911925e+00 1.386521453162431916e+00
1.826610763974122253e+00 1.373821660407812839e+00
1.849835360728182110e+00 1.360988000520438890e+00
1.872137982496712150e+00 1.348155667189151696e+00
1.893491215215099555e+00 1.335439398605399841e+00
1.913872330889493156e+00 1.322940860925622131e+00
1.933262611848626245e+00 1.310592773680718359e+00
1.951646440544756445e+00 1.298065076729719269e+00
1.969010207482881025e+00 1.285350350322851387e+00
1.985341580187649058e+00 1.272507381789357961e+00
2.000631260404047040e+00 1.259688133814089062e+00
2.014874268396853463e+00 1.247016639406421490e+00
2.028069565663756180e+00 1.234608530999517617e+00
2.040219368824139679e+00 1.222267198530541998e+00
2.051328300438128860e+00 1.209690986742988805e+00
2.061402485097646231e+00 1.196886490435622230e+00
2.070449608521494067e+00 1.183917289299969422e+00
2.078480506113900894e+00 1.170914603795974118e+00
2.085509151653059057e+00 1.157988825420825707e+00
2.091552141533816744e+00 1.145241074723446495e+00
2.096628098265479689e+00 1.132307832431916683e+00
2.100756949601446433e+00 1.118944743175852574e+00
2.103959082361302801e+00 1.105143242065032450e+00
2.106253180380970758e+00 1.091092739273763934e+00
2.107658265267420283e+00 1.077097349639739132e+00
2.108197259894394548e+00 1.063437747822352453e+00
