1.642006811497959684e-01 2.134058738602491977e-05
1.701551238324912063e-01 2.270133609277948363e-05
1.764219839811690949e-01 2.412489787287805547e-05
1.830123081912486682e-01 2.559349496250547791e-05
1.899396646483013373e-01 2.702075364541994115e-05
1.972205764935106853e-01 2.840395065140760252e-05
2.048730920374500220e-01 2.976435981934095367e-05
2.129099019397601433e-01 3.112524393318517218e-05
2.213429556111600749e-01 3.250837409595614525e-05
2.301855425020873924e-01 3.394972725548427145e-05
2.394521835101218743e-01 3.550554227844938509e-05
2.491583413669652969e-01 3.713627477014130992e-05
2.593198972665038404e-01 3.883883428394781023e-05
2.699512167881807367e-01 4.061752966284838537e-05
2.810622645353554327e-01 4.246017089620498700e-05
2.926633758409142860e-01 4.433972445893732202e-05
3.047665864244226697e-01 4.621557609396317358e-05
3.173856456488362010e-01 4.806881044506977954e-05
3.305358883586452801e-01 4.998714878268639450e-05
3.442339213502826900e-01 5.198684698652941509e-05
3.584953506860786288e-01 5.407421161062645300e-05
3.733290842097516937e-01 5.625041296685679500e-05
3.887434539105556475e-01 5.851646487238062105e-05
4.047482904470086074e-01 6.087653019009528894e-05
4.213547497732901270e-01 6.333434314114466299e-05
4.385749245820766973e-01 6.587744262781647223e-05
4.564211816034429714e-01 6.850696854765770945e-05
4.749039612970275548e-01 7.122906875399044840e-05
4.940259873985226036e-01 7.404122501591612877e-05
5.137884778734376212e-01 7.693828485972281997e-05
5.341939890297543458e-01 7.991757678642674007e-05
5.552461948971427752e-01 8.297834249574543241e-05
5.769494180314337362e-01 8.613654750384465983e-05
5.993078512930827273e-01 8.940070144455164458e-05
6.223234824076805394e-01 9.277777995575034486e-05
6.459893015202415878e-01 9.626627533316634412e-05
6.702951778958938789e-01 9.986009457591495304e-05
6.952319398708566300e-01 1.035569261039038060e-04
7.207910522436805634e-01 1.073564522528287399e-04
7.469639618114916058e-01 1.112675375859552203e-04
7.737410779955116169e-01 1.152970634570428201e-04
8.011097108415520252e-01 1.194518982835954078e-04
8.290477895972291345e-01 1.237285299496965717e-04
8.575292795055730055e-01 1.281159251310683123e-04
8.865289643661889984e-01 1.326074884704005208e-04
9.160221163562517477e-01 1.371986312600820723e-04
9.459837498843755021e-01 1.419052954538018363e-04
9.763874871835858116e-01 1.467383059734010925e-04
1.007203512760939557e+00 1.517037234311256809e-04
1.038392975429294429e+00 1.567959542607544191e-04
1.069913246086198422e+00 1.619991467798532645e-04
1.101722807915240354e+00 1.673027706611827968e-04
1.133780903957592789e+00 1.726989308947071765e-04
1.166046713117194100e+00 1.782072209247185385e-04
1.198478138357141898e+00 1.838390579108564618e-04
1.231029758676333907e+00 1.895987651188125143e-04
1.263648628174775856e+00 1.954757858855339441e-04
1.296279842733562004e+00 2.014478054671401135e-04
1.328870599864889313e+00 2.074980554071877603e-04
1.361369815878637146e+00 2.136135426759047044e-04
1.393727283452439014e+00 2.198237359650134998e-04
1.425892454139466414e+00 2.261397451257458381e-04
1.457812482844115465e+00 2.325628943631757363e-04
1.489429615604617174e+00 2.390758218545010094e-04
1.520686827477435221e+00 2.456494986748475285e-04
1.551530506485189198e+00 2.522604662597964791e-04
1.581909985661555496e+00 2.588930478550493532e-04
1.611776663916435259e+00 2.655892788385355347e-04
1.641082801757226761e+00 2.723550596792049410e-04
1.669779734195032006e+00 2.791880370152875746e-04
1.697817191315281304e+00 2.860612076878803461e-04
1.725148179021003481e+00 2.929387710316567811e-04
1.751730207976867293e+00 2.997899444175775203e-04
1.777524709510734935e+00 3.066020191993061019e-04
1.802496125337911925e+00 3.134311976406280674e-04
1.826610763974122253e+00 3.202742882645372440e-04
1.849835360728182110e+00 3.271248329230332596e-04
1.872137982496712150e+00 3.339448771987523022e-04
1.893491215215099555e+00 3.406935049495899933e-04
1.913872330889493156e+00 3.473333708348607740e-04
1.933262611848626245e+00 3.538669309276089693e-04
1.951646440544756445e+00 3.603574419958163635e-04
1.969010207482881025e+00 3.667925723141498011e-04
1.985341580187649058e+00 3.731585206878656070e-04
2.000631260404047040e+00 3.794083318715052900e-04
2.014874268396853463e+00 3.854966912757698452e-04
2.028069565663756180e+00 3.913811329116802500e-04
2.040219368824139679e+00 3.970948265650706913e-04
2.051328300438128860e+00 4.026938870771741693e-04
2.061402485097646231e+00 4.081607215254108925e-04
2.070449608521494067e+00 4.134730462423728088e-04
2.078480506113900894e+00 4.185801552853798718e-04
2.085509151653059057e+00 4.234357100986009602e-04
2.091552141533816744e+00 4.279971141051841792e-04
2.096628098265479689e+00 4.323374814408910915e-04
2.100756949601446433e+00 4.364953157972561982e-04
2.103959082361302801e+00 4.404582749093195011e-04
2.106253180380970758e+00 4.442037702980731052e-04
2.107658265267420283e+00 4.476612817967881835e-04
2.108197259894394548e+00 4.507622826449914554e-04
