1.624677939591346043e-01 2.404477388489454359e+00
1.683751965651507088e-01 2.523215957219437033e+00
1.745941464829570966e-01 2.609402112797079454e+00
1.811302556961751353e-01 2.664417920607139223e+00
1.879945618085463455e-01 2.684034920758528564e+00
1.952055133281927202e-01 2.676359363721811935e+00
2.027829535545637163e-01 2.647978862798718414e+00
2.107410671430600124e-01 2.600499194341626907e+00
2.190942757765365623e-01 2.532034987166470685e+00
2.278573476418340182e-01 2.458518027856866350e+00
2.370446352630589948e-01 2.382367594615519835e+00
2.466684465615208433e-01 2.301916773508225766e+00
2.567396880573803997e-01 2.215669247175050760e+00
2.672706652637733549e-01 2.124639382989205405e+00
2.782753655962186268e-01 2.042532889377722150e+00
2.897693758488069649e-01 1.974926087183823453e+00
3.017679299432681206e-01 1.924591161652235982e+00
3.142823320371767037e-01 1.894738577731563733e+00
3.273244064115887753e-01 1.886705143431611331e+00
3.409074427050725609e-01 1.886610720179650702e+00
3.550459371331146086e-01 1.886854975635255061e+00
3.697542921900067170e-01 1.887447296596391988e+00
3.850424427908457070e-01 1.888324372883869451e+00
4.009196389118174775e-01 1.889485791844711438e+00
4.173963528140744450e-01 1.890044944746060551e+00
4.344839089882981953e-01 1.888641822814997040e+00
4.521935385780705974e-01 1.885149868551278418e+00
4.705318639056953467e-01 1.879492470895835377e+00
4.895029656323852674e-01 1.871575040031960180e+00
5.091119965825476879e-01 1.861917396148374149e+00
5.293649162831981503e-01 1.852645812506207967e+00
5.502677830455789953e-01 1.843972641609838536e+00
5.718226450863409527e-01 1.835938040376786873e+00
5.940265335381252898e-01 1.828622041832509648e+00
6.168769213177998090e-01 1.822000846639098448e+00
6.403717877361572164e-01 1.815132823262476824e+00
6.645088965541293691e-01 1.807756160707316484e+00
6.892828678794888919e-01 1.799848550902796163e+00
7.146816374414595163e-01 1.791407273575299719e+00
7.406924459090087343e-01 1.782423619180941055e+00
7.673026610954174487e-01 1.773158835281439138e+00
7.944989434908142911e-01 1.763766830732132807e+00
8.222651652916186382e-01 1.754254197488646527e+00
8.505778788898196163e-01 1.744695342771487745e+00
8.794117926888770365e-01 1.735154896800267910e+00
9.087420174375793192e-01 1.725565162006451825e+00
9.385433633619386651e-01 1.715798329836029534e+00
9.687888598176019883e-01 1.705846134103875755e+00
9.994449562520933972e-01 1.695651168694140454e+00
1.030474709180232207e+00 1.685183734449709148e+00
1.061841156827408872e+00 1.674394760085988310e+00
1.093506503643748129e+00 1.663184572143802997e+00
1.125430680704188502e+00 1.651529621802196202e+00
1.157567771763854170e+00 1.639735379642275115e+00
1.189868675757913108e+00 1.628146651838848324e+00
1.222285605730118574e+00 1.616967669973902622e+00
1.254771786022079061e+00 1.606292547318925568e+00
1.287280482241091040e+00 1.596233662778363538e+00
1.319760536823640029e+00 1.586294406181065320e+00
1.352156339118297135e+00 1.575827706220913393e+00
1.384415052601575713e+00 1.564426872260374690e+00
1.416487132152348227e+00 1.551530289836850818e+00
1.448325902653445407e+00 1.536771792008184478e+00
1.479899665667904873e+00 1.518922939415062956e+00
1.511193719475212527e+00 1.496081047172438394e+00
1.542164810422602672e+00 1.466825628353819244e+00
1.572723818493005465e+00 1.429914718966918352e+00
1.602722885817722709e+00 1.383896225298317573e+00
1.631969966989911480e+00 1.329205793247164147e+00
1.660314247430952461e+00 1.268384162066831689e+00
1.687635820037782786e+00 1.202073145905484752e+00
1.713837964801308011e+00 1.128859804359469088e+00
1.738845786835439888e+00 1.048534852723834065e+00
1.762573445180873222e+00 9.626256376692895467e-01
1.784950492285993340e+00 8.735207836454078612e-01
1.805961346258124989e+00 7.887495556395526242e-01
1.825650584040922064e+00 7.129468351648243774e-01
1.844074053022905613e+00 6.446764025633356932e-01
1.861264080600319559e+00 5.840808730146325178e-01
1.877252550705235112e+00 5.406464259315960641e-01
1.892072504300439606e+00 5.225529647258178034e-01
1.905758227197458465e+00 5.332889888396153966e-01
1.918342606417213769e+00 5.737346241964832450e-01
1.929852474926907924e+00 6.307696901249971733e-01
1.940306256121541395e+00 6.896443437311443603e-01
1.949714857846760019e+00 7.498098865325162343e-01
1.958092983188910230e+00 8.112637103878779232e-01
1.965457754503867172e+00 8.705182266000215385e-01
1.971825800426689312e+00 9.146541148480780148e-01
1.977212493330995358e+00 9.421383596543879690e-01
1.981634791303352294e+00 9.523931917781853773e-01
1.985112270899804576e+00 9.443472174925244822e-01
1.987665188620350909e+00 9.275323342657270098e-01
1.989313643570876033e+00 9.049623696522868244e-01
1.990077163327112819e+00 8.761142244746086272e-01
1.989976682583611156e+00 8.404126615527188759e-01
1.989036717916874419e+00 8.028229193567437694e-01
1.987285956253697972e+00 7.679906117099266627e-01
1.984757355532644985e+00 7.368196861034431722e-01
1.981488042125737481e+00 7.101256288900533731e-01
