1.624677939591346043e-01 2.129813950908004749e-05
1.683751965651507088e-01 2.265206353758861813e-05
1.745941464829570966e-01 2.405947746830414645e-05
1.811302556961751353e-01 2.549067989672892487e-05
1.879945618085463455e-01 2.687702762131972153e-05
1.952055133281927202e-01 2.823167118685057580e-05
2.027829535545637163e-01 2.959178278795229170e-05
2.107410671430600124e-01 3.100072465633759599e-05
2.190942757765365623e-01 3.251567910408970400e-05
2.278573476418340182e-01 3.407377383514638322e-05
2.370446352630589948e-01 3.566333850853823766e-05
2.466684465615208433e-01 3.728072697884943573e-05
2.567396880573803997e-01 3.890921565977736559e-05
2.672706652637733549e-01 4.053316141638688900e-05
2.782753655962186268e-01 4.222184178971118010e-05
2.897693758488069649e-01 4.399698909867677250e-05
3.017679299432681206e-01 4.585432418839939717e-05
3.142823320371767037e-01 4.777470613989175173e-05
3.273244064115887753e-01 4.972825891517518391e-05
3.409074427050725609e-01 5.173298674809815993e-05
3.550459371331146086e-01 5.381388616927863149e-05
3.697542921900067170e-01 5.597927385423442204e-05
3.850424427908457070e-01 5.823529903854270811e-05
4.009196389118174775e-01 6.059118859524872827e-05
4.173963528140744450e-01 6.304497385857557004e-05
4.344839089882981953e-01 6.557935667869393504e-05
4.521935385780705974e-01 6.819767793683191397e-05
4.705318639056953467e-01 7.089972408063358652e-05
4.895029656323852674e-01 7.367966404277108471e-05
5.091119965825476879e-01 7.653801851056502026e-05
5.293649162831981503e-01 7.949228196498764440e-05
5.502677830455789953e-01 8.254827913043212984e-05
5.718226450863409527e-01 8.571018303979822072e-05
5.940265335381252898e-01 8.897468734473786760e-05
6.168769213177998090e-01 9.234097130707621948e-05
6.403717877361572164e-01 9.581129421378193972e-05
6.645088965541293691e-01 9.938914664097055912e-05
6.892828678794888919e-01 1.030793104263152347e-04
7.146816374414595163e-01 1.068762509733941915e-04
7.406924459090087343e-01 1.107757188845991158e-04
7.673026610954174487e-01 1.147851910512292189e-04
7.944989434908142911e-01 1.189119204466815885e-04
8.222651652916186382e-01 1.231605142367492181e-04
8.505778788898196163e-01 1.275255910598231516e-04
8.794117926888770365e-01 1.319986177101113657e-04
9.087420174375793192e-01 1.365823843620302960e-04
9.385433633619386651e-01 1.412865060837925374e-04
9.687888598176019883e-01 1.461142697768657271e-04
9.994449562520933972e-01 1.510626156325955050e-04
1.030474709180232207e+00 1.561208710462953027e-04
1.061841156827408872e+00 1.612883965806131753e-04
1.093506503643748129e+00 1.665791010012119568e-04
1.125430680704188502e+00 1.719956829956399529e-04
1.157567771763854170e+00 1.775284959717117104e-04
1.189868675757913108e+00 1.831546024967044522e-04
1.222285605730118574e+00 1.888632736940516321e-04
1.254771786022079061e+00 1.946684103073467742e-04
1.287280482241091040e+00 2.005684434248070536e-04
1.319760536823640029e+00 2.065807871945008725e-04
1.352156339118297135e+00 2.127089370000737327e-04
1.384415052601575713e+00 2.189523358146825262e-04
1.416487132152348227e+00 2.253403651506544582e-04
1.448325902653445407e+00 2.318776023372265535e-04
1.479899665667904873e+00 2.384712246416882274e-04
1.511193719475212527e+00 2.450294598455813331e-04
1.542164810422602672e+00 2.515371283189095624e-04
1.572723818493005465e+00 2.580437190178169206e-04
1.602722885817722709e+00 2.646091846495527149e-04
1.631969966989911480e+00 2.711352208564951323e-04
1.660314247430952461e+00 2.774032447632976428e-04
1.687635820037782786e+00 2.832885884090375608e-04
1.713837964801308011e+00 2.887632069978945059e-04
1.738845786835439888e+00 2.937618427829907699e-04
1.762573445180873222e+00 2.983393600379447745e-04
1.784950492285993340e+00 3.024044062481454076e-04
1.805961346258124989e+00 3.057651779082368594e-04
1.825650584040922064e+00 3.083031131502370157e-04
1.844074053022905613e+00 3.100445181496390683e-04
1.861264080600319559e+00 3.109554216141692702e-04
1.877252550705235112e+00 3.115978310369378786e-04
1.892072504300439606e+00 3.122464707679033571e-04
1.905758227197458465e+00 3.128818377655880642e-04
1.918342606417213769e+00 3.135015324082507252e-04
1.929852474926907924e+00 3.145177865828942482e-04
1.940306256121541395e+00 3.163900597929817076e-04
1.949714857846760019e+00 3.191093179850580815e-04
1.958092983188910230e+00 3.226399138581894786e-04
1.965457754503867172e+00 3.268151107910193648e-04
1.971825800426689312e+00 3.310388435675659224e-04
1.977212493330995358e+00 3.352600810064518570e-04
1.981634791303352294e+00 3.394827610635314232e-04
1.985112270899804576e+00 3.437177654427158325e-04
1.987665188620350909e+00 3.476818315563755908e-04
1.989313643570876033e+00 3.512412587278765461e-04
1.990077163327112819e+00 3.543366005308052225e-04
1.989976682583611156e+00 3.568747447751231643e-04
1.989036717916874419e+00 3.589698694272184230e-04
1.987285956253697972e+00 3.607092708670920668e-04
1.984757355532644985e+00 3.620428390622366021e-04
1.981488042125737481e+00 3.629367549231889123e-04
