1.288751861873135840e-01 2.160446672419656118e-05
1.337625718287111243e-01 2.258689953361590265e-05
1.389486089654126122e-01 2.361009429188200360e-05
1.444433175173188144e-01 2.467468769056358044e-05
1.502576654774350762e-01 2.578233639074313982e-05
1.564021089621112637e-01 2.693554315987602290e-05
1.628866620316226088e-01 2.813502695703192408e-05
1.697226152105507091e-01 2.938196276738797434e-05
1.769219327886475124e-01 3.067926586755494325e-05
1.844957274098468769e-01 3.202822826606246368e-05
1.924561228433508131e-01 3.342977942715525828e-05
2.008164669388569634e-01 3.488646662617368613e-05
2.095893323127222541e-01 3.640076339148930169e-05
2.187872008504696819e-01 3.797340355119283251e-05
2.284239192512207139e-01 3.960614817161457881e-05
2.385135730073087434e-01 4.130255992772400387e-05
2.490688354925137404e-01 4.306373127230685952e-05
2.601033420441045685e-01 4.489090192329703944e-05
2.716317923977362159e-01 4.678715151174389045e-05
2.836674580908870036e-01 4.875520895484110415e-05
2.962231227606852424e-01 5.079582464176340099e-05
3.093128061953258623e-01 5.291152610882621129e-05
3.229503944538297255e-01 5.510627246032840488e-05
3.371475532860003232e-01 5.738065597756466949e-05
3.519166057949643100e-01 5.973683215325575272e-05
3.672706814944461384e-01 6.217836777147711766e-05
3.832207794725090433e-01 6.470815611121777519e-05
3.997766238905154923e-01 6.732649825814525867e-05
4.169488620134918500e-01 7.003666832330757565e-05
4.347475570490021979e-01 7.284306862234553824e-05
4.531795071616929182e-01 7.574587356369697942e-05
4.722515783458655636e-01 7.874722144486397525e-05
4.919710150163913442e-01 8.185123420260686535e-05
5.123421297982483358e-01 8.506078614210874252e-05
5.333669427487053305e-01 8.837530166755903590e-05
5.550478750485375867e-01 9.179877562637905962e-05
5.773861810354860014e-01 9.533566359824683604e-05
6.003787676523457684e-01 9.898514336171663770e-05
6.240218760540438003e-01 1.027492561683454760e-04
6.483115389832247999e-01 1.066324614483672609e-04
6.732400849345185900e-01 1.106369137917670290e-04
6.987966082725686201e-01 1.147606918955702078e-04
7.249700482677780000e-01 1.190082961530093252e-04
7.517475454239388455e-01 1.233837209191116738e-04
7.791111381897448673e-01 1.278842293067880326e-04
8.070416392013270990e-01 1.325115368417161606e-04
8.355191645147294066e-01 1.372699120031256105e-04
8.645195926362239103e-01 1.421599395943652763e-04
8.940152388259519078e-01 1.471774059602290192e-04
9.239779648468741113e-01 1.523272210570004027e-04
9.543774543862617588e-01 1.576120417212715737e-04
9.851783367289494997e-01 1.630256832381014767e-04
1.016344085483476656e+00 1.685695021196196783e-04
1.047837338039737887e+00 1.742468545235230934e-04
1.079616681461076366e+00 1.800550890429578315e-04
1.111637890562639175e+00 1.859869143282639439e-04
1.143856537338338475e+00 1.920475680310662072e-04
1.176226229751467622e+00 1.982368017541300909e-04
1.208696812118824404e+00 2.045429977798558839e-04
1.241217890118974987e+00 2.109680971370870737e-04
1.273738700470541163e+00 2.175129521103745371e-04
1.306205669952736237e+00 2.241689136119715431e-04
1.338564278281943132e+00 2.309264227429591056e-04
1.370760662999344071e+00 2.377904126301565906e-04
1.402740016365633613e+00 2.447550737177339947e-04
1.434446249161852149e+00 2.518023790002851749e-04
1.465824477359870093e+00 2.589359312286364798e-04
1.496820480829921030e+00 2.661520521367447597e-04
1.527379458658597366e+00 2.734329961299361805e-04
1.557447994951840720e+00 2.807698547804873801e-04
1.586974429260944230e+00 2.881655280854695080e-04
1.615907808373484800e+00 2.956054306595264861e-04
1.644198705813445294e+00 3.030661713006266799e-04
1.671800255650020883e+00 3.105546149671078310e-04
1.698667365884846348e+00 3.180594523235253540e-04
1.724756913547557113e+00 3.255515859176671273e-04
1.750028867635138097e+00 3.330296231671478610e-04
1.774445715229582499e+00 3.404897254520797278e-04
1.797972369080392374e+00 3.479054686033909781e-04
1.820577224946389405e+00 3.552549841301819666e-04
1.842231711007053185e+00 3.625475857460754600e-04
1.862909860153025399e+00 3.697601331547594730e-04
1.882589458746983135e+00 3.768557609622055706e-04
1.901251664594578950e+00 3.838462584625897340e-04
1.918880284613591058e+00 3.907161350339229990e-04
1.935462643741285627e+00 3.974248963564300068e-04
1.950989814269499245e+00 4.039686199349567684e-04
1.965455445547760638e+00 4.103493818458724238e-04
1.978856171218817073e+00 4.165297642475667165e-04
1.991192422887578362e+00 4.224803437437338154e-04
2.002467237461874383e+00 4.282232276111718632e-04
2.012685923175688618e+00 4.337267354083888088e-04
2.021857276648177493e+00 4.389449374738529724e-04
2.029992672531387932e+00 4.439035991771376425e-04
2.037105181113902930e+00 4.485851647302879926e-04
2.043210544906542747e+00 4.529391623218665818e-04
2.048327089603018791e+00 4.569740758563210813e-04
2.052474501608601898e+00 4.606987801704891922e-04
2.055674143341051696e+00 4.640654409787004376e-04
2.057949728111811538e+00 4.670538644727021782e-04
