1.554034938319695247e-01 1.781820638920755595e+00
1.615106464517978568e-01 1.820307934033310371e+00
1.679286574210571703e-01 1.860524525521437100e+00
1.746736996351955784e-01 1.901823955722735437e+00
1.817628068562908428e-01 1.943556749715581233e+00
1.892139803922254504e-01 1.985246728885180945e+00
1.970461076754151108e-01 2.026652524644539710e+00
2.052788502237930246e-01 2.067608139727182603e+00
2.139326511459153646e-01 2.107954545381587774e+00
2.230287083250679647e-01 2.147538232997449281e+00
2.325889818871628711e-01 2.186207081628830817e+00
2.426361940041006082e-01 2.223814053475640762e+00
2.531937935476960000e-01 2.260220869104703656e+00
2.642858021477003105e-01 2.295291001027828681e+00
2.759367254460887153e-01 2.328879976174457855e+00
2.881715201881048238e-01 2.360844281378186693e+00
3.010155532878044937e-01 2.391037499521780241e+00
3.144945457460132099e-01 2.419313509493306480e+00
3.286345214176164542e-01 2.445540999351679012e+00
3.434617043678917514e-01 2.469634813045609167e+00
3.590022625249374433e-01 2.491560457855976463e+00
3.752820961877388894e-01 2.511309479314554061e+00
3.923267080129808626e-01 2.528885177005285811e+00
4.101610742331563420e-01 2.544290051475377012e+00
4.288094954361763023e-01 2.557553378892285512e+00
4.482954372252255237e-01 2.568670929868342778e+00
4.686413561278517381e-01 2.577653409499479853e+00
4.898685156144194641e-01 2.584481917005059692e+00
5.119967902071084209e-01 2.589229320951538238e+00
5.350444559728417815e-01 2.591843620692041217e+00
5.590279681481225005e-01 2.592360367624626960e+00
5.839617203933574752e-01 2.590796067709712158e+00
6.098578017392117800e-01 2.587163850793794406e+00
6.367257413621577600e-01 2.581477965473427005e+00
6.645722547127215218e-01 2.573762310930373332e+00
6.934009655587580756e-01 2.564058750157574007e+00
7.232121271195648404e-01 2.552423801103713696e+00
7.540023656986264422e-01 2.538919328347000182e+00
7.857644054121006860e-01 2.523612610200946182e+00
8.184868261020888935e-01 2.506571998229887299e+00
8.521538085142906782e-01 2.487867453724863509e+00
8.867449070304720404e-01 2.467555934628835157e+00
9.222348805805019589e-01 2.445668842579539426e+00
9.585937386285700024e-01 2.422229446309652090e+00
9.957867138545546393e-01 2.397268867272193127e+00
1.033774176005537671e+00 2.370826215815395877e+00
1.072511557995423859e+00 2.342947348704599086e+00
1.111949305016558087e+00 2.313681284205343580e+00
1.152032880848456786e+00 2.283080117794588748e+00
1.192702808522766889e+00 2.251190631876112569e+00
1.233894854836656396e+00 2.218048586590250615e+00
1.275540364061029885e+00 2.183693337022135417e+00
1.317566518079821503e+00 2.148172862368656233e+00
1.359896554754544962e+00 2.111541982267847839e+00
1.402450057039597686e+00 2.073863738184146932e+00
1.445143258199794056e+00 2.035209178448104339e+00
1.487889399514061850e+00 1.995646019518656056e+00
1.530599180137332427e+00 1.955219009611363745e+00
1.573181476707834925e+00 1.913967020710423128e+00
1.615543985609758204e+00 1.871939435449202938e+00
1.657593719511376129e+00 1.829199514893564249e+00
1.699237522494239983e+00 1.785827432984088858e+00
1.740382566443424928e+00 1.741920228931574943e+00
1.780936866610354441e+00 1.697578194458513101e+00
1.820809850299532684e+00 1.652870146015007480e+00
1.859913086609521482e+00 1.607838594966241708e+00
1.898160912270423717e+00 1.562532081612908907e+00
1.935470894173526357e+00 1.517010743631585390e+00
1.971764306854037807e+00 1.471344785802984223e+00
2.006966513549266029e+00 1.425622608324017770e+00
2.041007324992536009e+00 1.379935855917106213e+00
2.073821420899886636e+00 1.334347316608390344e+00
2.105348718776477224e+00 1.288920406880975200e+00
2.135534656895695882e+00 1.243731140965041559e+00
2.164330368679661110e+00 1.198860751829681437e+00
2.191692842945170749e+00 1.154420607650881836e+00
2.217585008309533645e+00 1.110519413837102842e+00
2.241975797084160504e+00 1.067235184424170313e+00
2.264840181992459289e+00 1.024626374826830055e+00
2.286159165076733668e+00 9.827278278825953839e-01
2.305919679073989315e+00 9.415933221338625980e-01
2.324114462566924555e+00 9.012542930188175427e-01
2.340741946476442514e+00 8.617739656144954852e-01
2.355805963921238089e+00 8.232111381611719736e-01
2.369315525187728699e+00 7.856395764064298959e-01
2.381284550431413294e+00 7.490995392166241995e-01
2.391731593714251591e+00 7.136324787277383841e-01
2.400679572457735222e+00 6.792554341158911768e-01
2.408155510464703219e+00 6.460163411848105497e-01
2.414190134064383209e+00 6.139817854783757856e-01
2.418817593521354947e+00 5.831857468157881641e-01
2.422075096939425798e+00 5.536418597261951735e-01
2.424002675632308978e+00 5.253140993196661057e-01
2.424642802736851177e+00 4.981823426692598145e-01
2.424040136239661969e+00 4.722947566205978331e-01
2.422241146979073445e+00 4.476799789402840513e-01
2.419293743687309650e+00 4.243224312478134364e-01
2.415247108879792659e+00 4.021598652800776885e-01
2.410151373846936451e+00 3.811202866207020201e-01
2.404057440784028721e+00 3.612187519323868390e-01
