1.554034938319695247e-01 2.310537224357617987e-05
1.615106464517978568e-01 2.411425980461068955e-05
1.679286574210571703e-01 2.517914164416122755e-05
1.746736996351955784e-01 2.630335039059026957e-05
1.817628068562908428e-01 2.749004123125434830e-05
1.892139803922254504e-01 2.874222070326903556e-05
1.970461076754151108e-01 3.006309968674575589e-05
2.052788502237930246e-01 3.145581035921620898e-05
2.139326511459153646e-01 3.292359504842406451e-05
2.230287083250679647e-01 3.446988061100114367e-05
2.325889818871628711e-01 3.609775596311145580e-05
2.426361940041006082e-01 3.781053671347546036e-05
2.531937935476960000e-01 3.961170148656340082e-05
2.642858021477003105e-01 4.150467624056925978e-05
2.759367254460887153e-01 4.349304732965718681e-05
2.881715201881048238e-01 4.558034444846789077e-05
3.010155532878044937e-01 4.777012745012281436e-05
3.144945457460132099e-01 5.006540968867611408e-05
3.286345214176164542e-01 5.246988093697753532e-05
3.434617043678917514e-01 5.498664668129129879e-05
3.590022625249374433e-01 5.761901246724746120e-05
3.752820961877388894e-01 6.037032410866885799e-05
3.923267080129808626e-01 6.324399707128095796e-05
4.101610742331563420e-01 6.624325410629940667e-05
4.288094954361763023e-01 6.937146524004258704e-05
4.482954372252255237e-01 7.263192376304250313e-05
4.686413561278517381e-01 7.602782186397435992e-05
4.898685156144194641e-01 7.956221112336176197e-05
5.119967902071084209e-01 8.323789172119062441e-05
5.350444559728417815e-01 8.705778318328981726e-05
5.590279681481225005e-01 9.102446577215439439e-05
5.839617203933574752e-01 9.514075560995474668e-05
6.098578017392117800e-01 9.940900823921457771e-05
6.367257413621577600e-01 1.038315384219704632e-04
6.645722547127215218e-01 1.084103280945568809e-04
6.934009655587580756e-01 1.131469908493650716e-04
7.232121271195648404e-01 1.180429153484690246e-04
7.540023656986264422e-01 1.230992996905703150e-04
7.857644054121006860e-01 1.283172545867844591e-04
8.184868261020888935e-01 1.336974702504913016e-04
8.521538085142906782e-01 1.392405253456422342e-04
8.867449070304720404e-01 1.449466111752214798e-04
9.222348805805019589e-01 1.508150491354110433e-04
9.585937386285700024e-01 1.568442411732837139e-04
9.957867138545546393e-01 1.630321636890918427e-04
1.033774176005537671e+00 1.693762062742196011e-04
1.072511557995423859e+00 1.758729805788609068e-04
1.111949305016558087e+00 1.825189206220184819e-04
1.152032880848456786e+00 1.893096198373407418e-04
1.192702808522766889e+00 1.962398473961638617e-04
1.233894854836656396e+00 2.033037663826053009e-04
1.275540364061029885e+00 2.104944845746035140e-04
1.317566518079821503e+00 2.178041106658865740e-04
1.359896554754544962e+00 2.252242083146236589e-04
1.402450057039597686e+00 2.327453115906380791e-04
1.445143258199794056e+00 2.403571208665364139e-04
1.487889399514061850e+00 2.480484444931250402e-04
1.530599180137332427e+00 2.558070168757056251e-04
1.573181476707834925e+00 2.636185592587275673e-04
1.615543985609758204e+00 2.714682608955198387e-04
1.657593719511376129e+00 2.793399921853107208e-04
1.699237522494239983e+00 2.872166185422823578e-04
1.740382566443424928e+00 2.950799740898786484e-04
1.780936866610354441e+00 3.029112241880186815e-04
1.820809850299532684e+00 3.106909409130281232e-04
1.859913086609521482e+00 3.183990806582309881e-04
1.898160912270423717e+00 3.260142026990910861e-04
1.935470894173526357e+00 3.335139405406255426e-04
1.971764306854037807e+00 3.408758367631270275e-04
2.006966513549266029e+00 3.480765909216515150e-04
2.041007324992536009e+00 3.550921676735764067e-04
2.073821420899886636e+00 3.618996758630213095e-04
2.105348718776477224e+00 3.684753194943768623e-04
2.135534656895695882e+00 3.747947705845720259e-04
2.164330368679661110e+00 3.808355519031856370e-04
2.191692842945170749e+00 3.865740978785846748e-04
2.217585008309533645e+00 3.919890854465766031e-04
2.241975797084160504e+00 3.970604860059867266e-04
2.264840181992459289e+00 4.017689986815546014e-04
2.286159165076733668e+00 4.060975155668086040e-04
2.305919679073989315e+00 4.100285708934548498e-04
2.324114462566924555e+00 4.135484541763208657e-04
2.340741946476442514e+00 4.166429328002040490e-04
2.355805963921238089e+00 4.193025396875363375e-04
2.369315525187728699e+00 4.215178297495685293e-04
2.381284550431413294e+00 4.232839083086814081e-04
2.391731593714251591e+00 4.245961609079420933e-04
2.400679572457735222e+00 4.254539165681836088e-04
2.408155510464703219e+00 4.258579456878051634e-04
2.414190134064383209e+00 4.258118296259436877e-04
2.418817593521354947e+00 4.253227418369346594e-04
2.422075096939425798e+00 4.243986089962460489e-04
2.424002675632308978e+00 4.230506321280346599e-04
2.424642802736851177e+00 4.212910557735662282e-04
2.424040136239661969e+00 4.191334817564246564e-04
2.422241146979073445e+00 4.165945519651723561e-04
2.419293743687309650e+00 4.136922319603602714e-04
2.415247108879792659e+00 4.104449083354657518e-04
2.410151373846936451e+00 4.068717664328529485e-04
2.404057440784028721e+00 4.029927662661960232e-04
