1.563716270404572894e-01 2.315367331545054085e-05
1.625318123814505911e-01 2.417217123564503628e-05
1.690098894129682394e-01 2.524123466074307129e-05
1.758199407191303743e-01 2.636288224255337192e-05
1.829753669623957468e-01 2.754141222492531969e-05
1.904876253942379416e-01 2.878273461319714335e-05
1.983656331076288915e-01 3.008442322136999306e-05
2.066184799012632245e-01 3.143857621470571006e-05
2.152563870813591629e-01 3.284364714248380341e-05
2.242905755156939240e-01 3.429421046989909158e-05
2.337330236196132616e-01 3.577851416433200290e-05
2.435960362127170542e-01 3.729843476125855722e-05
2.538915626511157875e-01 3.885811406051060886e-05
2.646294606194148913e-01 4.046528024234782097e-05
2.758139000229158921e-01 4.212668909135545200e-05
2.874489909172204816e-01 4.384674784504732253e-05
2.995417670123110554e-01 4.563166459772607231e-05
3.121029879608799851e-01 4.747849700470628580e-05
3.251480579772040858e-01 4.938581272074353681e-05
3.386981001324670393e-01 5.135272348276655370e-05
3.527804577155121968e-01 5.338025570191999938e-05
3.674148098924040484e-01 5.548235698642576673e-05
3.826109837479750309e-01 5.765809078431290401e-05
3.983804149547168771e-01 5.990360823975762451e-05
4.147366386386251436e-01 6.223927967161128015e-05
4.316951517208404421e-01 6.468773466915953203e-05
4.492730657071984934e-01 6.725410115924011355e-05
4.674884770322290661e-01 6.994411774560357062e-05
4.863572980056455886e-01 7.276315585620177239e-05
5.058856154665544169e-01 7.570145418142029594e-05
5.260779062037256315e-01 7.874957005149553772e-05
5.469397539992894020e-01 8.190092865257395951e-05
5.684773793609838588e-01 8.515003969783828809e-05
5.906968398564570455e-01 8.849868582158865269e-05
6.136028133382416261e-01 9.195257221886772440e-05
6.371968449473328633e-01 9.552113344930075918e-05
6.614738578260856983e-01 9.921730528260049118e-05
6.864228417476032629e-01 1.030462691193082886e-04
7.120326673031998066e-01 1.070174685395123459e-04
7.382922618875775722e-01 1.111380044296946402e-04
7.651898162152261929e-01 1.153920543651484057e-04
7.927115892771886552e-01 1.197851537751252077e-04
8.208402151402499625e-01 1.243275899652935819e-04
8.495525316844018127e-01 1.290268247693419283e-04
8.788208362216091141e-01 1.338204113207695615e-04
9.086168681292080551e-01 1.386440498864874879e-04
9.389106059472236421e-01 1.434598453695012043e-04
9.696687158848499299e-01 1.482608890006133250e-04
1.000852536056624498e+00 1.530548663649950055e-04
1.032415435389910208e+00 1.578315726205313280e-04
1.064299447821017930e+00 1.625862832975537829e-04
1.096430584285276844e+00 1.673802199201889797e-04
1.128721693342756849e+00 1.723850147099898963e-04
1.161093164763916663e+00 1.776841934281950665e-04
1.193480791180294265e+00 1.833296442240871411e-04
1.225839755711175094e+00 1.893752743091427107e-04
1.258148902343985798e+00 1.958544922305316969e-04
1.290415586016415261e+00 2.027867243462687494e-04
1.322704845642741711e+00 2.099725935027848427e-04
1.355323465704357355e+00 2.166092197539385832e-04
1.388622388981188838e+00 2.224284663627805795e-04
1.422783105169798556e+00 2.274044151404035327e-04
1.457731056360917155e+00 2.316496722233569799e-04
1.493033293282878482e+00 2.354778895614968606e-04
1.527800807806824368e+00 2.394221873481553668e-04
1.560647620124727020e+00 2.441610966461978897e-04
1.586149760589195212e+00 2.632630748057169221e-04
1.602111339161002235e+00 2.610906100075584724e-04
1.616660768822277383e+00 2.563624550926621730e-04
1.630743815267028607e+00 2.511548705377841806e-04
1.644774508602418139e+00 2.464148165559765105e-04
1.659076139458492083e+00 2.439632211724543018e-04
1.673928208571098697e+00 2.452556002332967637e-04
1.689576273483012203e+00 2.506990365173844462e-04
1.706225899276779812e+00 2.603605950483570044e-04
1.724024558643689975e+00 2.739401628674424834e-04
1.743031653298873884e+00 2.910778594191414754e-04
1.763176779631125290e+00 3.118071949204537924e-04
1.784209004819218292e+00 3.366896229744373780e-04
1.805717431168571308e+00 3.643719917677408471e-04
1.827468557379809955e+00 3.913036109535654255e-04
1.849340189415487723e+00 4.164447392952179525e-04
1.871226664226955272e+00 4.394090842417090205e-04
1.893027786427924797e+00 4.601036963665587729e-04
1.914642379170164999e+00 4.774190542369758901e-04
1.935963520466804200e+00 4.905713154691268172e-04
1.956873789474798953e+00 5.017122861334788594e-04
1.977240744670637262e+00 5.113309871680244605e-04
1.996912446145947095e+00 5.197082939628012771e-04
2.015713336944915390e+00 5.270675074524124341e-04
2.033452717410888066e+00 5.335185613680584532e-04
2.049980663046536478e+00 5.391337712830860263e-04
2.065184752158726322e+00 5.443110788586478154e-04
2.078980065404748334e+00 5.531952175328642583e-04
2.091308714410812453e+00 5.668885612412770695e-04
2.102139844557214143e+00 5.803934909721645196e-04
2.111468701670236925e+00 5.938687746432062429e-04
2.119314880726807626e+00 6.074800709382145898e-04
2.125702626544958562e+00 6.202975866243218327e-04
2.130652314346087373e+00 6.187758274768102819e-04
