1.662603623246029783e-01 2.108616770224799744e-05
1.719815208331944012e-01 2.235145205548877574e-05
1.780309698152451603e-01 2.368805083577035095e-05
1.844247085353659110e-01 2.509317920458723364e-05
1.911780400660816615e-01 2.650698195030390909e-05
1.983042686887155903e-01 2.792970346844778979e-05
2.058138037563076173e-01 2.936713949215630226e-05
2.137174253040375893e-01 3.081696950018650289e-05
2.220269275107575047e-01 3.228853006581495772e-05
2.307544738501778325e-01 3.380291027085280690e-05
2.399120392964336490e-01 3.538874354574731893e-05
2.495105515941635765e-01 3.701806653398511217e-05
2.595586322402630985e-01 3.869121055152329152e-05
2.700605679263448633e-01 4.041380872440047034e-05
2.810170619991723684e-01 4.218168090489898050e-05
2.924307405543629113e-01 4.398256478227754562e-05
3.043079469459599729e-01 4.579642481769701125e-05
3.166599763585140614e-01 4.762155077051109103e-05
3.295045382334355621e-01 4.950374974960002034e-05
3.428674657995007813e-01 5.144342438142059137e-05
3.567742280066108496e-01 5.345501731130267582e-05
3.712366769188496507e-01 5.554491784168015024e-05
3.862666585334554870e-01 5.771224894245670172e-05
4.018780755245933145e-01 5.995449906279778327e-05
4.180867620965793008e-01 6.228209163695622662e-05
4.349101261962796117e-01 6.472628807470148001e-05
4.523664836998640970e-01 6.729400193193648652e-05
4.704703753078066653e-01 6.999011225955398729e-05
4.892281427300322894e-01 7.280724930430447777e-05
5.086462455325757581e-01 7.573938426489436001e-05
5.287323040549636310e-01 7.878123321250535456e-05
5.494945828839803426e-01 8.192832478269164551e-05
5.709411465846212508e-01 8.518454029107903707e-05
5.930785607041361152e-01 8.855730646347666549e-05
6.159091056177229406e-01 9.205369960738982323e-05
6.394278261191925772e-01 9.566697232807313395e-05
6.636285935490281451e-01 9.939648995591581328e-05
6.885052520001717635e-01 1.032498552634036101e-04
7.140507751987367202e-01 1.072386190076597245e-04
7.402559655592251264e-01 1.113437270449854622e-04
7.671076469389868091e-01 1.155642019552069591e-04
7.945863023548417337e-01 1.199070195166884251e-04
8.226664105396709337e-01 1.243570871721277947e-04
8.513213811577061696e-01 1.289001978781528172e-04
8.805244064509885060e-01 1.335290330516634722e-04
9.102476669860203318e-01 1.382390504955446106e-04
9.404611618456003574e-01 1.430475192452618737e-04
9.711310463330007359e-01 1.479669949174997577e-04
1.002217431053231023e+00 1.530032227111647214e-04
1.033673787794174403e+00 1.581427641934940258e-04
1.065452502655287237e+00 1.633647288727554079e-04
1.097507067472236475e+00 1.686533835011545790e-04
1.129791677506476022e+00 1.739943646642837835e-04
1.162260501840591820e+00 1.794167460557582192e-04
1.194866549971469460e+00 1.849384522247699166e-04
1.227559825821900708e+00 1.905609366954490072e-04
1.260282975242386749e+00 1.962744926525300971e-04
1.292977095601328008e+00 2.020535185311098938e-04
1.325586478794013701e+00 2.078740095016398540e-04
1.358058627141012220e+00 2.137158764677524431e-04
1.390343819397362957e+00 2.196365446286574355e-04
1.422394382487172537e+00 2.256535758194652729e-04
1.454162491625473397e+00 2.317672207536752328e-04
1.485593310729734107e+00 2.379665342129179254e-04
1.516631846632769509e+00 2.442236694666548649e-04
1.547226992689297864e+00 2.505131313120522200e-04
1.577331270222558368e+00 2.568240829004567421e-04
1.606900056460986326e+00 2.632208680372689533e-04
1.635890564015088477e+00 2.697083230845442664e-04
1.664259892839579091e+00 2.762828588925504876e-04
1.691963815231074530e+00 2.829132981948662400e-04
1.718960582836648543e+00 2.895681964524846269e-04
1.745211205104812757e+00 2.962213442391961713e-04
1.770678457952540974e+00 3.028729071983450203e-04
1.795325570263315962e+00 3.095667309516468091e-04
1.819114674648885321e+00 3.162994078636259315e-04
1.842009227283087913e+00 3.230406333900748966e-04
1.863980282352926343e+00 3.297345612016182011e-04
1.885002490529064545e+00 3.363421383676983749e-04
1.905052116002694973e+00 3.428310742718759601e-04
1.924105545848283194e+00 3.492173990787396463e-04
1.942137751238758536e+00 3.555253835695603186e-04
1.959121091001567949e+00 3.617377385025635143e-04
1.975034597612432385e+00 3.677801151881153995e-04
1.989868069856181254e+00 3.735817360519645496e-04
2.003614523279758863e+00 3.790866171432561446e-04
2.016268275862409087e+00 3.842563556799547561e-04
2.027823475171267376e+00 3.891774312582813012e-04
2.038272700121068759e+00 3.938495264851347207e-04
2.047608750257525756e+00 3.982135104270310630e-04
2.055835001527821948e+00 4.021732605900241414e-04
2.062961151182868047e+00 4.056472407224446098e-04
2.068999289977072831e+00 4.085531288138507838e-04
2.073962590114044158e+00 4.110039959678556684e-04
2.077864259631828858e+00 4.130952328841415921e-04
2.080716963632448735e+00 4.147726634310783494e-04
2.082536234336206160e+00 4.159304930687513662e-04
2.083342989773136811e+00 4.164590072026759472e-04
2.083163019197360910e+00 4.162536127948922499e-04
2.082026583840842271e+00 4.154833462048759850e-04
