1.662603623246029783e-01 2.137522921153404809e+00
1.719815208331944012e-01 2.245308694132952532e+00
1.780309698152451603e-01 2.330068918767321140e+00
1.844247085353659110e-01 2.393123201967353175e+00
1.911780400660816615e-01 2.434535152983813067e+00
1.983042686887155903e-01 2.456029183427139717e+00
2.058138037563076173e-01 2.459814785152745209e+00
2.137174253040375893e-01 2.448660335063321813e+00
2.220269275107575047e-01 2.423626044452432460e+00
2.307544738501778325e-01 2.383928799459044345e+00
2.399120392964336490e-01 2.329408750125695260e+00
2.495105515941635765e-01 2.272882303835127349e+00
2.595586322402630985e-01 2.215997000020623275e+00
2.700605679263448633e-01 2.159015868967492757e+00
2.810170619991723684e-01 2.102964557605270013e+00
2.924307405543629113e-01 2.048860435230009269e+00
3.043079469459599729e-01 1.997978778523896715e+00
3.166599763585140614e-01 1.951906861325318543e+00
3.295045382334355621e-01 1.911883422974568703e+00
3.428674657995007813e-01 1.878615435310669879e+00
3.567742280066108496e-01 1.852011116652540146e+00
3.712366769188496507e-01 1.832230248234755443e+00
3.862666585334554870e-01 1.819803288634225691e+00
4.018780755245933145e-01 1.815246663360543744e+00
4.180867620965793008e-01 1.816932933430198904e+00
4.349101261962796117e-01 1.820867963674351442e+00
4.523664836998640970e-01 1.826985704685597733e+00
4.704703753078066653e-01 1.835028737233987739e+00
4.892281427300322894e-01 1.844551545402042247e+00
5.086462455325757581e-01 1.855315705022061445e+00
5.287323040549636310e-01 1.867122396251866823e+00
5.494945828839803426e-01 1.879205414680192199e+00
5.709411465846212508e-01 1.889324045755047532e+00
5.930785607041361152e-01 1.897136481801325880e+00
6.159091056177229406e-01 1.902572430371690437e+00
6.394278261191925772e-01 1.905613353138447819e+00
6.636285935490281451e-01 1.906156801314196292e+00
6.885052520001717635e-01 1.904059195803177840e+00
7.140507751987367202e-01 1.899205217723157091e+00
7.402559655592251264e-01 1.892227383675181285e+00
7.671076469389868091e-01 1.883217453344370185e+00
7.945863023548417337e-01 1.872076849750675676e+00
8.226664105396709337e-01 1.858854644723835214e+00
8.513213811577061696e-01 1.843516260742237289e+00
8.805244064509885060e-01 1.825960974097937450e+00
9.102476669860203318e-01 1.806087597057239424e+00
9.404611618456003574e-01 1.785105689052155942e+00
9.711310463330007359e-01 1.763616922790936181e+00
1.002217431053231023e+00 1.741611243931638464e+00
1.033673787794174403e+00 1.719335683361377987e+00
1.065452502655287237e+00 1.697041002474795501e+00
1.097507067472236475e+00 1.674905476331754572e+00
1.129791677506476022e+00 1.653085729780007007e+00
1.162260501840591820e+00 1.631514886682907672e+00
1.194866549971469460e+00 1.610172824999299035e+00
1.227559825821900708e+00 1.589136699855494550e+00
1.260282975242386749e+00 1.568643242595090026e+00
1.292977095601328008e+00 1.548983375826527675e+00
1.325586478794013701e+00 1.530418308138719929e+00
1.358058627141012220e+00 1.513165330609985260e+00
1.390343819397362957e+00 1.496823002325148089e+00
1.422394382487172537e+00 1.481322358325138477e+00
1.454162491625473397e+00 1.466754029175616036e+00
1.485593310729734107e+00 1.453216462666394371e+00
1.516631846632769509e+00 1.440890990229888313e+00
1.547226992689297864e+00 1.429965849391615196e+00
1.577331270222558368e+00 1.420425915583688470e+00
1.606900056460986326e+00 1.411295762610410343e+00
1.635890564015088477e+00 1.402446066794835966e+00
1.664259892839579091e+00 1.393840714434622985e+00
1.691963815231074530e+00 1.385414906220162390e+00
1.718960582836648543e+00 1.377158593307527212e+00
1.745211205104812757e+00 1.369073593821493073e+00
1.770678457952540974e+00 1.360867150164003281e+00
1.795325570263315962e+00 1.351771607277912901e+00
1.819114674648885321e+00 1.341646982069971461e+00
1.842009227283087913e+00 1.330401062768417519e+00
1.863980282352926343e+00 1.317960489788264633e+00
1.885002490529064545e+00 1.304222311387194688e+00
1.905052116002694973e+00 1.289060775527077318e+00
1.924105545848283194e+00 1.272289548555643579e+00
1.942137751238758536e+00 1.253697609951980763e+00
1.959121091001567949e+00 1.233106898006824714e+00
1.975034597612432385e+00 1.210599556359257978e+00
1.989868069856181254e+00 1.186212642040550103e+00
2.003614523279758863e+00 1.159874732694380350e+00
2.016268275862409087e+00 1.131504129261607483e+00
2.027823475171267376e+00 1.101347705899329732e+00
2.038272700121068759e+00 1.069341613313860684e+00
2.047608750257525756e+00 1.035528349335644194e+00
2.055835001527821948e+00 1.000234370771593939e+00
2.062961151182868047e+00 9.636307052941751605e-01
2.068999289977072831e+00 9.258578430175463669e-01
2.073962590114044158e+00 8.868822185760307786e-01
2.077864259631828858e+00 8.466161304607840998e-01
2.080716963632448735e+00 8.051624003653355954e-01
2.082536234336206160e+00 7.632037285492117018e-01
2.083342989773136811e+00 7.215599542077160145e-01
2.083163019197360910e+00 6.811281957068878734e-01
2.082026583840842271e+00 6.414503600998459065e-01
