1.563716270404572894e-01 1.787969623443653955e+00
1.625318123814505911e-01 1.817642699789961735e+00
1.690098894129682394e-01 1.844993311011168036e+00
1.758199407191303743e-01 1.869474289906499997e+00
1.829753669623957468e-01 1.890836153310267109e+00
1.904876253942379416e-01 1.908898333793743518e+00
1.983656331076288915e-01 1.923601865776029873e+00
2.066184799012632245e-01 1.934897931926470305e+00
2.152563870813591629e-01 1.942655962168630790e+00
2.242905755156939240e-01 1.946895309000258978e+00
2.337330236196132616e-01 1.947871442973281519e+00
2.435960362127170542e-01 1.945521652821821545e+00
2.538915626511157875e-01 1.939746740891696186e+00
2.646294606194148913e-01 1.930635152117170961e+00
2.758139000229158921e-01 1.918824445870808137e+00
2.874489909172204816e-01 1.904516187597601773e+00
2.995417670123110554e-01 1.888096652277073684e+00
3.121029879608799851e-01 1.872819473282335334e+00
3.251480579772040858e-01 1.859621289940263544e+00
3.386981001324670393e-01 1.848829185949605547e+00
3.527804577155121968e-01 1.840686236224464700e+00
3.674148098924040484e-01 1.834877790184110236e+00
3.826109837479750309e-01 1.831276711189389950e+00
3.983804149547168771e-01 1.829910157196060538e+00
4.147366386386251436e-01 1.830463816783506781e+00
4.316951517208404421e-01 1.832648760843176960e+00
4.492730657071984934e-01 1.836459459957225704e+00
4.674884770322290661e-01 1.841891811138176349e+00
4.863572980056455886e-01 1.848883760297432843e+00
5.058856154665544169e-01 1.857258506693987066e+00
5.260779062037256315e-01 1.866926386313191299e+00
5.469397539992894020e-01 1.877609453828900987e+00
5.684773793609838588e-01 1.887203652067315662e+00
5.906968398564570455e-01 1.895086156829162594e+00
6.136028133382416261e-01 1.901164696649333408e+00
6.371968449473328633e-01 1.905350528369727181e+00
6.614738578260856983e-01 1.907287360703852741e+00
6.864228417476032629e-01 1.906409999146125189e+00
7.120326673031998066e-01 1.902276410358232583e+00
7.382922618875775722e-01 1.894769588983914010e+00
7.651898162152261929e-01 1.884698325765920002e+00
7.927115892771886552e-01 1.871904820377634282e+00
8.208402151402499625e-01 1.856124514735577602e+00
8.495525316844018127e-01 1.837205965048153367e+00
8.788208362216091141e-01 1.816439242783548291e+00
9.086168681292080551e-01 1.795052375778491527e+00
9.389106059472236421e-01 1.773732458068966622e+00
9.696687158848499299e-01 1.753410295038262179e+00
1.000852536056624498e+00 1.735056573118110901e+00
1.032415435389910208e+00 1.719112406163346485e+00
1.064299447821017930e+00 1.705970868356369685e+00
1.096430584285276844e+00 1.695005168257286199e+00
1.128721693342756849e+00 1.683429018012283063e+00
1.161093164763916663e+00 1.669636919647951467e+00
1.193480791180294265e+00 1.652855438880402872e+00
1.225839755711175094e+00 1.633719255086191868e+00
1.258148902343985798e+00 1.611646440540138725e+00
1.290415586016415261e+00 1.585864155957680488e+00
1.322704845642741711e+00 1.557574743363470793e+00
1.355323465704357355e+00 1.536781096814108016e+00
1.388622388981188838e+00 1.529950872991025168e+00
1.422783105169798556e+00 1.541237253876446056e+00
1.457731056360917155e+00 1.574594505166406977e+00
1.493033293282878482e+00 1.633158111315746952e+00
1.527800807806824368e+00 1.720135471217469014e+00
1.560647620124727020e+00 1.842636501760380741e+00
1.586149760589195212e+00 2.096100940334925333e+00
1.602111339161002235e+00 2.446427431991903934e+00
1.616660768822277383e+00 2.814366206656873981e+00
1.630743815267028607e+00 3.229896737167383680e+00
1.644774508602418139e+00 3.669870659216387221e+00
1.659076139458492083e+00 4.103721487811528235e+00
1.673928208571098697e+00 4.507150486500796305e+00
1.689576273483012203e+00 4.863418509276757895e+00
1.706225899276779812e+00 5.158354019673433655e+00
1.724024558643689975e+00 5.387496145527759239e+00
1.743031653298873884e+00 5.558465448646102480e+00
1.763176779631125290e+00 5.684020398065583457e+00
1.784209004819218292e+00 5.770673015016459573e+00
1.805717431168571308e+00 5.797987425474677714e+00
1.827468557379809955e+00 5.762877337078776030e+00
1.849340189415487723e+00 5.686535940683411283e+00
1.871226664226955272e+00 5.582363197205570948e+00
1.893027786427924797e+00 5.458519619237610421e+00
1.914642379170164999e+00 5.321081000612009504e+00
1.935963520466804200e+00 5.177553744538369251e+00
1.956873789474798953e+00 5.028805083829102074e+00
1.977240744670637262e+00 4.874333917675930827e+00
1.996912446145947095e+00 4.713596938199531294e+00
2.015713336944915390e+00 4.545685854519073921e+00
2.033452717410888066e+00 4.372695292919029697e+00
2.049980663046536478e+00 4.200533039087789078e+00
2.065184752158726322e+00 4.028617670925482841e+00
2.078980065404748334e+00 3.814856742357173314e+00
2.091308714410812453e+00 3.538810174410143894e+00
2.102139844557214143e+00 3.244841507522687962e+00
2.111468701670236925e+00 2.921151732048601346e+00
2.119314880726807626e+00 2.541028066320015988e+00
2.125702626544958562e+00 2.032339832673746294e+00
2.130652314346087373e+00 1.431035089526317527e+00
