1.554385025154891575e-01 2.839614652707544333e-05
1.635216704573164148e-01 2.952805297658212501e-05
1.719751961421533970e-01 3.069840065378926912e-05
1.808125612687616346e-01 3.190834915155640157e-05
1.900478475882020069e-01 3.315963831160460097e-05
1.996941010528431870e-01 3.445596228381900863e-05
2.097624879080370319e-01 3.580354437643049216e-05
2.202650108882183710e-01 3.720621906419282045e-05
2.312147431775964657e-01 3.866670186004762512e-05
2.426256599182509965e-01 4.018815794306557692e-05
2.545123356572464579e-01 4.177408720312594261e-05
2.668906434933560057e-01 4.341552989697458306e-05
2.797790470878408486e-01 4.509610897434645664e-05
2.931934470090473699e-01 4.681165866784687066e-05
3.071439058881939577e-01 4.856171058374205969e-05
3.216312110742578501e-01 5.035007608210570078e-05
3.366423261730039362e-01 5.218466770841746066e-05
3.521475571263807391e-01 5.407169880855800762e-05
3.681152859899045060e-01 5.601436256628468288e-05
3.845248560815718308e-01 5.800950948988567121e-05
4.013718634538811503e-01 6.004499867622148905e-05
4.186746107776779802e-01 6.210333441937409475e-05
4.364797293772250120e-01 6.417133860610931689e-05
4.548277120483328884e-01 6.628053478395588404e-05
4.737381112959569429e-01 6.844211770874641574e-05
4.932271422278730055e-01 7.066626748988812654e-05
5.133058432515527070e-01 7.296401905709750844e-05
5.339766706169459809e-01 7.534755371981852732e-05
5.552314963874436238e-01 7.781689058502735696e-05
5.770626196093376903e-01 8.040627683363482127e-05
5.994650321821227701e-01 8.315231133708613648e-05
6.224346191944825080e-01 8.604592524200182330e-05
6.459676309870774347e-01 8.907379857854808936e-05
6.700598415097988036e-01 9.221679210383697538e-05
6.947023287129829860e-01 9.545041139504010705e-05
7.198810638668007300e-01 9.875714945836754684e-05
7.455824550985945542e-01 1.021438263601271508e-04
7.717934038640695826e-01 1.056253254451338470e-04
7.985005412395863589e-01 1.092257437684969853e-04
8.256882904329188033e-01 1.129843411999396680e-04
8.533340205516548593e-01 1.168845126899584137e-04
8.814133104969693600e-01 1.208627533132318173e-04
9.099024450282179322e-01 1.249078798278671393e-04
9.387777731322599628e-01 1.290067570176626989e-04
9.680146068718832320e-01 1.331436675120168073e-04
9.975830614571411514e-01 1.373119645008499150e-04
1.027448219550046948e+00 1.415834426410013023e-04
1.057575819749651869e+00 1.459666899243520014e-04
1.087932159286353118e+00 1.504580940837751556e-04
1.118483148714970010e+00 1.550557785224167251e-04
1.149192076358147352e+00 1.597587906742374791e-04
1.180016152046403644e+00 1.645616818827193143e-04
1.210912259933472512e+00 1.694577995856638209e-04
1.241838488028669252e+00 1.744386728639536407e-04
1.272753359859517763e+00 1.794978609920308511e-04
1.303614346133266100e+00 1.846308446777475865e-04
1.334374592866289344e+00 1.898373816309529866e-04
1.364985563845747985e+00 1.951339250016149670e-04
1.395400679178572023e+00 2.005101737201305553e-04
1.425574705414962784e+00 2.059559377119219077e-04
1.455462640146862441e+00 2.114632925146668445e-04
1.485017438986908855e+00 2.170252411738963138e-04
1.514190373408523138e+00 2.226558314872524656e-04
1.542934918541110312e+00 2.283470144100195110e-04
1.571206715051304936e+00 2.340843312945911430e-04
1.598962787180420841e+00 2.398552382338847949e-04
1.626159816173032402e+00 2.456479927504778404e-04
1.652753896848992987e+00 2.514731118851834600e-04
1.678703563242349039e+00 2.573344289266101177e-04
1.703970462254110751e+00 2.632122740871029759e-04
1.728518290900777465e+00 2.690894427799030457e-04
1.752311769612903358e+00 2.749504044979890201e-04
1.775316160657568698e+00 2.807924924359585239e-04
1.797499683283637850e+00 2.866366505885107967e-04
1.818834090250746272e+00 2.924595638514915523e-04
1.839293732674003978e+00 2.982389510198329118e-04
1.858854893626435967e+00 3.039545359552899115e-04
1.877495031364808220e+00 3.095928715468907280e-04
1.895194970454169514e+00 3.151875816899496561e-04
1.911939228561430060e+00 3.207183670749150619e-04
1.927715177858077444e+00 3.261583205337018521e-04
1.942512187972333049e+00 3.314822601328745190e-04
1.956321324827860142e+00 3.366673809520114393e-04
1.969136950054140023e+00 3.417523612503948495e-04
1.980956836147027111e+00 3.467287190846856000e-04
1.991781591667847184e+00 3.515657590584875323e-04
2.001613544826094770e+00 3.562344997193446581e-04
2.010456406050138867e+00 3.607055328464305629e-04
2.018316836870607922e+00 3.650123743973828958e-04
2.025204521131157342e+00 3.691677518450092624e-04
2.031131613036427641e+00 3.731382689060014335e-04
2.036111638042452654e+00 3.768923828609997218e-04
2.040159340768123108e+00 3.803979191786603068e-04
2.043291587027421308e+00 3.836732933420847376e-04
2.045527410261545054e+00 3.867593008590603496e-04
2.046887815270602928e+00 3.896223128152404036e-04
2.047394889889043501e+00 3.922296634556913337e-04
2.047071291973161067e+00 3.945489791789453821e-04
2.045940857775305322e+00 3.965836073351525952e-04
2.044028852387747452e+00 3.984013697901636554e-04
