1.554385025154891575e-01 1.981745339388796046e+00
1.635216704573164148e-01 1.973481544556127787e+00
1.719751961421533970e-01 1.964712078872099754e+00
1.808125612687616346e-01 1.955470748815582693e+00
1.900478475882020069e-01 1.945770455073260186e+00
1.996941010528431870e-01 1.935252978833507775e+00
2.097624879080370319e-01 1.924130691890718614e+00
2.202650108882183710e-01 1.912392563237742538e+00
2.312147431775964657e-01 1.899809727116362756e+00
2.426256599182509965e-01 1.886181853193835467e+00
2.545123356572464579e-01 1.871324772525526425e+00
2.668906434933560057e-01 1.855104929182416873e+00
2.797790470878408486e-01 1.837158056937047368e+00
2.931934470090473699e-01 1.817141398562304166e+00
3.071439058881939577e-01 1.794839264994001260e+00
3.216312110742578501e-01 1.769992317678244609e+00
3.366423261730039362e-01 1.742285439163948624e+00
3.521475571263807391e-01 1.712307178104532035e+00
3.681152859899045060e-01 1.681366388247701016e+00
3.845248560815718308e-01 1.650206881173645002e+00
4.013718634538811503e-01 1.619750062687607794e+00
4.186746107776779802e-01 1.590973536841008507e+00
4.364797293772250120e-01 1.564738627229373513e+00
4.548277120483328884e-01 1.541019416983338886e+00
4.737381112959569429e-01 1.521451881303876430e+00
4.932271422278730055e-01 1.506174531982974019e+00
5.133058432515527070e-01 1.495304444476858174e+00
5.339766706169459809e-01 1.489020878797000069e+00
5.552314963874436238e-01 1.487331558606459270e+00
5.770626196093376903e-01 1.489524091075548951e+00
5.994650321821227701e-01 1.495299793316206882e+00
6.224346191944825080e-01 1.504626312929142840e+00
6.459676309870774347e-01 1.517392133758473483e+00
6.700598415097988036e-01 1.533278146738466186e+00
6.947023287129829860e-01 1.551327967477890590e+00
7.198810638668007300e-01 1.565308780868714944e+00
7.455824550985945542e-01 1.574396920768255548e+00
7.717934038640695826e-01 1.578782580727574159e+00
7.985005412395863589e-01 1.578496429509808507e+00
8.256882904329188033e-01 1.573251098300918915e+00
8.533340205516548593e-01 1.564387190752282386e+00
8.814133104969693600e-01 1.553874026321353297e+00
9.099024450282179322e-01 1.541565568549682297e+00
9.387777731322599628e-01 1.527322943384891829e+00
9.680146068718832320e-01 1.511044076288421412e+00
9.975830614571411514e-01 1.493189250711789429e+00
1.027448219550046948e+00 1.476659512200635183e+00
1.057575819749651869e+00 1.462094657234916939e+00
1.087932159286353118e+00 1.449698957355804563e+00
1.118483148714970010e+00 1.439679754716843618e+00
1.149192076358147352e+00 1.432249896107335108e+00
1.180016152046403644e+00 1.425599512741664077e+00
1.210912259933472512e+00 1.418332074173251023e+00
1.241838488028669252e+00 1.410425852670834868e+00
1.272753359859517763e+00 1.401849398500527810e+00
1.303614346133266100e+00 1.392565705975332913e+00
1.334374592866289344e+00 1.382735956361212937e+00
1.364985563845747985e+00 1.372833032229896055e+00
1.395400679178572023e+00 1.362920908203527626e+00
1.425574705414962784e+00 1.353033620344102239e+00
1.455462640146862441e+00 1.343198890870680895e+00
1.485017438986908855e+00 1.333438517111028343e+00
1.514190373408523138e+00 1.323525051695205956e+00
1.542934918541110312e+00 1.313414933676759100e+00
1.571206715051304936e+00 1.303130165936404739e+00
1.598962787180420841e+00 1.292686171685697438e+00
1.626159816173032402e+00 1.282103830817026946e+00
1.652753896848992987e+00 1.271354620762763732e+00
1.678703563242349039e+00 1.260407529948248007e+00
1.703970462254110751e+00 1.249295665113296483e+00
1.728518290900777465e+00 1.238043330408740372e+00
1.752311769612903358e+00 1.226674965371207016e+00
1.775316160657568698e+00 1.215187444514062909e+00
1.797499683283637850e+00 1.203465840339787318e+00
1.818834090250746272e+00 1.191548878127356215e+00
1.839293732674003978e+00 1.179469992419755142e+00
1.858854893626435967e+00 1.167257128178844194e+00
1.877495031364808220e+00 1.154946437756357192e+00
1.895194970454169514e+00 1.142409172117304417e+00
1.911939228561430060e+00 1.129673474293655611e+00
1.927715177858077444e+00 1.116785927476410478e+00
1.942512187972333049e+00 1.103786076010687012e+00
1.956321324827860142e+00 1.090732708439804410e+00
1.969136950054140023e+00 1.077480992791161496e+00
1.980956836147027111e+00 1.064020289908062411e+00
1.991781591667847184e+00 1.050411241452678945e+00
2.001613544826094770e+00 1.036707628064884812e+00
2.010456406050138867e+00 1.022985375269569452e+00
2.018316836870607922e+00 1.009114836316276076e+00
2.025204521131157342e+00 9.950087198069711425e-01
2.031131613036427641e+00 9.807453357324120713e-01
2.036111638042452654e+00 9.663956954285695122e-01
2.040159340768123108e+00 9.520469779343085914e-01
2.043291587027421308e+00 9.376409335996760408e-01
2.045527410261545054e+00 9.229968310904721474e-01
2.046887815270602928e+00 9.082137604016219390e-01
2.047394889889043501e+00 8.933876905363420384e-01
2.047071291973161067e+00 8.786195298743818549e-01
2.045940857775305322e+00 8.638982992648743808e-01
2.044028852387747452e+00 8.489245832923767443e-01
