1.288751861873135840e-01 2.042623194845776258e+00
1.337625718287111243e-01 2.047066099082759827e+00
1.389486089654126122e-01 2.050678804424494572e+00
1.444433175173188144e-01 2.053636843908452470e+00
1.502576654774350762e-01 2.056062781551548646e+00
1.564021089621112637e-01 2.057913711945202451e+00
1.628866620316226088e-01 2.059187052077904312e+00
1.697226152105507091e-01 2.059981066602815325e+00
1.769219327886475124e-01 2.060277480530619432e+00
1.844957274098468769e-01 2.060055279981635845e+00
1.924561228433508131e-01 2.059379642349335349e+00
2.008164669388569634e-01 2.058265465892005430e+00
2.095893323127222541e-01 2.056694989480641667e+00
2.187872008504696819e-01 2.054668342984651730e+00
2.284239192512207139e-01 2.052214478114998464e+00
2.385135730073087434e-01 2.049317693383860384e+00
2.490688354925137404e-01 2.045969903360103093e+00
2.601033420441045685e-01 2.042247181530735478e+00
2.716317923977362159e-01 2.038168794237420478e+00
2.836674580908870036e-01 2.033725457057040220e+00
2.962231227606852424e-01 2.028955961261699414e+00
3.093128061953258623e-01 2.023957642002585544e+00
3.229503944538297255e-01 2.018727800609738665e+00
3.371475532860003232e-01 2.013272624711139880e+00
3.519166057949643100e-01 2.007623699425576280e+00
3.672706814944461384e-01 2.001790262679961963e+00
3.832207794725090433e-01 1.995775540711123730e+00
3.997766238905154923e-01 1.989588032748836888e+00
4.169488620134918500e-01 1.983226145023029963e+00
4.347475570490021979e-01 1.976687608284797282e+00
4.531795071616929182e-01 1.969985452353547606e+00
4.722515783458655636e-01 1.963123508248478588e+00
4.919710150163913442e-01 1.956098880409059992e+00
5.123421297982483358e-01 1.948919321310185859e+00
5.333669427487053305e-01 1.941595694440288566e+00
5.550478750485375867e-01 1.934115055283408768e+00
5.773861810354860014e-01 1.926476782025880352e+00
6.003787676523457684e-01 1.918699570033287838e+00
6.240218760540438003e-01 1.910774369644721915e+00
6.483115389832247999e-01 1.902690142659063000e+00
6.732400849345185900e-01 1.894458253721738927e+00
6.987966082725686201e-01 1.886091079414082161e+00
7.249700482677780000e-01 1.877563404920058465e+00
7.517475454239388455e-01 1.868874875205180697e+00
7.791111381897448673e-01 1.860048980029910703e+00
8.070416392013270990e-01 1.851069060583281356e+00
8.355191645147294066e-01 1.841917402260629499e+00
8.645195926362239103e-01 1.832609350404572401e+00
8.940152388259519078e-01 1.823158087051816700e+00
9.239779648468741113e-01 1.813527897454965121e+00
9.543774543862617588e-01 1.803719113175221267e+00
9.851783367289494997e-01 1.793760709294885514e+00
1.016344085483476656e+00 1.783627073908567784e+00
1.047837338039737887e+00 1.773297525105013817e+00
1.079616681461076366e+00 1.762792065761075389e+00
1.111637890562639175e+00 1.752123429147344202e+00
1.143856537338338475e+00 1.741245877518589724e+00
1.176226229751467622e+00 1.730163560579448090e+00
1.208696812118824404e+00 1.718912028296294858e+00
1.241217890118974987e+00 1.707452407552064066e+00
1.273738700470541163e+00 1.695764751936403636e+00
1.306205669952736237e+00 1.683878816542026868e+00
1.338564278281943132e+00 1.671800252924427799e+00
1.370760662999344071e+00 1.659475368688455132e+00
1.402740016365633613e+00 1.646917701099445130e+00
1.434446249161852149e+00 1.634168432309571983e+00
1.465824477359870093e+00 1.621170766843600619e+00
1.496820480829921030e+00 1.607911126940030355e+00
1.527379458658597366e+00 1.594435791286037629e+00
1.557447994951840720e+00 1.580731195578388926e+00
1.586974429260944230e+00 1.566742178050408940e+00
1.615907808373484800e+00 1.552499856290243674e+00
1.644198705813445294e+00 1.538046798629597367e+00
1.671800255650020883e+00 1.523299034362784132e+00
1.698667365884846348e+00 1.508264797465275642e+00
1.724756913547557113e+00 1.493009972874500102e+00
1.750028867635138097e+00 1.477481785714803042e+00
1.774445715229582499e+00 1.461638780117326730e+00
1.797972369080392374e+00 1.445540530489564546e+00
1.820577224946389405e+00 1.429207156517005695e+00
1.842231711007053185e+00 1.412541582556571251e+00
1.862909860153025399e+00 1.395580722598291912e+00
1.882589458746983135e+00 1.378403698954822287e+00
1.901251664594578950e+00 1.360903460549422128e+00
1.918880284613591058e+00 1.343072651353731661e+00
1.935462643741285627e+00 1.325013581104441673e+00
1.950989814269499245e+00 1.306676719135861919e+00
1.965455445547760638e+00 1.287984363943289967e+00
1.978856171218817073e+00 1.269025634067215469e+00
1.991192422887578362e+00 1.249852027492623918e+00
2.002467237461874383e+00 1.230313465587881572e+00
2.012685923175688618e+00 1.210467951651105656e+00
2.021857276648177493e+00 1.190439837357464503e+00
2.029992672531387932e+00 1.170070328999083031e+00
2.037105181113902930e+00 1.149355985782762435e+00
2.043210544906542747e+00 1.128451392824434851e+00
2.048327089603018791e+00 1.107273332928115028e+00
2.052474501608601898e+00 1.085680246709442409e+00
2.055674143341051696e+00 1.063307956825499501e+00
2.057949728111811538e+00 1.039655735078793164e+00
