1.608224882498606179e-01 2.064166794237417855e-05
1.660950026239604305e-01 2.133093926289228028e-05
1.715349453000932500e-01 2.206472491682989664e-05
1.771561295689118576e-01 2.284121741030616874e-05
1.829786722447509228e-01 2.366154748126958785e-05
1.890188059097219209e-01 2.453923063506430663e-05
1.952854348186074673e-01 2.548079657355674989e-05
2.017904953147234004e-01 2.649011058686533726e-05
2.085505422424030475e-01 2.756691117586667464e-05
2.155879528506314258e-01 2.870820441935869547e-05
2.229312215063892211e-01 2.991756753082133760e-05
2.306012779757839748e-01 3.120951162474468486e-05
2.386123865491800444e-01 3.258875986607152718e-05
2.469815246522749363e-01 3.405993849043810012e-05
2.557291660753173712e-01 3.562335572967355633e-05
2.648798045784742095e-01 3.726832602890235800e-05
2.744624463658307811e-01 3.899651669551305313e-05
2.845053167742774280e-01 4.081867095166539643e-05
2.950258394912000925e-01 4.273941235045688574e-05
3.060414626019343221e-01 4.476200456735064404e-05
3.175720371473344517e-01 4.689322582921969049e-05
3.296398553071747117e-01 4.913198454315567557e-05
3.422694690143015528e-01 5.146366738127640725e-05
3.554872351480377057e-01 5.389331536734322947e-05
3.693178055947905492e-01 5.642991014638190352e-05
3.837765985416758951e-01 5.907282410867282309e-05
3.988782373322389274e-01 6.182296774523216769e-05
4.146389253270942876e-01 6.468685212541063531e-05
4.310761224309918038e-01 6.767348788575576273e-05
4.482078930324560062e-01 7.076836949477376419e-05
4.660518361871689441e-01 7.397244014110783482e-05
4.846233611715932699e-01 7.729576837750690968e-05
5.039311748066724883e-01 8.073901574680674548e-05
5.239793342125163012e-01 8.429483304781950422e-05
5.447724458800451419e-01 8.796372302949201588e-05
5.663155343060551905e-01 9.175159342646344192e-05
5.886133090166747461e-01 9.566340625636952347e-05
6.116690157914277393e-01 9.969146069970432895e-05
6.354827616212445074e-01 1.038436470513006299e-04
6.600490699586328835e-01 1.081307278907650061e-04
6.853550922927257316e-01 1.125434349496344652e-04
7.113858022131320791e-01 1.170709510540210479e-04
7.381261532478337051e-01 1.217097763254449652e-04
7.655605336534619942e-01 1.264596040647339328e-04
7.936718357209859853e-01 1.313246765263954971e-04
8.224400859387167584e-01 1.363145126397079558e-04
8.518405422218967571e-01 1.414378069948402095e-04
8.818411263590291149e-01 1.467009498592486167e-04
9.124033563777351752e-01 1.520856708710506251e-04
9.434881152584417841e-01 1.575767517262015066e-04
9.750564267134088636e-01 1.631624650744694489e-04
1.007068887027355197e+00 1.688324156123007587e-04
1.039484745840470570e+00 1.746138145677428235e-04
1.072260573345655166e+00 1.805215845500309131e-04
1.105348419144397631e+00 1.865614245984446656e-04
1.138693376121327150e+00 1.927273486663301418e-04
1.172237455141174500e+00 1.989936119288455236e-04
1.205923805633104529e+00 2.053388845079052105e-04
1.239696549050547159e+00 2.117418115952311697e-04
1.273500046387036733e+00 2.182109975096628552e-04
1.307277802346547002e+00 2.247947735564555477e-04
1.340970978656991663e+00 2.314943869170096381e-04
1.374516991869265015e+00 2.383064884783844828e-04
1.407852198820489953e+00 2.451963829759672793e-04
1.440914925144172631e+00 2.521320743882274210e-04
1.473645112367185428e+00 2.590850449581826205e-04
1.505983332791839935e+00 2.660414516889588149e-04
1.537869440205416049e+00 2.730650935917535035e-04
1.569240866495541509e+00 2.801645497154958979e-04
1.600031780250501745e+00 2.873309644597560114e-04
1.630182181915415640e+00 2.945099612931206074e-04
1.659638583987647520e+00 3.016529629425060790e-04
1.688349870902831729e+00 3.087206171758325336e-04
1.716265885732257468e+00 3.156850254545680973e-04
1.743335867415545470e+00 3.226110865843940514e-04
1.769506656059966376e+00 3.295096813062578490e-04
1.794722094239507015e+00 3.363618643181262666e-04
1.818935833811738956e+00 3.430930688631694423e-04
1.842112238542903180e+00 3.496374926817395626e-04
1.864219951508428563e+00 3.559375392863122932e-04
1.885230426210295462e+00 3.619632117808870746e-04
1.905116578188710053e+00 3.678168963156846268e-04
1.923851381534890104e+00 3.734913163536770250e-04
1.941408563255266451e+00 3.789447106716327439e-04
1.957771741771531682e+00 3.840967369693347368e-04
1.972932465530984336e+00 3.888701802408686529e-04
1.986887331570390547e+00 3.931862510281218049e-04
1.999636955265507332e+00 3.971252114104786043e-04
2.011185034914099390e+00 4.008173096150747703e-04
2.021537461133678715e+00 4.042233517625963145e-04
2.030703441060390357e+00 4.072903388092803667e-04
2.038697458399063578e+00 4.099467393114289253e-04
2.045538446997972049e+00 4.121196854876511958e-04
2.051249161567864299e+00 4.138220185071199864e-04
2.055855566579162019e+00 4.152912763490365145e-04
2.059386209924650490e+00 4.165231584651289004e-04
2.061871066692103405e+00 4.174935307478125704e-04
2.063340806057980981e+00 4.181658332804719862e-04
2.063828356216732995e+00 4.185010989233246066e-04
2.063369246076959485e+00 4.184948000373824202e-04
