1.608224882498606179e-01 1.102611414711822890e+00
1.660950026239604305e-01 1.139619591565038448e+00
1.715349453000932500e-01 1.180454251766474227e+00
1.771561295689118576e-01 1.224002879566487234e+00
1.829786722447509228e-01 1.270141781168816264e+00
1.890188059097219209e-01 1.318858875474093306e+00
1.952854348186074673e-01 1.369768085452678141e+00
2.017904953147234004e-01 1.422603905013719139e+00
2.085505422424030475e-01 1.476817192845876869e+00
2.155879528506314258e-01 1.531755376734832863e+00
2.229312215063892211e-01 1.587267151891426975e+00
2.306012779757839748e-01 1.642939531804429310e+00
2.386123865491800444e-01 1.698054214797260375e+00
2.469815246522749363e-01 1.752181119775563678e+00
2.557291660753173712e-01 1.804875138302314053e+00
2.648798045784742095e-01 1.855454876976455836e+00
2.744624463658307811e-01 1.903768775787359147e+00
2.845053167742774280e-01 1.949766200594476695e+00
2.950258394912000925e-01 1.992906189170972953e+00
3.060414626019343221e-01 2.032786281723704569e+00
3.175720371473344517e-01 2.069155567941893814e+00
3.296398553071747117e-01 2.102119355906199694e+00
3.422694690143015528e-01 2.132084564894384915e+00
3.554872351480377057e-01 2.159010879166406660e+00
3.693178055947905492e-01 2.182898542661956931e+00
3.837765985416758951e-01 2.203513067390934665e+00
3.988782373322389274e-01 2.220608959128361537e+00
4.146389253270942876e-01 2.233990779355332634e+00
4.310761224309918038e-01 2.243577942323351948e+00
4.482078930324560062e-01 2.250533230929043782e+00
4.660518361871689441e-01 2.255122217759459868e+00
4.846233611715932699e-01 2.257272906320361816e+00
5.039311748066724883e-01 2.256983562711608826e+00
5.239793342125163012e-01 2.254183494691236245e+00
5.447724458800451419e-01 2.248749633615256371e+00
5.663155343060551905e-01 2.240515594840483349e+00
5.886133090166747461e-01 2.229656167285944957e+00
6.116690157914277393e-01 2.217321106034272127e+00
6.354827616212445074e-01 2.203532525487378990e+00
6.600490699586328835e-01 2.188222001296526109e+00
6.853550922927257316e-01 2.171511454615014713e+00
7.113858022131320791e-01 2.153463830939552182e+00
7.381261532478337051e-01 2.134065255617722201e+00
7.655605336534619942e-01 2.113260718910167757e+00
7.936718357209859853e-01 2.091373919297450090e+00
8.224400859387167584e-01 2.068923040992463491e+00
8.518405422218967571e-01 2.045871138218605889e+00
8.818411263590291149e-01 2.022236469503073675e+00
9.124033563777351752e-01 1.998250248964364539e+00
9.434881152584417841e-01 1.974069877795593841e+00
9.750564267134088636e-01 1.949813317663652512e+00
1.007068887027355197e+00 1.925587226416441089e+00
1.039484745840470570e+00 1.901390824989765749e+00
1.072260573345655166e+00 1.877226976828380245e+00
1.105348419144397631e+00 1.853112497844770168e+00
1.138693376121327150e+00 1.829159824330818473e+00
1.172237455141174500e+00 1.805582027367616638e+00
1.205923805633104529e+00 1.782562970182473228e+00
1.239696549050547159e+00 1.760283679808815505e+00
1.273500046387036733e+00 1.738601054268982926e+00
1.307277802346547002e+00 1.717002067767702256e+00
1.340970978656991663e+00 1.695499889584315190e+00
1.374516991869265015e+00 1.674109074294439115e+00
1.407852198820489953e+00 1.652927165214108429e+00
1.440914925144172631e+00 1.632071254477661881e+00
1.473645112367185428e+00 1.611658213999530576e+00
1.505983332791839935e+00 1.591644910529400381e+00
1.537869440205416049e+00 1.571192555710045013e+00
1.569240866495541509e+00 1.550122800142662793e+00
1.600031780250501745e+00 1.528397832312210713e+00
1.630182181915415640e+00 1.506115417887244012e+00
1.659638583987647520e+00 1.483356276681247365e+00
1.688349870902831729e+00 1.460173555841383974e+00
1.716265885732257468e+00 1.436546046116731201e+00
1.743335867415545470e+00 1.411836548579784134e+00
1.769506656059966376e+00 1.385785521019483824e+00
1.794722094239507015e+00 1.358326832185331456e+00
1.818935833811738956e+00 1.329744758764514589e+00
1.842112238542903180e+00 1.300236612466018515e+00
1.864219951508428563e+00 1.269924473159940614e+00
1.885230426210295462e+00 1.238862503223929101e+00
1.905116578188710053e+00 1.206838110145200593e+00
1.923851381534890104e+00 1.173793244595462415e+00
1.941408563255266451e+00 1.139863224539537701e+00
1.957771741771531682e+00 1.105568327367136172e+00
1.972932465530984336e+00 1.071324060784807797e+00
1.986887331570390547e+00 1.037538345109448867e+00
1.999636955265507332e+00 1.004172155012104106e+00
2.011185034914099390e+00 9.709892677698002128e-01
2.021537461133678715e+00 9.382473828976227725e-01
2.030703441060390357e+00 9.064849055318663362e-01
2.038697458399063578e+00 8.764318553878446272e-01
2.045538446997972049e+00 8.488447771611845605e-01
2.051249161567864299e+00 8.239304111737593139e-01
2.055855566579162019e+00 8.002307114879504413e-01
2.059386209924650490e+00 7.779612206967583266e-01
2.061871066692103405e+00 7.575706340369948721e-01
2.063340806057980981e+00 7.397743997455515919e-01
2.063828356216732995e+00 7.253511737266097326e-01
2.063369246076959485e+00 7.147209114681506437e-01
